 3.0400      270.00
 3.0600      277.00
 3.0800      287.00
 3.1000      290.00
 3.1200      261.00
 3.1400      270.00
 3.1600      256.00
 3.1800      256.00
 3.2000      231.00
 3.2200      271.00
 3.2400      269.00
 3.2600      245.00
 3.2800      244.00
 3.3000      222.00
 3.3200      224.00
 3.3400      222.00
 3.3600      241.00
 3.3800      219.00
 3.4000      258.00
 3.4200      228.00
 3.4400      224.00
 3.4600      232.00
 3.4800      234.00
 3.5000      233.00
 3.5200      220.00
 3.5400      210.00
 3.5600      225.00
 3.5800      215.00
 3.6000      221.00
 3.6200      221.00
 3.6400      213.00
 3.6600      183.00
 3.6800      231.00
 3.7000      206.00
 3.7200      212.00
 3.7400      222.00
 3.7600      219.00
 3.7800      206.00
 3.8000      211.00
 3.8200      189.00
 3.8400      179.00
 3.8600      210.00
 3.8800      186.00
 3.9000      199.00
 3.9200      203.00
 3.9400      185.00
 3.9600      211.00
 3.9800      193.00
 4.0000      203.00
 4.0200      194.00
 4.0400      169.00
 4.0600      179.00
 4.0800      136.00
 4.1000      190.00
 4.1200      206.00
 4.1400      171.00
 4.1600      170.00
 4.1800      161.00
 4.2000      176.00
 4.2200      178.00
 4.2400      174.00
 4.2600      174.00
 4.2800      183.00
 4.3000      179.00
 4.3200      182.00
 4.3400      167.00
 4.3600      154.00
 4.3800      159.00
 4.4000      187.00
 4.4200      169.00
 4.4400      160.00
 4.4600      147.00
 4.4800      172.00
 4.5000      149.00
 4.5200      161.00
 4.5400      168.00
 4.5600      151.00
 4.5800      159.00
 4.6000      148.00
 4.6200      126.00
 4.6400      144.00
 4.6600      151.00
 4.6800      123.00
 4.7000      149.00
 4.7200      144.00
 4.7400      149.00
 4.7600      150.00
 4.7800      133.00
 4.8000      124.00
 4.8200      166.00
 4.8400      152.00
 4.8600      134.00
 4.8800      153.00
 4.9000      151.00
 4.9200      160.00
 4.9400      149.00
 4.9600      164.00
 4.9800      123.00
 5.0000      138.00
 5.0200      133.00
 5.0400      145.00
 5.0600      162.00
 5.0800      124.00
 5.1000      157.00
 5.1200      135.00
 5.1400      143.00
 5.1600      159.00
 5.1800      155.00
 5.2000      140.00
 5.2200      144.00
 5.2400      142.00
 5.2600      152.00
 5.2800      153.00
 5.3000      163.00
 5.3200      151.00
 5.3400      154.00
 5.3600      131.00
 5.3800      160.00
 5.4000      130.00
 5.4200      129.00
 5.4400      144.00
 5.4600      119.00
 5.4800      149.00
 5.5000      143.00
 5.5200      156.00
 5.5400      143.00
 5.5600      163.00
 5.5800      155.00
 5.6000      123.00
 5.6200      149.00
 5.6400      141.00
 5.6600      140.00
 5.6800      180.00
 5.7000      128.00
 5.7200      142.00
 5.7400      138.00
 5.7600      142.00
 5.7800      143.00
 5.8000      149.00
 5.8200      148.00
 5.8400      151.00
 5.8600      170.00
 5.8800      147.00
 5.9000      143.00
 5.9200      136.00
 5.9400      157.00
 5.9600      146.00
 5.9800      161.00
 6.0000      162.00
 6.0200      141.00
 6.0400      139.00
 6.0600      134.00
 6.0800      141.00
 6.1000      140.00
 6.1200      164.00
 6.1400      149.00
 6.1600      155.00
 6.1800      137.00
 6.2000      148.00
 6.2200      137.00
 6.2400      145.00
 6.2600      131.00
 6.2800      172.00
 6.3000      149.00
 6.3200      140.00
 6.3400      153.00
 6.3600      160.00
 6.3800      160.00
 6.4000      142.00
 6.4200      136.00
 6.4400      146.00
 6.4600      137.00
 6.4800      140.00
 6.5000      160.00
 6.5200      140.00
 6.5400      149.00
 6.5600      154.00
 6.5800      156.00
 6.6000      140.00
 6.6200      157.00
 6.6400      177.00
 6.6600      153.00
 6.6800      132.00
 6.7000      134.00
 6.7200      167.00
 6.7400      144.00
 6.7600      151.00
 6.7800      168.00
 6.8000      158.00
 6.8200      148.00
 6.8400      156.00
 6.8600      145.00
 6.8800      169.00
 6.9000      178.00
 6.9200      162.00
 6.9400      161.00
 6.9600      183.00
 6.9800      168.00
 7.0000      187.00
 7.0200      185.00
 7.0400      163.00
 7.0600      166.00
 7.0800      154.00
 7.1000      162.00
 7.1200      186.00
 7.1400      134.00
 7.1600      143.00
 7.1800      162.00
 7.2000      123.00
 7.2200      131.00
 7.2400      130.00
 7.2600      148.00
 7.2800      133.00
 7.3000      153.00
 7.3200      151.00
 7.3400      147.00
 7.3600      134.00
 7.3800      134.00
 7.4000      120.00
 7.4200      146.00
 7.4400      155.00
 7.4600      146.00
 7.4800      147.00
 7.5000      148.00
 7.5200      162.00
 7.5400      158.00
 7.5600      157.00
 7.5800      155.00
 7.6000      152.00
 7.6200      142.00
 7.6400      126.00
 7.6600      148.00
 7.6800      151.00
 7.7000      172.00
 7.7200      143.00
 7.7400      149.00
 7.7600      141.00
 7.7800      136.00
 7.8000      154.00
 7.8200      150.00
 7.8400      160.00
 7.8600      122.00
 7.8800      175.00
 7.9000      150.00
 7.9200      151.00
 7.9400      145.00
 7.9600      156.00
 7.9800      135.00
 8.0000      145.00
 8.0200      138.00
 8.0400      141.00
 8.0600      159.00
 8.0800      159.00
 8.1000      151.00
 8.1200      150.00
 8.1400      160.00
 8.1600      159.00
 8.1800      131.00
 8.2000      142.00
 8.2200      127.00
 8.2400      145.00
 8.2600      152.00
 8.2800      151.00
 8.3000      154.00
 8.3200      151.00
 8.3400      157.00
 8.3600      172.00
 8.3800      159.00
 8.4000      172.00
 8.4200      146.00
 8.4400      149.00
 8.4600      157.00
 8.4800      133.00
 8.5000      161.00
 8.5200      160.00
 8.5400      154.00
 8.5600      172.00
 8.5800      160.00
 8.6000      165.00
 8.6200      151.00
 8.6400      178.00
 8.6600      150.00
 8.6800      159.00
 8.7000      151.00
 8.7200      180.00
 8.7400      177.00
 8.7600      190.00
 8.7800      190.00
 8.8000      199.00
 8.8200      180.00
 8.8400      192.00
 8.8600      180.00
 8.8800      156.00
 8.9000      193.00
 8.9200      192.00
 8.9400      170.00
 8.9600      175.00
 8.9800      179.00
 9.0000      159.00
 9.0200      154.00
 9.0400      154.00
 9.0600      163.00
 9.0800      165.00
 9.1000      153.00
 9.1200      161.00
 9.1400      145.00
 9.1600      167.00
 9.1800      172.00
 9.2000      166.00
 9.2200      155.00
 9.2400      158.00
 9.2600      155.00
 9.2800      181.00
 9.3000      157.00
 9.3200      143.00
 9.3400      180.00
 9.3600      165.00
 9.3800      152.00
 9.4000      160.00
 9.4200      134.00
 9.4400      165.00
 9.4600      159.00
 9.4800      154.00
 9.5000      154.00
 9.5200      149.00
 9.5400      162.00
 9.5600      143.00
 9.5800      160.00
 9.6000      179.00
 9.6200      152.00
 9.6400      157.00
 9.6600      161.00
 9.6800      172.00
 9.7000      152.00
 9.7200      170.00
 9.7400      175.00
 9.7600      173.00
 9.7800      158.00
 9.8000      137.00
 9.8200      173.00
 9.8400      174.00
 9.8600      179.00
 9.8800      171.00
 9.9000      184.00
 9.9200      183.00
 9.9400      181.00
 9.9600      185.00
 9.9800      182.00
10.0000      189.00
10.0200      194.00
10.0400      172.00
10.0600      209.00
10.0800      165.00
10.1000      190.00
10.1200      168.00
10.1400      166.00
10.1600      178.00
10.1800      153.00
10.2000      152.00
10.2200      186.00
10.2400      160.00
10.2600      169.00
10.2800      156.00
10.3000      175.00
10.3200      183.00
10.3400      182.00
10.3600      172.00
10.3800      179.00
10.4000      196.00
10.4200      181.00
10.4400      164.00
10.4600      152.00
10.4800      172.00
10.5000      173.00
10.5200      162.00
10.5400      168.00
10.5600      165.00
10.5800      174.00
10.6000      187.00
10.6200      160.00
10.6400      193.00
10.6600      208.00
10.6800      182.00
10.7000      200.00
10.7200      181.00
10.7400      192.00
10.7600      205.00
10.7800      186.00
10.8000      229.00
10.8200      225.00
10.8400      239.00
10.8600      209.00
10.8800      240.00
10.9000      257.00
10.9200      285.00
10.9400      320.00
10.9600      353.00
10.9800      370.00
11.0000      364.00
11.0200      428.00
11.0400      467.00
11.0600      450.00
11.0800      470.00
11.1000      497.00
11.1200      537.00
11.1400      509.00
11.1600      514.00
11.1800      521.00
11.2000      438.00
11.2200      497.00
11.2400      470.00
11.2600      464.00
11.2800      461.00
11.3000      481.00
11.3200      492.00
11.3400      505.00
11.3600      448.00
11.3800      410.00
11.4000      410.00
11.4200      399.00
11.4400      335.00
11.4600      295.00
11.4800      262.00
11.5000      238.00
11.5200      203.00
11.5400      189.00
11.5600      208.00
11.5800      171.00
11.6000      205.00
11.6200      178.00
11.6400      184.00
11.6600      219.00
11.6800      188.00
11.7000      190.00
11.7200      187.00
11.7400      210.00
11.7600      184.00
11.7800      225.00
11.8000      208.00
11.8200      234.00
11.8400      215.00
11.8600      248.00
11.8800      236.00
11.9000      255.00
11.9200      275.00
11.9400      294.00
11.9600      307.00
11.9800      313.00
12.0000      301.00
12.0200      351.00
12.0400      414.00
12.0600      433.00
12.0800      448.00
12.1000      483.00
12.1200      518.00
12.1400      546.00
12.1600      564.00
12.1800      560.00
12.2000      591.00
12.2200      580.00
12.2400      567.00
12.2600      530.00
12.2800      482.00
12.3000      445.00
12.3200      423.00
12.3400      394.00
12.3600      411.00
12.3800      405.00
12.4000      366.00
12.4200      380.00
12.4400      386.00
12.4600      463.00
12.4800      544.00
12.5000      497.00
12.5200      650.00
12.5400      637.00
12.5600      700.00
12.5800      603.00
12.6000      647.00
12.6200      629.00
12.6400      566.00
12.6600      535.00
12.6800      484.00
12.7000      420.00
12.7200      322.00
12.7400      324.00
12.7600      262.00
12.7800      211.00
12.8000      186.00
12.8200      220.00
12.8400      197.00
12.8600      200.00
12.8800      209.00
12.9000      199.00
12.9200      219.00
12.9400      192.00
12.9600      186.00
12.9800      212.00
13.0000      201.00
13.0200      181.00
13.0400      179.00
13.0600      188.00
13.0800      195.00
13.1000      196.00
13.1200      183.00
13.1400      177.00
13.1600      200.00
13.1800      212.00
13.2000      222.00
13.2200      199.00
13.2400      185.00
13.2600      191.00
13.2800      199.00
13.3000      200.00
13.3200      188.00
13.3400      190.00
13.3600      192.00
13.3800      183.00
13.4000      179.00
13.4200      181.00
13.4400      179.00
13.4600      185.00
13.4800      185.00
13.5000      206.00
13.5200      138.00
13.5400      165.00
13.5600      195.00
13.5800      198.00
13.6000      165.00
13.6200      175.00
13.6400      175.00
13.6600      188.00
13.6800      179.00
13.7000      173.00
13.7200      224.00
13.7400      206.00
13.7600      203.00
13.7800      187.00
13.8000      204.00
13.8200      203.00
13.8400      219.00
13.8600      187.00
13.8800      243.00
13.9000      236.00
13.9200      245.00
13.9400      258.00
13.9600      259.00
13.9800      264.00
14.0000      302.00
14.0200      329.00
14.0400      305.00
14.0600      376.00
14.0800      375.00
14.1000      452.00
14.1200      479.00
14.1400      524.00
14.1600      618.00
14.1800      656.00
14.2000      745.00
14.2200      777.00
14.2400      808.00
14.2600      818.00
14.2800      833.00
14.3000      845.00
14.3200      764.00
14.3400      749.00
14.3600      692.00
14.3800      615.00
14.4000      546.00
14.4200      512.00
14.4400      495.00
14.4600      417.00
14.4800      442.00
14.5000      361.00
14.5200      386.00
14.5400      332.00
14.5600      267.00
14.5800      305.00
14.6000      231.00
14.6200      238.00
14.6400      224.00
14.6600      222.00
14.6800      208.00
14.7000      194.00
14.7200      212.00
14.7400      220.00
14.7600      201.00
14.7800      235.00
14.8000      205.00
14.8200      192.00
14.8400      212.00
14.8600      196.00
14.8800      172.00
14.9000      178.00
14.9200      197.00
14.9400      182.00
14.9600      191.00
14.9800      187.00
15.0000      204.00
15.0200      193.00
15.0400      209.00
15.0600      193.00
15.0800      177.00
15.1000      189.00
15.1200      219.00
15.1400      159.00
15.1600      185.00
15.1800      208.00
15.2000      176.00
15.2200      178.00
15.2400      220.00
15.2600      190.00
15.2800      169.00
15.3000      175.00
15.3200      157.00
15.3400      169.00
15.3600      162.00
15.3800      165.00
15.4000      195.00
15.4200      214.00
15.4400      177.00
15.4600      191.00
15.4800      186.00
15.5000      158.00
15.5200      194.00
15.5400      179.00
15.5600      208.00
15.5800      208.00
15.6000      209.00
15.6200      202.00
15.6400      207.00
15.6600      194.00
15.6800      199.00
15.7000      212.00
15.7200      227.00
15.7400      193.00
15.7600      226.00
15.7800      236.00
15.8000      246.00
15.8200      277.00
15.8400      292.00
15.8600      313.00
15.8800      300.00
15.9000      342.00
15.9200      364.00
15.9400      377.00
15.9600      400.00
15.9800      372.00
16.0000      370.00
16.0200      376.00
16.0400      380.00
16.0600      347.00
16.0800      365.00
16.1000      324.00
16.1200      322.00
16.1400      367.00
16.1600      320.00
16.1800      388.00
16.2000      355.00
16.2200      393.00
16.2400      400.00
16.2600      412.00
16.2800      428.00
16.3000      408.00
16.3200      412.00
16.3400      358.00
16.3600      352.00
16.3800      328.00
16.4000      360.00
16.4200      378.00
16.4400      370.00
16.4600      365.00
16.4800      440.00
16.5000      461.00
16.5200      487.00
16.5400      456.00
16.5600      472.00
16.5800      476.00
16.6000      484.00
16.6200      454.00
16.6400      418.00
16.6600      409.00
16.6800      353.00
16.7000      302.00
16.7200      257.00
16.7400      271.00
16.7600      274.00
16.7800      250.00
16.8000      220.00
16.8200      259.00
16.8400      228.00
16.8600      265.00
16.8800      232.00
16.9000      287.00
16.9200      271.00
16.9400      315.00
16.9600      341.00
16.9800      329.00
17.0000      343.00
17.0200      361.00
17.0400      414.00
17.0600      440.00
17.0800      488.00
17.1000      573.00
17.1200      560.00
17.1400      574.00
17.1600      631.00
17.1800      533.00
17.2000      561.00
17.2200      572.00
17.2400      542.00
17.2600      477.00
17.2800      464.00
17.3000      446.00
17.3200      506.00
17.3400      473.00
17.3600      554.00
17.3800      594.00
17.4000      683.00
17.4200      726.00
17.4400      900.00
17.4600     1027.00
17.4800     1186.00
17.5000     1269.00
17.5200     1398.00
17.5400     1544.00
17.5600     1642.00
17.5800     1659.00
17.6000     1688.00
17.6200     1746.00
17.6400     1691.00
17.6600     1528.00
17.6800     1431.00
17.7000     1299.00
17.7200     1118.00
17.7400     1008.00
17.7600      900.00
17.7800      723.00
17.8000      616.00
17.8200      496.00
17.8400      450.00
17.8600      437.00
17.8800      412.00
17.9000      405.00
17.9200      369.00
17.9400      354.00
17.9600      322.00
17.9800      379.00
18.0000      338.00
18.0200      362.00
18.0400      344.00
18.0600      325.00
18.0800      305.00
18.1000      288.00
18.1200      311.00
18.1400      320.00
18.1600      311.00
18.1800      278.00
18.2000      335.00
18.2200      328.00
18.2400      335.00
18.2600      328.00
18.2800      371.00
18.3000      393.00
18.3200      414.00
18.3400      524.00
18.3600      511.00
18.3800      612.00
18.4000      619.00
18.4200      710.00
18.4400      765.00
18.4600      750.00
18.4800      756.00
18.5000      745.00
18.5200      726.00
18.5400      652.00
18.5600      618.00
18.5800      527.00
18.6000      482.00
18.6200      412.00
18.6400      431.00
18.6600      334.00
18.6800      374.00
18.7000      302.00
18.7200      304.00
18.7400      318.00
18.7600      286.00
18.7800      302.00
18.8000      353.00
18.8200      309.00
18.8400      314.00
18.8600      324.00
18.8800      344.00
18.9000      313.00
18.9200      317.00
18.9400      303.00
18.9600      273.00
18.9800      316.00
19.0000      284.00
19.0200      282.00
19.0400      282.00
19.0600      284.00
19.0800      287.00
19.1000      316.00
19.1200      327.00
19.1400      327.00
19.1600      295.00
19.1800      361.00
19.2000      372.00
19.2200      346.00
19.2400      353.00
19.2600      342.00
19.2800      349.00
19.3000      355.00
19.3200      362.00
19.3400      307.00
19.3600      304.00
19.3800      329.00
19.4000      334.00
19.4200      309.00
19.4400      375.00
19.4600      397.00
19.4800      411.00
19.5000      494.00
19.5200      527.00
19.5400      644.00
19.5600      721.00
19.5800      840.00
19.6000     1003.00
19.6200     1149.00
19.6400     1229.00
19.6600     1371.00
19.6800     1444.00
19.7000     1456.00
19.7200     1489.00
19.7400     1441.00
19.7600     1448.00
19.7800     1315.00
19.8000     1190.00
19.8200     1070.00
19.8400      917.00
19.8600      790.00
19.8800      683.00
19.9000      600.00
19.9200      472.00
19.9400      428.00
19.9600      413.00
19.9800      370.00
20.0000      319.00
20.0200      325.00
20.0400      293.00
20.0600      320.00
20.0800      280.00
20.1000      298.00
20.1200      238.00
20.1400      254.00
20.1600      275.00
20.1800      274.00
20.2000      233.00
20.2200      238.00
20.2400      240.00
20.2600      247.00
20.2800      258.00
20.3000      268.00
20.3200      277.00
20.3400      270.00
20.3600      253.00
20.3800      285.00
20.4000      267.00
20.4200      285.00
20.4400      290.00
20.4600      320.00
20.4800      289.00
20.5000      279.00
20.5200      305.00
20.5400      320.00
20.5600      329.00
20.5800      355.00
20.6000      380.00
20.6200      455.00
20.6400      528.00
20.6600      580.00
20.6800      670.00
20.7000      705.00
20.7200      785.00
20.7400      835.00
20.7600      863.00
20.7800      916.00
20.8000      987.00
20.8200      959.00
20.8400     1012.00
20.8600     1046.00
20.8800     1069.00
20.9000     1264.00
20.9200     1310.00
20.9400     1406.00
20.9600     1547.00
20.9800     1770.00
21.0000     2004.00
21.0200     2056.00
21.0400     2251.00
21.0600     2362.00
21.0800     2411.00
21.1000     2420.00
21.1200     2390.00
21.1400     2162.00
21.1600     2062.00
21.1800     1810.00
21.2000     1669.00
21.2200     1349.00
21.2400     1094.00
21.2600      932.00
21.2800      689.00
21.3000      576.00
21.3200      488.00
21.3400      408.00
21.3600      347.00
21.3800      340.00
21.4000      281.00
21.4200      271.00
21.4400      274.00
21.4600      282.00
21.4800      279.00
21.5000      275.00
21.5200      248.00
21.5400      281.00
21.5600      251.00
21.5800      223.00
21.6000      237.00
21.6200      223.00
21.6400      223.00
21.6600      227.00
21.6800      233.00
21.7000      245.00
21.7200      232.00
21.7400      226.00
21.7600      237.00
21.7800      240.00
21.8000      242.00
21.8200      246.00
21.8400      244.00
21.8600      273.00
21.8800      258.00
21.9000      242.00
21.9200      280.00
21.9400      232.00
21.9600      262.00
21.9800      268.00
22.0000      236.00
22.0200      278.00
22.0400      253.00
22.0600      249.00
22.0800      271.00
22.1000      286.00
22.1200      336.00
22.1400      299.00
22.1600      348.00
22.1800      340.00
22.2000      361.00
22.2200      410.00
22.2400      376.00
22.2600      443.00
22.2800      445.00
22.3000      468.00
22.3200      451.00
22.3400      494.00
22.3600      550.00
22.3800      558.00
22.4000      552.00
22.4200      552.00
22.4400      517.00
22.4600      579.00
22.4800      569.00
22.5000      609.00
22.5200      630.00
22.5400      671.00
22.5600      760.00
22.5800      865.00
22.6000      868.00
22.6200      960.00
22.6400     1023.00
22.6600     1022.00
22.6800     1069.00
22.7000     1089.00
22.7200     1037.00
22.7400      967.00
22.7600      904.00
22.7800      831.00
22.8000      723.00
22.8200      609.00
22.8400      606.00
22.8600      522.00
22.8800      497.00
22.9000      457.00
22.9200      499.00
22.9400      492.00
22.9600      493.00
22.9800      529.00
23.0000      591.00
23.0200      567.00
23.0400      650.00
23.0600      640.00
23.0800      672.00
23.1000      702.00
23.1200      757.00
23.1400      711.00
23.1600      737.00
23.1800      818.00
23.2000      739.00
23.2200      766.00
23.2400      660.00
23.2600      657.00
23.2800      637.00
23.3000      609.00
23.3200      539.00
23.3400      608.00
23.3600      585.00
23.3800      603.00
23.4000      628.00
23.4200      613.00
23.4400      642.00
23.4600      635.00
23.4800      670.00
23.5000      643.00
23.5200      573.00
23.5400      545.00
23.5600      517.00
23.5800      429.00
23.6000      398.00
23.6200      376.00
23.6400      330.00
23.6600      285.00
23.6800      289.00
23.7000      289.00
23.7200      281.00
23.7400      242.00
23.7600      248.00
23.7800      290.00
23.8000      277.00
23.8200      294.00
23.8400      313.00
23.8600      344.00
23.8800      293.00
23.9000      316.00
23.9200      348.00
23.9400      353.00
23.9600      386.00
23.9800      407.00
24.0000      461.00
24.0200      466.00
24.0400      544.00
24.0600      570.00
24.0800      643.00
24.1000      693.00
24.1200      739.00
24.1400      749.00
24.1600      798.00
24.1800      752.00
24.2000      805.00
24.2200      767.00
24.2400      718.00
24.2600      681.00
24.2800      661.00
24.3000      709.00
24.3200      759.00
24.3400      769.00
24.3600      837.00
24.3800      885.00
24.4000      917.00
24.4200      983.00
24.4400      993.00
24.4600      954.00
24.4800      952.00
24.5000      913.00
24.5200      824.00
24.5400      719.00
24.5600      647.00
24.5800      567.00
24.6000      560.00
24.6200      423.00
24.6400      390.00
24.6600      337.00
24.6800      338.00
24.7000      322.00
24.7200      326.00
24.7400      341.00
24.7600      322.00
24.7800      317.00
24.8000      396.00
24.8200      403.00
24.8400      453.00
24.8600      515.00
24.8800      564.00
24.9000      643.00
24.9200      646.00
24.9400      758.00
24.9600      724.00
24.9800      723.00
25.0000      734.00
25.0200      694.00
25.0400      610.00
25.0600      625.00
25.0800      564.00
25.1000      462.00
25.1200      419.00
25.1400      344.00
25.1600      309.00
25.1800      285.00
25.2000      291.00
25.2200      278.00
25.2400      266.00
25.2600      237.00
25.2800      232.00
25.3000      217.00
25.3200      196.00
25.3400      213.00
25.3600      215.00
25.3800      241.00
25.4000      218.00
25.4200      197.00
25.4400      203.00
25.4600      205.00
25.4800      202.00
25.5000      202.00
25.5200      207.00
25.5400      199.00
25.5600      205.00
25.5800      175.00
25.6000      205.00
25.6200      201.00
25.6400      189.00
25.6600      202.00
25.6800      229.00
25.7000      216.00
25.7200      214.00
25.7400      236.00
25.7600      217.00
25.7800      197.00
25.8000      225.00
25.8200      254.00
25.8400      231.00
25.8600      245.00
25.8800      236.00
25.9000      236.00
25.9200      246.00
25.9400      253.00
25.9600      299.00
25.9800      303.00
26.0000      356.00
26.0200      339.00
26.0400      385.00
26.0600      383.00
26.0800      405.00
26.1000      406.00
26.1200      402.00
26.1400      446.00
26.1600      480.00
26.1800      492.00
26.2000      498.00
26.2200      486.00
26.2400      539.00
26.2600      514.00
26.2800      513.00
26.3000      524.00
26.3200      544.00
26.3400      489.00
26.3600      503.00
26.3800      503.00
26.4000      439.00
26.4200      470.00
26.4400      453.00
26.4600      455.00
26.4800      473.00
26.5000      452.00
26.5200      441.00
26.5400      398.00
26.5600      398.00
26.5800      416.00
26.6000      393.00
26.6200      334.00
26.6400      321.00
26.6600      324.00
26.6800      287.00
26.7000      286.00
26.7200      248.00
26.7400      255.00
26.7600      213.00
26.7800      200.00
26.8000      215.00
26.8200      218.00
26.8400      208.00
26.8600      217.00
26.8800      198.00
26.9000      193.00
26.9200      271.00
26.9400      211.00
26.9600      213.00
26.9800      242.00
27.0000      226.00
27.0200      258.00
27.0400      251.00
27.0600      233.00
27.0800      265.00
27.1000      229.00
27.1200      269.00
27.1400      267.00
27.1600      267.00
27.1800      255.00
27.2000      292.00
27.2200      290.00
27.2400      298.00
27.2600      288.00
27.2800      309.00
27.3000      322.00
27.3200      320.00
27.3400      328.00
27.3600      316.00
27.3800      315.00
27.4000      293.00
27.4200      342.00
27.4400      294.00
27.4600      288.00
27.4800      315.00
27.5000      324.00
27.5200      328.00
27.5400      347.00
27.5600      350.00
27.5800      367.00
27.6000      399.00
27.6200      368.00
27.6400      459.00
27.6600      459.00
27.6800      513.00
27.7000      532.00
27.7200      557.00
27.7400      621.00
27.7600      609.00
27.7800      587.00
27.8000      670.00
27.8200      658.00
27.8400      594.00
27.8600      524.00
27.8800      488.00
27.9000      459.00
27.9200      446.00
27.9400      392.00
27.9600      383.00
27.9800      343.00
28.0000      347.00
28.0200      334.00
28.0400      304.00
28.0600      272.00
28.0800      300.00
28.1000      273.00
28.1200      258.00
28.1400      259.00
28.1600      269.00
28.1800      248.00
28.2000      265.00
28.2200      265.00
28.2400      270.00
28.2600      297.00
28.2800      350.00
28.3000      354.00
28.3200      401.00
28.3400      444.00
28.3600      549.00
28.3800      533.00
28.4000      616.00
28.4200      732.00
28.4400      751.00
28.4600      839.00
28.4800      887.00
28.5000      931.00
28.5200     1042.00
28.5400      989.00
28.5600     1015.00
28.5800     1017.00
28.6000      972.00
28.6200      822.00
28.6400      810.00
28.6600      775.00
28.6800      707.00
28.7000      614.00
28.7200      587.00
28.7400      548.00
28.7600      509.00
28.7800      531.00
28.8000      509.00
28.8200      494.00
28.8400      442.00
28.8600      414.00
28.8800      432.00
28.9000      385.00
28.9200      384.00
28.9400      365.00
28.9600      382.00
28.9800      385.00
29.0000      378.00
29.0200      365.00
29.0400      389.00
29.0600      394.00
29.0800      395.00
29.1000      397.00
29.1200      379.00
29.1400      393.00
29.1600      430.00
29.1800      431.00
29.2000      448.00
29.2200      431.00
29.2400      456.00
29.2600      493.00
29.2800      448.00
29.3000      492.00
29.3200      474.00
29.3400      402.00
29.3600      457.00
29.3800      455.00
29.4000      439.00
29.4200      475.00
29.4400      512.00
29.4600      474.00
29.4800      476.00
29.5000      513.00
29.5200      536.00
29.5400      482.00
29.5600      487.00
29.5800      428.00
29.6000      406.00
29.6200      376.00
29.6400      342.00
29.6600      314.00
29.6800      286.00
29.7000      229.00
29.7200      267.00
29.7400      219.00
29.7600      204.00
29.7800      181.00
29.8000      193.00
29.8200      208.00
29.8400      177.00
29.8600      174.00
29.8800      192.00
29.9000      204.00
29.9200      207.00
29.9400      235.00
29.9600      214.00
29.9800      238.00
30.0000      257.00
30.0200      280.00
30.0400      261.00
30.0600      291.00
30.0800      325.00
30.1000      310.00
30.1200      348.00
30.1400      351.00
30.1600      354.00
30.1800      384.00
30.2000      356.00
30.2200      376.00
30.2400      360.00
30.2600      348.00
30.2800      319.00
30.3000      303.00
30.3200      320.00
30.3400      313.00
30.3600      287.00
30.3800      297.00
30.4000      279.00
30.4200      236.00
30.4400      288.00
30.4600      271.00
30.4800      248.00
30.5000      222.00
30.5200      202.00
30.5400      217.00
30.5600      210.00
30.5800      213.00
30.6000      221.00
30.6200      229.00
30.6400      211.00
30.6600      231.00
30.6800      237.00
30.7000      235.00
30.7200      209.00
30.7400      215.00
30.7600      221.00
30.7800      212.00
30.8000      235.00
30.8200      228.00
30.8400      210.00
30.8600      195.00
30.8800      225.00
30.9000      202.00
30.9200      226.00
30.9400      213.00
30.9600      216.00
30.9800      191.00
31.0000      211.00
31.0200      217.00
31.0400      251.00
31.0600      217.00
31.0800      236.00
31.1000      200.00
31.1200      185.00
31.1400      187.00
31.1600      190.00
31.1800      185.00
31.2000      177.00
31.2200      199.00
31.2400      182.00
31.2600      170.00
31.2800      157.00
31.3000      156.00
31.3200      185.00
31.3400      180.00
31.3600      148.00
31.3800      172.00
31.4000      190.00
31.4200      196.00
31.4400      182.00
31.4600      180.00
31.4800      189.00
31.5000      190.00
31.5200      218.00
31.5400      188.00
31.5600      196.00
31.5800      218.00
31.6000      222.00
31.6200      235.00
31.6400      225.00
31.6600      230.00
31.6800      208.00
31.7000      218.00
31.7200      208.00
31.7400      195.00
31.7600      198.00
31.7800      187.00
31.8000      188.00
31.8200      216.00
31.8400      194.00
31.8600      198.00
31.8800      204.00
31.9000      188.00
31.9200      207.00
31.9400      219.00
31.9600      223.00
31.9800      222.00
32.0000      247.00
32.0200      287.00
32.0400      269.00
32.0600      281.00
32.0800      278.00
32.1000      261.00
32.1200      283.00
32.1400      302.00
32.1600      261.00
32.1800      315.00
32.2000      293.00
32.2200      296.00
32.2400      286.00
32.2600      309.00
32.2800      291.00
32.3000      285.00
32.3200      272.00
32.3400      270.00
32.3600      283.00
32.3800      309.00
32.4000      278.00
32.4200      297.00
32.4400      282.00
32.4600      298.00
32.4800      264.00
32.5000      323.00
32.5200      307.00
32.5400      333.00
32.5600      335.00
32.5800      328.00
32.6000      350.00
32.6200      364.00
32.6400      375.00
32.6600      392.00
32.6800      367.00
32.7000      340.00
32.7200      348.00
32.7400      340.00
32.7600      311.00
32.7800      327.00
32.8000      300.00
32.8200      314.00
32.8400      288.00
32.8600      256.00
32.8800      274.00
32.9000      261.00
32.9200      252.00
32.9400      242.00
32.9600      251.00
32.9800      216.00
33.0000      216.00
33.0200      249.00
33.0400      252.00
33.0600      265.00
33.0800      280.00
33.1000      229.00
33.1200      251.00
33.1400      258.00
33.1600      267.00
33.1800      254.00
33.2000      260.00
33.2200      307.00
33.2400      303.00
33.2600      264.00
33.2800      326.00
33.3000      311.00
33.3200      307.00
33.3400      327.00
33.3600      303.00
33.3800      302.00
33.4000      316.00
33.4200      288.00
33.4400      315.00
33.4600      289.00
33.4800      287.00
33.5000      299.00
33.5200      295.00
33.5400      298.00
33.5600      259.00
33.5800      252.00
33.6000      259.00
33.6200      266.00
33.6400      233.00
33.6600      216.00
33.6800      220.00
33.7000      236.00
33.7200      182.00
33.7400      199.00
33.7600      192.00
33.7800      198.00
33.8000      182.00
33.8200      185.00
33.8400      175.00
33.8600      175.00
33.8800      159.00
33.9000      170.00
33.9200      194.00
33.9400      171.00
33.9600      194.00
33.9800      166.00
34.0000      176.00
34.0200      191.00
34.0400      204.00
34.0600      185.00
34.0800      210.00
34.1000      207.00
34.1200      230.00
34.1400      240.00
34.1600      242.00
34.1800      257.00
34.2000      291.00
34.2200      284.00
34.2400      320.00
34.2600      369.00
34.2800      341.00
34.3000      313.00
34.3200      321.00
34.3400      299.00
34.3600      257.00
34.3800      245.00
34.4000      271.00
34.4200      231.00
34.4400      219.00
34.4600      213.00
34.4800      189.00
34.5000      193.00
34.5200      187.00
34.5400      224.00
34.5600      174.00
34.5800      174.00
34.6000      167.00
34.6200      165.00
34.6400      175.00
34.6600      188.00
34.6800      172.00
34.7000      156.00
34.7200      186.00
34.7400      171.00
34.7600      176.00
34.7800      182.00
34.8000      152.00
34.8200      170.00
34.8400      169.00
34.8600      166.00
34.8800      198.00
34.9000      185.00
34.9200      203.00
34.9400      214.00
34.9600      223.00
34.9800      204.00
35.0000      189.00
35.0200      213.00
35.0400      207.00
