 2.9600      274.00
 2.9800      276.00
 3.0000      277.00
 3.0200      260.00
 3.0400      283.00
 3.0600      293.00
 3.0800      266.00
 3.1000      255.00
 3.1200      281.00
 3.1400      267.00
 3.1600      267.00
 3.1800      237.00
 3.2000      254.00
 3.2200      287.00
 3.2400      250.00
 3.2600      273.00
 3.2800      231.00
 3.3000      236.00
 3.3200      229.00
 3.3400      257.00
 3.3600      245.00
 3.3800      240.00
 3.4000      234.00
 3.4200      228.00
 3.4400      238.00
 3.4600      220.00
 3.4800      225.00
 3.5000      237.00
 3.5200      237.00
 3.5400      222.00
 3.5600      228.00
 3.5800      235.00
 3.6000      226.00
 3.6200      249.00
 3.6400      202.00
 3.6600      225.00
 3.6800      210.00
 3.7000      214.00
 3.7200      210.00
 3.7400      198.00
 3.7600      216.00
 3.7800      210.00
 3.8000      218.00
 3.8200      193.00
 3.8400      199.00
 3.8600      207.00
 3.8800      202.00
 3.9000      188.00
 3.9200      206.00
 3.9400      205.00
 3.9600      207.00
 3.9800      196.00
 4.0000      188.00
 4.0200      168.00
 4.0400      190.00
 4.0600      199.00
 4.0800      206.00
 4.1000      193.00
 4.1200      192.00
 4.1400      193.00
 4.1600      146.00
 4.1800      158.00
 4.2000      194.00
 4.2200      154.00
 4.2400      171.00
 4.2600      191.00
 4.2800      185.00
 4.3000      161.00
 4.3200      160.00
 4.3400      190.00
 4.3600      165.00
 4.3800      173.00
 4.4000      149.00
 4.4200      163.00
 4.4400      193.00
 4.4600      148.00
 4.4800      152.00
 4.5000      164.00
 4.5200      159.00
 4.5400      155.00
 4.5600      144.00
 4.5800      157.00
 4.6000      167.00
 4.6200      142.00
 4.6400      138.00
 4.6600      169.00
 4.6800      159.00
 4.7000      151.00
 4.7200      176.00
 4.7400      159.00
 4.7600      154.00
 4.7800      137.00
 4.8000      155.00
 4.8200      157.00
 4.8400      166.00
 4.8600      144.00
 4.8800      152.00
 4.9000      161.00
 4.9200      146.00
 4.9400      150.00
 4.9600      130.00
 4.9800      136.00
 5.0000      140.00
 5.0200      158.00
 5.0400      141.00
 5.0600      143.00
 5.0800      157.00
 5.1000      151.00
 5.1200      140.00
 5.1400      144.00
 5.1600      136.00
 5.1800      136.00
 5.2000      144.00
 5.2200      153.00
 5.2400      149.00
 5.2600      120.00
 5.2800      154.00
 5.3000      151.00
 5.3200      157.00
 5.3400      131.00
 5.3600      146.00
 5.3800      159.00
 5.4000      138.00
 5.4200      177.00
 5.4400      143.00
 5.4600      144.00
 5.4800      168.00
 5.5000      158.00
 5.5200      153.00
 5.5400      166.00
 5.5600      168.00
 5.5800      149.00
 5.6000      161.00
 5.6200      129.00
 5.6400      137.00
 5.6600      137.00
 5.6800      146.00
 5.7000      130.00
 5.7200      140.00
 5.7400      128.00
 5.7600      134.00
 5.7800      141.00
 5.8000      140.00
 5.8200      145.00
 5.8400      136.00
 5.8600      127.00
 5.8800      130.00
 5.9000      125.00
 5.9200      133.00
 5.9400      143.00
 5.9600      153.00
 5.9800      153.00
 6.0000      151.00
 6.0200      158.00
 6.0400      147.00
 6.0600      156.00
 6.0800      144.00
 6.1000      156.00
 6.1200      143.00
 6.1400      152.00
 6.1600      142.00
 6.1800      138.00
 6.2000      148.00
 6.2200      147.00
 6.2400      154.00
 6.2600      115.00
 6.2800      166.00
 6.3000      132.00
 6.3200      155.00
 6.3400      134.00
 6.3600      134.00
 6.3800      150.00
 6.4000      133.00
 6.4200      173.00
 6.4400      150.00
 6.4600      154.00
 6.4800      141.00
 6.5000      151.00
 6.5200      137.00
 6.5400      162.00
 6.5600      166.00
 6.5800      153.00
 6.6000      138.00
 6.6200      187.00
 6.6400      141.00
 6.6600      141.00
 6.6800      143.00
 6.7000      148.00
 6.7200      157.00
 6.7400      142.00
 6.7600      157.00
 6.7800      159.00
 6.8000      165.00
 6.8200      174.00
 6.8400      176.00
 6.8600      180.00
 6.8800      154.00
 6.9000      152.00
 6.9200      153.00
 6.9400      155.00
 6.9600      144.00
 6.9800      171.00
 7.0000      150.00
 7.0200      153.00
 7.0400      163.00
 7.0600      141.00
 7.0800      154.00
 7.1000      168.00
 7.1200      157.00
 7.1400      117.00
 7.1600      145.00
 7.1800      163.00
 7.2000      141.00
 7.2200      130.00
 7.2400      142.00
 7.2600      154.00
 7.2800      158.00
 7.3000      172.00
 7.3200      145.00
 7.3400      137.00
 7.3600      167.00
 7.3800      173.00
 7.4000      153.00
 7.4200      151.00
 7.4400      159.00
 7.4600      155.00
 7.4800      137.00
 7.5000      122.00
 7.5200      137.00
 7.5400      145.00
 7.5600      166.00
 7.5800      119.00
 7.6000      151.00
 7.6200      142.00
 7.6400      151.00
 7.6600      129.00
 7.6800      161.00
 7.7000      130.00
 7.7200      144.00
 7.7400      140.00
 7.7600      128.00
 7.7800      146.00
 7.8000      172.00
 7.8200      131.00
 7.8400      116.00
 7.8600      152.00
 7.8800      152.00
 7.9000      130.00
 7.9200      151.00
 7.9400      171.00
 7.9600      160.00
 7.9800      167.00
 8.0000      131.00
 8.0200      124.00
 8.0400      130.00
 8.0600      150.00
 8.0800      154.00
 8.1000      144.00
 8.1200      148.00
 8.1400      157.00
 8.1600      154.00
 8.1800      148.00
 8.2000      150.00
 8.2200      156.00
 8.2400      138.00
 8.2600      157.00
 8.2800      176.00
 8.3000      164.00
 8.3200      172.00
 8.3400      154.00
 8.3600      143.00
 8.3800      168.00
 8.4000      163.00
 8.4200      162.00
 8.4400      141.00
 8.4600      153.00
 8.4800      135.00
 8.5000      181.00
 8.5200      146.00
 8.5400      152.00
 8.5600      149.00
 8.5800      158.00
 8.6000      155.00
 8.6200      154.00
 8.6400      172.00
 8.6600      180.00
 8.6800      167.00
 8.7000      180.00
 8.7200      174.00
 8.7400      179.00
 8.7600      189.00
 8.7800      201.00
 8.8000      156.00
 8.8200      181.00
 8.8400      183.00
 8.8600      152.00
 8.8800      174.00
 8.9000      191.00
 8.9200      148.00
 8.9400      148.00
 8.9600      155.00
 8.9800      144.00
 9.0000      158.00
 9.0200      165.00
 9.0400      149.00
 9.0600      177.00
 9.0800      170.00
 9.1000      154.00
 9.1200      134.00
 9.1400      145.00
 9.1600      144.00
 9.1800      165.00
 9.2000      142.00
 9.2200      135.00
 9.2400      131.00
 9.2600      143.00
 9.2800      165.00
 9.3000      147.00
 9.3200      130.00
 9.3400      147.00
 9.3600      147.00
 9.3800      136.00
 9.4000      152.00
 9.4200      138.00
 9.4400      157.00
 9.4600      139.00
 9.4800      177.00
 9.5000      142.00
 9.5200      193.00
 9.5400      146.00
 9.5600      166.00
 9.5800      130.00
 9.6000      159.00
 9.6200      160.00
 9.6400      143.00
 9.6600      165.00
 9.6800      156.00
 9.7000      147.00
 9.7200      163.00
 9.7400      136.00
 9.7600      157.00
 9.7800      152.00
 9.8000      159.00
 9.8200      183.00
 9.8400      166.00
 9.8600      181.00
 9.8800      175.00
 9.9000      168.00
 9.9200      179.00
 9.9400      183.00
 9.9600      174.00
 9.9800      166.00
10.0000      194.00
10.0200      156.00
10.0400      150.00
10.0600      175.00
10.0800      162.00
10.1000      148.00
10.1200      163.00
10.1400      157.00
10.1600      146.00
10.1800      169.00
10.2000      166.00
10.2200      167.00
10.2400      164.00
10.2600      176.00
10.2800      170.00
10.3000      155.00
10.3200      146.00
10.3400      164.00
10.3600      166.00
10.3800      184.00
10.4000      157.00
10.4200      149.00
10.4400      147.00
10.4600      162.00
10.4800      148.00
10.5000      145.00
10.5200      143.00
10.5400      165.00
10.5600      181.00
10.5800      156.00
10.6000      179.00
10.6200      207.00
10.6400      181.00
10.6600      164.00
10.6800      196.00
10.7000      180.00
10.7200      175.00
10.7400      212.00
10.7600      208.00
10.7800      198.00
10.8000      218.00
10.8200      196.00
10.8400      228.00
10.8600      233.00
10.8800      269.00
10.9000      295.00
10.9200      317.00
10.9400      333.00
10.9600      364.00
10.9800      386.00
11.0000      444.00
11.0200      456.00
11.0400      448.00
11.0600      460.00
11.0800      453.00
11.1000      426.00
11.1200      441.00
11.1400      404.00
11.1600      362.00
11.1800      374.00
11.2000      409.00
11.2200      468.00
11.2400      408.00
11.2600      456.00
11.2800      439.00
11.3000      400.00
11.3200      403.00
11.3400      313.00
11.3600      342.00
11.3800      253.00
11.4000      290.00
11.4200      182.00
11.4400      195.00
11.4600      183.00
11.4800      184.00
11.5000      182.00
11.5200      179.00
11.5400      169.00
11.5600      187.00
11.5800      168.00
11.6000      182.00
11.6200      188.00
11.6400      188.00
11.6600      159.00
11.6800      179.00
11.7000      169.00
11.7200      185.00
11.7400      173.00
11.7600      188.00
11.7800      184.00
11.8000      196.00
11.8200      209.00
11.8400      216.00
11.8600      239.00
11.8800      277.00
11.9000      289.00
11.9200      277.00
11.9400      317.00
11.9600      357.00
11.9800      353.00
12.0000      387.00
12.0200      419.00
12.0400      438.00
12.0600      473.00
12.0800      462.00
12.1000      520.00
12.1200      463.00
12.1400      504.00
12.1600      474.00
12.1800      485.00
12.2000      425.00
12.2200      378.00
12.2400      329.00
12.2600      305.00
12.2800      333.00
12.3000      272.00
12.3200      306.00
12.3400      288.00
12.3600      386.00
12.3800      399.00
12.4000      406.00
12.4200      460.00
12.4400      469.00
12.4600      545.00
12.4800      602.00
12.5000      576.00
12.5200      582.00
12.5400      523.00
12.5600      521.00
12.5800      456.00
12.6000      394.00
12.6200      322.00
12.6400      305.00
12.6600      254.00
12.6800      204.00
12.7000      209.00
12.7200      188.00
12.7400      184.00
12.7600      176.00
12.7800      192.00
12.8000      176.00
12.8200      174.00
12.8400      181.00
12.8600      207.00
12.8800      183.00
12.9000      154.00
12.9200      173.00
12.9400      183.00
12.9600      152.00
12.9800      202.00
13.0000      174.00
13.0200      174.00
13.0400      175.00
13.0600      151.00
13.0800      189.00
13.1000      182.00
13.1200      189.00
13.1400      169.00
13.1600      162.00
13.1800      162.00
13.2000      181.00
13.2200      188.00
13.2400      160.00
13.2600      177.00
13.2800      173.00
13.3000      190.00
13.3200      172.00
13.3400      176.00
13.3600      178.00
13.3800      164.00
13.4000      171.00
13.4200      178.00
13.4400      162.00
13.4600      171.00
13.4800      168.00
13.5000      179.00
13.5200      180.00
13.5400      173.00
13.5600      181.00
13.5800      170.00
13.6000      183.00
13.6200      169.00
13.6400      192.00
13.6600      208.00
13.6800      172.00
13.7000      197.00
13.7200      182.00
13.7400      175.00
13.7600      188.00
13.7800      178.00
13.8000      178.00
13.8200      202.00
13.8400      195.00
13.8600      225.00
13.8800      213.00
13.9000      214.00
13.9200      237.00
13.9400      233.00
13.9600      254.00
13.9800      277.00
14.0000      323.00
14.0200      311.00
14.0400      340.00
14.0600      447.00
14.0800      495.00
14.1000      502.00
14.1200      611.00
14.1400      629.00
14.1600      648.00
14.1800      655.00
14.2000      663.00
14.2200      687.00
14.2400      674.00
14.2600      621.00
14.2800      539.00
14.3000      512.00
14.3200      425.00
14.3400      473.00
14.3600      435.00
14.3800      389.00
14.4000      338.00
14.4200      391.00
14.4400      328.00
14.4600      301.00
14.4800      247.00
14.5000      237.00
14.5200      229.00
14.5400      191.00
14.5600      185.00
14.5800      209.00
14.6000      157.00
14.6200      150.00
14.6400      194.00
14.6600      173.00
14.6800      181.00
14.7000      167.00
14.7200      198.00
14.7400      207.00
14.7600      180.00
14.7800      196.00
14.8000      197.00
14.8200      173.00
14.8400      187.00
14.8600      163.00
14.8800      194.00
14.9000      179.00
14.9200      189.00
14.9400      205.00
14.9600      168.00
14.9800      160.00
15.0000      176.00
15.0200      163.00
15.0400      182.00
15.0600      187.00
15.0800      167.00
15.1000      153.00
15.1200      167.00
15.1400      189.00
15.1600      187.00
15.1800      160.00
15.2000      175.00
15.2200      152.00
15.2400      163.00
15.2600      145.00
15.2800      156.00
15.3000      170.00
15.3200      153.00
15.3400      171.00
15.3600      172.00
15.3800      183.00
15.4000      167.00
15.4200      156.00
15.4400      175.00
15.4600      188.00
15.4800      154.00
15.5000      206.00
15.5200      182.00
15.5400      172.00
15.5600      201.00
15.5800      158.00
15.6000      194.00
15.6200      198.00
15.6400      189.00
15.6600      191.00
15.6800      188.00
15.7000      186.00
15.7200      225.00
15.7400      192.00
15.7600      247.00
15.7800      244.00
15.8000      274.00
15.8200      264.00
15.8400      309.00
15.8600      308.00
15.8800      300.00
15.9000      287.00
15.9200      275.00
15.9400      338.00
15.9600      324.00
15.9800      280.00
16.0000      286.00
16.0200      278.00
16.0400      273.00
16.0600      285.00
16.0800      273.00
16.1000      295.00
16.1200      343.00
16.1400      352.00
16.1600      368.00
16.1800      361.00
16.2000      334.00
16.2200      355.00
16.2400      383.00
16.2600      313.00
16.2800      272.00
16.3000      308.00
16.3200      262.00
16.3400      266.00
16.3600      305.00
16.3800      306.00
16.4000      312.00
16.4200      364.00
16.4400      414.00
16.4600      406.00
16.4800      453.00
16.5000      449.00
16.5200      424.00
16.5400      403.00
16.5600      435.00
16.5800      346.00
16.6000      317.00
16.6200      270.00
16.6400      258.00
16.6600      260.00
16.6800      201.00
16.7000      211.00
16.7200      208.00
16.7400      219.00
16.7600      201.00
16.7800      199.00
16.8000      207.00
16.8200      220.00
16.8400      233.00
16.8600      231.00
16.8800      272.00
16.9000      257.00
16.9200      276.00
16.9400      317.00
16.9600      365.00
16.9800      333.00
17.0000      387.00
17.0200      400.00
17.0400      457.00
17.0600      452.00
17.0800      434.00
17.1000      462.00
17.1200      512.00
17.1400      460.00
17.1600      391.00
17.1800      389.00
17.2000      370.00
17.2200      350.00
17.2400      383.00
17.2600      394.00
17.2800      410.00
17.3000      447.00
17.3200      526.00
17.3400      573.00
17.3600      643.00
17.3800      755.00
17.4000      825.00
17.4200      940.00
17.4400     1111.00
17.4600     1212.00
17.4800     1357.00
17.5000     1387.00
17.5200     1519.00
17.5400     1579.00
17.5600     1617.00
17.5800     1579.00
17.6000     1396.00
17.6200     1299.00
17.6400     1129.00
17.6600      942.00
17.6800      812.00
17.7000      656.00
17.7200      543.00
17.7400      442.00
17.7600      386.00
17.7800      318.00
17.8000      339.00
17.8200      293.00
17.8400      288.00
17.8600      295.00
17.8800      290.00
17.9000      269.00
17.9200      271.00
17.9400      286.00
17.9600      252.00
17.9800      237.00
18.0000      226.00
18.0200      214.00
18.0400      224.00
18.0600      209.00
18.0800      223.00
18.1000      247.00
18.1200      232.00
18.1400      234.00
18.1600      269.00
18.1800      273.00
18.2000      314.00
18.2200      331.00
18.2400      380.00
18.2600      394.00
18.2800      448.00
18.3000      461.00
18.3200      562.00
18.3400      615.00
18.3600      636.00
18.3800      668.00
18.4000      612.00
18.4200      577.00
18.4400      500.00
18.4600      461.00
18.4800      425.00
18.5000      400.00
18.5200      304.00
18.5400      290.00
18.5600      249.00
18.5800      248.00
18.6000      257.00
18.6200      255.00
18.6400      213.00
18.6600      256.00
18.6800      259.00
18.7000      274.00
18.7200      272.00
18.7400      262.00
18.7600      297.00
18.7800      306.00
18.8000      289.00
18.8200      280.00
18.8400      257.00
18.8600      248.00
18.8800      247.00
18.9000      255.00
18.9200      251.00
18.9400      254.00
18.9600      247.00
18.9800      298.00
19.0000      272.00
19.0200      274.00
19.0400      292.00
19.0600      295.00
19.0800      284.00
19.1000      288.00
19.1200      295.00
19.1400      278.00
19.1600      301.00
19.1800      310.00
19.2000      265.00
19.2200      263.00
19.2400      265.00
19.2600      253.00
19.2800      256.00
19.3000      256.00
19.3200      267.00
19.3400      268.00
19.3600      301.00
19.3800      322.00
19.4000      334.00
19.4200      378.00
19.4400      414.00
19.4600      494.00
19.4800      634.00
19.5000      713.00
19.5200      813.00
19.5400      888.00
19.5600      997.00
19.5800     1132.00
19.6000     1202.00
19.6200     1148.00
19.6400     1185.00
19.6600     1118.00
19.6800     1105.00
19.7000      979.00
19.7200      912.00
19.7400      715.00
19.7600      639.00
19.7800      597.00
19.8000      492.00
19.8200      445.00
19.8400      367.00
19.8600      365.00
19.8800      309.00
19.9000      327.00
19.9200      268.00
19.9400      255.00
19.9600      252.00
19.9800      257.00
20.0000      234.00
20.0200      224.00
20.0400      219.00
20.0600      217.00
20.0800      220.00
20.1000      210.00
20.1200      214.00
20.1400      238.00
20.1600      231.00
20.1800      221.00
20.2000      217.00
20.2200      224.00
20.2400      243.00
20.2600      230.00
20.2800      204.00
20.3000      227.00
20.3200      262.00
20.3400      217.00
20.3600      229.00
20.3800      240.00
20.4000      261.00
20.4200      233.00
20.4400      242.00
20.4600      297.00
20.4800      268.00
20.5000      301.00
20.5200      278.00
20.5400      341.00
20.5600      339.00
20.5800      417.00
20.6000      446.00
20.6200      545.00
20.6400      554.00
20.6600      594.00
20.6800      673.00
20.7000      755.00
20.7200      758.00
20.7400      765.00
20.7600      736.00
20.7800      841.00
20.8000      797.00
20.8200      889.00
20.8400      948.00
20.8600     1103.00
20.8800     1236.00
20.9000     1331.00
20.9200     1436.00
20.9400     1630.00
20.9600     1755.00
20.9800     1919.00
21.0000     1910.00
21.0200     1973.00
21.0400     2005.00
21.0600     1811.00
21.0800     1640.00
21.1000     1487.00
21.1200     1263.00
21.1400     1054.00
21.1600      797.00
21.1800      655.00
21.2000      528.00
21.2200      402.00
21.2400      378.00
21.2600      298.00
21.2800      264.00
21.3000      261.00
21.3200      254.00
21.3400      219.00
21.3600      236.00
21.3800      221.00
21.4000      238.00
21.4200      246.00
21.4400      230.00
21.4600      220.00
21.4800      207.00
21.5000      199.00
21.5200      219.00
21.5400      214.00
21.5600      232.00
21.5800      208.00
21.6000      195.00
21.6200      205.00
21.6400      199.00
21.6600      194.00
21.6800      217.00
21.7000      210.00
21.7200      182.00
21.7400      233.00
21.7600      187.00
21.7800      178.00
21.8000      180.00
21.8200      208.00
21.8400      204.00
21.8600      209.00
21.8800      228.00
21.9000      215.00
21.9200      205.00
21.9400      216.00
21.9600      224.00
21.9800      243.00
22.0000      231.00
22.0200      239.00
22.0400      260.00
22.0600      267.00
22.0800      238.00
22.1000      266.00
22.1200      294.00
22.1400      323.00
22.1600      321.00
22.1800      339.00
22.2000      350.00
22.2200      353.00
22.2400      387.00
22.2600      369.00
22.2800      432.00
22.3000      421.00
22.3200      423.00
22.3400      435.00
22.3600      456.00
22.3800      432.00
22.4000      397.00
22.4200      415.00
22.4400      447.00
22.4600      529.00
22.4800      506.00
22.5000      584.00
22.5200      683.00
22.5400      701.00
22.5600      832.00
22.5800      853.00
22.6000      887.00
22.6200      831.00
22.6400      816.00
22.6600      759.00
22.6800      659.00
22.7000      586.00
22.7200      460.00
22.7400      384.00
22.7600      376.00
22.7800      355.00
22.8000      303.00
22.8200      321.00
22.8400      346.00
22.8600      345.00
22.8800      398.00
22.9000      409.00
22.9200      425.00
22.9400      443.00
22.9600      463.00
22.9800      511.00
23.0000      514.00
23.0200      519.00
23.0400      526.00
23.0600      525.00
23.0800      591.00
23.1000      615.00
23.1200      576.00
23.1400      548.00
23.1600      508.00
23.1800      478.00
23.2000      492.00
23.2200      433.00
23.2400      425.00
23.2600      453.00
23.2800      465.00
23.3000      487.00
23.3200      480.00
23.3400      507.00
23.3600      548.00
23.3800      542.00
23.4000      527.00
23.4200      505.00
23.4400      476.00
23.4600      428.00
23.4800      382.00
23.5000      341.00
23.5200      309.00
23.5400      285.00
23.5600      259.00
23.5800      222.00
23.6000      274.00
23.6200      205.00
23.6400      210.00
23.6600      229.00
23.6800      231.00
23.7000      219.00
23.7200      226.00
23.7400      235.00
23.7600      206.00
23.7800      267.00
23.8000      218.00
23.8200      283.00
23.8400      255.00
23.8600      261.00
23.8800      284.00
23.9000      320.00
23.9200      294.00
23.9400      331.00
23.9600      365.00
23.9800      418.00
24.0000      417.00
24.0200      467.00
24.0400      564.00
24.0600      566.00
24.0800      628.00
24.1000      593.00
24.1200      581.00
24.1400      547.00
24.1600      554.00
24.1800      462.00
24.2000      492.00
24.2200      516.00
24.2400      504.00
24.2600      536.00
24.2800      567.00
24.3000      687.00
24.3200      725.00
24.3400      773.00
24.3600      806.00
24.3800      794.00
24.4000      781.00
24.4200      785.00
24.4400      714.00
24.4600      606.00
24.4800      498.00
24.5000      510.00
24.5200      388.00
24.5400      353.00
24.5600      316.00
24.5800      251.00
24.6000      260.00
24.6200      268.00
24.6400      249.00
24.6600      238.00
24.6800      271.00
24.7000      286.00
24.7200      258.00
24.7400      275.00
24.7600      293.00
24.7800      344.00
24.8000      429.00
24.8200      460.00
24.8400      515.00
24.8600      498.00
24.8800      607.00
24.9000      619.00
24.9200      623.00
24.9400      603.00
24.9600      568.00
24.9800      511.00
25.0000      456.00
25.0200      404.00
25.0400      373.00
25.0600      328.00
25.0800      279.00
25.1000      248.00
25.1200      243.00
25.1400      212.00
25.1600      215.00
25.1800      198.00
25.2000      204.00
25.2200      203.00
25.2400      183.00
25.2600      208.00
25.2800      186.00
25.3000      194.00
25.3200      175.00
25.3400      167.00
25.3600      183.00
25.3800      183.00
25.4000      177.00
25.4200      171.00
25.4400      162.00
25.4600      145.00
25.4800      169.00
25.5000      152.00
25.5200      179.00
25.5400      186.00
25.5600      194.00
25.5800      148.00
25.6000      168.00
25.6200      176.00
25.6400      187.00
25.6600      180.00
25.6800      161.00
25.7000      174.00
25.7200      197.00
25.7400      198.00
25.7600      212.00
25.7800      160.00
25.8000      212.00
25.8200      200.00
25.8400      203.00
25.8600      204.00
25.8800      245.00
25.9000      242.00
25.9200      280.00
25.9400      266.00
25.9600      311.00
25.9800      302.00
26.0000      302.00
26.0200      329.00
26.0400      324.00
26.0600      379.00
26.0800      374.00
26.1000      363.00
26.1200      407.00
26.1400      382.00
26.1600      383.00
26.1800      420.00
26.2000      410.00
26.2200      410.00
26.2400      380.00
26.2600      434.00
26.2800      364.00
26.3000      376.00
26.3200      372.00
26.3400      332.00
26.3600      335.00
26.3800      351.00
26.4000      342.00
26.4200      402.00
26.4400      351.00
26.4600      372.00
26.4800      346.00
26.5000      351.00
26.5200      326.00
26.5400      311.00
26.5600      308.00
26.5800      265.00
26.6000      224.00
26.6200      212.00
26.6400      229.00
26.6600      174.00
26.6800      167.00
26.7000      181.00
26.7200      178.00
26.7400      194.00
26.7600      160.00
26.7800      165.00
26.8000      157.00
26.8200      190.00
26.8400      175.00
26.8600      156.00
26.8800      191.00
26.9000      163.00
26.9200      182.00
26.9400      189.00
26.9600      193.00
26.9800      198.00
27.0000      205.00
27.0200      198.00
27.0400      201.00
27.0600      225.00
27.0800      204.00
27.1000      213.00
27.1200      218.00
27.1400      201.00
27.1600      232.00
27.1800      228.00
27.2000      260.00
27.2200      269.00
27.2400      256.00
27.2600      268.00
27.2800      267.00
27.3000      243.00
27.3200      249.00
27.3400      251.00
27.3600      243.00
27.3800      250.00
27.4000      228.00
27.4200      252.00
27.4400      267.00
27.4600      238.00
27.4800      267.00
27.5000      240.00
27.5200      277.00
27.5400      253.00
27.5600      357.00
27.5800      323.00
27.6000      341.00
27.6200      382.00
27.6400      423.00
27.6600      432.00
27.6800      454.00
27.7000      468.00
27.7200      483.00
27.7400      432.00
27.7600      405.00
27.7800      452.00
27.8000      408.00
27.8200      339.00
27.8400      344.00
27.8600      318.00
27.8800      285.00
27.9000      263.00
27.9200      252.00
27.9400      239.00
27.9600      249.00
27.9800      222.00
28.0000      239.00
28.0200      224.00
28.0400      233.00
28.0600      227.00
28.0800      240.00
28.1000      216.00
28.1200      225.00
28.1400      219.00
28.1600      236.00
28.1800      225.00
28.2000      255.00
28.2200      284.00
28.2400      293.00
28.2600      300.00
28.2800      348.00
28.3000      384.00
28.3200      481.00
28.3400      499.00
28.3600      560.00
28.3800      622.00
28.4000      663.00
28.4200      744.00
28.4400      735.00
28.4600      742.00
28.4800      728.00
28.5000      718.00
28.5200      686.00
28.5400      661.00
28.5600      596.00
28.5800      560.00
28.6000      569.00
28.6200      425.00
28.6400      405.00
28.6600      377.00
28.6800      401.00
28.7000      360.00
28.7200      397.00
28.7400      308.00
28.7600      313.00
28.7800      307.00
28.8000      305.00
28.8200      268.00
28.8400      265.00
28.8600      287.00
28.8800      227.00
28.9000      262.00
28.9200      277.00
28.9400      272.00
28.9600      264.00
28.9800      299.00
29.0000      306.00
29.0200      292.00
29.0400      320.00
29.0600      329.00
29.0800      329.00
29.1000      306.00
29.1200      342.00
29.1400      330.00
29.1600      383.00
29.1800      346.00
29.2000      320.00
29.2200      322.00
29.2400      264.00
29.2600      291.00
29.2800      312.00
29.3000      329.00
29.3200      341.00
29.3400      339.00
29.3600      322.00
29.3800      355.00
29.4000      387.00
29.4200      432.00
29.4400      364.00
29.4600      408.00
29.4800      397.00
29.5000      352.00
29.5200      335.00
29.5400      323.00
29.5600      266.00
29.5800      259.00
29.6000      218.00
29.6200      197.00
29.6400      194.00
29.6600      179.00
29.6800      171.00
29.7000      173.00
29.7200      167.00
29.7400      187.00
29.7600      181.00
29.7800      151.00
29.8000      144.00
29.8200      184.00
29.8400      154.00
29.8600      193.00
29.8800      188.00
29.9000      187.00
29.9200      223.00
29.9400      205.00
29.9600      242.00
29.9800      242.00
30.0000      228.00
30.0200      232.00
30.0400      245.00
30.0600      206.00
30.0800      269.00
30.1000      254.00
30.1200      272.00
30.1400      249.00
30.1600      237.00
30.1800      244.00
30.2000      257.00
30.2200      294.00
30.2400      264.00
30.2600      255.00
30.2800      227.00
30.3000      258.00
30.3200      225.00
30.3400      215.00
30.3600      226.00
30.3800      212.00
30.4000      183.00
30.4200      167.00
30.4400      180.00
30.4600      171.00
30.4800      157.00
30.5000      171.00
30.5200      146.00
30.5400      172.00
30.5600      171.00
30.5800      168.00
30.6000      170.00
30.6200      208.00
30.6400      181.00
30.6600      185.00
30.6800      191.00
30.7000      191.00
30.7200      160.00
30.7400      179.00
30.7600      188.00
30.7800      175.00
30.8000      171.00
30.8200      176.00
30.8400      167.00
30.8600      158.00
30.8800      166.00
30.9000      171.00
30.9200      179.00
30.9400      159.00
30.9600      163.00
30.9800      186.00
31.0000      149.00
31.0200      143.00
31.0400      172.00
31.0600      169.00
31.0800      177.00
31.1000      135.00
31.1200      145.00
31.1400      128.00
31.1600      151.00
31.1800      115.00
31.2000      142.00
31.2200      130.00
31.2400      120.00
31.2600      128.00
31.2800      134.00
31.3000      152.00
31.3200      157.00
31.3400      140.00
31.3600      134.00
31.3800      133.00
31.4000      156.00
31.4200      161.00
31.4400      153.00
31.4600      175.00
31.4800      180.00
31.5000      173.00
31.5200      181.00
31.5400      178.00
31.5600      204.00
31.5800      178.00
31.6000      149.00
31.6200      181.00
31.6400      175.00
31.6600      141.00
31.6800      145.00
31.7000      147.00
31.7200      133.00
31.7400      155.00
31.7600      141.00
31.7800      169.00
31.8000      157.00
31.8200      143.00
31.8400      151.00
31.8600      174.00
31.8800      155.00
31.9000      197.00
31.9200      190.00
31.9400      208.00
31.9600      225.00
31.9800      229.00
32.0000      227.00
32.0200      221.00
32.0400      211.00
32.0600      198.00
32.0800      224.00
32.1000      231.00
32.1200      244.00
32.1400      241.00
32.1600      228.00
32.1800      236.00
32.2000      237.00
32.2200      208.00
32.2400      225.00
32.2600      199.00
32.2800      227.00
32.3000      201.00
32.3200      229.00
32.3400      211.00
32.3600      213.00
32.3800      217.00
32.4000      225.00
32.4200      262.00
32.4400      254.00
32.4600      248.00
32.4800      228.00
32.5000      253.00
32.5200      247.00
32.5400      248.00
32.5600      261.00
32.5800      255.00
32.6000      237.00
32.6200      267.00
32.6400      263.00
32.6600      261.00
32.6800      231.00
32.7000      250.00
32.7200      227.00
32.7400      229.00
32.7600      235.00
32.7800      228.00
32.8000      211.00
32.8200      184.00
32.8400      199.00
32.8600      192.00
32.8800      201.00
32.9000      204.00
32.9200      193.00
32.9400      202.00
32.9600      188.00
32.9800      172.00
33.0000      195.00
33.0200      205.00
33.0400      187.00
33.0600      190.00
33.0800      212.00
33.1000      188.00
33.1200      223.00
33.1400      232.00
33.1600      238.00
33.1800      221.00
33.2000      252.00
33.2200      260.00
33.2400      273.00
33.2600      248.00
33.2800      235.00
33.3000      282.00
33.3200      228.00
33.3400      223.00
33.3600      222.00
33.3800      195.00
33.4000      194.00
33.4200      216.00
33.4400      187.00
33.4600      185.00
33.4800      217.00
33.5000      177.00
33.5200      201.00
33.5400      183.00
33.5600      190.00
33.5800      159.00
33.6000      165.00
33.6200      168.00
33.6400      148.00
33.6600      136.00
33.6800      145.00
33.7000      139.00
33.7200      128.00
33.7400      122.00
33.7600      119.00
33.7800      142.00
33.8000      134.00
33.8200      137.00
33.8400      124.00
33.8600      129.00
33.8800      160.00
33.9000      136.00
33.9200      140.00
33.9400      130.00
33.9600      109.00
33.9800      173.00
34.0000      156.00
34.0200      159.00
34.0400      178.00
34.0600      157.00
34.0800      213.00
34.1000      186.00
34.1200      238.00
34.1400      238.00
34.1600      240.00
34.1800      237.00
34.2000      239.00
34.2200      267.00
34.2400      236.00
34.2600      181.00
34.2800      208.00
34.3000      184.00
34.3200      170.00
34.3400      156.00
34.3600      157.00
34.3800      155.00
34.4000      148.00
34.4200      157.00
34.4400      148.00
34.4600      145.00
34.4800      136.00
34.5000      140.00
34.5200      139.00
34.5400      119.00
34.5600      134.00
34.5800      128.00
34.6000      158.00
34.6200      106.00
34.6400      126.00
34.6600      111.00
34.6800      139.00
34.7000      122.00
34.7200      145.00
34.7400      157.00
34.7600      143.00
34.7800      148.00
34.8000      144.00
34.8200      159.00
34.8400      167.00
34.8600      128.00
34.8800      130.00
34.9000      166.00
34.9200      155.00
34.9400      191.00
34.9600      168.00
