 2.9900      285.00
 3.0100      310.00
 3.0300      288.00
 3.0500      300.00
 3.0700      324.00
 3.0900      292.00
 3.1100      259.00
 3.1300      285.00
 3.1500      292.00
 3.1700      273.00
 3.1900      278.00
 3.2100      287.00
 3.2300      293.00
 3.2500      268.00
 3.2700      241.00
 3.2900      271.00
 3.3100      292.00
 3.3300      284.00
 3.3500      231.00
 3.3700      255.00
 3.3900      254.00
 3.4100      274.00
 3.4300      261.00
 3.4500      247.00
 3.4700      268.00
 3.4900      267.00
 3.5100      271.00
 3.5300      232.00
 3.5500      232.00
 3.5700      251.00
 3.5900      223.00
 3.6100      207.00
 3.6300      240.00
 3.6500      258.00
 3.6700      243.00
 3.6900      242.00
 3.7100      239.00
 3.7300      225.00
 3.7500      234.00
 3.7700      233.00
 3.7900      237.00
 3.8100      240.00
 3.8300      207.00
 3.8500      246.00
 3.8700      200.00
 3.8900      199.00
 3.9100      240.00
 3.9300      195.00
 3.9500      212.00
 3.9700      189.00
 3.9900      209.00
 4.0100      203.00
 4.0300      204.00
 4.0500      235.00
 4.0700      209.00
 4.0900      206.00
 4.1100      177.00
 4.1300      190.00
 4.1500      199.00
 4.1700      179.00
 4.1900      199.00
 4.2100      176.00
 4.2300      206.00
 4.2500      190.00
 4.2700      170.00
 4.2900      201.00
 4.3100      186.00
 4.3300      200.00
 4.3500      167.00
 4.3700      206.00
 4.3900      145.00
 4.4100      199.00
 4.4300      166.00
 4.4500      179.00
 4.4700      155.00
 4.4900      184.00
 4.5100      144.00
 4.5300      180.00
 4.5500      181.00
 4.5700      179.00
 4.5900      165.00
 4.6100      159.00
 4.6300      182.00
 4.6500      164.00
 4.6700      165.00
 4.6900      179.00
 4.7100      159.00
 4.7300      165.00
 4.7500      169.00
 4.7700      166.00
 4.7900      172.00
 4.8100      149.00
 4.8300      154.00
 4.8500      163.00
 4.8700      152.00
 4.8900      175.00
 4.9100      148.00
 4.9300      165.00
 4.9500      164.00
 4.9700      161.00
 4.9900      179.00
 5.0100      166.00
 5.0300      138.00
 5.0500      151.00
 5.0700      161.00
 5.0900      148.00
 5.1100      178.00
 5.1300      141.00
 5.1500      168.00
 5.1700      151.00
 5.1900      183.00
 5.2100      187.00
 5.2300      153.00
 5.2500      136.00
 5.2700      160.00
 5.2900      168.00
 5.3100      211.00
 5.3300      168.00
 5.3500      160.00
 5.3700      144.00
 5.3900      165.00
 5.4100      172.00
 5.4300      171.00
 5.4500      164.00
 5.4700      189.00
 5.4900      183.00
 5.5100      154.00
 5.5300      158.00
 5.5500      157.00
 5.5700      160.00
 5.5900      179.00
 5.6100      180.00
 5.6300      154.00
 5.6500      159.00
 5.6700      177.00
 5.6900      170.00
 5.7100      186.00
 5.7300      188.00
 5.7500      169.00
 5.7700      148.00
 5.7900      169.00
 5.8100      175.00
 5.8300      145.00
 5.8500      174.00
 5.8700      163.00
 5.8900      187.00
 5.9100      151.00
 5.9300      179.00
 5.9500      160.00
 5.9700      149.00
 5.9900      182.00
 6.0100      166.00
 6.0300      146.00
 6.0500      148.00
 6.0700      167.00
 6.0900      167.00
 6.1100      138.00
 6.1300      156.00
 6.1500      166.00
 6.1700      158.00
 6.1900      145.00
 6.2100      168.00
 6.2300      173.00
 6.2500      171.00
 6.2700      161.00
 6.2900      176.00
 6.3100      156.00
 6.3300      181.00
 6.3500      176.00
 6.3700      166.00
 6.3900      167.00
 6.4100      176.00
 6.4300      166.00
 6.4500      161.00
 6.4700      184.00
 6.4900      197.00
 6.5100      191.00
 6.5300      161.00
 6.5500      179.00
 6.5700      183.00
 6.5900      159.00
 6.6100      173.00
 6.6300      185.00
 6.6500      180.00
 6.6700      178.00
 6.6900      173.00
 6.7100      169.00
 6.7300      207.00
 6.7500      167.00
 6.7700      206.00
 6.7900      188.00
 6.8100      186.00
 6.8300      178.00
 6.8500      198.00
 6.8700      214.00
 6.8900      199.00
 6.9100      218.00
 6.9300      213.00
 6.9500      180.00
 6.9700      179.00
 6.9900      169.00
 7.0100      157.00
 7.0300      175.00
 7.0500      162.00
 7.0700      142.00
 7.0900      190.00
 7.1100      162.00
 7.1300      150.00
 7.1500      169.00
 7.1700      189.00
 7.1900      199.00
 7.2100      143.00
 7.2300      164.00
 7.2500      143.00
 7.2700      167.00
 7.2900      152.00
 7.3100      170.00
 7.3300      170.00
 7.3500      160.00
 7.3700      162.00
 7.3900      171.00
 7.4100      166.00
 7.4300      164.00
 7.4500      161.00
 7.4700      170.00
 7.4900      149.00
 7.5100      160.00
 7.5300      186.00
 7.5500      187.00
 7.5700      183.00
 7.5900      164.00
 7.6100      197.00
 7.6300      189.00
 7.6500      171.00
 7.6700      172.00
 7.6900      160.00
 7.7100      152.00
 7.7300      164.00
 7.7500      186.00
 7.7700      194.00
 7.7900      169.00
 7.8100      185.00
 7.8300      177.00
 7.8500      183.00
 7.8700      162.00
 7.8900      193.00
 7.9100      172.00
 7.9300      177.00
 7.9500      146.00
 7.9700      182.00
 7.9900      163.00
 8.0100      183.00
 8.0300      161.00
 8.0500      185.00
 8.0700      187.00
 8.0900      167.00
 8.1100      196.00
 8.1300      162.00
 8.1500      173.00
 8.1700      187.00
 8.1900      156.00
 8.2100      191.00
 8.2300      170.00
 8.2500      164.00
 8.2700      182.00
 8.2900      170.00
 8.3100      173.00
 8.3300      218.00
 8.3500      183.00
 8.3700      203.00
 8.3900      194.00
 8.4100      179.00
 8.4300      181.00
 8.4500      195.00
 8.4700      198.00
 8.4900      199.00
 8.5100      203.00
 8.5300      205.00
 8.5500      202.00
 8.5700      213.00
 8.5900      212.00
 8.6100      200.00
 8.6300      221.00
 8.6500      192.00
 8.6700      241.00
 8.6900      191.00
 8.7100      235.00
 8.7300      223.00
 8.7500      248.00
 8.7700      211.00
 8.7900      239.00
 8.8100      218.00
 8.8300      193.00
 8.8500      202.00
 8.8700      197.00
 8.8900      204.00
 8.9100      187.00
 8.9300      195.00
 8.9500      200.00
 8.9700      193.00
 8.9900      178.00
 9.0100      171.00
 9.0300      199.00
 9.0500      175.00
 9.0700      205.00
 9.0900      171.00
 9.1100      200.00
 9.1300      179.00
 9.1500      160.00
 9.1700      186.00
 9.1900      206.00
 9.2100      171.00
 9.2300      186.00
 9.2500      173.00
 9.2700      177.00
 9.2900      186.00
 9.3100      191.00
 9.3300      195.00
 9.3500      208.00
 9.3700      199.00
 9.3900      163.00
 9.4100      210.00
 9.4300      172.00
 9.4500      209.00
 9.4700      196.00
 9.4900      220.00
 9.5100      183.00
 9.5300      198.00
 9.5500      196.00
 9.5700      201.00
 9.5900      210.00
 9.6100      238.00
 9.6300      194.00
 9.6500      179.00
 9.6700      183.00
 9.6900      190.00
 9.7100      213.00
 9.7300      193.00
 9.7500      207.00
 9.7700      192.00
 9.7900      217.00
 9.8100      209.00
 9.8300      215.00
 9.8500      216.00
 9.8700      228.00
 9.8900      226.00
 9.9100      212.00
 9.9300      194.00
 9.9500      178.00
 9.9700      223.00
 9.9900      211.00
10.0100      204.00
10.0300      209.00
10.0500      227.00
10.0700      204.00
10.0900      203.00
10.1100      210.00
10.1300      200.00
10.1500      212.00
10.1700      215.00
10.1900      197.00
10.2100      167.00
10.2300      206.00
10.2500      206.00
10.2700      195.00
10.2900      214.00
10.3100      199.00
10.3300      205.00
10.3500      202.00
10.3700      193.00
10.3900      200.00
10.4100      224.00
10.4300      237.00
10.4500      205.00
10.4700      232.00
10.4900      235.00
10.5100      208.00
10.5300      219.00
10.5500      261.00
10.5700      242.00
10.5900      240.00
10.6100      254.00
10.6300      259.00
10.6500      279.00
10.6700      278.00
10.6900      287.00
10.7100      291.00
10.7300      279.00
10.7500      302.00
10.7700      345.00
10.7900      380.00
10.8100      378.00
10.8300      385.00
10.8500      452.00
10.8700      503.00
10.8900      523.00
10.9100      555.00
10.9300      548.00
10.9500      627.00
10.9700      560.00
10.9900      641.00
11.0100      664.00
11.0300      636.00
11.0500      651.00
11.0700      629.00
11.0900      596.00
11.1100      602.00
11.1300      569.00
11.1500      596.00
11.1700      563.00
11.1900      573.00
11.2100      581.00
11.2300      576.00
11.2500      528.00
11.2700      501.00
11.2900      483.00
11.3100      410.00
11.3300      390.00
11.3500      315.00
11.3700      298.00
11.3900      294.00
11.4100      258.00
11.4300      235.00
11.4500      260.00
11.4700      269.00
11.4900      253.00
11.5100      244.00
11.5300      233.00
11.5500      232.00
11.5700      233.00
11.5900      270.00
11.6100      236.00
11.6300      239.00
11.6500      237.00
11.6700      275.00
11.6900      273.00
11.7100      263.00
11.7300      284.00
11.7500      285.00
11.7700      316.00
11.7900      337.00
11.8100      338.00
11.8300      364.00
11.8500      382.00
11.8700      420.00
11.8900      489.00
11.9100      480.00
11.9300      539.00
11.9500      556.00
11.9700      582.00
11.9900      645.00
12.0100      631.00
12.0300      690.00
12.0500      707.00
12.0700      708.00
12.0900      730.00
12.1100      649.00
12.1300      606.00
12.1500      549.00
12.1700      606.00
12.1900      517.00
12.2100      449.00
12.2300      440.00
12.2500      453.00
12.2700      457.00
12.2900      461.00
12.3100      503.00
12.3300      588.00
12.3500      604.00
12.3700      657.00
12.3900      745.00
12.4100      749.00
12.4300      802.00
12.4500      785.00
12.4700      804.00
12.4900      766.00
12.5100      731.00
12.5300      686.00
12.5500      624.00
12.5700      506.00
12.5900      442.00
12.6100      351.00
12.6300      300.00
12.6500      277.00
12.6700      236.00
12.6900      261.00
12.7100      260.00
12.7300      283.00
12.7500      278.00
12.7700      230.00
12.7900      246.00
12.8100      259.00
12.8300      250.00
12.8500      259.00
12.8700      241.00
12.8900      250.00
12.9100      254.00
12.9300      260.00
12.9500      223.00
12.9700      236.00
12.9900      264.00
13.0100      233.00
13.0300      232.00
13.0500      217.00
13.0700      234.00
13.0900      261.00
13.1100      263.00
13.1300      255.00
13.1500      249.00
13.1700      249.00
13.1900      255.00
13.2100      251.00
13.2300      243.00
13.2500      212.00
13.2700      248.00
13.2900      261.00
13.3100      244.00
13.3300      229.00
13.3500      243.00
13.3700      232.00
13.3900      225.00
13.4100      252.00
13.4300      259.00
13.4500      265.00
13.4700      234.00
13.4900      256.00
13.5100      268.00
13.5300      218.00
13.5500      218.00
13.5700      244.00
13.5900      246.00
13.6100      275.00
13.6300      260.00
13.6500      273.00
13.6700      277.00
13.6900      271.00
13.7100      279.00
13.7300      331.00
13.7500      329.00
13.7700      313.00
13.7900      316.00
13.8100      334.00
13.8300      331.00
13.8500      298.00
13.8700      329.00
13.8900      398.00
13.9100      421.00
13.9300      442.00
13.9500      477.00
13.9700      527.00
13.9900      627.00
14.0100      621.00
14.0300      647.00
14.0500      803.00
14.0700      851.00
14.0900      863.00
14.1100      951.00
14.1300      965.00
14.1500      990.00
14.1700     1002.00
14.1900      972.00
14.2100      997.00
14.2300      868.00
14.2500      787.00
14.2700      706.00
14.2900      641.00
14.3100      602.00
14.3300      532.00
14.3500      529.00
14.3700      465.00
14.3900      465.00
14.4100      398.00
14.4300      374.00
14.4500      370.00
14.4700      322.00
14.4900      319.00
14.5100      293.00
14.5300      282.00
14.5500      278.00
14.5700      292.00
14.5900      268.00
14.6100      278.00
14.6300      281.00
14.6500      249.00
14.6700      279.00
14.6900      275.00
14.7100      254.00
14.7300      248.00
14.7500      277.00
14.7700      234.00
14.7900      280.00
14.8100      248.00
14.8300      266.00
14.8500      276.00
14.8700      273.00
14.8900      268.00
14.9100      284.00
14.9300      292.00
14.9500      269.00
14.9700      265.00
14.9900      247.00
15.0100      235.00
15.0300      257.00
15.0500      245.00
15.0700      236.00
15.0900      267.00
15.1100      254.00
15.1300      285.00
15.1500      253.00
15.1700      252.00
15.1900      248.00
15.2100      233.00
15.2300      264.00
15.2500      256.00
15.2700      268.00
15.2900      279.00
15.3100      268.00
15.3300      243.00
15.3500      240.00
15.3700      253.00
15.3900      268.00
15.4100      249.00
15.4300      256.00
15.4500      241.00
15.4700      264.00
15.4900      267.00
15.5100      281.00
15.5300      291.00
15.5500      254.00
15.5700      268.00
15.5900      274.00
15.6100      323.00
15.6300      292.00
15.6500      314.00
15.6700      360.00
15.6900      327.00
15.7100      373.00
15.7300      395.00
15.7500      420.00
15.7700      426.00
15.7900      475.00
15.8100      504.00
15.8300      474.00
15.8500      495.00
15.8700      510.00
15.8900      513.00
15.9100      522.00
15.9300      504.00
15.9500      480.00
15.9700      470.00
15.9900      503.00
16.0100      462.00
16.0300      458.00
16.0500      500.00
16.0700      527.00
16.0900      498.00
16.1100      538.00
16.1300      528.00
16.1500      511.00
16.1700      525.00
16.1900      528.00
16.2100      490.00
16.2300      505.00
16.2500      481.00
16.2700      518.00
16.2900      495.00
16.3100      534.00
16.3300      536.00
16.3500      612.00
16.3700      565.00
16.3900      603.00
16.4100      640.00
16.4300      655.00
16.4500      674.00
16.4700      666.00
16.4900      591.00
16.5100      547.00
16.5300      500.00
16.5500      458.00
16.5700      403.00
16.5900      401.00
16.6100      324.00
16.6300      318.00
16.6500      326.00
16.6700      346.00
16.6900      334.00
16.7100      281.00
16.7300      325.00
16.7500      349.00
16.7700      343.00
16.7900      376.00
16.8100      368.00
16.8300      399.00
16.8500      444.00
16.8700      454.00
16.8900      505.00
16.9100      596.00
16.9300      585.00
16.9500      599.00
16.9700      653.00
16.9900      696.00
17.0100      679.00
17.0300      737.00
17.0500      725.00
17.0700      726.00
17.0900      731.00
17.1100      660.00
17.1300      602.00
17.1500      632.00
17.1700      631.00
17.1900      640.00
17.2100      698.00
17.2300      696.00
17.2500      811.00
17.2700      909.00
17.2900      980.00
17.3100     1079.00
17.3300     1255.00
17.3500     1407.00
17.3700     1613.00
17.3900     1692.00
17.4100     1884.00
17.4300     2061.00
17.4500     1989.00
17.4700     2191.00
17.4900     2125.00
17.5100     2173.00
17.5300     2025.00
17.5500     1852.00
17.5700     1715.00
17.5900     1535.00
17.6100     1402.00
17.6300     1111.00
17.6500      918.00
17.6700      772.00
17.6900      604.00
17.7100      564.00
17.7300      492.00
17.7500      455.00
17.7700      437.00
17.7900      438.00
17.8100      469.00
17.8300      470.00
17.8500      431.00
17.8700      368.00
17.8900      391.00
17.9100      381.00
17.9300      400.00
17.9500      332.00
17.9700      345.00
17.9900      308.00
18.0100      316.00
18.0300      344.00
18.0500      330.00
18.0700      333.00
18.0900      351.00
18.1100      374.00
18.1300      422.00
18.1500      439.00
18.1700      427.00
18.1900      480.00
18.2100      548.00
18.2300      626.00
18.2500      694.00
18.2700      749.00
18.2900      788.00
18.3100      820.00
18.3300      831.00
18.3500      875.00
18.3700      855.00
18.3900      841.00
18.4100      858.00
18.4300      725.00
18.4500      717.00
18.4700      579.00
18.4900      532.00
18.5100      438.00
18.5300      418.00
18.5500      382.00
18.5700      389.00
18.5900      396.00
18.6100      387.00
18.6300      374.00
18.6500      431.00
18.6700      413.00
18.6900      414.00
18.7100      381.00
18.7300      439.00
18.7500      423.00
18.7700      406.00
18.7900      380.00
18.8100      435.00
18.8300      408.00
18.8500      391.00
18.8700      336.00
18.8900      372.00
18.9100      362.00
18.9300      392.00
18.9500      419.00
18.9700      375.00
18.9900      406.00
19.0100      382.00
19.0300      398.00
19.0500      421.00
19.0700      423.00
19.0900      401.00
19.1100      444.00
19.1300      437.00
19.1500      404.00
19.1700      401.00
19.1900      430.00
19.2100      396.00
19.2300      383.00
19.2500      405.00
19.2700      410.00
19.2900      409.00
19.3100      454.00
19.3300      478.00
19.3500      505.00
19.3700      566.00
19.3900      648.00
19.4100      757.00
19.4300      873.00
19.4500      957.00
19.4700     1137.00
19.4900     1253.00
19.5100     1490.00
19.5300     1486.00
19.5500     1563.00
19.5700     1719.00
19.5900     1650.00
19.6100     1728.00
19.6300     1731.00
19.6500     1623.00
19.6700     1452.00
19.6900     1279.00
19.7100     1111.00
19.7300      988.00
19.7500      784.00
19.7700      664.00
19.7900      639.00
19.8100      536.00
19.8300      500.00
19.8500      434.00
19.8700      413.00
19.8900      406.00
19.9100      397.00
19.9300      402.00
19.9500      395.00
19.9700      317.00
19.9900      336.00
20.0100      338.00
20.0300      315.00
20.0500      343.00
20.0700      348.00
20.0900      316.00
20.1100      311.00
20.1300      265.00
20.1500      320.00
20.1700      343.00
20.1900      328.00
20.2100      331.00
20.2300      354.00
20.2500      352.00
20.2700      350.00
20.2900      339.00
20.3100      384.00
20.3300      393.00
20.3500      390.00
20.3700      416.00
20.3900      420.00
20.4100      460.00
20.4300      495.00
20.4500      548.00
20.4700      679.00
20.4900      656.00
20.5100      733.00
20.5300      800.00
20.5500      891.00
20.5700      957.00
20.5900     1029.00
20.6100     1071.00
20.6300     1107.00
20.6500     1215.00
20.6700     1224.00
20.6900     1246.00
20.7100     1296.00
20.7300     1309.00
20.7500     1400.00
20.7700     1441.00
20.7900     1564.00
20.8100     1674.00
20.8300     1929.00
20.8500     2110.00
20.8700     2270.00
20.8900     2444.00
20.9100     2560.00
20.9300     2784.00
20.9500     2954.00
20.9700     2856.00
20.9900     2750.00
21.0100     2641.00
21.0300     2452.00
21.0500     2288.00
21.0700     1929.00
21.0900     1663.00
21.1100     1360.00
21.1300     1079.00
21.1500      812.00
21.1700      678.00
21.1900      588.00
21.2100      463.00
21.2300      438.00
21.2500      402.00
21.2700      396.00
21.2900      414.00
21.3100      364.00
21.3300      358.00
21.3500      341.00
21.3700      312.00
21.3900      309.00
21.4100      336.00
21.4300      341.00
21.4500      299.00
21.4700      317.00
21.4900      322.00
21.5100      303.00
21.5300      354.00
21.5500      325.00
21.5700      317.00
21.5900      338.00
21.6100      313.00
21.6300      295.00
21.6500      266.00
21.6700      315.00
21.6900      300.00
21.7100      317.00
21.7300      307.00
21.7500      310.00
21.7700      293.00
21.7900      291.00
21.8100      347.00
21.8300      342.00
21.8500      293.00
21.8700      351.00
21.8900      338.00
21.9100      376.00
21.9300      393.00
21.9500      379.00
21.9700      391.00
21.9900      369.00
22.0100      426.00
22.0300      422.00
22.0500      440.00
22.0700      483.00
22.0900      480.00
22.1100      500.00
22.1300      568.00
22.1500      537.00
22.1700      589.00
22.1900      620.00
22.2100      657.00
22.2300      667.00
22.2500      669.00
22.2700      682.00
22.2900      707.00
22.3100      717.00
22.3300      694.00
22.3500      735.00
22.3700      781.00
22.3900      789.00
22.4100      883.00
22.4300      986.00
22.4500     1049.00
22.4700     1037.00
22.4900     1099.00
22.5100     1189.00
22.5300     1278.00
22.5500     1308.00
22.5700     1235.00
22.5900     1231.00
22.6100     1166.00
22.6300     1129.00
22.6500     1077.00
22.6700      878.00
22.6900      777.00
22.7100      695.00
22.7300      682.00
22.7500      630.00
22.7700      647.00
22.7900      615.00
22.8100      611.00
22.8300      648.00
22.8500      652.00
22.8700      687.00
22.8900      735.00
22.9100      784.00
22.9300      767.00
22.9500      779.00
22.9700      862.00
22.9900      849.00
23.0100      843.00
23.0300      866.00
23.0500      807.00
23.0700      861.00
23.0900      914.00
23.1100      867.00
23.1300      815.00
23.1500      820.00
23.1700      748.00
23.1900      698.00
23.2100      708.00
23.2300      794.00
23.2500      737.00
23.2700      780.00
23.2900      781.00
23.3100      807.00
23.3300      788.00
23.3500      816.00
23.3700      791.00
23.3900      716.00
23.4100      686.00
23.4300      634.00
23.4500      565.00
23.4700      484.00
23.4900      474.00
23.5100      409.00
23.5300      395.00
23.5500      371.00
23.5700      418.00
23.5900      353.00
23.6100      352.00
23.6300      379.00
23.6500      383.00
23.6700      408.00
23.6900      408.00
23.7100      439.00
23.7300      396.00
23.7500      415.00
23.7700      444.00
23.7900      478.00
23.8100      469.00
23.8300      538.00
23.8500      613.00
23.8700      592.00
23.8900      657.00
23.9100      689.00
23.9300      745.00
23.9500      818.00
23.9700      875.00
23.9900      933.00
24.0100      962.00
24.0300      908.00
24.0500      947.00
24.0700      985.00
24.0900      982.00
24.1100      979.00
24.1300      924.00
24.1500      884.00
24.1700      947.00
24.1900      914.00
24.2100      970.00
24.2300     1034.00
24.2500     1122.00
24.2700     1165.00
24.2900     1213.00
24.3100     1204.00
24.3300     1246.00
24.3500     1231.00
24.3700     1116.00
24.3900     1058.00
24.4100      926.00
24.4300      846.00
24.4500      707.00
24.4700      649.00
24.4900      544.00
24.5100      511.00
24.5300      469.00
24.5500      390.00
24.5700      412.00
24.5900      402.00
24.6100      418.00
24.6300      413.00
24.6500      482.00
24.6700      482.00
24.6900      504.00
24.7100      566.00
24.7300      631.00
24.7500      674.00
24.7700      752.00
24.7900      789.00
24.8100      871.00
24.8300      853.00
24.8500      905.00
24.8700      846.00
24.8900      853.00
24.9100      863.00
24.9300      704.00
24.9500      673.00
24.9700      611.00
24.9900      550.00
25.0100      500.00
25.0300      436.00
25.0500      397.00
25.0700      364.00
25.0900      365.00
25.1100      329.00
25.1300      292.00
25.1500      351.00
25.1700      321.00
25.1900      286.00
25.2100      323.00
25.2300      310.00
25.2500      278.00
25.2700      306.00
25.2900      277.00
25.3100      273.00
25.3300      286.00
25.3500      290.00
25.3700      272.00
25.3900      263.00
25.4100      300.00
25.4300      250.00
25.4500      296.00
25.4700      302.00
25.4900      275.00
25.5100      293.00
25.5300      295.00
25.5500      281.00
25.5700      286.00
25.5900      304.00
25.6100      294.00
25.6300      302.00
25.6500      321.00
25.6700      278.00
25.6900      286.00
25.7100      293.00
25.7300      298.00
25.7500      316.00
25.7700      339.00
25.7900      358.00
25.8100      385.00
25.8300      402.00
25.8500      424.00
25.8700      465.00
25.8900      444.00
25.9100      482.00
25.9300      512.00
25.9500      494.00
25.9700      540.00
25.9900      543.00
26.0100      546.00
26.0300      594.00
26.0500      598.00
26.0700      576.00
26.0900      584.00
26.1100      610.00
26.1300      642.00
26.1500      658.00
26.1700      637.00
26.1900      631.00
26.2100      635.00
26.2300      612.00
26.2500      612.00
26.2700      568.00
26.2900      603.00
26.3100      567.00
26.3300      594.00
26.3500      556.00
26.3700      556.00
26.3900      567.00
26.4100      558.00
26.4300      499.00
26.4500      518.00
26.4700      504.00
26.4900      483.00
26.5100      448.00
26.5300      401.00
26.5500      371.00
26.5700      374.00
26.5900      331.00
26.6100      314.00
26.6300      292.00
26.6500      271.00
26.6700      282.00
26.6900      273.00
26.7100      290.00
26.7300      291.00
26.7500      271.00
26.7700      312.00
26.7900      293.00
26.8100      304.00
26.8300      310.00
26.8500      309.00
26.8700      355.00
26.8900      341.00
26.9100      329.00
26.9300      339.00
26.9500      325.00
26.9700      357.00
26.9900      381.00
27.0100      336.00
27.0300      336.00
27.0500      315.00
27.0700      346.00
27.0900      367.00
27.1100      362.00
27.1300      411.00
27.1500      418.00
27.1700      403.00
27.1900      401.00
27.2100      438.00
27.2300      434.00
27.2500      422.00
27.2700      419.00
27.2900      473.00
27.3100      389.00
27.3300      406.00
27.3500      431.00
27.3700      405.00
27.3900      479.00
27.4100      472.00
27.4300      499.00
27.4500      576.00
27.4700      549.00
27.4900      623.00
27.5100      669.00
27.5300      647.00
27.5500      723.00
27.5700      733.00
27.5900      756.00
27.6100      783.00
27.6300      833.00
27.6500      827.00
27.6700      828.00
27.6900      750.00
27.7100      734.00
27.7300      669.00
27.7500      644.00
27.7700      611.00
27.7900      542.00
27.8100      473.00
27.8300      478.00
27.8500      423.00
27.8700      436.00
27.8900      400.00
27.9100      416.00
27.9300      395.00
27.9500      380.00
27.9700      348.00
27.9900      373.00
28.0100      365.00
28.0300      373.00
28.0500      341.00
28.0700      401.00
28.0900      337.00
28.1100      355.00
28.1300      374.00
28.1500      406.00
28.1700      417.00
28.1900      494.00
28.2100      524.00
28.2300      562.00
28.2500      653.00
28.2700      719.00
28.2900      771.00
28.3100      887.00
28.3300     1024.00
28.3500     1097.00
28.3700     1126.00
28.3900     1197.00
28.4100     1220.00
28.4300     1215.00
28.4500     1173.00
28.4700     1156.00
28.4900     1081.00
28.5100     1019.00
28.5300      909.00
28.5500      878.00
28.5700      770.00
28.5900      745.00
28.6100      663.00
28.6300      624.00
28.6500      595.00
28.6700      568.00
28.6900      574.00
28.7100      533.00
28.7300      537.00
28.7500      538.00
28.7700      493.00
28.7900      471.00
28.8100      461.00
28.8300      409.00
28.8500      422.00
28.8700      416.00
28.8900      455.00
28.9100      421.00
28.9300      459.00
28.9500      434.00
28.9700      479.00
28.9900      456.00
29.0100      512.00
29.0300      541.00
29.0500      513.00
29.0700      569.00
29.0900      560.00
29.1100      544.00
29.1300      553.00
29.1500      539.00
29.1700      566.00
29.1900      511.00
29.2100      501.00
29.2300      541.00
29.2500      560.00
29.2700      552.00
29.2900      598.00
29.3100      589.00
29.3300      609.00
29.3500      648.00
29.3700      645.00
29.3900      641.00
29.4100      622.00
29.4300      669.00
29.4500      543.00
29.4700      515.00
29.4900      448.00
29.5100      436.00
29.5300      399.00
29.5500      377.00
29.5700      342.00
29.5900      319.00
29.6100      289.00
29.6300      269.00
29.6500      254.00
29.6700      276.00
29.6900      263.00
29.7100      282.00
29.7300      237.00
29.7500      288.00
29.7700      261.00
29.7900      270.00
29.8100      261.00
29.8300      264.00
29.8500      306.00
29.8700      283.00
29.8900      335.00
29.9100      359.00
29.9300      411.00
29.9500      355.00
29.9700      406.00
29.9900      385.00
30.0100      475.00
30.0300      446.00
30.0500      476.00
30.0700      467.00
30.0900      428.00
30.1100      478.00
30.1300      409.00
30.1500      433.00
30.1700      393.00
30.1900      420.00
30.2100      377.00
30.2300      398.00
30.2500      354.00
30.2700      388.00
30.2900      357.00
30.3100      337.00
30.3300      307.00
30.3500      289.00
30.3700      295.00
30.3900      287.00
30.4100      271.00
30.4300      269.00
30.4500      297.00
30.4700      292.00
30.4900      278.00
30.5100      278.00
30.5300      286.00
30.5500      300.00
30.5700      307.00
30.5900      281.00
30.6100      354.00
30.6300      276.00
30.6500      306.00
30.6700      304.00
30.6900      308.00
30.7100      306.00
30.7300      312.00
30.7500      294.00
30.7700      291.00
30.7900      290.00
30.8100      268.00
30.8300      269.00
30.8500      257.00
30.8700      287.00
30.8900      292.00
30.9100      278.00
30.9300      302.00
30.9500      294.00
30.9700      261.00
30.9900      267.00
31.0100      239.00
31.0300      225.00
31.0500      250.00
31.0700      249.00
31.0900      237.00
31.1100      225.00
31.1300      222.00
31.1500      225.00
31.1700      243.00
31.1900      232.00
31.2100      213.00
31.2300      225.00
31.2500      234.00
31.2700      230.00
31.2900      216.00
31.3100      273.00
31.3300      250.00
31.3500      226.00
31.3700      245.00
31.3900      257.00
31.4100      264.00
31.4300      284.00
31.4500      262.00
31.4700      265.00
31.4900      329.00
31.5100      290.00
31.5300      294.00
31.5500      286.00
31.5700      289.00
31.5900      281.00
31.6100      267.00
31.6300      273.00
31.6500      254.00
31.6700      250.00
31.6900      256.00
31.7100      262.00
31.7300      244.00
31.7500      282.00
31.7700      254.00
31.7900      278.00
31.8100      326.00
31.8300      272.00
31.8500      274.00
31.8700      302.00
31.8900      333.00
31.9100      348.00
31.9300      339.00
31.9500      317.00
31.9700      354.00
31.9900      367.00
32.0100      340.00
32.0300      365.00
32.0500      402.00
32.0700      350.00
32.0900      350.00
32.1100      385.00
32.1300      347.00
32.1500      350.00
32.1700      364.00
32.1900      368.00
32.2100      355.00
32.2300      401.00
32.2500      352.00
32.2700      344.00
32.2900      351.00
32.3100      306.00
32.3300      379.00
32.3500      364.00
32.3700      381.00
32.3900      374.00
32.4100      387.00
32.4300      410.00
32.4500      425.00
32.4700      442.00
32.4900      430.00
32.5100      444.00
32.5300      466.00
32.5500      472.00
32.5700      431.00
32.5900      442.00
32.6100      435.00
32.6300      391.00
32.6500      362.00
32.6700      390.00
32.6900      375.00
32.7100      348.00
32.7300      332.00
32.7500      333.00
32.7700      337.00
32.7900      293.00
32.8100      325.00
32.8300      289.00
32.8500      323.00
32.8700      303.00
32.8900      310.00
32.9100      320.00
32.9300      298.00
32.9500      290.00
32.9700      326.00
32.9900      317.00
33.0100      332.00
33.0300      305.00
33.0500      338.00
33.0700      353.00
33.0900      332.00
33.1100      366.00
33.1300      389.00
33.1500      394.00
33.1700      388.00
33.1900      381.00
33.2100      469.00
33.2300      412.00
33.2500      418.00
33.2700      390.00
33.2900      383.00
33.3100      404.00
33.3300      347.00
33.3500      346.00
33.3700      350.00
33.3900      357.00
33.4100      354.00
33.4300      332.00
33.4500      320.00
33.4700      322.00
33.4900      340.00
33.5100      328.00
33.5300      302.00
33.5500      280.00
33.5700      280.00
33.5900      233.00
33.6100      257.00
33.6300      225.00
33.6500      234.00
33.6700      226.00
33.6900      227.00
33.7100      229.00
33.7300      233.00
33.7500      237.00
33.7700      207.00
33.7900      213.00
33.8100      213.00
33.8300      223.00
33.8500      232.00
33.8700      213.00
33.8900      200.00
33.9100      255.00
33.9300      273.00
33.9500      210.00
33.9700      232.00
33.9900      301.00
34.0100      265.00
34.0300      310.00
34.0500      329.00
34.0700      347.00
34.0900      357.00
34.1100      371.00
34.1300      397.00
34.1500      387.00
34.1700      403.00
34.1900      375.00
34.2100      359.00
34.2300      317.00
34.2500      324.00
34.2700      314.00
34.2900      290.00
34.3100      249.00
34.3300      260.00
34.3500      239.00
34.3700      219.00
34.3900      231.00
34.4100      232.00
34.4300      227.00
34.4500      218.00
34.4700      244.00
34.4900      219.00
34.5100      205.00
34.5300      188.00
34.5500      217.00
34.5700      221.00
34.5900      219.00
34.6100      232.00
34.6300      264.00
34.6500      215.00
34.6700      240.00
34.6900      237.00
34.7100      243.00
34.7300      255.00
34.7500      238.00
34.7700      222.00
34.7900      262.00
34.8100      245.00
34.8300      261.00
34.8500      216.00
34.8700      269.00
34.8900      234.00
34.9100      235.00
34.9300      246.00
34.9500      255.00
34.9700      257.00
34.9900      227.00
