 3.0700      270.00
 3.0900      277.00
 3.1100      270.00
 3.1300      248.00
 3.1500      268.00
 3.1700      261.00
 3.1900      272.00
 3.2100      270.00
 3.2300      258.00
 3.2500      257.00
 3.2700      254.00
 3.2900      246.00
 3.3100      223.00
 3.3300      231.00
 3.3500      261.00
 3.3700      225.00
 3.3900      233.00
 3.4100      247.00
 3.4300      260.00
 3.4500      236.00
 3.4700      233.00
 3.4900      226.00
 3.5100      247.00
 3.5300      249.00
 3.5500      260.00
 3.5700      229.00
 3.5900      232.00
 3.6100      230.00
 3.6300      213.00
 3.6500      210.00
 3.6700      243.00
 3.6900      217.00
 3.7100      223.00
 3.7300      197.00
 3.7500      201.00
 3.7700      217.00
 3.7900      219.00
 3.8100      219.00
 3.8300      225.00
 3.8500      213.00
 3.8700      222.00
 3.8900      227.00
 3.9100      201.00
 3.9300      235.00
 3.9500      216.00
 3.9700      200.00
 3.9900      208.00
 4.0100      179.00
 4.0300      193.00
 4.0500      205.00
 4.0700      208.00
 4.0900      209.00
 4.1100      201.00
 4.1300      202.00
 4.1500      173.00
 4.1700      206.00
 4.1900      192.00
 4.2100      179.00
 4.2300      172.00
 4.2500      168.00
 4.2700      174.00
 4.2900      157.00
 4.3100      176.00
 4.3300      167.00
 4.3500      191.00
 4.3700      183.00
 4.3900      162.00
 4.4100      188.00
 4.4300      185.00
 4.4500      184.00
 4.4700      167.00
 4.4900      172.00
 4.5100      165.00
 4.5300      170.00
 4.5500      161.00
 4.5700      159.00
 4.5900      158.00
 4.6100      162.00
 4.6300      153.00
 4.6500      151.00
 4.6700      149.00
 4.6900      163.00
 4.7100      165.00
 4.7300      147.00
 4.7500      156.00
 4.7700      158.00
 4.7900      151.00
 4.8100      173.00
 4.8300      175.00
 4.8500      143.00
 4.8700      141.00
 4.8900      127.00
 4.9100      155.00
 4.9300      148.00
 4.9500      166.00
 4.9700      159.00
 4.9900      146.00
 5.0100      128.00
 5.0300      136.00
 5.0500      145.00
 5.0700      133.00
 5.0900      149.00
 5.1100      139.00
 5.1300      128.00
 5.1500      147.00
 5.1700      155.00
 5.1900      153.00
 5.2100      153.00
 5.2300      174.00
 5.2500      139.00
 5.2700      148.00
 5.2900      150.00
 5.3100      145.00
 5.3300      149.00
 5.3500      145.00
 5.3700      156.00
 5.3900      148.00
 5.4100      141.00
 5.4300      192.00
 5.4500      138.00
 5.4700      142.00
 5.4900      156.00
 5.5100      155.00
 5.5300      146.00
 5.5500      169.00
 5.5700      130.00
 5.5900      165.00
 5.6100      134.00
 5.6300      149.00
 5.6500      149.00
 5.6700      165.00
 5.6900      145.00
 5.7100      141.00
 5.7300      147.00
 5.7500      150.00
 5.7700      145.00
 5.7900      144.00
 5.8100      152.00
 5.8300      156.00
 5.8500      127.00
 5.8700      129.00
 5.8900      144.00
 5.9100      122.00
 5.9300      140.00
 5.9500      134.00
 5.9700      142.00
 5.9900      147.00
 6.0100      150.00
 6.0300      132.00
 6.0500      146.00
 6.0700      132.00
 6.0900      164.00
 6.1100      149.00
 6.1300      138.00
 6.1500      134.00
 6.1700      159.00
 6.1900      138.00
 6.2100      140.00
 6.2300      150.00
 6.2500      154.00
 6.2700      130.00
 6.2900      133.00
 6.3100      138.00
 6.3300      128.00
 6.3500      132.00
 6.3700      148.00
 6.3900      159.00
 6.4100      142.00
 6.4300      152.00
 6.4500      183.00
 6.4700      129.00
 6.4900      143.00
 6.5100      156.00
 6.5300      150.00
 6.5500      155.00
 6.5700      160.00
 6.5900      169.00
 6.6100      134.00
 6.6300      140.00
 6.6500      164.00
 6.6700      167.00
 6.6900      162.00
 6.7100      160.00
 6.7300      143.00
 6.7500      157.00
 6.7700      172.00
 6.7900      163.00
 6.8100      170.00
 6.8300      189.00
 6.8500      191.00
 6.8700      194.00
 6.8900      183.00
 6.9100      169.00
 6.9300      151.00
 6.9500      140.00
 6.9700      141.00
 6.9900      157.00
 7.0100      142.00
 7.0300      159.00
 7.0500      140.00
 7.0700      150.00
 7.0900      153.00
 7.1100      158.00
 7.1300      140.00
 7.1500      161.00
 7.1700      152.00
 7.1900      150.00
 7.2100      148.00
 7.2300      150.00
 7.2500      149.00
 7.2700      143.00
 7.2900      141.00
 7.3100      145.00
 7.3300      145.00
 7.3500      128.00
 7.3700      123.00
 7.3900      167.00
 7.4100      133.00
 7.4300      142.00
 7.4500      140.00
 7.4700      151.00
 7.4900      148.00
 7.5100      155.00
 7.5300      147.00
 7.5500      144.00
 7.5700      155.00
 7.5900      147.00
 7.6100      133.00
 7.6300      135.00
 7.6500      158.00
 7.6700      145.00
 7.6900      141.00
 7.7100      149.00
 7.7300      153.00
 7.7500      149.00
 7.7700      127.00
 7.7900      148.00
 7.8100      147.00
 7.8300      137.00
 7.8500      134.00
 7.8700      141.00
 7.8900      152.00
 7.9100      139.00
 7.9300      152.00
 7.9500      167.00
 7.9700      139.00
 7.9900      111.00
 8.0100      150.00
 8.0300      136.00
 8.0500      139.00
 8.0700      146.00
 8.0900      158.00
 8.1100      134.00
 8.1300      138.00
 8.1500      148.00
 8.1700      143.00
 8.1900      137.00
 8.2100      135.00
 8.2300      141.00
 8.2500      140.00
 8.2700      118.00
 8.2900      132.00
 8.3100      141.00
 8.3300      167.00
 8.3500      144.00
 8.3700      142.00
 8.3900      162.00
 8.4100      141.00
 8.4300      122.00
 8.4500      123.00
 8.4700      145.00
 8.4900      145.00
 8.5100      171.00
 8.5300      153.00
 8.5500      149.00
 8.5700      167.00
 8.5900      169.00
 8.6100      140.00
 8.6300      178.00
 8.6500      152.00
 8.6700      156.00
 8.6900      173.00
 8.7100      175.00
 8.7300      187.00
 8.7500      173.00
 8.7700      180.00
 8.7900      194.00
 8.8100      171.00
 8.8300      176.00
 8.8500      155.00
 8.8700      149.00
 8.8900      149.00
 8.9100      138.00
 8.9300      148.00
 8.9500      140.00
 8.9700      148.00
 8.9900      139.00
 9.0100      149.00
 9.0300      143.00
 9.0500      141.00
 9.0700      148.00
 9.0900      150.00
 9.1100      144.00
 9.1300      149.00
 9.1500      158.00
 9.1700      145.00
 9.1900      141.00
 9.2100      158.00
 9.2300      151.00
 9.2500      158.00
 9.2700      158.00
 9.2900      154.00
 9.3100      164.00
 9.3300      134.00
 9.3500      126.00
 9.3700      124.00
 9.3900      141.00
 9.4100      146.00
 9.4300      154.00
 9.4500      144.00
 9.4700      151.00
 9.4900      167.00
 9.5100      158.00
 9.5300      175.00
 9.5500      154.00
 9.5700      177.00
 9.5900      147.00
 9.6100      142.00
 9.6300      152.00
 9.6500      140.00
 9.6700      155.00
 9.6900      155.00
 9.7100      149.00
 9.7300      152.00
 9.7500      172.00
 9.7700      153.00
 9.7900      168.00
 9.8100      164.00
 9.8300      183.00
 9.8500      159.00
 9.8700      165.00
 9.8900      153.00
 9.9100      175.00
 9.9300      182.00
 9.9500      188.00
 9.9700      169.00
 9.9900      148.00
10.0100      153.00
10.0300      163.00
10.0500      170.00
10.0700      158.00
10.0900      147.00
10.1100      157.00
10.1300      156.00
10.1500      158.00
10.1700      156.00
10.1900      160.00
10.2100      142.00
10.2300      136.00
10.2500      131.00
10.2700      148.00
10.2900      135.00
10.3100      167.00
10.3300      140.00
10.3500      147.00
10.3700      149.00
10.3900      158.00
10.4100      155.00
10.4300      166.00
10.4500      145.00
10.4700      145.00
10.4900      138.00
10.5100      155.00
10.5300      161.00
10.5500      192.00
10.5700      167.00
10.5900      150.00
10.6100      187.00
10.6300      172.00
10.6500      148.00
10.6700      190.00
10.6900      192.00
10.7100      173.00
10.7300      180.00
10.7500      206.00
10.7700      211.00
10.7900      214.00
10.8100      246.00
10.8300      264.00
10.8500      267.00
10.8700      262.00
10.8900      283.00
10.9100      352.00
10.9300      398.00
10.9500      389.00
10.9700      427.00
10.9900      437.00
11.0100      419.00
11.0300      415.00
11.0500      410.00
11.0700      422.00
11.0900      376.00
11.1100      377.00
11.1300      408.00
11.1500      397.00
11.1700      398.00
11.1900      420.00
11.2100      424.00
11.2300      363.00
11.2500      437.00
11.2700      377.00
11.2900      333.00
11.3100      292.00
11.3300      273.00
11.3500      239.00
11.3700      229.00
11.3900      200.00
11.4100      186.00
11.4300      164.00
11.4500      178.00
11.4700      163.00
11.4900      151.00
11.5100      165.00
11.5300      155.00
11.5500      164.00
11.5700      165.00
11.5900      161.00
11.6100      189.00
11.6300      138.00
11.6500      175.00
11.6700      175.00
11.6900      194.00
11.7100      191.00
11.7300      191.00
11.7500      182.00
11.7700      191.00
11.7900      217.00
11.8100      209.00
11.8300      233.00
11.8500      253.00
11.8700      257.00
11.8900      260.00
11.9100      295.00
11.9300      268.00
11.9500      296.00
11.9700      352.00
11.9900      370.00
12.0100      398.00
12.0300      434.00
12.0500      427.00
12.0700      513.00
12.0900      429.00
12.1100      439.00
12.1300      455.00
12.1500      398.00
12.1700      352.00
12.1900      365.00
12.2100      324.00
12.2300      350.00
12.2500      299.00
12.2700      276.00
12.2900      284.00
12.3100      277.00
12.3300      317.00
12.3500      312.00
12.3700      341.00
12.3900      404.00
12.4100      414.00
12.4300      518.00
12.4500      579.00
12.4700      540.00
12.4900      513.00
12.5100      532.00
12.5300      521.00
12.5500      448.00
12.5700      375.00
12.5900      340.00
12.6100      296.00
12.6300      297.00
12.6500      225.00
12.6700      192.00
12.6900      201.00
12.7100      172.00
12.7300      191.00
12.7500      189.00
12.7700      193.00
12.7900      176.00
12.8100      145.00
12.8300      180.00
12.8500      161.00
12.8700      178.00
12.8900      159.00
12.9100      149.00
12.9300      185.00
12.9500      179.00
12.9700      164.00
12.9900      164.00
13.0100      165.00
13.0300      155.00
13.0500      168.00
13.0700      169.00
13.0900      159.00
13.1100      169.00
13.1300      170.00
13.1500      172.00
13.1700      173.00
13.1900      164.00
13.2100      153.00
13.2300      167.00
13.2500      176.00
13.2700      144.00
13.2900      147.00
13.3100      183.00
13.3300      148.00
13.3500      167.00
13.3700      155.00
13.3900      142.00
13.4100      164.00
13.4300      173.00
13.4500      163.00
13.4700      164.00
13.4900      150.00
13.5100      155.00
13.5300      159.00
13.5500      159.00
13.5700      161.00
13.5900      179.00
13.6100      165.00
13.6300      169.00
13.6500      165.00
13.6700      158.00
13.6900      170.00
13.7100      175.00
13.7300      174.00
13.7500      169.00
13.7700      176.00
13.7900      183.00
13.8100      194.00
13.8300      188.00
13.8500      203.00
13.8700      212.00
13.8900      201.00
13.9100      204.00
13.9300      246.00
13.9500      248.00
13.9700      262.00
13.9900      295.00
14.0100      291.00
14.0300      358.00
14.0500      377.00
14.0700      446.00
14.0900      497.00
14.1100      513.00
14.1300      623.00
14.1500      633.00
14.1700      642.00
14.1900      633.00
14.2100      649.00
14.2300      566.00
14.2500      564.00
14.2700      556.00
14.2900      449.00
14.3100      415.00
14.3300      409.00
14.3500      361.00
14.3700      320.00
14.3900      335.00
14.4100      286.00
14.4300      245.00
14.4500      223.00
14.4700      212.00
14.4900      193.00
14.5100      197.00
14.5300      190.00
14.5500      171.00
14.5700      170.00
14.5900      162.00
14.6100      176.00
14.6300      162.00
14.6500      178.00
14.6700      170.00
14.6900      157.00
14.7100      164.00
14.7300      143.00
14.7500      171.00
14.7700      182.00
14.7900      169.00
14.8100      181.00
14.8300      152.00
14.8500      170.00
14.8700      156.00
14.8900      183.00
14.9100      170.00
14.9300      162.00
14.9500      186.00
14.9700      164.00
14.9900      164.00
15.0100      157.00
15.0300      164.00
15.0500      166.00
15.0700      168.00
15.0900      161.00
15.1100      172.00
15.1300      155.00
15.1500      162.00
15.1700      166.00
15.1900      144.00
15.2100      133.00
15.2300      163.00
15.2500      174.00
15.2700      152.00
15.2900      148.00
15.3100      153.00
15.3300      142.00
15.3500      158.00
15.3700      176.00
15.3900      162.00
15.4100      166.00
15.4300      154.00
15.4500      158.00
15.4700      178.00
15.4900      156.00
15.5100      155.00
15.5300      166.00
15.5500      159.00
15.5700      174.00
15.5900      161.00
15.6100      179.00
15.6300      185.00
15.6500      180.00
15.6700      181.00
15.6900      183.00
15.7100      192.00
15.7300      207.00
15.7500      215.00
15.7700      191.00
15.7900      254.00
15.8100      242.00
15.8300      267.00
15.8500      265.00
15.8700      304.00
15.8900      299.00
15.9100      288.00
15.9300      287.00
15.9500      281.00
15.9700      283.00
15.9900      273.00
16.0100      246.00
16.0300      280.00
16.0500      245.00
16.0700      259.00
16.0900      295.00
16.1100      292.00
16.1300      344.00
16.1500      338.00
16.1700      309.00
16.1900      308.00
16.2100      312.00
16.2300      299.00
16.2500      296.00
16.2700      261.00
16.2900      281.00
16.3100      274.00
16.3300      300.00
16.3500      324.00
16.3700      350.00
16.3900      380.00
16.4100      420.00
16.4300      414.00
16.4500      397.00
16.4700      406.00
16.4900      392.00
16.5100      362.00
16.5300      358.00
16.5500      314.00
16.5700      310.00
16.5900      214.00
16.6100      191.00
16.6300      201.00
16.6500      185.00
16.6700      206.00
16.6900      195.00
16.7100      193.00
16.7300      209.00
16.7500      170.00
16.7700      188.00
16.7900      194.00
16.8100      188.00
16.8300      226.00
16.8500      213.00
16.8700      251.00
16.8900      268.00
16.9100      289.00
16.9300      306.00
16.9500      347.00
16.9700      379.00
16.9900      381.00
17.0100      398.00
17.0300      406.00
17.0500      431.00
17.0700      423.00
17.0900      380.00
17.1100      364.00
17.1300      395.00
17.1500      332.00
17.1700      261.00
17.1900      318.00
17.2100      334.00
17.2300      327.00
17.2500      352.00
17.2700      382.00
17.2900      437.00
17.3100      457.00
17.3300      543.00
17.3500      623.00
17.3700      759.00
17.3900      831.00
17.4100      925.00
17.4300      989.00
17.4500     1152.00
17.4700     1250.00
17.4900     1265.00
17.5100     1346.00
17.5300     1382.00
17.5500     1428.00
17.5700     1314.00
17.5900     1114.00
17.6100     1065.00
17.6300      842.00
17.6500      773.00
17.6700      636.00
17.6900      485.00
17.7100      450.00
17.7300      372.00
17.7500      333.00
17.7700      269.00
17.7900      279.00
17.8100      277.00
17.8300      289.00
17.8500      237.00
17.8700      255.00
17.8900      270.00
17.9100      230.00
17.9300      253.00
17.9500      226.00
17.9700      210.00
17.9900      222.00
18.0100      198.00
18.0300      205.00
18.0500      225.00
18.0700      211.00
18.0900      219.00
18.1100      189.00
18.1300      211.00
18.1500      218.00
18.1700      222.00
18.1900      208.00
18.2100      253.00
18.2300      288.00
18.2500      283.00
18.2700      326.00
18.2900      393.00
18.3100      437.00
18.3300      474.00
18.3500      532.00
18.3700      538.00
18.3900      553.00
18.4100      576.00
18.4300      537.00
18.4500      467.00
18.4700      438.00
18.4900      339.00
18.5100      370.00
18.5300      310.00
18.5500      248.00
18.5700      239.00
18.5900      230.00
18.6100      217.00
18.6300      199.00
18.6500      231.00
18.6700      234.00
18.6900      260.00
18.7100      223.00
18.7300      250.00
18.7500      233.00
18.7700      224.00
18.7900      255.00
18.8100      259.00
18.8300      247.00
18.8500      248.00
18.8700      232.00
18.8900      212.00
18.9100      202.00
18.9300      197.00
18.9500      229.00
18.9700      227.00
18.9900      207.00
19.0100      228.00
19.0300      236.00
19.0500      255.00
19.0700      235.00
19.0900      249.00
19.1100      246.00
19.1300      246.00
19.1500      247.00
19.1700      228.00
19.1900      260.00
19.2100      243.00
19.2300      237.00
19.2500      227.00
19.2700      192.00
19.2900      218.00
19.3100      230.00
19.3300      249.00
19.3500      243.00
19.3700      241.00
19.3900      256.00
19.4100      276.00
19.4300      316.00
19.4500      391.00
19.4700      419.00
19.4900      524.00
19.5100      635.00
19.5300      718.00
19.5500      818.00
19.5700      882.00
19.5900      963.00
19.6100     1045.00
19.6300      962.00
19.6500     1017.00
19.6700      993.00
19.6900      986.00
19.7100      805.00
19.7300      662.00
19.7500      584.00
19.7700      523.00
19.7900      446.00
19.8100      379.00
19.8300      334.00
19.8500      349.00
19.8700      293.00
19.8900      275.00
19.9100      245.00
19.9300      223.00
19.9500      246.00
19.9700      230.00
19.9900      224.00
20.0100      215.00
20.0300      189.00
20.0500      189.00
20.0700      184.00
20.0900      192.00
20.1100      185.00
20.1300      171.00
20.1500      172.00
20.1700      153.00
20.1900      182.00
20.2100      186.00
20.2300      185.00
20.2500      189.00
20.2700      217.00
20.2900      190.00
20.3100      210.00
20.3300      218.00
20.3500      228.00
20.3700      228.00
20.3900      214.00
20.4100      219.00
20.4300      260.00
20.4500      234.00
20.4700      288.00
20.4900      348.00
20.5100      375.00
20.5300      469.00
20.5500      527.00
20.5700      624.00
20.5900      645.00
20.6100      719.00
20.6300      671.00
20.6500      719.00
20.6700      688.00
20.6900      626.00
20.7100      596.00
20.7300      593.00
20.7500      587.00
20.7700      643.00
20.7900      685.00
20.8100      709.00
20.8300      748.00
20.8500      854.00
20.8700      933.00
20.8900     1099.00
20.9100     1175.00
20.9300     1383.00
20.9500     1579.00
20.9700     1659.00
20.9900     1696.00
21.0100     1787.00
21.0300     1704.00
21.0500     1605.00
21.0700     1424.00
21.0900     1312.00
21.1100     1064.00
21.1300      879.00
21.1500      724.00
21.1700      590.00
21.1900      433.00
21.2100      369.00
21.2300      334.00
21.2500      303.00
21.2700      264.00
21.2900      226.00
21.3100      223.00
21.3300      208.00
21.3500      207.00
21.3700      179.00
21.3900      211.00
21.4100      182.00
21.4300      175.00
21.4500      179.00
21.4700      180.00
21.4900      174.00
21.5100      183.00
21.5300      166.00
21.5500      171.00
21.5700      165.00
21.5900      164.00
21.6100      181.00
21.6300      177.00
21.6500      178.00
21.6700      177.00
21.6900      163.00
21.7100      147.00
21.7300      170.00
21.7500      178.00
21.7700      188.00
21.7900      175.00
21.8100      169.00
21.8300      179.00
21.8500      190.00
21.8700      172.00
21.8900      183.00
21.9100      175.00
21.9300      186.00
21.9500      204.00
21.9700      199.00
21.9900      198.00
22.0100      204.00
22.0300      196.00
22.0500      217.00
22.0700      226.00
22.0900      277.00
22.1100      231.00
22.1300      246.00
22.1500      258.00
22.1700      307.00
22.1900      330.00
22.2100      338.00
22.2300      369.00
22.2500      378.00
22.2700      378.00
22.2900      390.00
22.3100      396.00
22.3300      366.00
22.3500      403.00
22.3700      369.00
22.3900      372.00
22.4100      374.00
22.4300      400.00
22.4500      445.00
22.4700      501.00
22.4900      536.00
22.5100      672.00
22.5300      685.00
22.5500      695.00
22.5700      729.00
22.5900      776.00
22.6100      740.00
22.6300      703.00
22.6500      586.00
22.6700      509.00
22.6900      475.00
22.7100      420.00
22.7300      370.00
22.7500      325.00
22.7700      321.00
22.7900      320.00
22.8100      328.00
22.8300      347.00
22.8500      343.00
22.8700      343.00
22.8900      349.00
22.9100      379.00
22.9300      344.00
22.9500      415.00
22.9700      444.00
22.9900      421.00
23.0100      460.00
23.0300      476.00
23.0500      491.00
23.0700      510.00
23.0900      524.00
23.1100      477.00
23.1300      463.00
23.1500      474.00
23.1700      413.00
23.1900      395.00
23.2100      362.00
23.2300      341.00
23.2500      329.00
23.2700      411.00
23.2900      388.00
23.3100      420.00
23.3300      451.00
23.3500      443.00
23.3700      463.00
23.3900      506.00
23.4100      410.00
23.4300      408.00
23.4500      372.00
23.4700      315.00
23.4900      294.00
23.5100      252.00
23.5300      255.00
23.5500      184.00
23.5700      203.00
23.5900      202.00
23.6100      191.00
23.6300      181.00
23.6500      212.00
23.6700      194.00
23.6900      183.00
23.7100      208.00
23.7300      212.00
23.7500      203.00
23.7700      231.00
23.7900      229.00
23.8100      227.00
23.8300      237.00
23.8500      254.00
23.8700      252.00
23.8900      267.00
23.9100      327.00
23.9300      358.00
23.9500      387.00
23.9700      455.00
23.9900      466.00
24.0100      488.00
24.0300      530.00
24.0500      528.00
24.0700      503.00
24.0900      509.00
24.1100      506.00
24.1300      477.00
24.1500      451.00
24.1700      452.00
24.1900      441.00
24.2100      455.00
24.2300      495.00
24.2500      518.00
24.2700      586.00
24.2900      674.00
24.3100      723.00
24.3300      758.00
24.3500      678.00
24.3700      650.00
24.3900      640.00
24.4100      571.00
24.4300      539.00
24.4500      470.00
24.4700      423.00
24.4900      300.00
24.5100      327.00
24.5300      245.00
24.5500      242.00
24.5700      220.00
24.5900      240.00
24.6100      195.00
24.6300      213.00
24.6500      213.00
24.6700      217.00
24.6900      231.00
24.7100      244.00
24.7300      251.00
24.7500      267.00
24.7700      319.00
24.7900      345.00
24.8100      443.00
24.8300      458.00
24.8500      479.00
24.8700      512.00
24.8900      560.00
24.9100      525.00
24.9300      527.00
24.9500      482.00
24.9700      433.00
24.9900      389.00
25.0100      318.00
25.0300      293.00
25.0500      241.00
25.0700      243.00
25.0900      186.00
25.1100      190.00
25.1300      179.00
25.1500      194.00
25.1700      171.00
25.1900      155.00
25.2100      171.00
25.2300      142.00
25.2500      147.00
25.2700      142.00
25.2900      152.00
25.3100      158.00
25.3300      150.00
25.3500      158.00
25.3700      130.00
25.3900      158.00
25.4100      169.00
25.4300      142.00
25.4500      143.00
25.4700      124.00
25.4900      174.00
25.5100      158.00
25.5300      133.00
25.5500      152.00
25.5700      146.00
25.5900      163.00
25.6100      150.00
25.6300      160.00
25.6500      143.00
25.6700      140.00
25.6900      156.00
25.7100      147.00
25.7300      139.00
25.7500      148.00
25.7700      171.00
25.7900      137.00
25.8100      163.00
25.8300      152.00
25.8500      193.00
25.8700      207.00
25.8900      215.00
25.9100      218.00
25.9300      247.00
25.9500      269.00
25.9700      268.00
25.9900      273.00
26.0100      280.00
26.0300      288.00
26.0500      286.00
26.0700      291.00
26.0900      319.00
26.1100      336.00
26.1300      342.00
26.1500      338.00
26.1700      393.00
26.1900      361.00
26.2100      367.00
26.2300      338.00
26.2500      338.00
26.2700      339.00
26.2900      319.00
26.3100      314.00
26.3300      308.00
26.3500      302.00
26.3700      320.00
26.3900      323.00
26.4100      310.00
26.4300      300.00
26.4500      306.00
26.4700      295.00
26.4900      247.00
26.5100      311.00
26.5300      233.00
26.5500      242.00
26.5700      220.00
26.5900      194.00
26.6100      212.00
26.6300      172.00
26.6500      133.00
26.6700      179.00
26.6900      154.00
26.7100      145.00
26.7300      139.00
26.7500      133.00
26.7700      139.00
26.7900      141.00
26.8100      149.00
26.8300      160.00
26.8500      170.00
26.8700      156.00
26.8900      156.00
26.9100      161.00
26.9300      174.00
26.9500      156.00
26.9700      197.00
26.9900      162.00
27.0100      167.00
27.0300      151.00
27.0500      153.00
27.0700      179.00
27.0900      163.00
27.1100      197.00
27.1300      174.00
27.1500      205.00
27.1700      201.00
27.1900      206.00
27.2100      236.00
27.2300      240.00
27.2500      226.00
27.2700      239.00
27.2900      236.00
27.3100      219.00
27.3300      256.00
27.3500      216.00
27.3700      236.00
27.3900      232.00
27.4100      233.00
27.4300      270.00
27.4500      219.00
27.4700      281.00
27.4900      297.00
27.5100      323.00
27.5300      345.00
27.5500      398.00
27.5700      503.00
27.5900      472.00
27.6100      507.00
27.6300      557.00
27.6500      543.00
27.6700      506.00
27.6900      455.00
27.7100      450.00
27.7300      398.00
27.7500      362.00
27.7700      329.00
27.7900      318.00
27.8100      255.00
27.8300      247.00
27.8500      221.00
27.8700      234.00
27.8900      217.00
27.9100      226.00
27.9300      221.00
27.9500      205.00
27.9700      178.00
27.9900      178.00
28.0100      207.00
28.0300      174.00
28.0500      186.00
28.0700      178.00
28.0900      174.00
28.1100      171.00
28.1300      156.00
28.1500      178.00
28.1700      162.00
28.1900      192.00
28.2100      208.00
28.2300      206.00
28.2500      217.00
28.2700      237.00
28.2900      258.00
28.3100      334.00
28.3300      366.00
28.3500      451.00
28.3700      517.00
28.3900      567.00
28.4100      605.00
28.4300      682.00
28.4500      702.00
28.4700      732.00
28.4900      643.00
28.5100      663.00
28.5300      580.00
28.5500      539.00
28.5700      517.00
28.5900      414.00
28.6100      433.00
28.6300      412.00
28.6500      375.00
28.6700      366.00
28.6900      327.00
28.7100      337.00
28.7300      313.00
28.7500      276.00
28.7700      271.00
28.7900      276.00
28.8100      254.00
28.8300      228.00
28.8500      194.00
28.8700      223.00
28.8900      228.00
28.9100      221.00
28.9300      209.00
28.9500      226.00
28.9700      225.00
28.9900      250.00
29.0100      208.00
29.0300      238.00
29.0500      229.00
29.0700      243.00
29.0900      275.00
29.1100      280.00
29.1300      274.00
29.1500      274.00
29.1700      344.00
29.1900      289.00
29.2100      313.00
29.2300      268.00
29.2500      265.00
29.2700      272.00
29.2900      287.00
29.3100      272.00
29.3300      319.00
29.3500      295.00
29.3700      335.00
29.3900      344.00
29.4100      367.00
29.4300      392.00
29.4500      354.00
29.4700      330.00
29.4900      334.00
29.5100      277.00
29.5300      270.00
29.5500      223.00
29.5700      191.00
29.5900      176.00
29.6100      186.00
29.6300      173.00
29.6500      139.00
29.6700      142.00
29.6900      142.00
29.7100      124.00
29.7300      138.00
29.7500      153.00
29.7700      121.00
29.7900      119.00
29.8100      127.00
29.8300      138.00
29.8500      136.00
29.8700      135.00
29.8900      140.00
29.9100      159.00
29.9300      169.00
29.9500      165.00
29.9700      194.00
29.9900      190.00
30.0100      203.00
30.0300      202.00
30.0500      245.00
30.0700      257.00
30.0900      246.00
30.1100      242.00
30.1300      224.00
30.1500      249.00
30.1700      240.00
30.1900      221.00
30.2100      214.00
30.2300      210.00
30.2500      198.00
30.2700      193.00
30.2900      218.00
30.3100      206.00
30.3300      175.00
30.3500      176.00
30.3700      176.00
30.3900      164.00
30.4100      175.00
30.4300      155.00
30.4500      144.00
30.4700      154.00
30.4900      151.00
30.5100      152.00
30.5300      146.00
30.5500      153.00
30.5700      146.00
30.5900      175.00
30.6100      179.00
30.6300      160.00
30.6500      162.00
30.6700      171.00
30.6900      167.00
30.7100      152.00
30.7300      164.00
30.7500      139.00
30.7700      152.00
30.7900      129.00
30.8100      134.00
30.8300      148.00
30.8500      154.00
30.8700      130.00
30.8900      145.00
30.9100      150.00
30.9300      160.00
30.9500      158.00
30.9700      152.00
30.9900      147.00
31.0100      134.00
31.0300      138.00
31.0500      130.00
31.0700      121.00
31.0900      148.00
31.1100      122.00
31.1300      132.00
31.1500      127.00
31.1700      146.00
31.1900      120.00
31.2100      110.00
31.2300      114.00
31.2500      116.00
31.2700      111.00
31.2900      117.00
31.3100      113.00
31.3300      111.00
31.3500      139.00
31.3700      124.00
31.3900      102.00
31.4100      128.00
31.4300      134.00
31.4500      120.00
31.4700      164.00
31.4900      148.00
31.5100      171.00
31.5300      173.00
31.5500      177.00
31.5700      152.00
31.5900      171.00
31.6100      144.00
31.6300      151.00
31.6500      172.00
31.6700      143.00
31.6900      137.00
31.7100      159.00
31.7300      121.00
31.7500      125.00
31.7700      134.00
31.7900      137.00
31.8100      148.00
31.8300      150.00
31.8500      131.00
31.8700      158.00
31.8900      153.00
31.9100      174.00
31.9300      170.00
31.9500      182.00
31.9700      172.00
31.9900      194.00
32.0100      193.00
32.0300      184.00
32.0500      225.00
32.0700      196.00
32.0900      191.00
32.1100      184.00
32.1300      209.00
32.1500      191.00
32.1700      193.00
32.1900      207.00
32.2100      164.00
32.2300      166.00
32.2500      190.00
32.2700      183.00
32.2900      209.00
32.3100      175.00
32.3300      190.00
32.3500      204.00
32.3700      187.00
32.3900      192.00
32.4100      208.00
32.4300      218.00
32.4500      189.00
32.4700      217.00
32.4900      234.00
32.5100      217.00
32.5300      237.00
32.5500      249.00
32.5700      269.00
32.5900      251.00
32.6100      237.00
32.6300      212.00
32.6500      223.00
32.6700      226.00
32.6900      170.00
32.7100      197.00
32.7300      179.00
32.7500      181.00
32.7700      164.00
32.7900      195.00
32.8100      169.00
32.8300      177.00
32.8500      173.00
32.8700      166.00
32.8900      148.00
32.9100      179.00
32.9300      156.00
32.9500      145.00
32.9700      153.00
32.9900      157.00
33.0100      184.00
33.0300      157.00
33.0500      162.00
33.0700      181.00
33.0900      184.00
33.1100      163.00
33.1300      200.00
33.1500      206.00
33.1700      201.00
33.1900      226.00
33.2100      211.00
33.2300      223.00
33.2500      211.00
33.2700      254.00
33.2900      239.00
33.3100      224.00
33.3300      211.00
33.3500      190.00
33.3700      214.00
33.3900      199.00
33.4100      191.00
33.4300      173.00
33.4500      203.00
33.4700      172.00
33.4900      183.00
33.5100      156.00
33.5300      150.00
33.5500      154.00
33.5700      161.00
33.5900      156.00
33.6100      144.00
33.6300      118.00
33.6500      133.00
33.6700      117.00
33.6900      106.00
33.7100      116.00
33.7300       93.00
33.7500      104.00
33.7700      118.00
33.7900      106.00
33.8100      127.00
33.8300      123.00
33.8500      121.00
33.8700      145.00
33.8900      130.00
33.9100      118.00
33.9300      122.00
33.9500      123.00
33.9700      140.00
33.9900      119.00
34.0100      131.00
34.0300      135.00
34.0500      153.00
34.0700      154.00
34.0900      184.00
34.1100      184.00
34.1300      220.00
34.1500      221.00
34.1700      235.00
34.1900      230.00
34.2100      206.00
34.2300      211.00
34.2500      177.00
34.2700      166.00
34.2900      153.00
34.3100      178.00
34.3300      134.00
34.3500      124.00
34.3700      117.00
34.3900      125.00
34.4100      149.00
34.4300      119.00
34.4500      128.00
34.4700      122.00
34.4900      134.00
34.5100      112.00
34.5300      107.00
34.5500      106.00
34.5700      118.00
34.5900      121.00
34.6100      116.00
34.6300      116.00
34.6500      130.00
34.6700      100.00
34.6900      118.00
34.7100      108.00
34.7300      140.00
34.7500      126.00
34.7700      137.00
34.7900      131.00
34.8100      127.00
34.8300      121.00
34.8500      152.00
34.8700      128.00
34.8900      158.00
34.9100      133.00
34.9300      143.00
34.9500      125.00
34.9700      143.00
34.9900      121.00
35.0100      144.00
35.0300      141.00
35.0500      127.00
35.0700      120.00
