 2.9300      235.00
 2.9500      287.00
 2.9700      255.00
 2.9900      282.00
 3.0100      249.00
 3.0300      241.00
 3.0500      280.00
 3.0700      267.00
 3.0900      237.00
 3.1100      253.00
 3.1300      234.00
 3.1500      241.00
 3.1700      207.00
 3.1900      231.00
 3.2100      227.00
 3.2300      234.00
 3.2500      226.00
 3.2700      244.00
 3.2900      235.00
 3.3100      200.00
 3.3300      243.00
 3.3500      218.00
 3.3700      199.00
 3.3900      215.00
 3.4100      202.00
 3.4300      226.00
 3.4500      207.00
 3.4700      204.00
 3.4900      208.00
 3.5100      167.00
 3.5300      191.00
 3.5500      231.00
 3.5700      216.00
 3.5900      215.00
 3.6100      204.00
 3.6300      205.00
 3.6500      196.00
 3.6700      191.00
 3.6900      209.00
 3.7100      174.00
 3.7300      195.00
 3.7500      218.00
 3.7700      211.00
 3.7900      188.00
 3.8100      172.00
 3.8300      201.00
 3.8500      178.00
 3.8700      190.00
 3.8900      192.00
 3.9100      168.00
 3.9300      178.00
 3.9500      185.00
 3.9700      186.00
 3.9900      191.00
 4.0100      197.00
 4.0300      168.00
 4.0500      179.00
 4.0700      177.00
 4.0900      168.00
 4.1100      182.00
 4.1300      205.00
 4.1500      152.00
 4.1700      167.00
 4.1900      185.00
 4.2100      162.00
 4.2300      171.00
 4.2500      174.00
 4.2700      154.00
 4.2900      181.00
 4.3100      154.00
 4.3300      149.00
 4.3500      180.00
 4.3700      130.00
 4.3900      199.00
 4.4100      161.00
 4.4300      161.00
 4.4500      152.00
 4.4700      141.00
 4.4900      171.00
 4.5100      154.00
 4.5300      129.00
 4.5500      148.00
 4.5700      147.00
 4.5900      152.00
 4.6100      175.00
 4.6300      138.00
 4.6500      125.00
 4.6700      147.00
 4.6900      141.00
 4.7100      154.00
 4.7300      139.00
 4.7500      147.00
 4.7700      141.00
 4.7900      147.00
 4.8100      136.00
 4.8300      138.00
 4.8500      144.00
 4.8700      135.00
 4.8900      135.00
 4.9100      141.00
 4.9300      147.00
 4.9500      130.00
 4.9700      135.00
 4.9900      115.00
 5.0100      144.00
 5.0300      161.00
 5.0500      118.00
 5.0700      146.00
 5.0900      147.00
 5.1100      150.00
 5.1300      158.00
 5.1500      142.00
 5.1700      154.00
 5.1900      136.00
 5.2100      127.00
 5.2300      160.00
 5.2500      151.00
 5.2700      137.00
 5.2900      134.00
 5.3100      145.00
 5.3300      146.00
 5.3500      134.00
 5.3700      157.00
 5.3900      150.00
 5.4100      157.00
 5.4300      122.00
 5.4500      141.00
 5.4700      147.00
 5.4900      130.00
 5.5100      152.00
 5.5300      144.00
 5.5500      136.00
 5.5700      158.00
 5.5900      142.00
 5.6100      158.00
 5.6300      151.00
 5.6500      149.00
 5.6700      140.00
 5.6900      165.00
 5.7100      150.00
 5.7300      163.00
 5.7500      130.00
 5.7700      137.00
 5.7900      137.00
 5.8100      148.00
 5.8300      137.00
 5.8500      153.00
 5.8700      148.00
 5.8900      134.00
 5.9100      156.00
 5.9300      163.00
 5.9500      161.00
 5.9700      149.00
 5.9900      135.00
 6.0100      131.00
 6.0300      153.00
 6.0500      143.00
 6.0700      135.00
 6.0900      141.00
 6.1100      147.00
 6.1300      164.00
 6.1500      158.00
 6.1700      138.00
 6.1900      152.00
 6.2100      137.00
 6.2300      147.00
 6.2500      161.00
 6.2700      149.00
 6.2900      144.00
 6.3100      145.00
 6.3300      171.00
 6.3500      157.00
 6.3700      174.00
 6.3900      164.00
 6.4100      171.00
 6.4300      144.00
 6.4500      148.00
 6.4700      127.00
 6.4900      152.00
 6.5100      140.00
 6.5300      160.00
 6.5500      182.00
 6.5700      174.00
 6.5900      180.00
 6.6100      183.00
 6.6300      171.00
 6.6500      187.00
 6.6700      175.00
 6.6900      191.00
 6.7100      182.00
 6.7300      214.00
 6.7500      202.00
 6.7700      215.00
 6.7900      217.00
 6.8100      259.00
 6.8300      220.00
 6.8500      221.00
 6.8700      197.00
 6.8900      192.00
 6.9100      212.00
 6.9300      174.00
 6.9500      200.00
 6.9700      172.00
 6.9900      178.00
 7.0100      171.00
 7.0300      153.00
 7.0500      167.00
 7.0700      167.00
 7.0900      163.00
 7.1100      146.00
 7.1300      143.00
 7.1500      151.00
 7.1700      141.00
 7.1900      139.00
 7.2100      166.00
 7.2300      146.00
 7.2500      150.00
 7.2700      164.00
 7.2900      170.00
 7.3100      163.00
 7.3300      148.00
 7.3500      155.00
 7.3700      172.00
 7.3900      168.00
 7.4100      168.00
 7.4300      163.00
 7.4500      153.00
 7.4700      169.00
 7.4900      147.00
 7.5100      155.00
 7.5300      182.00
 7.5500      166.00
 7.5700      150.00
 7.5900      161.00
 7.6100      159.00
 7.6300      158.00
 7.6500      166.00
 7.6700      159.00
 7.6900      149.00
 7.7100      164.00
 7.7300      189.00
 7.7500      124.00
 7.7700      135.00
 7.7900      166.00
 7.8100      164.00
 7.8300      165.00
 7.8500      163.00
 7.8700      157.00
 7.8900      155.00
 7.9100      190.00
 7.9300      168.00
 7.9500      182.00
 7.9700      143.00
 7.9900      141.00
 8.0100      142.00
 8.0300      170.00
 8.0500      147.00
 8.0700      161.00
 8.0900      161.00
 8.1100      153.00
 8.1300      155.00
 8.1500      170.00
 8.1700      136.00
 8.1900      175.00
 8.2100      178.00
 8.2300      159.00
 8.2500      152.00
 8.2700      174.00
 8.2900      150.00
 8.3100      158.00
 8.3300      171.00
 8.3500      153.00
 8.3700      173.00
 8.3900      199.00
 8.4100      169.00
 8.4300      185.00
 8.4500      196.00
 8.4700      168.00
 8.4900      180.00
 8.5100      153.00
 8.5300      196.00
 8.5500      187.00
 8.5700      156.00
 8.5900      175.00
 8.6100      216.00
 8.6300      203.00
 8.6500      195.00
 8.6700      211.00
 8.6900      191.00
 8.7100      203.00
 8.7300      214.00
 8.7500      207.00
 8.7700      193.00
 8.7900      200.00
 8.8100      197.00
 8.8300      179.00
 8.8500      173.00
 8.8700      179.00
 8.8900      168.00
 8.9100      152.00
 8.9300      170.00
 8.9500      167.00
 8.9700      175.00
 8.9900      186.00
 9.0100      163.00
 9.0300      168.00
 9.0500      162.00
 9.0700      168.00
 9.0900      161.00
 9.1100      178.00
 9.1300      152.00
 9.1500      168.00
 9.1700      181.00
 9.1900      163.00
 9.2100      168.00
 9.2300      169.00
 9.2500      182.00
 9.2700      179.00
 9.2900      172.00
 9.3100      155.00
 9.3300      155.00
 9.3500      193.00
 9.3700      185.00
 9.3900      180.00
 9.4100      184.00
 9.4300      156.00
 9.4500      152.00
 9.4700      186.00
 9.4900      185.00
 9.5100      176.00
 9.5300      182.00
 9.5500      153.00
 9.5700      192.00
 9.5900      197.00
 9.6100      180.00
 9.6300      189.00
 9.6500      178.00
 9.6700      162.00
 9.6900      167.00
 9.7100      160.00
 9.7300      185.00
 9.7500      192.00
 9.7700      215.00
 9.7900      192.00
 9.8100      207.00
 9.8300      215.00
 9.8500      229.00
 9.8700      193.00
 9.8900      210.00
 9.9100      198.00
 9.9300      231.00
 9.9500      256.00
 9.9700      205.00
 9.9900      192.00
10.0100      196.00
10.0300      203.00
10.0500      198.00
10.0700      187.00
10.0900      187.00
10.1100      201.00
10.1300      194.00
10.1500      191.00
10.1700      213.00
10.1900      202.00
10.2100      175.00
10.2300      174.00
10.2500      207.00
10.2700      207.00
10.2900      186.00
10.3100      206.00
10.3300      173.00
10.3500      178.00
10.3700      173.00
10.3900      200.00
10.4100      195.00
10.4300      176.00
10.4500      231.00
10.4700      209.00
10.4900      208.00
10.5100      208.00
10.5300      197.00
10.5500      205.00
10.5700      228.00
10.5900      226.00
10.6100      215.00
10.6300      208.00
10.6500      270.00
10.6700      236.00
10.6900      281.00
10.7100      275.00
10.7300      293.00
10.7500      307.00
10.7700      301.00
10.7900      343.00
10.8100      366.00
10.8300      408.00
10.8500      462.00
10.8700      477.00
10.8900      539.00
10.9100      542.00
10.9300      614.00
10.9500      696.00
10.9700      714.00
10.9900      698.00
11.0100      746.00
11.0300      728.00
11.0500      706.00
11.0700      715.00
11.0900      629.00
11.1100      654.00
11.1300      691.00
11.1500      626.00
11.1700      634.00
11.1900      650.00
11.2100      638.00
11.2300      658.00
11.2500      633.00
11.2700      564.00
11.2900      551.00
11.3100      447.00
11.3300      416.00
11.3500      394.00
11.3700      312.00
11.3900      273.00
11.4100      257.00
11.4300      254.00
11.4500      214.00
11.4700      212.00
11.4900      217.00
11.5100      215.00
11.5300      225.00
11.5500      238.00
11.5700      230.00
11.5900      239.00
11.6100      221.00
11.6300      254.00
11.6500      239.00
11.6700      254.00
11.6900      222.00
11.7100      251.00
11.7300      264.00
11.7500      267.00
11.7700      325.00
11.7900      270.00
11.8100      331.00
11.8300      371.00
11.8500      375.00
11.8700      407.00
11.8900      431.00
11.9100      455.00
11.9300      514.00
11.9500      585.00
11.9700      563.00
11.9900      636.00
12.0100      619.00
12.0300      673.00
12.0500      781.00
12.0700      741.00
12.0900      705.00
12.1100      706.00
12.1300      662.00
12.1500      586.00
12.1700      559.00
12.1900      467.00
12.2100      517.00
12.2300      447.00
12.2500      453.00
12.2700      387.00
12.2900      408.00
12.3100      425.00
12.3300      444.00
12.3500      518.00
12.3700      589.00
12.3900      642.00
12.4100      634.00
12.4300      702.00
12.4500      713.00
12.4700      741.00
12.4900      756.00
12.5100      706.00
12.5300      647.00
12.5500      591.00
12.5700      549.00
12.5900      418.00
12.6100      397.00
12.6300      345.00
12.6500      316.00
12.6700      301.00
12.6900      283.00
12.7100      259.00
12.7300      243.00
12.7500      206.00
12.7700      228.00
12.7900      255.00
12.8100      226.00
12.8300      210.00
12.8500      241.00
12.8700      227.00
12.8900      223.00
12.9100      226.00
12.9300      209.00
12.9500      216.00
12.9700      181.00
12.9900      186.00
13.0100      207.00
13.0300      203.00
13.0500      202.00
13.0700      228.00
13.0900      207.00
13.1100      217.00
13.1300      199.00
13.1500      246.00
13.1700      203.00
13.1900      190.00
13.2100      206.00
13.2300      230.00
13.2500      195.00
13.2700      194.00
13.2900      222.00
13.3100      213.00
13.3300      217.00
13.3500      222.00
13.3700      224.00
13.3900      223.00
13.4100      204.00
13.4300      203.00
13.4500      221.00
13.4700      189.00
13.4900      197.00
13.5100      222.00
13.5300      214.00
13.5500      254.00
13.5700      202.00
13.5900      225.00
13.6100      220.00
13.6300      235.00
13.6500      235.00
13.6700      223.00
13.6900      226.00
13.7100      242.00
13.7300      252.00
13.7500      262.00
13.7700      264.00
13.7900      258.00
13.8100      292.00
13.8300      275.00
13.8500      309.00
13.8700      294.00
13.8900      332.00
13.9100      355.00
13.9300      358.00
13.9500      395.00
13.9700      479.00
13.9900      486.00
14.0100      576.00
14.0300      676.00
14.0500      710.00
14.0700      755.00
14.0900      898.00
14.1100      964.00
14.1300     1027.00
14.1500     1055.00
14.1700     1060.00
14.1900      996.00
14.2100      997.00
14.2300      932.00
14.2500      856.00
14.2700      840.00
14.2900      747.00
14.3100      669.00
14.3300      643.00
14.3500      580.00
14.3700      518.00
14.3900      439.00
14.4100      448.00
14.4300      389.00
14.4500      372.00
14.4700      296.00
14.4900      315.00
14.5100      267.00
14.5300      266.00
14.5500      250.00
14.5700      287.00
14.5900      256.00
14.6100      217.00
14.6300      224.00
14.6500      199.00
14.6700      233.00
14.6900      215.00
14.7100      209.00
14.7300      225.00
14.7500      197.00
14.7700      233.00
14.7900      218.00
14.8100      181.00
14.8300      238.00
14.8500      229.00
14.8700      237.00
14.8900      240.00
14.9100      228.00
14.9300      242.00
14.9500      223.00
14.9700      211.00
14.9900      222.00
15.0100      236.00
15.0300      214.00
15.0500      202.00
15.0700      209.00
15.0900      232.00
15.1100      207.00
15.1300      212.00
15.1500      206.00
15.1700      179.00
15.1900      240.00
15.2100      211.00
15.2300      219.00
15.2500      215.00
15.2700      180.00
15.2900      212.00
15.3100      221.00
15.3300      253.00
15.3500      228.00
15.3700      234.00
15.3900      211.00
15.4100      207.00
15.4300      234.00
15.4500      176.00
15.4700      233.00
15.4900      216.00
15.5100      223.00
15.5300      245.00
15.5500      237.00
15.5700      224.00
15.5900      239.00
15.6100      229.00
15.6300      256.00
15.6500      261.00
15.6700      280.00
15.6900      284.00
15.7100      318.00
15.7300      310.00
15.7500      367.00
15.7700      382.00
15.7900      390.00
15.8100      452.00
15.8300      428.00
15.8500      482.00
15.8700      475.00
15.8900      516.00
15.9100      491.00
15.9300      479.00
15.9500      497.00
15.9700      462.00
15.9900      494.00
16.0100      534.00
16.0300      538.00
16.0500      549.00
16.0700      605.00
16.0900      641.00
16.1100      661.00
16.1300      679.00
16.1500      666.00
16.1700      636.00
16.1900      616.00
16.2100      574.00
16.2300      588.00
16.2500      543.00
16.2700      542.00
16.2900      530.00
16.3100      537.00
16.3300      576.00
16.3500      669.00
16.3700      643.00
16.3900      764.00
16.4100      723.00
16.4300      720.00
16.4500      741.00
16.4700      744.00
16.4900      711.00
16.5100      607.00
16.5300      517.00
16.5500      472.00
16.5700      421.00
16.5900      363.00
16.6100      347.00
16.6300      312.00
16.6500      298.00
16.6700      260.00
16.6900      263.00
16.7100      267.00
16.7300      336.00
16.7500      304.00
16.7700      356.00
16.7900      320.00
16.8100      357.00
16.8300      366.00
16.8500      399.00
16.8700      454.00
16.8900      536.00
16.9100      583.00
16.9300      557.00
16.9500      684.00
16.9700      757.00
16.9900      711.00
17.0100      762.00
17.0300      768.00
17.0500      726.00
17.0700      731.00
17.0900      727.00
17.1100      670.00
17.1300      624.00
17.1500      623.00
17.1700      628.00
17.1900      564.00
17.2100      554.00
17.2300      617.00
17.2500      660.00
17.2700      760.00
17.2900      892.00
17.3100      944.00
17.3300     1085.00
17.3500     1258.00
17.3700     1478.00
17.3900     1653.00
17.4100     1851.00
17.4300     1996.00
17.4500     2125.00
17.4700     2303.00
17.4900     2390.00
17.5100     2504.00
17.5300     2358.00
17.5500     2140.00
17.5700     1982.00
17.5900     1760.00
17.6100     1555.00
17.6300     1348.00
17.6500     1087.00
17.6700      912.00
17.6900      791.00
17.7100      663.00
17.7300      621.00
17.7500      520.00
17.7700      527.00
17.7900      464.00
17.8100      440.00
17.8300      419.00
17.8500      426.00
17.8700      370.00
17.8900      394.00
17.9100      330.00
17.9300      354.00
17.9500      296.00
17.9700      341.00
17.9900      288.00
18.0100      334.00
18.0300      310.00
18.0500      285.00
18.0700      328.00
18.0900      283.00
18.1100      313.00
18.1300      361.00
18.1500      340.00
18.1700      362.00
18.1900      390.00
18.2100      442.00
18.2300      486.00
18.2500      557.00
18.2700      639.00
18.2900      695.00
18.3100      798.00
18.3300      862.00
18.3500      868.00
18.3700      868.00
18.3900      887.00
18.4100      773.00
18.4300      773.00
18.4500      682.00
18.4700      654.00
18.4900      575.00
18.5100      501.00
18.5300      423.00
18.5500      389.00
18.5700      437.00
18.5900      393.00
18.6100      363.00
18.6300      398.00
18.6500      435.00
18.6700      447.00
18.6900      433.00
18.7100      382.00
18.7300      371.00
18.7500      362.00
18.7700      391.00
18.7900      388.00
18.8100      374.00
18.8300      356.00
18.8500      350.00
18.8700      347.00
18.8900      353.00
18.9100      358.00
18.9300      336.00
18.9500      322.00
18.9700      317.00
18.9900      348.00
19.0100      353.00
19.0300      339.00
19.0500      366.00
19.0700      379.00
19.0900      421.00
19.1100      389.00
19.1300      413.00
19.1500      360.00
19.1700      367.00
19.1900      406.00
19.2100      367.00
19.2300      357.00
19.2500      361.00
19.2700      356.00
19.2900      362.00
19.3100      336.00
19.3300      384.00
19.3500      423.00
19.3700      465.00
19.3900      496.00
19.4100      574.00
19.4300      700.00
19.4500      739.00
19.4700      930.00
19.4900     1116.00
19.5100     1261.00
19.5300     1466.00
19.5500     1556.00
19.5700     1711.00
19.5900     1801.00
19.6100     1866.00
19.6300     1741.00
19.6500     1706.00
19.6700     1665.00
19.6900     1395.00
19.7100     1316.00
19.7300     1123.00
19.7500      998.00
19.7700      794.00
19.7900      702.00
19.8100      632.00
19.8300      536.00
19.8500      492.00
19.8700      484.00
19.8900      412.00
19.9100      381.00
19.9300      409.00
19.9500      334.00
19.9700      325.00
19.9900      345.00
20.0100      293.00
20.0300      330.00
20.0500      292.00
20.0700      322.00
20.0900      311.00
20.1100      287.00
20.1300      334.00
20.1500      294.00
20.1700      313.00
20.1900      296.00
20.2100      322.00
20.2300      317.00
20.2500      340.00
20.2700      331.00
20.2900      343.00
20.3100      377.00
20.3300      392.00
20.3500      424.00
20.3700      404.00
20.3900      487.00
20.4100      542.00
20.4300      576.00
20.4500      683.00
20.4700      866.00
20.4900     1054.00
20.5100     1233.00
20.5300     1457.00
20.5500     1721.00
20.5700     1879.00
20.5900     1939.00
20.6100     1997.00
20.6300     1988.00
20.6500     2055.00
20.6700     1908.00
20.6900     1823.00
20.7100     1731.00
20.7300     1765.00
20.7500     1581.00
20.7700     1582.00
20.7900     1713.00
20.8100     1740.00
20.8300     2031.00
20.8500     2109.00
20.8700     2340.00
20.8900     2508.00
20.9100     2768.00
20.9300     3073.00
20.9500     3215.00
20.9700     3336.00
20.9900     3410.00
21.0100     3229.00
21.0300     2972.00
21.0500     2702.00
21.0700     2442.00
21.0900     1966.00
21.1100     1695.00
21.1300     1410.00
21.1500     1059.00
21.1700      919.00
21.1900      765.00
21.2100      665.00
21.2300      527.00
21.2500      456.00
21.2700      360.00
21.2900      399.00
21.3100      357.00
21.3300      356.00
21.3500      310.00
21.3700      306.00
21.3900      305.00
21.4100      302.00
21.4300      297.00
21.4500      286.00
21.4700      278.00
21.4900      276.00
21.5100      268.00
21.5300      279.00
21.5500      272.00
21.5700      284.00
21.5900      288.00
21.6100      279.00
21.6300      266.00
21.6500      294.00
21.6700      294.00
21.6900      281.00
21.7100      304.00
21.7300      261.00
21.7500      255.00
21.7700      316.00
21.7900      288.00
21.8100      305.00
21.8300      281.00
21.8500      300.00
21.8700      295.00
21.8900      335.00
21.9100      307.00
21.9300      340.00
21.9500      346.00
21.9700      359.00
21.9900      376.00
22.0100      424.00
22.0300      414.00
22.0500      431.00
22.0700      486.00
22.0900      522.00
22.1100      539.00
22.1300      578.00
22.1500      637.00
22.1700      691.00
22.1900      781.00
22.2100      876.00
22.2300      854.00
22.2500      860.00
22.2700      914.00
22.2900      896.00
22.3100      930.00
22.3300      958.00
22.3500      907.00
22.3700      917.00
22.3900      883.00
22.4100      975.00
22.4300     1023.00
22.4500     1200.00
22.4700     1336.00
22.4900     1374.00
22.5100     1481.00
22.5300     1627.00
22.5500     1565.00
22.5700     1602.00
22.5900     1515.00
22.6100     1445.00
22.6300     1335.00
22.6500     1151.00
22.6700     1093.00
22.6900      929.00
22.7100      862.00
22.7300      756.00
22.7500      774.00
22.7700      772.00
22.7900      719.00
22.8100      765.00
22.8300      768.00
22.8500      775.00
22.8700      873.00
22.8900      864.00
22.9100      852.00
22.9300      859.00
22.9500      915.00
22.9700      918.00
22.9900      899.00
23.0100      989.00
23.0300     1031.00
23.0500     1003.00
23.0700      930.00
23.0900      917.00
23.1100      919.00
23.1300      802.00
23.1500      761.00
23.1700      720.00
23.1900      732.00
23.2100      708.00
23.2300      702.00
23.2500      683.00
23.2700      774.00
23.2900      842.00
23.3100      789.00
23.3300      844.00
23.3500      857.00
23.3700      754.00
23.3900      784.00
23.4100      717.00
23.4300      662.00
23.4500      648.00
23.4700      573.00
23.4900      535.00
23.5100      452.00
23.5300      458.00
23.5500      407.00
23.5700      393.00
23.5900      321.00
23.6100      327.00
23.6300      324.00
23.6500      327.00
23.6700      316.00
23.6900      334.00
23.7100      354.00
23.7300      373.00
23.7500      409.00
23.7700      434.00
23.7900      447.00
23.8100      495.00
23.8300      559.00
23.8500      573.00
23.8700      647.00
23.8900      705.00
23.9100      801.00
23.9300      887.00
23.9500     1094.00
23.9700     1162.00
23.9900     1233.00
24.0100     1306.00
24.0300     1355.00
24.0500     1305.00
24.0700     1299.00
24.0900     1159.00
24.1100     1189.00
24.1300     1051.00
24.1500     1103.00
24.1700     1029.00
24.1900     1022.00
24.2100     1090.00
24.2300     1247.00
24.2500     1329.00
24.2700     1301.00
24.2900     1355.00
24.3100     1404.00
24.3300     1395.00
24.3500     1394.00
24.3700     1235.00
24.3900     1136.00
24.4100      972.00
24.4300      930.00
24.4500      762.00
24.4700      650.00
24.4900      615.00
24.5100      523.00
24.5300      487.00
24.5500      434.00
24.5700      408.00
24.5900      343.00
24.6100      423.00
24.6300      381.00
24.6500      398.00
24.6700      395.00
24.6900      437.00
24.7100      503.00
24.7300      552.00
24.7500      608.00
24.7700      658.00
24.7900      751.00
24.8100      872.00
24.8300      949.00
24.8500      864.00
24.8700      982.00
24.8900      922.00
24.9100      926.00
24.9300      815.00
24.9500      752.00
24.9700      685.00
24.9900      551.00
25.0100      568.00
25.0300      488.00
25.0500      458.00
25.0700      394.00
25.0900      362.00
25.1100      335.00
25.1300      340.00
25.1500      309.00
25.1700      298.00
25.1900      273.00
25.2100      304.00
25.2300      254.00
25.2500      256.00
25.2700      243.00
25.2900      262.00
25.3100      261.00
25.3300      249.00
25.3500      230.00
25.3700      264.00
25.3900      279.00
25.4100      225.00
25.4300      215.00
25.4500      270.00
25.4700      232.00
25.4900      230.00
25.5100      242.00
25.5300      279.00
25.5500      234.00
25.5700      262.00
25.5900      251.00
25.6100      265.00
25.6300      230.00
25.6500      261.00
25.6700      235.00
25.6900      265.00
25.7100      271.00
25.7300      272.00
25.7500      289.00
25.7700      281.00
25.7900      302.00
25.8100      336.00
25.8300      363.00
25.8500      399.00
25.8700      415.00
25.8900      423.00
25.9100      475.00
25.9300      476.00
25.9500      490.00
25.9700      470.00
25.9900      518.00
26.0100      516.00
26.0300      552.00
26.0500      580.00
26.0700      617.00
26.0900      619.00
26.1100      653.00
26.1300      716.00
26.1500      626.00
26.1700      680.00
26.1900      637.00
26.2100      621.00
26.2300      552.00
26.2500      602.00
26.2700      565.00
26.2900      561.00
26.3100      578.00
26.3300      580.00
26.3500      582.00
26.3700      530.00
26.3900      602.00
26.4100      571.00
26.4300      583.00
26.4500      548.00
26.4700      482.00
26.4900      501.00
26.5100      436.00
26.5300      436.00
26.5500      383.00
26.5700      361.00
26.5900      327.00
26.6100      363.00
26.6300      292.00
26.6500      275.00
26.6700      276.00
26.6900      252.00
26.7100      276.00
26.7300      226.00
26.7500      288.00
26.7700      261.00
26.7900      243.00
26.8100      277.00
26.8300      306.00
26.8500      310.00
26.8700      288.00
26.8900      327.00
26.9100      321.00
26.9300      318.00
26.9500      361.00
26.9700      338.00
26.9900      317.00
27.0100      331.00
27.0300      323.00
27.0500      274.00
27.0700      301.00
27.0900      309.00
27.1100      363.00
27.1300      357.00
27.1500      351.00
27.1700      416.00
27.1900      370.00
27.2100      432.00
27.2300      459.00
27.2500      437.00
27.2700      451.00
27.2900      415.00
27.3100      449.00
27.3300      468.00
27.3500      491.00
27.3700      486.00
27.3900      495.00
27.4100      564.00
27.4300      606.00
27.4500      692.00
27.4700      776.00
27.4900      859.00
27.5100     1009.00
27.5300     1234.00
27.5500     1340.00
27.5700     1444.00
27.5900     1507.00
27.6100     1596.00
27.6300     1553.00
27.6500     1578.00
27.6700     1545.00
27.6900     1373.00
27.7100     1247.00
27.7300     1092.00
27.7500      938.00
27.7700      838.00
27.7900      673.00
27.8100      586.00
27.8300      510.00
27.8500      512.00
27.8700      444.00
27.8900      405.00
27.9100      413.00
27.9300      359.00
27.9500      377.00
27.9700      338.00
27.9900      365.00
28.0100      341.00
28.0300      372.00
28.0500      323.00
28.0700      319.00
28.0900      328.00
28.1100      337.00
28.1300      342.00
28.1500      331.00
28.1700      337.00
28.1900      371.00
28.2100      417.00
28.2300      442.00
28.2500      495.00
28.2700      622.00
28.2900      684.00
28.3100      813.00
28.3300      925.00
28.3500     1023.00
28.3700     1142.00
28.3900     1249.00
28.4100     1291.00
28.4300     1292.00
28.4500     1386.00
28.4700     1368.00
28.4900     1279.00
28.5100     1222.00
28.5300     1131.00
28.5500      992.00
28.5700      949.00
28.5900      873.00
28.6100      825.00
28.6300      803.00
28.6500      794.00
28.6700      732.00
28.6900      676.00
28.7100      657.00
28.7300      609.00
28.7500      562.00
28.7700      506.00
28.7900      508.00
28.8100      505.00
28.8300      481.00
28.8500      475.00
28.8700      487.00
28.8900      500.00
28.9100      435.00
28.9300      442.00
28.9500      492.00
28.9700      453.00
28.9900      469.00
29.0100      478.00
29.0300      511.00
29.0500      492.00
29.0700      530.00
29.0900      539.00
29.1100      559.00
29.1300      537.00
29.1500      546.00
29.1700      568.00
29.1900      558.00
29.2100      563.00
29.2300      527.00
29.2500      570.00
29.2700      523.00
29.2900      551.00
29.3100      570.00
29.3300      589.00
29.3500      628.00
29.3700      654.00
29.3900      654.00
29.4100      646.00
29.4300      640.00
29.4500      618.00
29.4700      575.00
29.4900      568.00
29.5100      452.00
29.5300      424.00
29.5500      393.00
29.5700      350.00
29.5900      321.00
29.6100      320.00
29.6300      287.00
29.6500      270.00
29.6700      264.00
29.6900      245.00
29.7100      247.00
29.7300      230.00
29.7500      217.00
29.7700      267.00
29.7900      208.00
29.8100      226.00
29.8300      217.00
29.8500      251.00
29.8700      233.00
29.8900      262.00
29.9100      299.00
29.9300      324.00
29.9500      350.00
29.9700      380.00
29.9900      383.00
30.0100      403.00
30.0300      434.00
30.0500      438.00
30.0700      467.00
30.0900      456.00
30.1100      431.00
30.1300      465.00
30.1500      425.00
30.1700      437.00
30.1900      448.00
30.2100      411.00
30.2300      389.00
30.2500      403.00
30.2700      370.00
30.2900      383.00
30.3100      356.00
30.3300      359.00
30.3500      336.00
30.3700      273.00
30.3900      293.00
30.4100      272.00
30.4300      278.00
30.4500      307.00
30.4700      274.00
30.4900      293.00
30.5100      252.00
30.5300      354.00
30.5500      312.00
30.5700      321.00
30.5900      324.00
30.6100      315.00
30.6300      324.00
30.6500      310.00
30.6700      294.00
30.6900      265.00
30.7100      319.00
30.7300      256.00
30.7500      257.00
30.7700      255.00
30.7900      227.00
30.8100      256.00
30.8300      224.00
30.8500      267.00
30.8700      235.00
30.8900      252.00
30.9100      267.00
30.9300      263.00
30.9500      271.00
30.9700      245.00
30.9900      273.00
31.0100      241.00
31.0300      243.00
31.0500      218.00
31.0700      246.00
31.0900      217.00
31.1100      209.00
31.1300      226.00
31.1500      195.00
31.1700      183.00
31.1900      222.00
31.2100      192.00
31.2300      204.00
31.2500      195.00
31.2700      196.00
31.2900      194.00
31.3100      204.00
31.3300      232.00
31.3500      218.00
31.3700      213.00
31.3900      231.00
31.4100      262.00
31.4300      235.00
31.4500      277.00
31.4700      264.00
31.4900      279.00
31.5100      260.00
31.5300      276.00
31.5500      263.00
31.5700      260.00
31.5900      293.00
31.6100      253.00
31.6300      255.00
31.6500      234.00
31.6700      231.00
31.6900      201.00
31.7100      227.00
31.7300      226.00
31.7500      253.00
31.7700      244.00
31.7900      278.00
31.8100      285.00
31.8300      286.00
31.8500      304.00
31.8700      309.00
31.8900      305.00
31.9100      334.00
31.9300      300.00
31.9500      321.00
31.9700      331.00
31.9900      335.00
32.0100      386.00
32.0300      346.00
32.0500      332.00
32.0700      379.00
32.0900      355.00
32.1100      378.00
32.1300      352.00
32.1500      363.00
32.1700      368.00
32.1900      356.00
32.2100      348.00
32.2300      387.00
32.2500      336.00
32.2700      356.00
32.2900      369.00
32.3100      359.00
32.3300      362.00
32.3500      393.00
32.3700      370.00
32.3900      396.00
32.4100      387.00
32.4300      430.00
32.4500      404.00
32.4700      451.00
32.4900      499.00
32.5100      513.00
32.5300      546.00
32.5500      553.00
32.5700      490.00
32.5900      518.00
32.6100      547.00
32.6300      500.00
32.6500      476.00
32.6700      463.00
32.6900      439.00
32.7100      393.00
32.7300      402.00
32.7500      351.00
32.7700      335.00
32.7900      352.00
32.8100      332.00
32.8300      319.00
32.8500      285.00
32.8700      329.00
32.8900      311.00
32.9100      331.00
32.9300      287.00
32.9500      294.00
32.9700      330.00
32.9900      302.00
33.0100      293.00
33.0300      329.00
33.0500      297.00
33.0700      345.00
33.0900      374.00
33.1100      343.00
33.1300      404.00
33.1500      386.00
33.1700      380.00
33.1900      436.00
33.2100      419.00
33.2300      424.00
33.2500      423.00
33.2700      454.00
33.2900      454.00
33.3100      407.00
33.3300      392.00
33.3500      401.00
33.3700      354.00
33.3900      360.00
33.4100      376.00
33.4300      341.00
33.4500      354.00
33.4700      321.00
33.4900      336.00
33.5100      314.00
33.5300      318.00
33.5500      293.00
33.5700      250.00
33.5900      277.00
33.6100      233.00
33.6300      205.00
33.6500      240.00
33.6700      211.00
33.6900      204.00
33.7100      204.00
33.7300      198.00
33.7500      207.00
33.7700      215.00
33.7900      239.00
33.8100      230.00
33.8300      244.00
33.8500      227.00
33.8700      240.00
33.8900      250.00
33.9100      254.00
33.9300      258.00
33.9500      257.00
33.9700      251.00
33.9900      292.00
34.0100      305.00
34.0300      337.00
34.0500      327.00
34.0700      392.00
34.0900      410.00
34.1100      482.00
34.1300      474.00
34.1500      439.00
34.1700      455.00
34.1900      452.00
34.2100      439.00
34.2300      389.00
34.2500      378.00
34.2700      354.00
34.2900      305.00
34.3100      292.00
34.3300      284.00
34.3500      261.00
34.3700      258.00
34.3900      230.00
34.4100      222.00
34.4300      209.00
34.4500      252.00
34.4700      207.00
34.4900      245.00
34.5100      203.00
34.5300      215.00
34.5500      200.00
34.5700      198.00
34.5900      193.00
34.6100      218.00
34.6300      224.00
34.6500      248.00
34.6700      260.00
34.6900      225.00
34.7100      250.00
34.7300      282.00
34.7500      269.00
34.7700      274.00
34.7900      271.00
34.8100      269.00
34.8300      253.00
34.8500      276.00
34.8700      264.00
34.8900      280.00
34.9100      255.00
34.9300      277.00
