 2.2000      315.00
 2.2200      335.00
 2.2400      327.00
 2.2600      307.00
 2.2800      316.00
 2.3000      349.00
 2.3200      296.00
 2.3400      303.00
 2.3600      320.00
 2.3800      285.00
 2.4000      277.00
 2.4200      307.00
 2.4400      295.00
 2.4600      321.00
 2.4800      274.00
 2.5000      282.00
 2.5200      301.00
 2.5400      310.00
 2.5600      265.00
 2.5800      256.00
 2.6000      257.00
 2.6200      256.00
 2.6400      263.00
 2.6600      259.00
 2.6800      287.00
 2.7000      279.00
 2.7200      236.00
 2.7400      295.00
 2.7600      248.00
 2.7800      254.00
 2.8000      249.00
 2.8200      233.00
 2.8400      245.00
 2.8600      255.00
 2.8800      281.00
 2.9000      274.00
 2.9200      289.00
 2.9400      238.00
 2.9600      257.00
 2.9800      227.00
 3.0000      246.00
 3.0200      270.00
 3.0400      251.00
 3.0600      213.00
 3.0800      247.00
 3.1000      232.00
 3.1200      242.00
 3.1400      263.00
 3.1600      221.00
 3.1800      218.00
 3.2000      259.00
 3.2200      241.00
 3.2400      240.00
 3.2600      239.00
 3.2800      220.00
 3.3000      226.00
 3.3200      240.00
 3.3400      228.00
 3.3600      229.00
 3.3800      216.00
 3.4000      237.00
 3.4200      227.00
 3.4400      201.00
 3.4600      237.00
 3.4800      218.00
 3.5000      210.00
 3.5200      199.00
 3.5400      217.00
 3.5600      222.00
 3.5800      204.00
 3.6000      215.00
 3.6200      201.00
 3.6400      188.00
 3.6600      201.00
 3.6800      184.00
 3.7000      193.00
 3.7200      186.00
 3.7400      221.00
 3.7600      203.00
 3.7800      198.00
 3.8000      191.00
 3.8200      193.00
 3.8400      182.00
 3.8600      160.00
 3.8800      204.00
 3.9000      190.00
 3.9200      188.00
 3.9400      166.00
 3.9600      196.00
 3.9800      165.00
 4.0000      183.00
 4.0200      171.00
 4.0400      178.00
 4.0600      177.00
 4.0800      160.00
 4.1000      161.00
 4.1200      151.00
 4.1400      156.00
 4.1600      169.00
 4.1800      190.00
 4.2000      179.00
 4.2200      178.00
 4.2400      140.00
 4.2600      143.00
 4.2800      152.00
 4.3000      156.00
 4.3200      159.00
 4.3400      146.00
 4.3600      169.00
 4.3800      167.00
 4.4000      162.00
 4.4200      123.00
 4.4400      139.00
 4.4600      161.00
 4.4800      136.00
 4.5000      147.00
 4.5200      128.00
 4.5400      139.00
 4.5600      145.00
 4.5800      131.00
 4.6000      143.00
 4.6200      151.00
 4.6400      139.00
 4.6600      130.00
 4.6800      137.00
 4.7000      154.00
 4.7200      133.00
 4.7400      133.00
 4.7600      143.00
 4.7800      125.00
 4.8000      131.00
 4.8200      160.00
 4.8400      148.00
 4.8600      135.00
 4.8800      126.00
 4.9000      129.00
 4.9200      140.00
 4.9400      153.00
 4.9600      128.00
 4.9800      121.00
 5.0000      161.00
 5.0200      141.00
 5.0400      145.00
 5.0600      147.00
 5.0800      123.00
 5.1000      153.00
 5.1200      131.00
 5.1400      128.00
 5.1600      150.00
 5.1800      139.00
 5.2000      139.00
 5.2200      134.00
 5.2400      135.00
 5.2600      133.00
 5.2800      126.00
 5.3000      146.00
 5.3200      143.00
 5.3400      134.00
 5.3600      130.00
 5.3800      138.00
 5.4000      151.00
 5.4200      150.00
 5.4400      148.00
 5.4600      124.00
 5.4800      126.00
 5.5000      158.00
 5.5200      127.00
 5.5400      127.00
 5.5600      120.00
 5.5800      144.00
 5.6000      136.00
 5.6200      129.00
 5.6400      118.00
 5.6600      140.00
 5.6800      130.00
 5.7000      127.00
 5.7200      124.00
 5.7400      132.00
 5.7600      136.00
 5.7800      134.00
 5.8000      132.00
 5.8200      139.00
 5.8400      145.00
 5.8600      144.00
 5.8800      134.00
 5.9000      155.00
 5.9200      150.00
 5.9400      150.00
 5.9600      143.00
 5.9800      139.00
 6.0000      124.00
 6.0200      136.00
 6.0400      143.00
 6.0600      142.00
 6.0800       96.00
 6.1000      145.00
 6.1200      128.00
 6.1400      118.00
 6.1600      144.00
 6.1800      125.00
 6.2000      129.00
 6.2200      147.00
 6.2400      122.00
 6.2600      118.00
 6.2800      141.00
 6.3000      129.00
 6.3200      118.00
 6.3400      123.00
 6.3600      134.00
 6.3800      126.00
 6.4000      155.00
 6.4200      130.00
 6.4400      134.00
 6.4600      155.00
 6.4800      143.00
 6.5000      131.00
 6.5200      140.00
 6.5400      153.00
 6.5600      150.00
 6.5800      144.00
 6.6000      137.00
 6.6200      144.00
 6.6400      132.00
 6.6600      128.00
 6.6800      125.00
 6.7000      134.00
 6.7200      150.00
 6.7400      153.00
 6.7600      152.00
 6.7800      152.00
 6.8000      119.00
 6.8200      160.00
 6.8400      167.00
 6.8600      148.00
 6.8800      142.00
 6.9000      164.00
 6.9200      153.00
 6.9400      144.00
 6.9600      131.00
 6.9800      160.00
 7.0000      148.00
 7.0200      162.00
 7.0400      149.00
 7.0600      137.00
 7.0800      116.00
 7.1000      132.00
 7.1200      147.00
 7.1400      157.00
 7.1600      152.00
 7.1800      137.00
 7.2000      129.00
 7.2200      138.00
 7.2400      112.00
 7.2600      157.00
 7.2800      133.00
 7.3000      114.00
 7.3200      137.00
 7.3400      153.00
 7.3600      149.00
 7.3800      140.00
 7.4000      142.00
 7.4200      157.00
 7.4400      134.00
 7.4600      126.00
 7.4800      148.00
 7.5000      131.00
 7.5200      131.00
 7.5400      145.00
 7.5600      153.00
 7.5800      113.00
 7.6000      151.00
 7.6200      123.00
 7.6400      136.00
 7.6600      139.00
 7.6800      147.00
 7.7000      150.00
 7.7200      146.00
 7.7400      145.00
 7.7600      130.00
 7.7800      141.00
 7.8000      138.00
 7.8200      115.00
 7.8400      157.00
 7.8600      141.00
 7.8800      156.00
 7.9000      151.00
 7.9200      118.00
 7.9400      153.00
 7.9600      120.00
 7.9800      156.00
 8.0000      143.00
 8.0200      131.00
 8.0400      136.00
 8.0600      142.00
 8.0800      152.00
 8.1000      157.00
 8.1200      115.00
 8.1400      136.00
 8.1600      141.00
 8.1800      107.00
 8.2000      140.00
 8.2200      139.00
 8.2400      150.00
 8.2600      157.00
 8.2800      144.00
 8.3000      141.00
 8.3200      142.00
 8.3400      148.00
 8.3600      147.00
 8.3800      133.00
 8.4000      149.00
 8.4200      161.00
 8.4400      153.00
 8.4600      136.00
 8.4800      128.00
 8.5000      147.00
 8.5200      151.00
 8.5400      142.00
 8.5600      141.00
 8.5800      142.00
 8.6000      140.00
 8.6200      153.00
 8.6400      164.00
 8.6600      157.00
 8.6800      180.00
 8.7000      170.00
 8.7200      159.00
 8.7400      166.00
 8.7600      182.00
 8.7800      177.00
 8.8000      172.00
 8.8200      181.00
 8.8400      194.00
 8.8600      173.00
 8.8800      160.00
 8.9000      165.00
 8.9200      170.00
 8.9400      149.00
 8.9600      150.00
 8.9800      137.00
 9.0000      166.00
 9.0200      136.00
 9.0400      143.00
 9.0600      131.00
 9.0800      157.00
 9.1000      129.00
 9.1200      138.00
 9.1400      121.00
 9.1600      137.00
 9.1800      144.00
 9.2000      131.00
 9.2200      166.00
 9.2400      138.00
 9.2600      133.00
 9.2800      135.00
 9.3000      135.00
 9.3200      135.00
 9.3400      150.00
 9.3600      149.00
 9.3800      137.00
 9.4000      123.00
 9.4200      144.00
 9.4400      146.00
 9.4600      143.00
 9.4800      115.00
 9.5000      165.00
 9.5200      147.00
 9.5400      132.00
 9.5600      141.00
 9.5800      132.00
 9.6000      173.00
 9.6200      153.00
 9.6400      165.00
 9.6600      139.00
 9.6800      143.00
 9.7000      149.00
 9.7200      143.00
 9.7400      146.00
 9.7600      153.00
 9.7800      134.00
 9.8000      153.00
 9.8200      150.00
 9.8400      167.00
 9.8600      154.00
 9.8800      166.00
 9.9000      172.00
 9.9200      165.00
 9.9400      177.00
 9.9600      190.00
 9.9800      157.00
10.0000      171.00
10.0200      168.00
10.0400      149.00
10.0600      166.00
10.0800      141.00
10.1000      168.00
10.1200      151.00
10.1400      158.00
10.1600      165.00
10.1800      163.00
10.2000      185.00
10.2200      154.00
10.2400      144.00
10.2600      146.00
10.2800      155.00
10.3000      133.00
10.3200      173.00
10.3400      154.00
10.3600      164.00
10.3800      153.00
10.4000      162.00
10.4200      156.00
10.4400      133.00
10.4600      159.00
10.4800      174.00
10.5000      151.00
10.5200      140.00
10.5400      155.00
10.5600      148.00
10.5800      181.00
10.6000      170.00
10.6200      180.00
10.6400      169.00
10.6600      169.00
10.6800      166.00
10.7000      162.00
10.7200      208.00
10.7400      199.00
10.7600      179.00
10.7800      188.00
10.8000      220.00
10.8200      215.00
10.8400      231.00
10.8600      217.00
10.8800      236.00
10.9000      220.00
10.9200      252.00
10.9400      287.00
10.9600      309.00
10.9800      391.00
11.0000      362.00
11.0200      456.00
11.0400      486.00
11.0600      434.00
11.0800      450.00
11.1000      479.00
11.1200      433.00
11.1400      475.00
11.1600      445.00
11.1800      430.00
11.2000      464.00
11.2200      433.00
11.2400      442.00
11.2600      437.00
11.2800      463.00
11.3000      451.00
11.3200      420.00
11.3400      398.00
11.3600      412.00
11.3800      358.00
11.4000      350.00
11.4200      338.00
11.4400      292.00
11.4600      252.00
11.4800      237.00
11.5000      196.00
11.5200      202.00
11.5400      204.00
11.5600      192.00
11.5800      181.00
11.6000      187.00
11.6200      188.00
11.6400      187.00
11.6600      197.00
11.6800      175.00
11.7000      175.00
11.7200      194.00
11.7400      194.00
11.7600      170.00
11.7800      193.00
11.8000      205.00
11.8200      216.00
11.8400      228.00
11.8600      220.00
11.8800      219.00
11.9000      206.00
11.9200      218.00
11.9400      236.00
11.9600      314.00
11.9800      329.00
12.0000      300.00
12.0200      351.00
12.0400      367.00
12.0600      382.00
12.0800      395.00
12.1000      416.00
12.1200      485.00
12.1400      446.00
12.1600      476.00
12.1800      492.00
12.2000      451.00
12.2200      456.00
12.2400      455.00
12.2600      405.00
12.2800      399.00
12.3000      377.00
12.3200      365.00
12.3400      343.00
12.3600      342.00
12.3800      367.00
12.4000      348.00
12.4200      392.00
12.4400      391.00
12.4600      446.00
12.4800      495.00
12.5000      474.00
12.5200      551.00
12.5400      536.00
12.5600      533.00
12.5800      528.00
12.6000      457.00
12.6200      481.00
12.6400      520.00
12.6600      393.00
12.6800      381.00
12.7000      337.00
12.7200      306.00
12.7400      274.00
12.7600      277.00
12.7800      258.00
12.8000      218.00
12.8200      226.00
12.8400      204.00
12.8600      203.00
12.8800      189.00
12.9000      171.00
12.9200      184.00
12.9400      187.00
12.9600      173.00
12.9800      152.00
13.0000      169.00
13.0200      174.00
13.0400      168.00
13.0600      159.00
13.0800      186.00
13.1000      175.00
13.1200      187.00
13.1400      176.00
13.1600      178.00
13.1800      162.00
13.2000      177.00
13.2200      173.00
13.2400      165.00
13.2600      166.00
13.2800      196.00
13.3000      169.00
13.3200      170.00
13.3400      170.00
13.3600      174.00
13.3800      173.00
13.4000      201.00
13.4200      174.00
13.4400      171.00
13.4600      192.00
13.4800      174.00
13.5000      165.00
13.5200      154.00
13.5400      173.00
13.5600      168.00
13.5800      166.00
13.6000      182.00
13.6200      147.00
13.6400      173.00
13.6600      158.00
13.6800      173.00
13.7000      175.00
13.7200      172.00
13.7400      171.00
13.7600      183.00
13.7800      184.00
13.8000      186.00
13.8200      225.00
13.8400      190.00
13.8600      187.00
13.8800      199.00
13.9000      201.00
13.9200      221.00
13.9400      213.00
13.9600      212.00
13.9800      214.00
14.0000      253.00
14.0200      271.00
14.0400      295.00
14.0600      275.00
14.0800      328.00
14.1000      372.00
14.1200      403.00
14.1400      473.00
14.1600      533.00
14.1800      544.00
14.2000      650.00
14.2200      631.00
14.2400      647.00
14.2600      636.00
14.2800      617.00
14.3000      658.00
14.3200      626.00
14.3400      578.00
14.3600      570.00
14.3800      552.00
14.4000      487.00
14.4200      490.00
14.4400      385.00
14.4600      404.00
14.4800      350.00
14.5000      364.00
14.5200      305.00
14.5400      283.00
14.5600      267.00
14.5800      246.00
14.6000      221.00
14.6200      210.00
14.6400      173.00
14.6600      237.00
14.6800      199.00
14.7000      180.00
14.7200      192.00
14.7400      215.00
14.7600      186.00
14.7800      181.00
14.8000      186.00
14.8200      205.00
14.8400      183.00
14.8600      175.00
14.8800      198.00
14.9000      169.00
14.9200      179.00
14.9400      181.00
14.9600      166.00
14.9800      165.00
15.0000      179.00
15.0200      182.00
15.0400      212.00
15.0600      191.00
15.0800      183.00
15.1000      194.00
15.1200      176.00
15.1400      195.00
15.1600      174.00
15.1800      163.00
15.2000      160.00
15.2200      204.00
15.2400      188.00
15.2600      172.00
15.2800      184.00
15.3000      186.00
15.3200      198.00
15.3400      175.00
15.3600      161.00
15.3800      169.00
15.4000      157.00
15.4200      173.00
15.4400      193.00
15.4600      164.00
15.4800      181.00
15.5000      196.00
15.5200      194.00
15.5400      175.00
15.5600      196.00
15.5800      169.00
15.6000      157.00
15.6200      187.00
15.6400      193.00
15.6600      205.00
15.6800      207.00
15.7000      202.00
15.7200      236.00
15.7400      243.00
15.7600      224.00
15.7800      215.00
15.8000      230.00
15.8200      243.00
15.8400      240.00
15.8600      260.00
15.8800      281.00
15.9000      288.00
15.9200      305.00
15.9400      350.00
15.9600      356.00
15.9800      359.00
16.0000      341.00
16.0200      318.00
16.0400      326.00
16.0600      319.00
16.0800      328.00
16.1000      328.00
16.1200      331.00
16.1400      334.00
16.1600      309.00
16.1800      320.00
16.2000      330.00
16.2200      355.00
16.2400      327.00
16.2600      320.00
16.2800      317.00
16.3000      352.00
16.3200      307.00
16.3400      294.00
16.3600      295.00
16.3800      305.00
16.4000      341.00
16.4200      387.00
16.4400      414.00
16.4600      419.00
16.4800      442.00
16.5000      460.00
16.5200      404.00
16.5400      424.00
16.5600      392.00
16.5800      424.00
16.6000      349.00
16.6200      329.00
16.6400      346.00
16.6600      291.00
16.6800      317.00
16.7000      281.00
16.7200      233.00
16.7400      247.00
16.7600      221.00
16.7800      225.00
16.8000      232.00
16.8200      221.00
16.8400      232.00
16.8600      232.00
16.8800      258.00
16.9000      269.00
16.9200      259.00
16.9400      291.00
16.9600      298.00
16.9800      322.00
17.0000      349.00
17.0200      340.00
17.0400      428.00
17.0600      407.00
17.0800      458.00
17.1000      430.00
17.1200      471.00
17.1400      421.00
17.1600      444.00
17.1800      449.00
17.2000      405.00
17.2200      404.00
17.2400      385.00
17.2600      387.00
17.2800      402.00
17.3000      392.00
17.3200      412.00
17.3400      461.00
17.3600      496.00
17.3800      545.00
17.4000      625.00
17.4200      757.00
17.4400      815.00
17.4600      910.00
17.4800     1039.00
17.5000     1158.00
17.5200     1222.00
17.5400     1357.00
17.5600     1499.00
17.5800     1558.00
17.6000     1572.00
17.6200     1601.00
17.6400     1516.00
17.6600     1419.00
17.6800     1306.00
17.7000     1108.00
17.7200     1055.00
17.7400      869.00
17.7600      824.00
17.7800      717.00
17.8000      643.00
17.8200      548.00
17.8400      491.00
17.8600      447.00
17.8800      386.00
17.9000      379.00
17.9200      400.00
17.9400      385.00
17.9600      340.00
17.9800      297.00
18.0000      323.00
18.0200      263.00
18.0400      287.00
18.0600      291.00
18.0800      262.00
18.1000      249.00
18.1200      241.00
18.1400      273.00
18.1600      253.00
18.1800      278.00
18.2000      254.00
18.2200      257.00
18.2400      244.00
18.2600      300.00
18.2800      331.00
18.3000      369.00
18.3200      363.00
18.3400      430.00
18.3600      455.00
18.3800      524.00
18.4000      582.00
18.4200      648.00
18.4400      639.00
18.4600      654.00
18.4800      666.00
18.5000      640.00
18.5200      587.00
18.5400      541.00
18.5600      510.00
18.5800      443.00
18.6000      408.00
18.6200      413.00
18.6400      348.00
18.6600      365.00
18.6800      347.00
18.7000      358.00
18.7200      312.00
18.7400      299.00
18.7600      327.00
18.7800      314.00
18.8000      308.00
18.8200      275.00
18.8400      258.00
18.8600      273.00
18.8800      266.00
18.9000      288.00
18.9200      260.00
18.9400      257.00
18.9600      291.00
18.9800      242.00
19.0000      274.00
19.0200      262.00
19.0400      296.00
19.0600      267.00
19.0800      252.00
19.1000      240.00
19.1200      287.00
19.1400      301.00
19.1600      282.00
19.1800      330.00
19.2000      323.00
19.2200      313.00
19.2400      305.00
19.2600      298.00
19.2800      289.00
19.3000      303.00
19.3200      286.00
19.3400      290.00
19.3600      264.00
19.3800      255.00
19.4000      285.00
19.4200      316.00
19.4400      302.00
19.4600      346.00
19.4800      364.00
19.5000      404.00
19.5200      471.00
19.5400      559.00
19.5600      635.00
19.5800      685.00
19.6000      839.00
19.6200      960.00
19.6400      999.00
19.6600     1100.00
19.6800     1124.00
19.7000     1173.00
19.7200     1156.00
19.7400     1083.00
19.7600     1134.00
19.7800     1037.00
19.8000      968.00
19.8200      797.00
19.8400      739.00
19.8600      676.00
19.8800      629.00
19.9000      512.00
19.9200      473.00
19.9400      434.00
19.9600      337.00
19.9800      340.00
20.0000      341.00
20.0200      308.00
20.0400      288.00
20.0600      263.00
20.0800      239.00
20.1000      257.00
20.1200      233.00
20.1400      226.00
20.1600      215.00
20.1800      245.00
20.2000      196.00
20.2200      216.00
20.2400      223.00
20.2600      214.00
20.2800      203.00
20.3000      215.00
20.3200      230.00
20.3400      215.00
20.3600      229.00
20.3800      194.00
20.4000      251.00
20.4200      224.00
20.4400      263.00
20.4600      239.00
20.4800      217.00
20.5000      290.00
20.5200      275.00
20.5400      350.00
20.5600      378.00
20.5800      389.00
20.6000      427.00
20.6200      483.00
20.6400      510.00
20.6600      476.00
20.6800      562.00
20.7000      590.00
20.7200      575.00
20.7400      562.00
20.7600      586.00
20.7800      575.00
20.8000      602.00
20.8200      638.00
20.8400      684.00
20.8600      694.00
20.8800      861.00
20.9000      940.00
20.9200     1033.00
20.9400     1138.00
20.9600     1295.00
20.9800     1452.00
21.0000     1646.00
21.0200     1791.00
21.0400     1821.00
21.0600     1966.00
21.0800     1912.00
21.1000     1946.00
21.1200     1834.00
21.1400     1641.00
21.1600     1539.00
21.1800     1423.00
21.2000     1257.00
21.2200     1067.00
21.2400      963.00
21.2600      780.00
21.2800      685.00
21.3000      557.00
21.3200      487.00
21.3400      388.00
21.3600      333.00
21.3800      313.00
21.4000      290.00
21.4200      227.00
21.4400      258.00
21.4600      254.00
21.4800      212.00
21.5000      192.00
21.5200      222.00
21.5400      196.00
21.5600      179.00
21.5800      215.00
21.6000      202.00
21.6200      218.00
21.6400      196.00
21.6600      167.00
21.6800      182.00
21.7000      167.00
21.7200      177.00
21.7400      190.00
21.7600      207.00
21.7800      201.00
21.8000      202.00
21.8200      196.00
21.8400      196.00
21.8600      191.00
21.8800      199.00
21.9000      208.00
21.9200      183.00
21.9400      192.00
21.9600      198.00
21.9800      206.00
22.0000      217.00
22.0200      230.00
22.0400      250.00
22.0600      220.00
22.0800      225.00
22.1000      258.00
22.1200      269.00
22.1400      252.00
22.1600      269.00
22.1800      280.00
22.2000      315.00
22.2200      323.00
22.2400      334.00
22.2600      324.00
22.2800      353.00
22.3000      401.00
22.3200      372.00
22.3400      388.00
22.3600      367.00
22.3800      362.00
22.4000      452.00
22.4200      413.00
22.4400      410.00
22.4600      414.00
22.4800      449.00
22.5000      432.00
22.5200      474.00
22.5400      566.00
22.5600      666.00
22.5800      702.00
22.6000      720.00
22.6200      752.00
22.6400      751.00
22.6600      746.00
22.6800      683.00
22.7000      735.00
22.7200      646.00
22.7400      593.00
22.7600      562.00
22.7800      540.00
22.8000      450.00
22.8200      458.00
22.8400      398.00
22.8600      375.00
22.8800      387.00
22.9000      421.00
22.9200      395.00
22.9400      446.00
22.9600      411.00
22.9800      433.00
23.0000      423.00
23.0200      443.00
23.0400      464.00
23.0600      496.00
23.0800      507.00
23.1000      577.00
23.1200      563.00
23.1400      539.00
23.1600      573.00
23.1800      541.00
23.2000      535.00
23.2200      554.00
23.2400      538.00
23.2600      443.00
23.2800      450.00
23.3000      492.00
23.3200      442.00
23.3400      517.00
23.3600      501.00
23.3800      531.00
23.4000      552.00
23.4200      593.00
23.4400      603.00
23.4600      524.00
23.4800      525.00
23.5000      478.00
23.5200      480.00
23.5400      392.00
23.5600      377.00
23.5800      367.00
23.6000      351.00
23.6200      265.00
23.6400      312.00
23.6600      255.00
23.6800      253.00
23.7000      214.00
23.7200      233.00
23.7400      229.00
23.7600      245.00
23.7800      218.00
23.8000      230.00
23.8200      224.00
23.8400      257.00
23.8600      260.00
23.8800      271.00
23.9000      265.00
23.9200      277.00
23.9400      283.00
23.9600      319.00
23.9800      345.00
24.0000      363.00
24.0200      424.00
24.0400      420.00
24.0600      514.00
24.0800      546.00
24.1000      523.00
24.1200      583.00
24.1400      569.00
24.1600      561.00
24.1800      525.00
24.2000      549.00
24.2200      532.00
24.2400      529.00
24.2600      508.00
24.2800      535.00
24.3000      525.00
24.3200      627.00
24.3400      658.00
24.3600      681.00
24.3800      786.00
24.4000      800.00
24.4200      770.00
24.4400      717.00
24.4600      655.00
24.4800      617.00
24.5000      614.00
24.5200      556.00
24.5400      470.00
24.5600      460.00
24.5800      406.00
24.6000      332.00
24.6200      317.00
24.6400      286.00
24.6600      296.00
24.6800      256.00
24.7000      268.00
24.7200      274.00
24.7400      262.00
24.7600      262.00
24.7800      261.00
24.8000      307.00
24.8200      357.00
24.8400      340.00
24.8600      425.00
24.8800      480.00
24.9000      479.00
24.9200      560.00
24.9400      582.00
24.9600      589.00
24.9800      577.00
25.0000      517.00
25.0200      546.00
25.0400      512.00
25.0600      478.00
25.0800      423.00
25.1000      403.00
25.1200      340.00
25.1400      297.00
25.1600      309.00
25.1800      257.00
25.2000      232.00
25.2200      222.00
25.2400      208.00
25.2600      200.00
25.2800      203.00
25.3000      172.00
25.3200      186.00
25.3400      181.00
25.3600      183.00
25.3800      172.00
25.4000      177.00
25.4200      155.00
25.4400      180.00
25.4600      180.00
25.4800      176.00
25.5000      154.00
25.5200      193.00
25.5400      154.00
25.5600      142.00
25.5800      157.00
25.6000      173.00
25.6200      150.00
25.6400      157.00
25.6600      159.00
25.6800      147.00
25.7000      156.00
25.7200      157.00
25.7400      162.00
25.7600      182.00
25.7800      169.00
25.8000      152.00
25.8200      160.00
25.8400      172.00
25.8600      184.00
25.8800      195.00
25.9000      222.00
25.9200      213.00
25.9400      212.00
25.9600      228.00
25.9800      258.00
26.0000      261.00
26.0200      272.00
26.0400      275.00
26.0600      277.00
26.0800      334.00
26.1000      338.00
26.1200      341.00
26.1400      347.00
26.1600      371.00
26.1800      385.00
26.2000      404.00
26.2200      381.00
26.2400      417.00
26.2600      436.00
26.2800      445.00
26.3000      426.00
26.3200      444.00
26.3400      395.00
26.3600      400.00
26.3800      397.00
26.4000      339.00
26.4200      355.00
26.4400      385.00
26.4600      350.00
26.4800      379.00
26.5000      386.00
26.5200      357.00
26.5400      372.00
26.5600      341.00
26.5800      311.00
26.6000      267.00
26.6200      276.00
26.6400      281.00
26.6600      216.00
26.6800      184.00
26.7000      203.00
26.7200      198.00
26.7400      185.00
26.7600      170.00
26.7800      169.00
26.8000      160.00
26.8200      172.00
26.8400      158.00
26.8600      147.00
26.8800      185.00
26.9000      152.00
26.9200      184.00
26.9400      180.00
26.9600      173.00
26.9800      180.00
27.0000      178.00
27.0200      217.00
27.0400      157.00
27.0600      195.00
27.0800      204.00
27.1000      158.00
27.1200      203.00
27.1400      200.00
27.1600      174.00
27.1800      183.00
27.2000      188.00
27.2200      218.00
27.2400      221.00
27.2600      202.00
27.2800      235.00
27.3000      241.00
27.3200      257.00
27.3400      259.00
27.3600      267.00
27.3800      267.00
27.4000      258.00
27.4200      264.00
27.4400      276.00
27.4600      276.00
27.4800      264.00
27.5000      292.00
27.5200      278.00
27.5400      320.00
27.5600      335.00
27.5800      373.00
27.6000      380.00
27.6200      403.00
27.6400      432.00
27.6600      450.00
27.6800      431.00
27.7000      431.00
27.7200      420.00
27.7400      407.00
27.7600      414.00
27.7800      363.00
27.8000      356.00
27.8200      336.00
27.8400      325.00
27.8600      319.00
27.8800      267.00
27.9000      308.00
27.9200      258.00
27.9400      240.00
27.9600      252.00
27.9800      223.00
28.0000      254.00
28.0200      239.00
28.0400      225.00
28.0600      250.00
28.0800      218.00
28.1000      234.00
28.1200      215.00
28.1400      197.00
28.1600      178.00
28.1800      208.00
28.2000      201.00
28.2200      219.00
28.2400      209.00
28.2600      208.00
28.2800      230.00
28.3000      244.00
28.3200      266.00
28.3400      298.00
28.3600      359.00
28.3800      380.00
28.4000      476.00
28.4200      554.00
28.4400      594.00
28.4600      630.00
28.4800      712.00
28.5000      748.00
28.5200      779.00
28.5400      823.00
28.5600      814.00
28.5800      744.00
28.6000      714.00
28.6200      725.00
28.6400      639.00
28.6600      581.00
28.6800      530.00
28.7000      446.00
28.7200      428.00
28.7400      443.00
28.7600      405.00
28.7800      396.00
28.8000      403.00
28.8200      370.00
28.8400      338.00
28.8600      356.00
28.8800      342.00
28.9000      306.00
28.9200      280.00
28.9400      271.00
28.9600      286.00
28.9800      280.00
29.0000      247.00
29.0200      280.00
29.0400      296.00
29.0600      278.00
29.0800      256.00
29.1000      277.00
29.1200      318.00
29.1400      298.00
29.1600      328.00
29.1800      366.00
29.2000      363.00
29.2200      386.00
29.2400      355.00
29.2600      371.00
29.2800      343.00
29.3000      345.00
29.3200      341.00
29.3400      351.00
29.3600      324.00
29.3800      373.00
29.4000      395.00
29.4200      355.00
29.4400      419.00
29.4600      415.00
29.4800      446.00
29.5000      401.00
29.5200      386.00
29.5400      366.00
29.5600      379.00
29.5800      382.00
29.6000      323.00
29.6200      282.00
29.6400      245.00
29.6600      244.00
29.6800      239.00
29.7000      203.00
29.7200      194.00
29.7400      201.00
29.7600      167.00
29.7800      187.00
29.8000      163.00
29.8200      166.00
29.8400      133.00
29.8600      166.00
29.8800      150.00
29.9000      160.00
29.9200      156.00
29.9400      171.00
29.9600      171.00
29.9800      163.00
30.0000      203.00
30.0200      189.00
30.0400      207.00
30.0600      240.00
30.0800      223.00
30.1000      251.00
30.1200      266.00
30.1400      271.00
30.1600      293.00
30.1800      283.00
30.2000      292.00
30.2200      289.00
30.2400      292.00
30.2600      280.00
30.2800      274.00
30.3000      247.00
30.3200      270.00
30.3400      243.00
30.3600      236.00
30.3800      254.00
30.4000      208.00
30.4200      207.00
30.4400      199.00
30.4600      206.00
30.4800      187.00
30.5000      166.00
30.5200      170.00
30.5400      152.00
30.5600      169.00
30.5800      172.00
30.6000      157.00
30.6200      179.00
30.6400      178.00
30.6600      163.00
30.6800      180.00
30.7000      180.00
30.7200      173.00
30.7400      174.00
30.7600      160.00
30.7800      182.00
30.8000      177.00
30.8200      151.00
30.8400      181.00
30.8600      164.00
30.8800      146.00
30.9000      164.00
30.9200      129.00
30.9400      166.00
30.9600      146.00
30.9800      159.00
31.0000      173.00
31.0200      191.00
31.0400      170.00
31.0600      166.00
31.0800      164.00
31.1000      148.00
31.1200      151.00
31.1400      171.00
31.1600      146.00
31.1800      115.00
31.2000      130.00
31.2200      152.00
31.2400      134.00
31.2600      125.00
31.2800      124.00
31.3000      150.00
31.3200      131.00
31.3400      129.00
31.3600      136.00
31.3800      114.00
31.4000      127.00
31.4200      129.00
31.4400      125.00
31.4600      145.00
31.4800      154.00
31.5000      139.00
31.5200      183.00
31.5400      162.00
31.5600      170.00
31.5800      173.00
31.6000      170.00
31.6200      150.00
31.6400      174.00
31.6600      176.00
31.6800      175.00
31.7000      164.00
31.7200      157.00
31.7400      154.00
31.7600      147.00
31.7800      135.00
31.8000      162.00
31.8200      149.00
31.8400      161.00
31.8600      144.00
31.8800      175.00
31.9000      163.00
31.9200      147.00
31.9400      182.00
31.9600      165.00
31.9800      155.00
32.0000      192.00
32.0200      183.00
32.0400      194.00
32.0600      232.00
32.0800      222.00
32.1000      236.00
32.1200      205.00
32.1400      235.00
32.1600      237.00
32.1800      235.00
32.2000      223.00
32.2200      245.00
32.2400      223.00
32.2600      236.00
32.2800      224.00
32.3000      231.00
32.3200      224.00
32.3400      191.00
32.3600      232.00
32.3800      224.00
32.4000      258.00
32.4200      229.00
32.4400      215.00
32.4600      211.00
32.4800      236.00
32.5000      225.00
32.5200      240.00
32.5400      251.00
32.5600      247.00
32.5800      294.00
32.6000      268.00
32.6200      273.00
32.6400      245.00
32.6600      253.00
32.6800      221.00
32.7000      260.00
32.7200      218.00
32.7400      261.00
32.7600      239.00
32.7800      227.00
32.8000      223.00
32.8200      215.00
32.8400      194.00
32.8600      213.00
32.8800      183.00
32.9000      188.00
32.9200      176.00
32.9400      204.00
32.9600      218.00
32.9800      196.00
33.0000      164.00
33.0200      173.00
33.0400      182.00
33.0600      172.00
33.0800      179.00
33.1000      190.00
33.1200      195.00
33.1400      227.00
33.1600      209.00
33.1800      195.00
33.2000      208.00
33.2200      234.00
33.2400      245.00
33.2600      271.00
33.2800      268.00
33.3000      253.00
33.3200      276.00
33.3400      274.00
33.3600      262.00
33.3800      257.00
33.4000      247.00
33.4200      248.00
33.4400      265.00
33.4600      258.00
33.4800      211.00
33.5000      255.00
33.5200      239.00
33.5400      220.00
33.5600      201.00
33.5800      191.00
33.6000      160.00
33.6200      165.00
33.6400      172.00
33.6600      144.00
33.6800      154.00
33.7000      143.00
33.7200      132.00
33.7400      132.00
33.7600      140.00
33.7800      144.00
33.8000      137.00
33.8200      138.00
33.8400      139.00
33.8600      121.00
33.8800      107.00
33.9000      141.00
33.9200      135.00
33.9400      155.00
33.9600      126.00
33.9800      126.00
34.0000      130.00
34.0200      154.00
34.0400      157.00
34.0600      143.00
34.0800      159.00
34.1000      159.00
34.1200      169.00
34.1400      182.00
34.1600      221.00
34.1800      217.00
34.2000      230.00
34.2200      235.00
34.2400      214.00
34.2600      229.00
34.2800      220.00
34.3000      218.00
34.3200      191.00
34.3400      189.00
34.3600      172.00
34.3800      170.00
34.4000      158.00
34.4200      152.00
34.4400      145.00
34.4600      138.00
34.4800      134.00
34.5000      128.00
34.5200      132.00
34.5400      125.00
34.5600      156.00
34.5800      129.00
34.6000      109.00
34.6200      141.00
34.6400      132.00
34.6600      153.00
34.6800      119.00
34.7000      127.00
34.7200      102.00
34.7400      125.00
34.7600      141.00
34.7800      135.00
34.8000      134.00
34.8200      138.00
34.8400      127.00
34.8600      153.00
34.8800      137.00
34.9000      137.00
34.9200      117.00
34.9400      147.00
34.9600      160.00
34.9800      159.00
35.0000      150.00
