 2.1300      449.00
 2.1500      464.00
 2.1700      467.00
 2.1900      416.00
 2.2100      469.00
 2.2300      445.00
 2.2500      421.00
 2.2700      432.00
 2.2900      406.00
 2.3100      425.00
 2.3300      427.00
 2.3500      393.00
 2.3700      398.00
 2.3900      403.00
 2.4100      373.00
 2.4300      403.00
 2.4500      355.00
 2.4700      358.00
 2.4900      396.00
 2.5100      413.00
 2.5300      365.00
 2.5500      368.00
 2.5700      400.00
 2.5900      392.00
 2.6100      378.00
 2.6300      350.00
 2.6500      377.00
 2.6700      393.00
 2.6900      388.00
 2.7100      406.00
 2.7300      343.00
 2.7500      354.00
 2.7700      346.00
 2.7900      326.00
 2.8100      370.00
 2.8300      399.00
 2.8500      354.00
 2.8700      389.00
 2.8900      350.00
 2.9100      394.00
 2.9300      336.00
 2.9500      351.00
 2.9700      363.00
 2.9900      349.00
 3.0100      365.00
 3.0300      341.00
 3.0500      342.00
 3.0700      311.00
 3.0900      341.00
 3.1100      331.00
 3.1300      343.00
 3.1500      332.00
 3.1700      344.00
 3.1900      351.00
 3.2100      308.00
 3.2300      329.00
 3.2500      339.00
 3.2700      308.00
 3.2900      360.00
 3.3100      345.00
 3.3300      310.00
 3.3500      314.00
 3.3700      326.00
 3.3900      342.00
 3.4100      308.00
 3.4300      335.00
 3.4500      294.00
 3.4700      296.00
 3.4900      314.00
 3.5100      321.00
 3.5300      312.00
 3.5500      323.00
 3.5700      298.00
 3.5900      301.00
 3.6100      331.00
 3.6300      280.00
 3.6500      307.00
 3.6700      307.00
 3.6900      280.00
 3.7100      297.00
 3.7300      312.00
 3.7500      282.00
 3.7700      294.00
 3.7900      278.00
 3.8100      282.00
 3.8300      244.00
 3.8500      278.00
 3.8700      312.00
 3.8900      306.00
 3.9100      256.00
 3.9300      293.00
 3.9500      267.00
 3.9700      266.00
 3.9900      252.00
 4.0100      264.00
 4.0300      256.00
 4.0500      248.00
 4.0700      258.00
 4.0900      257.00
 4.1100      280.00
 4.1300      291.00
 4.1500      235.00
 4.1700      232.00
 4.1900      259.00
 4.2100      223.00
 4.2300      222.00
 4.2500      219.00
 4.2700      264.00
 4.2900      259.00
 4.3100      256.00
 4.3300      246.00
 4.3500      275.00
 4.3700      267.00
 4.3900      264.00
 4.4100      245.00
 4.4300      248.00
 4.4500      261.00
 4.4700      254.00
 4.4900      241.00
 4.5100      229.00
 4.5300      224.00
 4.5500      221.00
 4.5700      253.00
 4.5900      244.00
 4.6100      262.00
 4.6300      263.00
 4.6500      290.00
 4.6700      242.00
 4.6900      280.00
 4.7100      315.00
 4.7300      260.00
 4.7500      258.00
 4.7700      253.00
 4.7900      248.00
 4.8100      249.00
 4.8300      202.00
 4.8500      206.00
 4.8700      229.00
 4.8900      243.00
 4.9100      231.00
 4.9300      203.00
 4.9500      219.00
 4.9700      202.00
 4.9900      234.00
 5.0100      199.00
 5.0300      223.00
 5.0500      214.00
 5.0700      259.00
 5.0900      216.00
 5.1100      252.00
 5.1300      279.00
 5.1500      244.00
 5.1700      223.00
 5.1900      247.00
 5.2100      246.00
 5.2300      249.00
 5.2500      231.00
 5.2700      289.00
 5.2900      228.00
 5.3100      285.00
 5.3300      249.00
 5.3500      263.00
 5.3700      265.00
 5.3900      241.00
 5.4100      294.00
 5.4300      264.00
 5.4500      306.00
 5.4700      268.00
 5.4900      309.00
 5.5100      308.00
 5.5300      335.00
 5.5500      310.00
 5.5700      357.00
 5.5900      395.00
 5.6100      368.00
 5.6300      410.00
 5.6500      433.00
 5.6700      447.00
 5.6900      463.00
 5.7100      425.00
 5.7300      495.00
 5.7500      506.00
 5.7700      576.00
 5.7900      598.00
 5.8100      554.00
 5.8300      647.00
 5.8500      666.00
 5.8700      709.00
 5.8900      796.00
 5.9100      834.00
 5.9300      920.00
 5.9500     1007.00
 5.9700      996.00
 5.9900     1164.00
 6.0100     1295.00
 6.0300     1445.00
 6.0500     1565.00
 6.0700     1802.00
 6.0900     1905.00
 6.1100     2049.00
 6.1300     2416.00
 6.1500     2701.00
 6.1700     2910.00
 6.1900     3294.00
 6.2100     3567.00
 6.2300     3605.00
 6.2500     3674.00
 6.2700     3534.00
 6.2900     3234.00
 6.3100     2732.00
 6.3300     2205.00
 6.3500     1685.00
 6.3700     1266.00
 6.3900      977.00
 6.4100      718.00
 6.4300      556.00
 6.4500      496.00
 6.4700      420.00
 6.4900      382.00
 6.5100      336.00
 6.5300      327.00
 6.5500      270.00
 6.5700      352.00
 6.5900      284.00
 6.6100      277.00
 6.6300      254.00
 6.6500      273.00
 6.6700      272.00
 6.6900      274.00
 6.7100      278.00
 6.7300      259.00
 6.7500      271.00
 6.7700      257.00
 6.7900      244.00
 6.8100      268.00
 6.8300      213.00
 6.8500      252.00
 6.8700      262.00
 6.8900      239.00
 6.9100      228.00
 6.9300      217.00
 6.9500      258.00
 6.9700      204.00
 6.9900      229.00
 7.0100      241.00
 7.0300      252.00
 7.0500      242.00
 7.0700      247.00
 7.0900      213.00
 7.1100      214.00
 7.1300      223.00
 7.1500      213.00
 7.1700      234.00
 7.1900      204.00
 7.2100      240.00
 7.2300      227.00
 7.2500      222.00
 7.2700      186.00
 7.2900      228.00
 7.3100      212.00
 7.3300      222.00
 7.3500      218.00
 7.3700      207.00
 7.3900      201.00
 7.4100      178.00
 7.4300      183.00
 7.4500      199.00
 7.4700      205.00
 7.4900      220.00
 7.5100      191.00
 7.5300      203.00
 7.5500      201.00
 7.5700      178.00
 7.5900      213.00
 7.6100      195.00
 7.6300      211.00
 7.6500      203.00
 7.6700      194.00
 7.6900      192.00
 7.7100      173.00
 7.7300      187.00
 7.7500      177.00
 7.7700      207.00
 7.7900      189.00
 7.8100      219.00
 7.8300      184.00
 7.8500      202.00
 7.8700      178.00
 7.8900      177.00
 7.9100      200.00
 7.9300      184.00
 7.9500      177.00
 7.9700      204.00
 7.9900      179.00
 8.0100      174.00
 8.0300      199.00
 8.0500      177.00
 8.0700      203.00
 8.0900      173.00
 8.1100      206.00
 8.1300      186.00
 8.1500      154.00
 8.1700      222.00
 8.1900      208.00
 8.2100      188.00
 8.2300      197.00
 8.2500      171.00
 8.2700      173.00
 8.2900      186.00
 8.3100      191.00
 8.3300      168.00
 8.3500      180.00
 8.3700      162.00
 8.3900      207.00
 8.4100      193.00
 8.4300      174.00
 8.4500      173.00
 8.4700      207.00
 8.4900      194.00
 8.5100      184.00
 8.5300      204.00
 8.5500      199.00
 8.5700      196.00
 8.5900      172.00
 8.6100      195.00
 8.6300      187.00
 8.6500      174.00
 8.6700      201.00
 8.6900      190.00
 8.7100      172.00
 8.7300      210.00
 8.7500      175.00
 8.7700      192.00
 8.7900      169.00
 8.8100      184.00
 8.8300      197.00
 8.8500      182.00
 8.8700      197.00
 8.8900      221.00
 8.9100      185.00
 8.9300      206.00
 8.9500      217.00
 8.9700      194.00
 8.9900      208.00
 9.0100      177.00
 9.0300      202.00
 9.0500      212.00
 9.0700      222.00
 9.0900      250.00
 9.1100      248.00
 9.1300      258.00
 9.1500      236.00
 9.1700      251.00
 9.1900      284.00
 9.2100      273.00
 9.2300      238.00
 9.2500      255.00
 9.2700      248.00
 9.2900      264.00
 9.3100      244.00
 9.3300      242.00
 9.3500      258.00
 9.3700      265.00
 9.3900      277.00
 9.4100      357.00
 9.4300      305.00
 9.4500      340.00
 9.4700      372.00
 9.4900      341.00
 9.5100      319.00
 9.5300      350.00
 9.5500      323.00
 9.5700      304.00
 9.5900      255.00
 9.6100      263.00
 9.6300      251.00
 9.6500      246.00
 9.6700      209.00
 9.6900      225.00
 9.7100      251.00
 9.7300      211.00
 9.7500      197.00
 9.7700      200.00
 9.7900      214.00
 9.8100      247.00
 9.8300      212.00
 9.8500      220.00
 9.8700      225.00
 9.8900      245.00
 9.9100      254.00
 9.9300      262.00
 9.9500      264.00
 9.9700      261.00
 9.9900      272.00
10.0100      269.00
10.0300      243.00
10.0500      202.00
10.0700      215.00
10.0900      231.00
10.1100      227.00
10.1300      195.00
10.1500      205.00
10.1700      190.00
10.1900      200.00
10.2100      204.00
10.2300      194.00
10.2500      190.00
10.2700      216.00
10.2900      200.00
10.3100      193.00
10.3300      202.00
10.3500      217.00
10.3700      224.00
10.3900      204.00
10.4100      227.00
10.4300      215.00
10.4500      242.00
10.4700      271.00
10.4900      253.00
10.5100      304.00
10.5300      274.00
10.5500      286.00
10.5700      312.00
10.5900      285.00
10.6100      335.00
10.6300      353.00
10.6500      421.00
10.6700      414.00
10.6900      503.00
10.7100      521.00
10.7300      543.00
10.7500      583.00
10.7700      593.00
10.7900      646.00
10.8100      697.00
10.8300      619.00
10.8500      587.00
10.8700      509.00
10.8900      506.00
10.9100      404.00
10.9300      355.00
10.9500      358.00
10.9700      319.00
10.9900      316.00
11.0100      283.00
11.0300      281.00
11.0500      285.00
11.0700      276.00
11.0900      243.00
11.1100      272.00
11.1300      264.00
11.1500      275.00
11.1700      277.00
11.1900      262.00
11.2100      302.00
11.2300      280.00
11.2500      260.00
11.2700      268.00
11.2900      268.00
11.3100      272.00
11.3300      273.00
11.3500      299.00
11.3700      266.00
11.3900      295.00
11.4100      300.00
11.4300      308.00
11.4500      319.00
11.4700      323.00
11.4900      385.00
11.5100      414.00
11.5300      461.00
11.5500      396.00
11.5700      482.00
11.5900      508.00
11.6100      494.00
11.6300      449.00
11.6500      410.00
11.6700      447.00
11.6900      374.00
11.7100      365.00
11.7300      302.00
11.7500      300.00
11.7700      271.00
11.7900      289.00
11.8100      277.00
11.8300      309.00
11.8500      272.00
11.8700      281.00
11.8900      310.00
11.9100      320.00
11.9300      319.00
11.9500      354.00
11.9700      373.00
11.9900      399.00
12.0100      394.00
12.0300      429.00
12.0500      444.00
12.0700      420.00
12.0900      428.00
12.1100      399.00
12.1300      386.00
12.1500      386.00
12.1700      386.00
12.1900      337.00
12.2100      378.00
12.2300      341.00
12.2500      386.00
12.2700      432.00
12.2900      455.00
12.3100      486.00
12.3300      569.00
12.3500      615.00
12.3700      660.00
12.3900      811.00
12.4100      876.00
12.4300      993.00
12.4500     1100.00
12.4700     1333.00
12.4900     1302.00
12.5100     1445.00
12.5300     1529.00
12.5500     1454.00
12.5700     1362.00
12.5900     1279.00
12.6100     1173.00
12.6300      931.00
12.6500      804.00
12.6700      630.00
12.6900      454.00
12.7100      450.00
12.7300      387.00
12.7500      340.00
12.7700      305.00
12.7900      271.00
12.8100      258.00
12.8300      277.00
12.8500      257.00
12.8700      232.00
12.8900      240.00
12.9100      222.00
12.9300      237.00
12.9500      228.00
12.9700      230.00
12.9900      191.00
13.0100      218.00
13.0300      256.00
13.0500      210.00
13.0700      237.00
13.0900      240.00
13.1100      237.00
13.1300      212.00
13.1500      243.00
13.1700      223.00
13.1900      267.00
13.2100      255.00
13.2300      273.00
13.2500      251.00
13.2700      269.00
13.2900      227.00
13.3100      263.00
13.3300      249.00
13.3500      235.00
13.3700      239.00
13.3900      229.00
13.4100      225.00
13.4300      231.00
13.4500      257.00
13.4700      220.00
13.4900      228.00
13.5100      255.00
13.5300      252.00
13.5500      251.00
13.5700      262.00
13.5900      281.00
13.6100      292.00
13.6300      274.00
13.6500      241.00
13.6700      291.00
13.6900      264.00
13.7100      252.00
13.7300      246.00
13.7500      239.00
13.7700      257.00
13.7900      242.00
13.8100      253.00
13.8300      268.00
13.8500      247.00
13.8700      251.00
13.8900      267.00
13.9100      267.00
13.9300      278.00
13.9500      311.00
13.9700      317.00
13.9900      363.00
14.0100      371.00
14.0300      400.00
14.0500      415.00
14.0700      421.00
14.0900      507.00
14.1100      535.00
14.1300      557.00
14.1500      528.00
14.1700      534.00
14.1900      581.00
14.2100      559.00
14.2300      502.00
14.2500      470.00
14.2700      517.00
14.2900      412.00
14.3100      365.00
14.3300      330.00
14.3500      308.00
14.3700      274.00
14.3900      271.00
14.4100      249.00
14.4300      239.00
14.4500      260.00
14.4700      269.00
14.4900      261.00
14.5100      270.00
14.5300      280.00
14.5500      265.00
14.5700      308.00
14.5900      315.00
14.6100      363.00
14.6300      350.00
14.6500      411.00
14.6700      493.00
14.6900      469.00
14.7100      508.00
14.7300      581.00
14.7500      613.00
14.7700      629.00
14.7900      642.00
14.8100      631.00
14.8300      610.00
14.8500      496.00
14.8700      453.00
14.8900      378.00
14.9100      329.00
14.9300      310.00
14.9500      254.00
14.9700      255.00
14.9900      238.00
15.0100      221.00
15.0300      221.00
15.0500      234.00
15.0700      202.00
15.0900      207.00
15.1100      218.00
15.1300      227.00
15.1500      213.00
15.1700      212.00
15.1900      262.00
15.2100      207.00
15.2300      213.00
15.2500      198.00
15.2700      236.00
15.2900      246.00
15.3100      242.00
15.3300      242.00
15.3500      244.00
15.3700      242.00
15.3900      240.00
15.4100      237.00
15.4300      277.00
15.4500      287.00
15.4700      278.00
15.4900      313.00
15.5100      279.00
15.5300      298.00
15.5500      352.00
15.5700      340.00
15.5900      316.00
15.6100      341.00
15.6300      319.00
15.6500      340.00
15.6700      332.00
15.6900      308.00
15.7100      310.00
15.7300      319.00
15.7500      320.00
15.7700      291.00
15.7900      280.00
15.8100      294.00
15.8300      269.00
15.8500      243.00
15.8700      311.00
15.8900      270.00
15.9100      234.00
15.9300      221.00
15.9500      238.00
15.9700      268.00
15.9900      270.00
16.0100      253.00
16.0300      291.00
16.0500      243.00
16.0700      257.00
16.0900      255.00
16.1100      242.00
16.1300      285.00
16.1500      288.00
16.1700      305.00
16.1900      335.00
16.2100      301.00
16.2300      333.00
16.2500      357.00
16.2700      380.00
16.2900      384.00
16.3100      428.00
16.3300      400.00
16.3500      369.00
16.3700      391.00
16.3900      373.00
16.4100      324.00
16.4300      344.00
16.4500      347.00
16.4700      317.00
16.4900      282.00
16.5100      250.00
16.5300      255.00
16.5500      272.00
16.5700      288.00
16.5900      300.00
16.6100      312.00
16.6300      306.00
16.6500      293.00
16.6700      325.00
16.6900      294.00
16.7100      342.00
16.7300      305.00
16.7500      296.00
16.7700      328.00
16.7900      293.00
16.8100      337.00
16.8300      326.00
16.8500      350.00
16.8700      348.00
16.8900      359.00
16.9100      356.00
16.9300      370.00
16.9500      427.00
16.9700      377.00
16.9900      416.00
17.0100      423.00
17.0300      412.00
17.0500      448.00
17.0700      459.00
17.0900      466.00
17.1100      555.00
17.1300      527.00
17.1500      581.00
17.1700      604.00
17.1900      617.00
17.2100      699.00
17.2300      721.00
17.2500      751.00
17.2700      806.00
17.2900      903.00
17.3100      867.00
17.3300      909.00
17.3500      926.00
17.3700      815.00
17.3900      824.00
17.4100      836.00
17.4300      768.00
17.4500      730.00
17.4700      725.00
17.4900      739.00
17.5100      752.00
17.5300      738.00
17.5500      701.00
17.5700      671.00
17.5900      659.00
17.6100      634.00
17.6300      620.00
17.6500      597.00
17.6700      553.00
17.6900      518.00
17.7100      450.00
17.7300      395.00
17.7500      394.00
17.7700      370.00
17.7900      312.00
17.8100      295.00
17.8300      316.00
17.8500      275.00
17.8700      306.00
17.8900      283.00
17.9100      260.00
17.9300      301.00
17.9500      285.00
17.9700      276.00
17.9900      318.00
18.0100      318.00
18.0300      340.00
18.0500      360.00
18.0700      361.00
18.0900      394.00
18.1100      405.00
18.1300      415.00
18.1500      435.00
18.1700      429.00
18.1900      495.00
18.2100      452.00
18.2300      518.00
18.2500      539.00
18.2700      562.00
18.2900      611.00
18.3100      684.00
18.3300      748.00
18.3500      856.00
18.3700      917.00
18.3900      998.00
18.4100     1079.00
18.4300     1179.00
18.4500     1159.00
18.4700     1185.00
18.4900     1133.00
18.5100     1113.00
18.5300      990.00
18.5500      882.00
18.5700      760.00
18.5900      662.00
18.6100      532.00
18.6300      480.00
18.6500      396.00
18.6700      380.00
18.6900      372.00
18.7100      405.00
18.7300      385.00
18.7500      416.00
18.7700      458.00
18.7900      447.00
18.8100      498.00
18.8300      472.00
18.8500      506.00
18.8700      549.00
18.8900      541.00
18.9100      529.00
18.9300      514.00
18.9500      526.00
18.9700      452.00
18.9900      464.00
19.0100      412.00
19.0300      420.00
19.0500      391.00
19.0700      431.00
19.0900      408.00
19.1100      440.00
19.1300      480.00
19.1500      497.00
19.1700      521.00
19.1900      567.00
19.2100      613.00
19.2300      682.00
19.2500      741.00
19.2700      749.00
19.2900      729.00
19.3100      735.00
19.3300      692.00
19.3500      691.00
19.3700      666.00
19.3900      707.00
19.4100      612.00
19.4300      591.00
19.4500      615.00
19.4700      594.00
19.4900      621.00
19.5100      669.00
19.5300      620.00
19.5500      643.00
19.5700      623.00
19.5900      592.00
19.6100      610.00
19.6300      581.00
19.6500      551.00
19.6700      514.00
19.6900      494.00
19.7100      473.00
19.7300      410.00
19.7500      411.00
19.7700      376.00
19.7900      395.00
19.8100      343.00
19.8300      348.00
19.8500      341.00
19.8700      319.00
19.8900      252.00
19.9100      298.00
19.9300      267.00
19.9500      292.00
19.9700      302.00
19.9900      299.00
20.0100      323.00
20.0300      314.00
20.0500      321.00
20.0700      319.00
20.0900      328.00
20.1100      348.00
20.1300      310.00
20.1500      316.00
20.1700      299.00
20.1900      302.00
20.2100      248.00
20.2300      255.00
20.2500      286.00
20.2700      289.00
20.2900      281.00
20.3100      303.00
20.3300      294.00
20.3500      316.00
20.3700      318.00
20.3900      308.00
20.4100      336.00
20.4300      338.00
20.4500      407.00
20.4700      388.00
20.4900      413.00
20.5100      383.00
20.5300      435.00
20.5500      419.00
20.5700      431.00
20.5900      427.00
20.6100      435.00
20.6300      416.00
20.6500      399.00
20.6700      386.00
20.6900      344.00
20.7100      348.00
20.7300      362.00
20.7500      390.00
20.7700      396.00
20.7900      426.00
20.8100      423.00
20.8300      494.00
20.8500      495.00
20.8700      548.00
20.8900      595.00
20.9100      656.00
20.9300      700.00
20.9500      637.00
20.9700      727.00
20.9900      687.00
21.0100      679.00
21.0300      601.00
21.0500      549.00
21.0700      586.00
21.0900      572.00
21.1100      528.00
21.1300      539.00
21.1500      556.00
21.1700      608.00
21.1900      626.00
21.2100      595.00
21.2300      585.00
21.2500      582.00
21.2700      546.00
21.2900      523.00
21.3100      511.00
21.3300      517.00
21.3500      485.00
21.3700      512.00
21.3900      466.00
21.4100      543.00
21.4300      565.00
21.4500      547.00
21.4700      577.00
21.4900      595.00
21.5100      534.00
21.5300      528.00
21.5500      467.00
21.5700      477.00
21.5900      416.00
21.6100      406.00
21.6300      358.00
21.6500      340.00
21.6700      357.00
21.6900      347.00
21.7100      343.00
21.7300      308.00
21.7500      346.00
21.7700      343.00
21.7900      341.00
21.8100      316.00
21.8300      315.00
21.8500      316.00
21.8700      345.00
21.8900      346.00
21.9100      334.00
21.9300      386.00
21.9500      377.00
21.9700      392.00
21.9900      433.00
22.0100      409.00
22.0300      423.00
22.0500      407.00
22.0700      416.00
22.0900      384.00
22.1100      387.00
22.1300      375.00
22.1500      373.00
22.1700      363.00
22.1900      340.00
22.2100      393.00
22.2300      458.00
22.2500      467.00
22.2700      449.00
22.2900      493.00
22.3100      559.00
22.3300      637.00
22.3500      638.00
22.3700      701.00
22.3900      762.00
22.4100      786.00
22.4300      876.00
22.4500      849.00
22.4700      811.00
22.4900      829.00
22.5100      712.00
22.5300      736.00
22.5500      656.00
22.5700      588.00
22.5900      565.00
22.6100      497.00
22.6300      467.00
22.6500      380.00
22.6700      370.00
22.6900      375.00
22.7100      295.00
22.7300      317.00
22.7500      290.00
22.7700      294.00
22.7900      305.00
22.8100      326.00
22.8300      315.00
22.8500      327.00
22.8700      326.00
22.8900      331.00
22.9100      317.00
22.9300      345.00
22.9500      346.00
22.9700      356.00
22.9900      346.00
23.0100      341.00
23.0300      354.00
23.0500      333.00
23.0700      322.00
23.0900      325.00
23.1100      328.00
23.1300      320.00
23.1500      297.00
23.1700      329.00
23.1900      326.00
23.2100      322.00
23.2300      387.00
23.2500      396.00
23.2700      388.00
23.2900      427.00
23.3100      443.00
23.3300      431.00
23.3500      479.00
23.3700      449.00
23.3900      483.00
23.4100      422.00
23.4300      399.00
23.4500      395.00
23.4700      440.00
23.4900      431.00
23.5100      378.00
23.5300      410.00
23.5500      444.00
23.5700      442.00
23.5900      436.00
23.6100      494.00
23.6300      525.00
23.6500      513.00
23.6700      598.00
23.6900      570.00
23.7100      572.00
23.7300      613.00
23.7500      592.00
23.7700      596.00
23.7900      640.00
23.8100      632.00
23.8300      627.00
23.8500      629.00
23.8700      725.00
23.8900      749.00
23.9100      769.00
23.9300      808.00
23.9500      815.00
23.9700      851.00
23.9900      912.00
24.0100      845.00
24.0300      856.00
24.0500      805.00
24.0700      730.00
24.0900      715.00
24.1100      675.00
24.1300      631.00
24.1500      584.00
24.1700      593.00
24.1900      609.00
24.2100      583.00
24.2300      667.00
24.2500      716.00
24.2700      709.00
24.2900      685.00
24.3100      621.00
24.3300      703.00
24.3500      614.00
24.3700      587.00
24.3900      513.00
24.4100      478.00
24.4300      408.00
24.4500      389.00
24.4700      349.00
24.4900      358.00
24.5100      355.00
24.5300      365.00
24.5500      371.00
24.5700      375.00
24.5900      349.00
24.6100      385.00
24.6300      366.00
24.6500      417.00
24.6700      367.00
24.6900      355.00
24.7100      329.00
24.7300      355.00
24.7500      359.00
24.7700      365.00
24.7900      392.00
24.8100      339.00
24.8300      395.00
24.8500      339.00
24.8700      361.00
24.8900      364.00
24.9100      306.00
24.9300      308.00
24.9500      272.00
24.9700      288.00
24.9900      298.00
25.0100      230.00
25.0300      256.00
25.0500      246.00
25.0700      238.00
25.0900      261.00
25.1100      263.00
25.1300      262.00
25.1500      264.00
25.1700      282.00
25.1900      275.00
25.2100      299.00
25.2300      281.00
25.2500      301.00
25.2700      327.00
25.2900      296.00
25.3100      356.00
25.3300      337.00
25.3500      344.00
25.3700      368.00
25.3900      373.00
25.4100      370.00
25.4300      372.00
25.4500      446.00
25.4700      436.00
25.4900      445.00
25.5100      461.00
25.5300      478.00
25.5500      433.00
25.5700      463.00
25.5900      476.00
25.6100      436.00
25.6300      399.00
25.6500      399.00
25.6700      384.00
25.6900      376.00
25.7100      388.00
25.7300      361.00
25.7500      387.00
25.7700      394.00
25.7900      354.00
25.8100      382.00
25.8300      372.00
25.8500      384.00
25.8700      346.00
25.8900      335.00
25.9100      312.00
25.9300      395.00
25.9500      321.00
25.9700      339.00
25.9900      342.00
26.0100      332.00
26.0300      358.00
26.0500      336.00
26.0700      359.00
26.0900      352.00
26.1100      300.00
26.1300      338.00
26.1500      319.00
26.1700      280.00
26.1900      278.00
26.2100      297.00
26.2300      279.00
26.2500      275.00
26.2700      250.00
26.2900      278.00
26.3100      266.00
26.3300      271.00
26.3500      277.00
26.3700      273.00
26.3900      274.00
26.4100      254.00
26.4300      241.00
26.4500      248.00
26.4700      274.00
26.4900      272.00
26.5100      249.00
26.5300      252.00
26.5500      295.00
26.5700      250.00
26.5900      260.00
26.6100      271.00
26.6300      290.00
26.6500      272.00
26.6700      313.00
26.6900      307.00
26.7100      310.00
26.7300      295.00
26.7500      299.00
26.7700      317.00
26.7900      271.00
26.8100      292.00
26.8300      252.00
26.8500      273.00
26.8700      269.00
26.8900      291.00
26.9100      288.00
26.9300      266.00
26.9500      298.00
26.9700      319.00
26.9900      313.00
27.0100      387.00
27.0300      366.00
27.0500      467.00
27.0700      487.00
27.0900      552.00
27.1100      631.00
27.1300      706.00
27.1500      733.00
27.1700      778.00
27.1900      806.00
27.2100      825.00
27.2300      794.00
27.2500      788.00
27.2700      729.00
27.2900      676.00
27.3100      649.00
27.3300      607.00
27.3500      594.00
27.3700      595.00
27.3900      579.00
27.4100      547.00
27.4300      498.00
27.4500      533.00
27.4700      566.00
27.4900      578.00
27.5100      553.00
27.5300      578.00
27.5500      485.00
27.5700      530.00
27.5900      524.00
27.6100      487.00
27.6300      464.00
27.6500      437.00
27.6700      398.00
27.6900      403.00
27.7100      407.00
27.7300      382.00
27.7500      397.00
27.7700      366.00
27.7900      412.00
27.8100      441.00
27.8300      438.00
27.8500      442.00
27.8700      416.00
27.8900      389.00
27.9100      400.00
27.9300      441.00
27.9500      429.00
27.9700      350.00
27.9900      311.00
28.0100      319.00
28.0300      313.00
28.0500      293.00
28.0700      295.00
28.0900      255.00
28.1100      251.00
28.1300      322.00
28.1500      275.00
28.1700      269.00
28.1900      314.00
28.2100      287.00
28.2300      305.00
28.2500      315.00
28.2700      320.00
28.2900      315.00
28.3100      377.00
28.3300      333.00
28.3500      339.00
28.3700      355.00
28.3900      338.00
28.4100      368.00
28.4300      381.00
28.4500      420.00
28.4700      339.00
28.4900      390.00
28.5100      357.00
28.5300      347.00
28.5500      382.00
28.5700      389.00
28.5900      342.00
28.6100      359.00
28.6300      370.00
28.6500      344.00
28.6700      380.00
28.6900      385.00
28.7100      401.00
28.7300      362.00
28.7500      348.00
28.7700      357.00
28.7900      335.00
28.8100      355.00
28.8300      322.00
28.8500      358.00
28.8700      367.00
28.8900      425.00
28.9100      459.00
28.9300      533.00
28.9500      483.00
28.9700      504.00
28.9900      546.00
29.0100      552.00
29.0300      503.00
29.0500      460.00
29.0700      481.00
29.0900      442.00
29.1100      387.00
29.1300      352.00
29.1500      359.00
29.1700      317.00
29.1900      301.00
29.2100      289.00
29.2300      279.00
29.2500      260.00
29.2700      302.00
29.2900      256.00
29.3100      251.00
29.3300      294.00
29.3500      292.00
29.3700      297.00
29.3900      280.00
29.4100      262.00
29.4300      298.00
29.4500      268.00
29.4700      282.00
29.4900      258.00
29.5100      225.00
29.5300      248.00
29.5500      245.00
29.5700      233.00
29.5900      260.00
29.6100      222.00
29.6300      233.00
29.6500      272.00
29.6700      242.00
29.6900      255.00
29.7100      246.00
29.7300      260.00
29.7500      264.00
29.7700      300.00
29.7900      313.00
29.8100      339.00
29.8300      343.00
29.8500      397.00
29.8700      368.00
29.8900      461.00
29.9100      449.00
29.9300      473.00
29.9500      477.00
29.9700      524.00
29.9900      475.00
30.0100      415.00
30.0300      420.00
30.0500      401.00
30.0700      387.00
30.0900      354.00
30.1100      314.00
30.1300      297.00
30.1500      290.00
30.1700      274.00
30.1900      263.00
30.2100      241.00
30.2300      275.00
30.2500      243.00
30.2700      261.00
30.2900      232.00
30.3100      233.00
30.3300      237.00
30.3500      239.00
30.3700      234.00
30.3900      225.00
30.4100      234.00
30.4300      235.00
30.4500      221.00
30.4700      237.00
30.4900      256.00
30.5100      262.00
30.5300      262.00
30.5500      242.00
30.5700      228.00
30.5900      231.00
30.6100      204.00
30.6300      217.00
30.6500      207.00
30.6700      215.00
30.6900      187.00
30.7100      176.00
30.7300      201.00
30.7500      190.00
30.7700      183.00
30.7900      179.00
30.8100      175.00
30.8300      176.00
30.8500      200.00
30.8700      171.00
30.8900      227.00
30.9100      182.00
30.9300      197.00
30.9500      183.00
30.9700      197.00
30.9900      220.00
31.0100      211.00
31.0300      187.00
31.0500      212.00
31.0700      209.00
31.0900      186.00
31.1100      162.00
31.1300      194.00
31.1500      194.00
31.1700      193.00
31.1900      182.00
31.2100      223.00
31.2300      176.00
31.2500      190.00
31.2700      193.00
31.2900      204.00
31.3100      187.00
31.3300      211.00
31.3500      199.00
31.3700      205.00
31.3900      212.00
31.4100      223.00
31.4300      197.00
31.4500      202.00
31.4700      196.00
31.4900      240.00
31.5100      198.00
31.5300      201.00
31.5500      184.00
31.5700      185.00
31.5900      191.00
31.6100      178.00
31.6300      198.00
31.6500      168.00
31.6700      174.00
31.6900      182.00
31.7100      186.00
31.7300      178.00
31.7500      187.00
31.7700      212.00
31.7900      181.00
31.8100      188.00
31.8300      176.00
31.8500      227.00
31.8700      200.00
31.8900      200.00
31.9100      185.00
31.9300      211.00
31.9500      193.00
31.9700      223.00
31.9900      190.00
32.0100      237.00
32.0300      185.00
32.0500      181.00
32.0700      205.00
32.0900      187.00
32.1100      212.00
32.1300      217.00
32.1500      186.00
32.1700      185.00
32.1900      200.00
32.2100      184.00
32.2300      178.00
32.2500      199.00
32.2700      147.00
32.2900      187.00
32.3100      169.00
32.3300      179.00
32.3500      196.00
32.3700      171.00
32.3900      219.00
32.4100      172.00
32.4300      194.00
32.4500      189.00
32.4700      188.00
32.4900      207.00
32.5100      179.00
32.5300      191.00
32.5500      167.00
32.5700      187.00
32.5900      163.00
32.6100      187.00
32.6300      169.00
32.6500      186.00
32.6700      202.00
32.6900      218.00
32.7100      176.00
32.7300      196.00
32.7500      207.00
32.7700      197.00
32.7900      191.00
32.8100      188.00
32.8300      217.00
32.8500      255.00
32.8700      217.00
32.8900      232.00
32.9100      233.00
32.9300      236.00
32.9500      245.00
32.9700      228.00
32.9900      259.00
33.0100      238.00
33.0300      229.00
33.0500      219.00
33.0700      201.00
33.0900      192.00
33.1100      226.00
33.1300      216.00
33.1500      204.00
33.1700      197.00
33.1900      199.00
33.2100      196.00
33.2300      181.00
33.2500      185.00
33.2700      193.00
33.2900      188.00
33.3100      178.00
33.3300      184.00
33.3500      150.00
33.3700      186.00
33.3900      183.00
33.4100      184.00
33.4300      211.00
33.4500      195.00
33.4700      183.00
33.4900      163.00
33.5100      171.00
33.5300      167.00
33.5500      200.00
33.5700      197.00
33.5900      162.00
33.6100      171.00
33.6300      185.00
33.6500      174.00
33.6700      182.00
33.6900      181.00
33.7100      187.00
33.7300      201.00
33.7500      202.00
33.7700      212.00
33.7900      218.00
33.8100      191.00
33.8300      194.00
33.8500      215.00
33.8700      235.00
33.8900      226.00
33.9100      222.00
33.9300      203.00
33.9500      182.00
33.9700      184.00
33.9900      211.00
34.0100      195.00
34.0300      191.00
34.0500      181.00
34.0700      193.00
34.0900      221.00
34.1100      216.00
34.1300      213.00
34.1500      219.00
34.1700      179.00
34.1900      251.00
34.2100      220.00
34.2300      192.00
34.2500      208.00
34.2700      220.00
34.2900      219.00
34.3100      214.00
34.3300      218.00
34.3500      188.00
34.3700      166.00
34.3900      215.00
34.4100      182.00
34.4300      172.00
34.4500      208.00
34.4700      165.00
34.4900      187.00
34.5100      178.00
34.5300      191.00
34.5500      154.00
34.5700      175.00
34.5900      172.00
34.6100      179.00
34.6300      177.00
34.6500      164.00
34.6700      179.00
34.6900      168.00
34.7100      204.00
34.7300      184.00
34.7500      223.00
34.7700      219.00
34.7900      220.00
34.8100      204.00
34.8300      234.00
34.8500      233.00
34.8700      259.00
34.8900      210.00
34.9100      206.00
34.9300      199.00
