41.2499      321.00
40.8681      322.00
40.4932      323.00
40.1251      329.00
39.7636      291.00
39.4087      340.00
39.0599      300.00
38.7174      280.00
38.3807      321.00
38.0499      249.00
37.7247      319.00
37.4051      294.00
37.0908      288.00
36.7818      301.00
36.4778      302.00
36.1789      301.00
35.8848      294.00
35.5954      233.00
35.3107      259.00
35.0305      289.00
34.7547      277.00
34.4832      268.00
34.2160      264.00
33.9528      273.00
33.6937      252.00
33.4385      288.00
33.1871      287.00
32.9395      274.00
32.6955      288.00
32.4552      280.00
32.2183      282.00
31.9849      261.00
31.7548      271.00
31.5281      255.00
31.3045      258.00
31.0841      293.00
30.8668      266.00
30.6524      271.00
30.4411      275.00
30.2326      304.00
30.0270      250.00
29.8242      261.00
29.6241      264.00
29.4266      280.00
29.2318      256.00
29.0395      236.00
28.8498      286.00
28.6625      231.00
28.4776      266.00
28.2951      254.00
28.1149      226.00
27.9370      249.00
27.7613      267.00
27.5879      242.00
27.4166      237.00
27.2474      265.00
27.0803      254.00
26.9152      257.00
26.7521      238.00
26.5910      259.00
26.4318      223.00
26.2745      258.00
26.1191      250.00
25.9655      292.00
25.8137      266.00
25.6637      228.00
25.5154      235.00
25.3688      234.00
25.2239      223.00
25.0806      223.00
24.9389      259.00
24.7989      245.00
24.6604      243.00
24.5234      244.00
24.3880      254.00
24.2540      235.00
24.1215      202.00
23.9905      237.00
23.8608      244.00
23.7326      230.00
23.6057      234.00
23.4802      240.00
23.3560      246.00
23.2331      241.00
23.1115      237.00
22.9912      244.00
22.8721      244.00
22.7543      242.00
22.6376      225.00
22.5222      247.00
22.4079      238.00
22.2948      223.00
22.1828      223.00
22.0719      206.00
21.9622      234.00
21.8535      204.00
21.7459      196.00
21.6393      207.00
21.5338      250.00
21.4293      225.00
21.3258      218.00
21.2234      208.00
21.1219      209.00
21.0213      226.00
20.9217      214.00
20.8231      230.00
20.7254      230.00
20.6286      231.00
20.5327      226.00
20.4377      242.00
20.3435      202.00
20.2502      223.00
20.1578      199.00
20.0662      234.00
19.9755      221.00
19.8856      222.00
19.7964      216.00
19.7081      228.00
19.6205      188.00
19.5338      225.00
19.4478      209.00
19.3625      195.00
19.2780      214.00
19.1942      188.00
19.1112      206.00
19.0289      198.00
18.9472      192.00
18.8663      194.00
18.7861      169.00
18.7065      193.00
18.6276      200.00
18.5494      203.00
18.4718      190.00
18.3949      221.00
18.3186      182.00
18.2430      207.00
18.1679      152.00
18.0935      200.00
18.0197      188.00
17.9465      196.00
17.8739      201.00
17.8019      193.00
17.7304      187.00
17.6596      172.00
17.5892      212.00
17.5195      203.00
17.4503      199.00
17.3816      202.00
17.3135      212.00
17.2459      199.00
17.1789      189.00
17.1123      204.00
17.0463      202.00
16.9808      221.00
16.9158      204.00
16.8512      192.00
16.7872      200.00
16.7237      195.00
16.6606      200.00
16.5980      181.00
16.5359      183.00
16.4742      200.00
16.4130      187.00
16.3523      207.00
16.2920      229.00
16.2322      187.00
16.1727      191.00
16.1138      205.00
16.0552      195.00
15.9971      203.00
15.9394      212.00
15.8821      209.00
15.8252      225.00
15.7687      259.00
15.7127      229.00
15.6570      218.00
15.6017      234.00
15.5468      254.00
15.4923      246.00
15.4382      279.00
15.3844      270.00
15.3311      284.00
15.2781      279.00
15.2254      289.00
15.1731      250.00
15.1212      253.00
15.0697      282.00
15.0185      261.00
14.9676      245.00
14.9171      226.00
14.8669      226.00
14.8170      210.00
14.7675      205.00
14.7184      231.00
14.6695      198.00
14.6210      184.00
14.5728      172.00
14.5249      184.00
14.4773      188.00
14.4300      194.00
14.3831      204.00
14.3364      187.00
14.2901      198.00
14.2440      172.00
14.1983      214.00
14.1528      205.00
14.1076      165.00
14.0627      180.00
14.0181      196.00
13.9738      207.00
13.9298      195.00
13.8860      187.00
13.8425      175.00
13.7993      207.00
13.7564      186.00
13.7137      172.00
13.6713      189.00
13.6291      192.00
13.5872      184.00
13.5456      181.00
13.5042      216.00
13.4631      177.00
13.4222      178.00
13.3816      184.00
13.3412      194.00
13.3011      199.00
13.2612      212.00
13.2215      198.00
13.1821      187.00
13.1429      232.00
13.1040      257.00
13.0652      216.00
13.0267      242.00
12.9885      245.00
12.9504      246.00
12.9126      218.00
12.8750      247.00
12.8376      272.00
12.8005      229.00
12.7635      212.00
12.7268      247.00
12.6902      259.00
12.6539      262.00
12.6178      273.00
12.5819      271.00
12.5462      272.00
12.5107      275.00
12.4754      279.00
12.4403      311.00
12.4054      336.00
12.3707      349.00
12.3362      353.00
12.3019      369.00
12.2678      389.00
12.2338      405.00
12.2001      459.00
12.1665      487.00
12.1331      514.00
12.0999      586.00
12.0669      667.00
12.0341      724.00
12.0014      794.00
11.9689      893.00
11.9366     1003.00
11.9045     1127.00
11.8726     1281.00
11.8408     1522.00
11.8092     1709.00
11.7777     1875.00
11.7464     2145.00
11.7153     2258.00
11.6844     2339.00
11.6536     2452.00
11.6230     2461.00
11.5925     2297.00
11.5622     2233.00
11.5321     1975.00
11.5021     1760.00
11.4722     1524.00
11.4426     1352.00
11.4130     1055.00
11.3837      862.00
11.3544      746.00
11.3254      597.00
11.2965      530.00
11.2677      455.00
11.2391      423.00
11.2106      390.00
11.1822      367.00
11.1541      383.00
11.1260      296.00
11.0981      320.00
11.0703      326.00
11.0427      344.00
11.0152      356.00
10.9878      321.00
10.9606      322.00
10.9335      346.00
10.9066      387.00
10.8798      397.00
10.8531      449.00
10.8265      427.00
10.8001      451.00
10.7738      574.00
10.7476      508.00
10.7216      543.00
10.6957      630.00
10.6699      605.00
10.6442      591.00
10.6187      550.00
10.5933      562.00
10.5680      526.00
10.5428      494.00
10.5177      460.00
10.4928      407.00
10.4680      431.00
10.4433      401.00
10.4187      311.00
10.3942      294.00
10.3699      284.00
10.3456      294.00
10.3215      271.00
10.2975      271.00
10.2736      230.00
10.2498      225.00
10.2261      236.00
10.2025      244.00
10.1791      251.00
10.1557      235.00
10.1325      229.00
10.1093      214.00
10.0863      249.00
10.0633      234.00
10.0405      238.00
10.0178      247.00
 9.9952      253.00
 9.9727      246.00
 9.9502      250.00
 9.9279      233.00
 9.9057      296.00
 9.8836      280.00
 9.8616      275.00
 9.8397      283.00
 9.8178      272.00
 9.7961      335.00
 9.7745      323.00
 9.7530      365.00
 9.7315      319.00
 9.7102      335.00
 9.6889      357.00
 9.6678      411.00
 9.6467      379.00
 9.6257      444.00
 9.6049      495.00
 9.5841      497.00
 9.5634      540.00
 9.5428      625.00
 9.5222      697.00
 9.5018      786.00
 9.4815      815.00
 9.4612      910.00
 9.4410      937.00
 9.4209      994.00
 9.4009      954.00
 9.3810      994.00
 9.3612      962.00
 9.3414      879.00
 9.3218      804.00
 9.3022      792.00
 9.2827      702.00
 9.2633      626.00
 9.2440      571.00
 9.2247      502.00
 9.2055      464.00
 9.1864      400.00
 9.1674      391.00
 9.1485      376.00
 9.1296      321.00
 9.1109      301.00
 9.0922      305.00
 9.0735      325.00
 9.0550      267.00
 9.0365      275.00
 9.0181      245.00
 8.9998      286.00
 8.9815      278.00
 8.9634      258.00
 8.9453      246.00
 8.9272      250.00
 8.9093      249.00
 8.8914      251.00
 8.8736      242.00
 8.8559      258.00
 8.8382      291.00
 8.8206      240.00
 8.8031      281.00
 8.7856      274.00
 8.7682      223.00
 8.7509      242.00
 8.7337      289.00
 8.7165      285.00
 8.6994      290.00
 8.6823      314.00
 8.6653      279.00
 8.6484      305.00
 8.6316      313.00
 8.6148      325.00
 8.5981      346.00
 8.5814      347.00
 8.5648      333.00
 8.5483      362.00
 8.5319      322.00
 8.5155      353.00
 8.4991      324.00
 8.4829      326.00
 8.4667      327.00
 8.4505      308.00
 8.4344      254.00
 8.4184      305.00
 8.4025      262.00
 8.3866      292.00
 8.3707      262.00
 8.3549      274.00
 8.3392      260.00
 8.3236      270.00
 8.3080      257.00
 8.2924      279.00
 8.2769      274.00
 8.2615      266.00
 8.2461      268.00
 8.2308      277.00
 8.2156      299.00
 8.2004      298.00
 8.1852      315.00
 8.1702      292.00
 8.1551      345.00
 8.1402      290.00
 8.1252      324.00
 8.1104      357.00
 8.0956      398.00
 8.0808      386.00
 8.0661      390.00
 8.0515      434.00
 8.0369      448.00
 8.0223      547.00
 8.0078      490.00
 7.9934      485.00
 7.9790      466.00
 7.9647      493.00
 7.9504      458.00
 7.9362      481.00
 7.9220      495.00
 7.9079      468.00
 7.8938      454.00
 7.8798      418.00
 7.8658      387.00
 7.8519      391.00
 7.8380      346.00
 7.8242      353.00
 7.8104      350.00
 7.7966      363.00
 7.7830      368.00
 7.7693      317.00
 7.7557      300.00
 7.7422      295.00
 7.7287      287.00
 7.7153      320.00
 7.7019      353.00
 7.6885      365.00
 7.6752      372.00
 7.6620      376.00
 7.6488      386.00
 7.6356      394.00
 7.6225      425.00
 7.6094      414.00
 7.5964      445.00
 7.5834      449.00
 7.5704      488.00
 7.5575      543.00
 7.5447      587.00
 7.5319      581.00
 7.5191      673.00
 7.5064      768.00
 7.4937      886.00
 7.4811     1008.00
 7.4685     1103.00
 7.4559     1270.00
 7.4434     1325.00
 7.4310     1431.00
 7.4186     1429.00
 7.4062     1516.00
 7.3938     1505.00
 7.3815     1456.00
 7.3693     1316.00
 7.3571     1218.00
 7.3449     1101.00
 7.3327      927.00
 7.3207      761.00
 7.3086      684.00
 7.2966      648.00
 7.2846      483.00
 7.2727      415.00
 7.2608      394.00
 7.2489      343.00
 7.2371      337.00
 7.2253      335.00
 7.2136      347.00
 7.2019      342.00
 7.1902      321.00
 7.1786      341.00
 7.1670      383.00
 7.1554      320.00
 7.1439      398.00
 7.1324      368.00
 7.1210      428.00
 7.1096      415.00
 7.0982      449.00
 7.0869      462.00
 7.0756      503.00
 7.0643      501.00
 7.0531      576.00
 7.0419      611.00
 7.0308      623.00
 7.0197      672.00
 7.0086      760.00
 6.9975      902.00
 6.9865     1033.00
 6.9756     1157.00
 6.9646     1419.00
 6.9537     1575.00
 6.9428     1903.00
 6.9320     2106.00
 6.9212     2295.00
 6.9104     2404.00
 6.8997     2545.00
 6.8890     2555.00
 6.8783     2532.00
 6.8677     2449.00
 6.8571     2312.00
 6.8465     2209.00
 6.8360     1920.00
 6.8255     1744.00
 6.8150     1540.00
 6.8046     1285.00
 6.7942     1101.00
 6.7838     1009.00
 6.7734      851.00
 6.7631      721.00
 6.7528      720.00
 6.7426      644.00
 6.7324      631.00
 6.7222      573.00
 6.7120      494.00
 6.7019      463.00
 6.6918      412.00
 6.6818      388.00
 6.6717      354.00
 6.6617      378.00
 6.6517      324.00
 6.6418      289.00
 6.6319      302.00
 6.6220      311.00
 6.6122      317.00
 6.6023      318.00
 6.5925      286.00
 6.5828      289.00
 6.5730      273.00
 6.5633      305.00
 6.5537      290.00
 6.5440      316.00
 6.5344      286.00
 6.5248      302.00
 6.5152      275.00
 6.5057      269.00
 6.4962      288.00
 6.4867      286.00
 6.4772      297.00
 6.4678      296.00
 6.4584      324.00
 6.4491      313.00
 6.4397      302.00
 6.4304      345.00
 6.4211      321.00
 6.4118      331.00
 6.4026      314.00
 6.3934      329.00
 6.3842      389.00
 6.3751      374.00
 6.3659      386.00
 6.3568      391.00
 6.3478      448.00
 6.3387      401.00
 6.3297      446.00
 6.3207      443.00
 6.3117      491.00
 6.3028      485.00
 6.2939      521.00
 6.2850      497.00
 6.2761      489.00
 6.2672      525.00
 6.2584      477.00
 6.2496      498.00
 6.2409      461.00
 6.2321      458.00
 6.2234      421.00
 6.2147      392.00
 6.2060      346.00
 6.1974      364.00
 6.1888      323.00
 6.1802      368.00
 6.1716      337.00
 6.1630      358.00
 6.1545      309.00
 6.1460      338.00
 6.1375      343.00
 6.1291      327.00
 6.1206      351.00
 6.1122      397.00
 6.1038      351.00
 6.0955      409.00
 6.0871      423.00
 6.0788      466.00
 6.0705      472.00
 6.0623      461.00
 6.0540      466.00
 6.0458      483.00
 6.0376      452.00
 6.0294      446.00
 6.0212      468.00
 6.0131      393.00
 6.0050      409.00
 5.9969      394.00
 5.9888      385.00
 5.9808      381.00
 5.9728      357.00
 5.9648      362.00
 5.9568      369.00
 5.9488      348.00
 5.9409      347.00
 5.9330      347.00
 5.9251      393.00
 5.9172      368.00
 5.9093      391.00
 5.9015      423.00
 5.8937      497.00
 5.8859      503.00
 5.8781      557.00
 5.8704      569.00
 5.8626      607.00
 5.8549      640.00
 5.8472      685.00
 5.8396      709.00
 5.8319      787.00
 5.8243      727.00
 5.8167      759.00
 5.8091      761.00
 5.8015      691.00
 5.7940      735.00
 5.7864      695.00
 5.7789      670.00
 5.7714      635.00
 5.7640      607.00
 5.7565      556.00
 5.7491      527.00
 5.7417      508.00
 5.7343      489.00
 5.7269      429.00
 5.7196      400.00
 5.7122      382.00
 5.7049      402.00
 5.6976      347.00
 5.6903      328.00
 5.6831      293.00
 5.6758      318.00
 5.6686      298.00
 5.6614      292.00
 5.6542      296.00
 5.6471      293.00
 5.6399      290.00
 5.6328      320.00
 5.6257      336.00
 5.6186      269.00
 5.6115      286.00
 5.6044      288.00
 5.5974      291.00
 5.5904      314.00
 5.5834      299.00
 5.5764      310.00
 5.5694      302.00
 5.5625      275.00
 5.5555      319.00
 5.5486      297.00
 5.5417      356.00
 5.5348      331.00
 5.5280      300.00
 5.5211      318.00
 5.5143      344.00
 5.5075      351.00
 5.5007      356.00
 5.4939      353.00
 5.4871      382.00
 5.4804      422.00
 5.4737      391.00
 5.4669      428.00
 5.4602      419.00
 5.4536      453.00
 5.4469      455.00
 5.4403      485.00
 5.4336      523.00
 5.4270      566.00
 5.4204      579.00
 5.4138      672.00
 5.4073      668.00
 5.4007      707.00
 5.3942      770.00
 5.3877      758.00
 5.3812      797.00
 5.3747      910.00
 5.3682      972.00
 5.3618     1025.00
 5.3553     1088.00
 5.3489     1137.00
 5.3425     1220.00
 5.3361     1275.00
 5.3297     1389.00
 5.3234     1357.00
 5.3170     1409.00
 5.3107     1333.00
 5.3044     1310.00
 5.2981     1314.00
 5.2918     1235.00
 5.2855     1137.00
 5.2793     1019.00
 5.2730      960.00
 5.2668      820.00
 5.2606      765.00
 5.2544      686.00
 5.2482      615.00
 5.2420      577.00
 5.2359      539.00
 5.2298      529.00
 5.2236      485.00
 5.2175      523.00
 5.2114      445.00
 5.2054      471.00
 5.1993      428.00
 5.1932      421.00
 5.1872      442.00
 5.1812      436.00
 5.1752      434.00
 5.1692      435.00
 5.1632      424.00
 5.1572      438.00
 5.1513      514.00
 5.1453      509.00
 5.1394      615.00
 5.1335      602.00
 5.1276      670.00
 5.1217      743.00
 5.1159      829.00
 5.1100      862.00
 5.1042      893.00
 5.0983      922.00
 5.0925      953.00
 5.0867      972.00
 5.0809      941.00
 5.0752      915.00
 5.0694      906.00
 5.0636      863.00
 5.0579      858.00
 5.0522      748.00
 5.0465      740.00
 5.0408      620.00
 5.0351      558.00
 5.0294      546.00
 5.0238      474.00
 5.0181      444.00
 5.0125      460.00
 5.0069      400.00
 5.0013      364.00
 4.9957      365.00
 4.9901      392.00
 4.9845      386.00
 4.9790      373.00
 4.9734      370.00
 4.9679      381.00
 4.9624      420.00
 4.9569      379.00
 4.9514      372.00
 4.9459      404.00
 4.9404      393.00
 4.9350      436.00
 4.9295      479.00
 4.9241      449.00
 4.9187      472.00
 4.9133      464.00
 4.9079      531.00
 4.9025      567.00
 4.8971      627.00
 4.8918      671.00
 4.8864      725.00
 4.8811      731.00
 4.8758      779.00
 4.8704      771.00
 4.8651      831.00
 4.8598      847.00
 4.8546      873.00
 4.8493      956.00
 4.8440      976.00
 4.8388     1137.00
 4.8336     1300.00
 4.8284     1450.00
 4.8231     1674.00
 4.8179     1896.00
 4.8128     2179.00
 4.8076     2591.00
 4.8024     2987.00
 4.7973     3184.00
 4.7921     3570.00
 4.7870     3694.00
 4.7819     3787.00
 4.7768     3863.00
 4.7717     3528.00
 4.7666     3517.00
 4.7615     3235.00
 4.7565     2873.00
 4.7514     2562.00
 4.7464     2243.00
 4.7413     1840.00
 4.7363     1537.00
 4.7313     1395.00
 4.7263     1111.00
 4.7213     1052.00
 4.7163      945.00
 4.7114      849.00
 4.7064      842.00
 4.7015      802.00
 4.6965      778.00
 4.6916      713.00
 4.6867      692.00
 4.6818      683.00
 4.6769      650.00
 4.6720      624.00
 4.6671      604.00
 4.6623      561.00
 4.6574      528.00
 4.6526      503.00
 4.6477      520.00
 4.6429      448.00
 4.6381      463.00
 4.6333      510.00
 4.6285      564.00
 4.6237      520.00
 4.6190      510.00
 4.6142      560.00
 4.6095      567.00
 4.6047      593.00
 4.6000      542.00
 4.5953      607.00
 4.5905      617.00
 4.5858      633.00
 4.5812      623.00
 4.5765      637.00
 4.5718      661.00
 4.5671      725.00
 4.5625      805.00
 4.5578      813.00
 4.5532      803.00
 4.5486      875.00
 4.5440      896.00
 4.5394      944.00
 4.5348      921.00
 4.5302      923.00
 4.5256      919.00
 4.5210      891.00
 4.5165      902.00
 4.5119      841.00
 4.5074      834.00
 4.5028      943.00
 4.4983      941.00
 4.4938     1004.00
 4.4893      953.00
 4.4848     1028.00
 4.4803     1113.00
 4.4759     1106.00
 4.4714     1126.00
 4.4669     1150.00
 4.4625     1132.00
 4.4580     1134.00
 4.4536     1072.00
 4.4492     1118.00
 4.4448     1084.00
 4.4404     1088.00
 4.4360     1076.00
 4.4316     1118.00
 4.4272     1071.00
 4.4228     1166.00
 4.4185     1197.00
 4.4141     1119.00
 4.4098     1157.00
 4.4055     1331.00
 4.4011     1263.00
 4.3968     1401.00
 4.3925     1625.00
 4.3882     1718.00
 4.3839     1813.00
 4.3796     1975.00
 4.3754     2020.00
 4.3711     2103.00
 4.3668     2176.00
 4.3626     2245.00
 4.3583     2257.00
 4.3541     2228.00
 4.3499     2253.00
 4.3457     2164.00
 4.3415     2158.00
 4.3373     1993.00
 4.3331     1915.00
 4.3289     1856.00
 4.3247     1703.00
 4.3206     1621.00
 4.3164     1428.00
 4.3122     1356.00
 4.3081     1234.00
 4.3040     1082.00
 4.2998      960.00
 4.2957      910.00
 4.2916      801.00
 4.2875      727.00
 4.2834      669.00
 4.2793      589.00
 4.2753      522.00
 4.2712      551.00
 4.2671      527.00
 4.2631      507.00
 4.2590      483.00
 4.2550      483.00
 4.2510      484.00
 4.2469      455.00
 4.2429      473.00
 4.2389      467.00
 4.2349      494.00
 4.2309      487.00
 4.2269      502.00
 4.2230      516.00
 4.2190      497.00
 4.2150      436.00
 4.2111      453.00
 4.2071      475.00
 4.2032      443.00
 4.1993      452.00
 4.1953      417.00
 4.1914      433.00
 4.1875      460.00
 4.1836      484.00
 4.1797      527.00
 4.1758      519.00
 4.1720      583.00
 4.1681      616.00
 4.1642      643.00
 4.1604      724.00
 4.1565      782.00
 4.1527      732.00
 4.1488      771.00
 4.1450      825.00
 4.1412      795.00
 4.1374      855.00
 4.1336      806.00
 4.1298      785.00
 4.1260      715.00
 4.1222      673.00
 4.1184      661.00
 4.1146      567.00
 4.1109      540.00
 4.1071      556.00
 4.1034      550.00
 4.0996      518.00
 4.0959      542.00
 4.0921      538.00
 4.0884      535.00
 4.0847      544.00
 4.0810      591.00
 4.0773      653.00
 4.0736      740.00
 4.0699      739.00
 4.0662      808.00
 4.0626      799.00
 4.0589      867.00
 4.0552      898.00
 4.0516      928.00
 4.0479      903.00
 4.0443      911.00
 4.0406      886.00
 4.0370      919.00
 4.0334      868.00
 4.0298      859.00
 4.0262      784.00
 4.0226      759.00
 4.0190      727.00
 4.0154      664.00
 4.0118      643.00
 4.0082      634.00
 4.0047      670.00
 4.0011      692.00
 3.9975      726.00
 3.9940      841.00
 3.9904      974.00
 3.9869     1103.00
 3.9834     1181.00
 3.9799     1357.00
 3.9763     1508.00
 3.9728     1631.00
 3.9693     1720.00
 3.9658     1736.00
 3.9623     1801.00
 3.9588     1754.00
 3.9554     1761.00
 3.9519     1660.00
 3.9484     1599.00
 3.9450     1483.00
 3.9415     1320.00
 3.9381     1199.00
 3.9346     1101.00
 3.9312      997.00
 3.9277      879.00
 3.9243      837.00
 3.9209      784.00
 3.9175      750.00
 3.9141      729.00
 3.9107      754.00
 3.9073      753.00
 3.9039      763.00
 3.9005      765.00
 3.8971      771.00
 3.8938      890.00
 3.8904      931.00
 3.8871      910.00
 3.8837     1029.00
 3.8804     1083.00
 3.8770     1119.00
 3.8737     1233.00
 3.8703     1168.00
 3.8670     1197.00
 3.8637     1147.00
 3.8604     1184.00
 3.8571     1078.00
 3.8538     1022.00
 3.8505      963.00
 3.8472      955.00
 3.8439      792.00
 3.8406      779.00
 3.8374      710.00
 3.8341      691.00
 3.8308      606.00
 3.8276      611.00
 3.8243      648.00
 3.8211      632.00
 3.8179      627.00
 3.8146      609.00
 3.8114      611.00
 3.8082      633.00
 3.8050      585.00
 3.8018      586.00
 3.7986      551.00
 3.7954      547.00
 3.7922      550.00
 3.7890      562.00
 3.7858      558.00
 3.7826      512.00
 3.7794      539.00
 3.7763      562.00
 3.7731      565.00
 3.7700      563.00
 3.7668      575.00
 3.7637      573.00
 3.7605      545.00
 3.7574      591.00
 3.7543      591.00
 3.7511      573.00
 3.7480      574.00
 3.7449      569.00
 3.7418      507.00
 3.7387      506.00
 3.7356      522.00
 3.7325      487.00
 3.7294      496.00
 3.7264      407.00
 3.7233      451.00
 3.7202      433.00
 3.7171      450.00
 3.7141      455.00
 3.7110      494.00
 3.7080      493.00
 3.7049      542.00
 3.7019      541.00
 3.6989      539.00
 3.6958      586.00
 3.6928      559.00
 3.6898      580.00
 3.6868      581.00
 3.6838      564.00
 3.6808      559.00
 3.6778      594.00
 3.6748      623.00
 3.6718      636.00
 3.6688      661.00
 3.6658      588.00
 3.6628      684.00
 3.6599      661.00
 3.6569      662.00
 3.6539      667.00
 3.6510      703.00
 3.6480      684.00
 3.6451      674.00
 3.6422      648.00
 3.6392      580.00
 3.6363      650.00
 3.6334      606.00
 3.6304      591.00
 3.6275      622.00
 3.6246      583.00
 3.6217      638.00
 3.6188      665.00
 3.6159      655.00
 3.6130      669.00
 3.6101      676.00
 3.6072      715.00
 3.6044      714.00
 3.6015      681.00
 3.5986      673.00
 3.5958      592.00
 3.5929      612.00
 3.5901      542.00
 3.5872      506.00
 3.5844      526.00
 3.5815      487.00
 3.5787      516.00
 3.5758      462.00
 3.5730      495.00
 3.5702      479.00
 3.5674      458.00
 3.5646      468.00
 3.5618      449.00
 3.5590      494.00
 3.5562      498.00
 3.5534      536.00
 3.5506      574.00
 3.5478      584.00
 3.5450      585.00
 3.5422      603.00
 3.5395      618.00
 3.5367      645.00
 3.5339      633.00
 3.5312      645.00
 3.5284      627.00
 3.5257      575.00
 3.5229      602.00
 3.5202      591.00
 3.5174      610.00
 3.5147      599.00
 3.5120      598.00
 3.5092      588.00
 3.5065      567.00
 3.5038      553.00
 3.5011      543.00
 3.4984      588.00
 3.4957      554.00
 3.4930      564.00
 3.4903      544.00
 3.4876      540.00
 3.4849      500.00
 3.4822      541.00
 3.4796      531.00
 3.4769      497.00
 3.4742      495.00
 3.4716      476.00
 3.4689      492.00
 3.4662      500.00
 3.4636      536.00
 3.4609      555.00
 3.4583      595.00
 3.4557      660.00
 3.4530      650.00
 3.4504      762.00
 3.4478      759.00
 3.4451      782.00
 3.4425      829.00
 3.4399      856.00
 3.4373      907.00
 3.4347      827.00
 3.4321      847.00
 3.4295      818.00
 3.4269      797.00
 3.4243      784.00
 3.4217      708.00
 3.4191      679.00
 3.4165      675.00
 3.4140      644.00
 3.4114      580.00
 3.4088      567.00
 3.4063      543.00
 3.4037      556.00
 3.4012      541.00
 3.3986      597.00
 3.3961      610.00
 3.3935      553.00
 3.3910      613.00
 3.3884      560.00
 3.3859      618.00
 3.3834      587.00
 3.3809      609.00
 3.3783      601.00
 3.3758      662.00
 3.3733      712.00
 3.3708      779.00
 3.3683      796.00
 3.3658      895.00
 3.3633     1027.00
 3.3608     1137.00
 3.3583     1378.00
 3.3558     1593.00
 3.3534     1626.00
 3.3509     1875.00
 3.3484     2099.00
 3.3459     2240.00
 3.3435     2447.00
 3.3410     2503.00
 3.3385     2587.00
 3.3361     2581.00
 3.3336     2511.00
 3.3312     2417.00
 3.3287     2251.00
 3.3263     2082.00
 3.3239     1983.00
 3.3214     1861.00
 3.3190     1594.00
 3.3166     1518.00
 3.3142     1423.00
 3.3117     1287.00
 3.3093     1234.00
 3.3069     1218.00
 3.3045     1102.00
 3.3021     1057.00
 3.2997      951.00
 3.2973      952.00
 3.2949      853.00
 3.2925      843.00
 3.2901      713.00
 3.2877      762.00
 3.2854      740.00
 3.2830      669.00
 3.2806      618.00
 3.2783      656.00
 3.2759      578.00
 3.2735      548.00
 3.2712      592.00
 3.2688      581.00
 3.2665      587.00
 3.2641      616.00
 3.2618      553.00
 3.2594      521.00
 3.2571      509.00
 3.2548      453.00
 3.2524      476.00
 3.2501      445.00
 3.2478      413.00
 3.2455      420.00
 3.2431      400.00
 3.2408      372.00
 3.2385      400.00
 3.2362      391.00
 3.2339      394.00
 3.2316      403.00
 3.2293      389.00
 3.2270      391.00
 3.2247      334.00
 3.2224      388.00
 3.2202      348.00
 3.2179      387.00
 3.2156      387.00
 3.2133      421.00
 3.2111      424.00
 3.2088      394.00
 3.2065      444.00
 3.2043      421.00
 3.2020      471.00
 3.1998      446.00
 3.1975      448.00
 3.1953      478.00
 3.1930      412.00
 3.1908      469.00
 3.1885      480.00
 3.1863      466.00
 3.1841      435.00
 3.1819      415.00
 3.1796      424.00
 3.1774      409.00
 3.1752      371.00
 3.1730      352.00
 3.1708      337.00
 3.1686      353.00
 3.1664      354.00
 3.1642      320.00
 3.1620      358.00
 3.1598      349.00
 3.1576      392.00
 3.1554      414.00
 3.1532      391.00
 3.1510      391.00
 3.1488      455.00
 3.1466      464.00
 3.1445      459.00
 3.1423      505.00
 3.1401      517.00
 3.1380      549.00
 3.1358      553.00
 3.1337      563.00
 3.1315      551.00
 3.1293      566.00
 3.1272      609.00
 3.1251      641.00
 3.1229      653.00
 3.1208      658.00
 3.1186      654.00
 3.1165      656.00
 3.1144      613.00
 3.1122      639.00
 3.1101      616.00
 3.1080      573.00
 3.1059      534.00
 3.1038      475.00
 3.1016      478.00
 3.0995      456.00
 3.0974      465.00
 3.0953      461.00
 3.0932      412.00
 3.0911      448.00
 3.0890      374.00
 3.0869      392.00
 3.0848      401.00
 3.0828      372.00
 3.0807      360.00
 3.0786      383.00
 3.0765      407.00
 3.0744      404.00
 3.0724      416.00
 3.0703      467.00
 3.0682      479.00
 3.0662      433.00
 3.0641      471.00
 3.0621      490.00
 3.0600      496.00
 3.0579      570.00
 3.0559      586.00
 3.0539      553.00
 3.0518      586.00
 3.0498      605.00
 3.0477      608.00
 3.0457      617.00
 3.0437      621.00
 3.0416      644.00
 3.0396      622.00
 3.0376      659.00
 3.0356      635.00
 3.0335      595.00
 3.0315      666.00
 3.0295      566.00
 3.0275      638.00
 3.0255      592.00
 3.0235      612.00
 3.0215      590.00
 3.0195      578.00
 3.0175      602.00
 3.0155      622.00
 3.0135      618.00
 3.0115      588.00
 3.0095      620.00
 3.0076      639.00
 3.0056      589.00
 3.0036      619.00
 3.0016      643.00
 2.9997      681.00
 2.9977      725.00
 2.9957      758.00
 2.9938      778.00
 2.9918      868.00
 2.9898      859.00
 2.9879      890.00
 2.9859      857.00
 2.9840      864.00
 2.9820      855.00
 2.9801      796.00
 2.9781      787.00
 2.9762      711.00
 2.9743      637.00
 2.9723      616.00
 2.9704      592.00
 2.9685      515.00
 2.9665      472.00
 2.9646      394.00
 2.9627      385.00
 2.9608      401.00
 2.9589      372.00
 2.9570      338.00
 2.9550      306.00
 2.9531      402.00
 2.9512      363.00
 2.9493      328.00
 2.9474      347.00
 2.9455      341.00
 2.9436      365.00
 2.9417      358.00
 2.9398      357.00
 2.9380      365.00
 2.9361      403.00
 2.9342      383.00
 2.9323      409.00
 2.9304      416.00
 2.9285      446.00
 2.9267      448.00
 2.9248      465.00
 2.9229      502.00
 2.9211      537.00
 2.9192      594.00
 2.9173      602.00
 2.9155      676.00
 2.9136      675.00
 2.9118      702.00
 2.9099      691.00
 2.9081      784.00
 2.9062      694.00
 2.9044      687.00
 2.9025      670.00
 2.9007      636.00
 2.8989      622.00
 2.8970      642.00
 2.8952      552.00
 2.8934      540.00
 2.8915      538.00
 2.8897      480.00
 2.8879      541.00
 2.8861      525.00
 2.8843      473.00
 2.8824      482.00
 2.8806      446.00
 2.8788      427.00
 2.8770      450.00
 2.8752      402.00
 2.8734      428.00
 2.8716      429.00
 2.8698      450.00
 2.8680      419.00
 2.8662      418.00
 2.8644      386.00
 2.8626      392.00
 2.8608      383.00
 2.8591      401.00
 2.8573      380.00
 2.8555      380.00
 2.8537      363.00
 2.8519      382.00
 2.8502      366.00
 2.8484      371.00
 2.8466      350.00
 2.8449      343.00
 2.8431      346.00
 2.8413      347.00
 2.8396      333.00
 2.8378      307.00
 2.8361      362.00
 2.8343      349.00
 2.8326      368.00
 2.8308      353.00
 2.8291      365.00
 2.8273      358.00
 2.8256      383.00
 2.8238      372.00
 2.8221      362.00
 2.8204      367.00
 2.8186      383.00
 2.8169      356.00
 2.8152      367.00
 2.8135      318.00
 2.8117      331.00
 2.8100      320.00
 2.8083      306.00
 2.8066      277.00
 2.8049      295.00
 2.8031      271.00
 2.8014      249.00
 2.7997      268.00
 2.7980      236.00
 2.7963      246.00
 2.7946      214.00
 2.7929      273.00
 2.7912      252.00
 2.7895      260.00
 2.7878      258.00
 2.7861      274.00
 2.7844      242.00
 2.7828      253.00
 2.7811      234.00
 2.7794      285.00
 2.7777      235.00
 2.7760      253.00
 2.7744      238.00
 2.7727      254.00
 2.7710      249.00
 2.7693      246.00
 2.7677      272.00
 2.7660      298.00
 2.7643      269.00
 2.7627      266.00
 2.7610      290.00
 2.7594      296.00
 2.7577      320.00
 2.7560      310.00
 2.7544      313.00
 2.7527      343.00
 2.7511      317.00
 2.7495      344.00
 2.7478      323.00
 2.7462      352.00
 2.7445      352.00
 2.7429      368.00
 2.7413      410.00
 2.7396      402.00
 2.7380      413.00
 2.7364      433.00
 2.7347      405.00
 2.7331      432.00
 2.7315      449.00
 2.7299      450.00
 2.7283      421.00
 2.7266      466.00
 2.7250      394.00
 2.7234      385.00
 2.7218      345.00
 2.7202      348.00
 2.7186      317.00
 2.7170      336.00
 2.7154      331.00
 2.7138      288.00
 2.7122      303.00
 2.7106      297.00
 2.7090      296.00
 2.7074      283.00
 2.7058      269.00
 2.7042      269.00
 2.7026      253.00
 2.7010      268.00
 2.6995      282.00
 2.6979      262.00
 2.6963      292.00
 2.6947      301.00
 2.6931      264.00
 2.6916      305.00
 2.6900      290.00
 2.6884      297.00
 2.6869      294.00
 2.6853      331.00
 2.6837      344.00
 2.6822      311.00
 2.6806      317.00
 2.6790      336.00
 2.6775      369.00
 2.6759      352.00
 2.6744      359.00
 2.6728      336.00
 2.6713      366.00
 2.6697      358.00
 2.6682      345.00
 2.6666      386.00
 2.6651      362.00
 2.6636      348.00
 2.6620      342.00
 2.6605      366.00
 2.6590      378.00
 2.6574      389.00
 2.6559      376.00
 2.6544      334.00
 2.6528      360.00
 2.6513      394.00
 2.6498      368.00
 2.6483      374.00
 2.6467      363.00
 2.6452      408.00
 2.6437      401.00
 2.6422      428.00
 2.6407      487.00
 2.6392      465.00
 2.6377      465.00
 2.6362      459.00
 2.6347      488.00
 2.6332      484.00
 2.6317      453.00
 2.6302      446.00
 2.6287      444.00
 2.6272      405.00
 2.6257      396.00
 2.6242      381.00
 2.6227      364.00
 2.6212      335.00
 2.6197      342.00
 2.6182      313.00
 2.6167      331.00
 2.6153      291.00
 2.6138      347.00
 2.6123      321.00
 2.6108      302.00
 2.6093      347.00
 2.6079      280.00
 2.6064      322.00
 2.6049      294.00
 2.6035      300.00
 2.6020      300.00
 2.6005      297.00
 2.5991      294.00
 2.5976      264.00
 2.5961      282.00
 2.5947      258.00
 2.5932      306.00
 2.5918      268.00
 2.5903      293.00
 2.5889      292.00
 2.5874      310.00
 2.5860      288.00
 2.5845      328.00
 2.5831      331.00
 2.5817      322.00
 2.5802      348.00
 2.5788      360.00
 2.5773      373.00
 2.5759      333.00
 2.5745      346.00
 2.5730      336.00
 2.5716      335.00
 2.5702      310.00
 2.5687      343.00
 2.5673      317.00
 2.5659      295.00
