 3.0800      290.00
 3.1000      270.00
 3.1200      278.00
 3.1400      249.00
 3.1600      258.00
 3.1800      229.00
 3.2000      256.00
 3.2200      257.00
 3.2400      242.00
 3.2600      250.00
 3.2800      255.00
 3.3000      244.00
 3.3200      257.00
 3.3400      242.00
 3.3600      267.00
 3.3800      241.00
 3.4000      254.00
 3.4200      215.00
 3.4400      232.00
 3.4600      211.00
 3.4800      254.00
 3.5000      225.00
 3.5200      249.00
 3.5400      223.00
 3.5600      227.00
 3.5800      207.00
 3.6000      251.00
 3.6200      234.00
 3.6400      232.00
 3.6600      209.00
 3.6800      218.00
 3.7000      223.00
 3.7200      223.00
 3.7400      250.00
 3.7600      229.00
 3.7800      218.00
 3.8000      205.00
 3.8200      216.00
 3.8400      199.00
 3.8600      195.00
 3.8800      208.00
 3.9000      219.00
 3.9200      227.00
 3.9400      219.00
 3.9600      231.00
 3.9800      198.00
 4.0000      227.00
 4.0200      199.00
 4.0400      193.00
 4.0600      205.00
 4.0800      194.00
 4.1000      197.00
 4.1200      202.00
 4.1400      189.00
 4.1600      183.00
 4.1800      179.00
 4.2000      196.00
 4.2200      164.00
 4.2400      158.00
 4.2600      205.00
 4.2800      183.00
 4.3000      157.00
 4.3200      170.00
 4.3400      193.00
 4.3600      162.00
 4.3800      179.00
 4.4000      191.00
 4.4200      173.00
 4.4400      159.00
 4.4600      174.00
 4.4800      183.00
 4.5000      159.00
 4.5200      138.00
 4.5400      172.00
 4.5600      161.00
 4.5800      169.00
 4.6000      177.00
 4.6200      168.00
 4.6400      150.00
 4.6600      146.00
 4.6800      153.00
 4.7000      145.00
 4.7200      158.00
 4.7400      157.00
 4.7600      132.00
 4.7800      149.00
 4.8000      168.00
 4.8200      139.00
 4.8400      158.00
 4.8600      155.00
 4.8800      156.00
 4.9000      148.00
 4.9200      127.00
 4.9400      147.00
 4.9600      153.00
 4.9800      163.00
 5.0000      167.00
 5.0200      158.00
 5.0400      144.00
 5.0600      161.00
 5.0800      138.00
 5.1000      145.00
 5.1200      129.00
 5.1400      150.00
 5.1600      148.00
 5.1800      147.00
 5.2000      164.00
 5.2200      161.00
 5.2400      157.00
 5.2600      176.00
 5.2800      162.00
 5.3000      119.00
 5.3200      159.00
 5.3400      158.00
 5.3600      149.00
 5.3800      144.00
 5.4000      147.00
 5.4200      139.00
 5.4400      160.00
 5.4600      147.00
 5.4800      155.00
 5.5000      152.00
 5.5200      170.00
 5.5400      156.00
 5.5600      141.00
 5.5800      150.00
 5.6000      159.00
 5.6200      138.00
 5.6400      148.00
 5.6600      147.00
 5.6800      147.00
 5.7000      141.00
 5.7200      187.00
 5.7400      129.00
 5.7600      143.00
 5.7800      125.00
 5.8000      134.00
 5.8200      161.00
 5.8400      146.00
 5.8600      158.00
 5.8800      161.00
 5.9000      148.00
 5.9200      165.00
 5.9400      152.00
 5.9600      132.00
 5.9800      142.00
 6.0000      144.00
 6.0200      155.00
 6.0400      144.00
 6.0600      161.00
 6.0800      145.00
 6.1000      158.00
 6.1200      131.00
 6.1400      144.00
 6.1600      152.00
 6.1800      153.00
 6.2000      149.00
 6.2200      128.00
 6.2400      138.00
 6.2600      149.00
 6.2800      135.00
 6.3000      157.00
 6.3200      159.00
 6.3400      158.00
 6.3600      156.00
 6.3800      143.00
 6.4000      133.00
 6.4200      129.00
 6.4400      140.00
 6.4600      156.00
 6.4800      141.00
 6.5000      152.00
 6.5200      133.00
 6.5400      151.00
 6.5600      165.00
 6.5800      152.00
 6.6000      166.00
 6.6200      161.00
 6.6400      142.00
 6.6600      164.00
 6.6800      194.00
 6.7000      159.00
 6.7200      163.00
 6.7400      163.00
 6.7600      184.00
 6.7800      162.00
 6.8000      172.00
 6.8200      177.00
 6.8400      147.00
 6.8600      182.00
 6.8800      179.00
 6.9000      179.00
 6.9200      175.00
 6.9400      156.00
 6.9600      173.00
 6.9800      121.00
 7.0000      149.00
 7.0200      169.00
 7.0400      157.00
 7.0600      164.00
 7.0800      168.00
 7.1000      137.00
 7.1200      153.00
 7.1400      161.00
 7.1600      147.00
 7.1800      164.00
 7.2000      131.00
 7.2200      139.00
 7.2400      157.00
 7.2600      145.00
 7.2800      154.00
 7.3000      149.00
 7.3200      170.00
 7.3400      136.00
 7.3600      156.00
 7.3800      143.00
 7.4000      124.00
 7.4200      166.00
 7.4400      122.00
 7.4600      143.00
 7.4800      144.00
 7.5000      144.00
 7.5200      160.00
 7.5400      147.00
 7.5600      162.00
 7.5800      150.00
 7.6000      155.00
 7.6200      168.00
 7.6400      124.00
 7.6600      156.00
 7.6800      176.00
 7.7000      135.00
 7.7200      129.00
 7.7400      153.00
 7.7600      150.00
 7.7800      136.00
 7.8000      148.00
 7.8200      135.00
 7.8400      144.00
 7.8600      137.00
 7.8800      148.00
 7.9000      122.00
 7.9200      138.00
 7.9400      160.00
 7.9600      138.00
 7.9800      156.00
 8.0000      171.00
 8.0200      138.00
 8.0400      139.00
 8.0600      139.00
 8.0800      167.00
 8.1000      141.00
 8.1200      147.00
 8.1400      153.00
 8.1600      142.00
 8.1800      155.00
 8.2000      157.00
 8.2200      149.00
 8.2400      151.00
 8.2600      162.00
 8.2800      149.00
 8.3000      151.00
 8.3200      163.00
 8.3400      150.00
 8.3600      136.00
 8.3800      157.00
 8.4000      140.00
 8.4200      144.00
 8.4400      170.00
 8.4600      139.00
 8.4800      147.00
 8.5000      163.00
 8.5200      148.00
 8.5400      168.00
 8.5600      182.00
 8.5800      166.00
 8.6000      160.00
 8.6200      167.00
 8.6400      167.00
 8.6600      184.00
 8.6800      163.00
 8.7000      191.00
 8.7200      202.00
 8.7400      199.00
 8.7600      171.00
 8.7800      199.00
 8.8000      217.00
 8.8200      198.00
 8.8400      182.00
 8.8600      184.00
 8.8800      192.00
 8.9000      176.00
 8.9200      153.00
 8.9400      152.00
 8.9600      142.00
 8.9800      150.00
 9.0000      159.00
 9.0200      148.00
 9.0400      139.00
 9.0600      147.00
 9.0800      145.00
 9.1000      147.00
 9.1200      161.00
 9.1400      151.00
 9.1600      145.00
 9.1800      147.00
 9.2000      161.00
 9.2200      175.00
 9.2400      145.00
 9.2600      163.00
 9.2800      141.00
 9.3000      141.00
 9.3200      141.00
 9.3400      152.00
 9.3600      178.00
 9.3800      163.00
 9.4000      145.00
 9.4200      155.00
 9.4400      149.00
 9.4600      167.00
 9.4800      151.00
 9.5000      168.00
 9.5200      145.00
 9.5400      154.00
 9.5600      146.00
 9.5800      171.00
 9.6000      166.00
 9.6200      173.00
 9.6400      148.00
 9.6600      148.00
 9.6800      153.00
 9.7000      156.00
 9.7200      155.00
 9.7400      185.00
 9.7600      159.00
 9.7800      175.00
 9.8000      150.00
 9.8200      170.00
 9.8400      187.00
 9.8600      160.00
 9.8800      175.00
 9.9000      206.00
 9.9200      196.00
 9.9400      185.00
 9.9600      177.00
 9.9800      198.00
10.0000      197.00
10.0200      201.00
10.0400      170.00
10.0600      178.00
10.0800      171.00
10.1000      183.00
10.1200      167.00
10.1400      174.00
10.1600      170.00
10.1800      158.00
10.2000      177.00
10.2200      145.00
10.2400      155.00
10.2600      149.00
10.2800      146.00
10.3000      170.00
10.3200      164.00
10.3400      160.00
10.3600      154.00
10.3800      156.00
10.4000      162.00
10.4200      170.00
10.4400      167.00
10.4600      179.00
10.4800      157.00
10.5000      159.00
10.5200      164.00
10.5400      176.00
10.5600      176.00
10.5800      162.00
10.6000      177.00
10.6200      170.00
10.6400      183.00
10.6600      185.00
10.6800      216.00
10.7000      219.00
10.7200      186.00
10.7400      199.00
10.7600      203.00
10.7800      216.00
10.8000      224.00
10.8200      242.00
10.8400      265.00
10.8600      299.00
10.8800      320.00
10.9000      322.00
10.9200      355.00
10.9400      406.00
10.9600      462.00
10.9800      480.00
11.0000      552.00
11.0200      529.00
11.0400      532.00
11.0600      519.00
11.0800      488.00
11.1000      489.00
11.1200      471.00
11.1400      428.00
11.1600      428.00
11.1800      462.00
11.2000      461.00
11.2200      521.00
11.2400      504.00
11.2600      543.00
11.2800      486.00
11.3000      482.00
11.3200      448.00
11.3400      379.00
11.3600      305.00
11.3800      317.00
11.4000      303.00
11.4200      237.00
11.4400      224.00
11.4600      186.00
11.4800      185.00
11.5000      171.00
11.5200      189.00
11.5400      192.00
11.5600      183.00
11.5800      188.00
11.6000      183.00
11.6200      209.00
11.6400      186.00
11.6600      187.00
11.6800      251.00
11.7000      196.00
11.7200      210.00
11.7400      206.00
11.7600      224.00
11.7800      210.00
11.8000      226.00
11.8200      213.00
11.8400      242.00
11.8600      256.00
11.8800      240.00
11.9000      266.00
11.9200      289.00
11.9400      357.00
11.9600      350.00
11.9800      422.00
12.0000      430.00
12.0200      481.00
12.0400      519.00
12.0600      522.00
12.0800      585.00
12.1000      592.00
12.1200      601.00
12.1400      658.00
12.1600      574.00
12.1800      545.00
12.2000      483.00
12.2200      404.00
12.2400      396.00
12.2600      349.00
12.2800      317.00
12.3000      319.00
12.3200      315.00
12.3400      329.00
12.3600      348.00
12.3800      355.00
12.4000      432.00
12.4200      481.00
12.4400      531.00
12.4600      600.00
12.4800      609.00
12.5000      638.00
12.5200      734.00
12.5400      710.00
12.5600      656.00
12.5800      578.00
12.6000      499.00
12.6200      432.00
12.6400      357.00
12.6600      301.00
12.6800      261.00
12.7000      198.00
12.7200      214.00
12.7400      191.00
12.7600      200.00
12.7800      201.00
12.8000      177.00
12.8200      168.00
12.8400      193.00
12.8600      200.00
12.8800      198.00
12.9000      186.00
12.9200      202.00
12.9400      187.00
12.9600      169.00
12.9800      140.00
13.0000      198.00
13.0200      156.00
13.0400      182.00
13.0600      192.00
13.0800      182.00
13.1000      196.00
13.1200      203.00
13.1400      185.00
13.1600      184.00
13.1800      194.00
13.2000      168.00
13.2200      177.00
13.2400      138.00
13.2600      182.00
13.2800      180.00
13.3000      185.00
13.3200      179.00
13.3400      195.00
13.3600      188.00
13.3800      169.00
13.4000      192.00
13.4200      178.00
13.4400      164.00
13.4600      161.00
13.4800      190.00
13.5000      178.00
13.5200      170.00
13.5400      175.00
13.5600      148.00
13.5800      184.00
13.6000      154.00
13.6200      171.00
13.6400      176.00
13.6600      216.00
13.6800      172.00
13.7000      147.00
13.7200      201.00
13.7400      180.00
13.7600      162.00
13.7800      196.00
13.8000      198.00
13.8200      214.00
13.8400      201.00
13.8600      219.00
13.8800      237.00
13.9000      238.00
13.9200      243.00
13.9400      285.00
13.9600      261.00
13.9800      271.00
14.0000      310.00
14.0200      334.00
14.0400      337.00
14.0600      413.00
14.0800      429.00
14.1000      517.00
14.1200      613.00
14.1400      674.00
14.1600      776.00
14.1800      743.00
14.2000      836.00
14.2200      789.00
14.2400      789.00
14.2600      727.00
14.2800      672.00
14.3000      598.00
14.3200      578.00
14.3400      548.00
14.3600      510.00
14.3800      452.00
14.4000      407.00
14.4200      408.00
14.4400      392.00
14.4600      341.00
14.4800      270.00
14.5000      251.00
14.5200      229.00
14.5400      253.00
14.5600      219.00
14.5800      221.00
14.6000      187.00
14.6200      184.00
14.6400      159.00
14.6600      188.00
14.6800      198.00
14.7000      188.00
14.7200      175.00
14.7400      179.00
14.7600      176.00
14.7800      180.00
14.8000      181.00
14.8200      168.00
14.8400      183.00
14.8600      169.00
14.8800      181.00
14.9000      178.00
14.9200      197.00
14.9400      190.00
14.9600      175.00
14.9800      159.00
15.0000      202.00
15.0200      184.00
15.0400      185.00
15.0600      192.00
15.0800      178.00
15.1000      179.00
15.1200      167.00
15.1400      179.00
15.1600      173.00
15.1800      180.00
15.2000      179.00
15.2200      165.00
15.2400      168.00
15.2600      174.00
15.2800      192.00
15.3000      173.00
15.3200      188.00
15.3400      171.00
15.3600      186.00
15.3800      194.00
15.4000      174.00
15.4200      166.00
15.4400      180.00
15.4600      166.00
15.4800      182.00
15.5000      168.00
15.5200      164.00
15.5400      205.00
15.5600      179.00
15.5800      159.00
15.6000      189.00
15.6200      171.00
15.6400      172.00
15.6600      195.00
15.6800      214.00
15.7000      200.00
15.7200      204.00
15.7400      245.00
15.7600      243.00
15.7800      228.00
15.8000      283.00
15.8200      296.00
15.8400      319.00
15.8600      358.00
15.8800      330.00
15.9000      419.00
15.9200      393.00
15.9400      379.00
15.9600      355.00
15.9800      342.00
16.0000      358.00
16.0200      331.00
16.0400      326.00
16.0600      336.00
16.0800      335.00
16.1000      351.00
16.1200      353.00
16.1400      372.00
16.1600      378.00
16.1800      376.00
16.2000      370.00
16.2200      320.00
16.2400      314.00
16.2600      344.00
16.2800      285.00
16.3000      327.00
16.3200      297.00
16.3400      337.00
16.3600      331.00
16.3800      402.00
16.4000      392.00
16.4200      457.00
16.4400      442.00
16.4600      516.00
16.4800      495.00
16.5000      467.00
16.5200      477.00
16.5400      470.00
16.5600      383.00
16.5800      363.00
16.6000      327.00
16.6200      254.00
16.6400      233.00
16.6600      225.00
16.6800      249.00
16.7000      198.00
16.7200      238.00
16.7400      218.00
16.7600      178.00
16.7800      209.00
16.8000      241.00
16.8200      207.00
16.8400      241.00
16.8600      299.00
16.8800      286.00
16.9000      301.00
16.9200      321.00
16.9400      336.00
16.9600      396.00
16.9800      363.00
17.0000      442.00
17.0200      486.00
17.0400      491.00
17.0600      568.00
17.0800      492.00
17.1000      501.00
17.1200      473.00
17.1400      474.00
17.1600      432.00
17.1800      422.00
17.2000      378.00
17.2200      406.00
17.2400      366.00
17.2600      448.00
17.2800      431.00
17.3000      461.00
17.3200      552.00
17.3400      579.00
17.3600      737.00
17.3800      822.00
17.4000      953.00
17.4200     1136.00
17.4400     1229.00
17.4600     1494.00
17.4800     1639.00
17.5000     1750.00
17.5200     1891.00
17.5400     1960.00
17.5600     1933.00
17.5800     1777.00
17.6000     1697.00
17.6200     1586.00
17.6400     1397.00
17.6600     1227.00
17.6800     1088.00
17.7000      857.00
17.7200      720.00
17.7400      565.00
17.7600      492.00
17.7800      390.00
17.8000      387.00
17.8200      348.00
17.8400      324.00
17.8600      334.00
17.8800      322.00
17.9000      319.00
17.9200      298.00
17.9400      312.00
17.9600      312.00
17.9800      275.00
18.0000      271.00
18.0200      239.00
18.0400      237.00
18.0600      210.00
18.0800      216.00
18.1000      203.00
18.1200      224.00
18.1400      272.00
18.1600      251.00
18.1800      237.00
18.2000      256.00
18.2200      329.00
18.2400      333.00
18.2600      339.00
18.2800      371.00
18.3000      458.00
18.3200      533.00
18.3400      570.00
18.3600      613.00
18.3800      672.00
18.4000      749.00
18.4200      708.00
18.4400      704.00
18.4600      636.00
18.4800      578.00
18.5000      531.00
18.5200      465.00
18.5400      381.00
18.5600      392.00
18.5800      329.00
18.6000      267.00
18.6200      267.00
18.6400      256.00
18.6600      258.00
18.6800      265.00
18.7000      271.00
18.7200      307.00
18.7400      280.00
18.7600      303.00
18.7800      282.00
18.8000      267.00
18.8200      308.00
18.8400      281.00
18.8600      279.00
18.8800      230.00
18.9000      254.00
18.9200      246.00
18.9400      263.00
18.9600      220.00
18.9800      254.00
19.0000      240.00
19.0200      291.00
19.0400      262.00
19.0600      257.00
19.0800      276.00
19.1000      301.00
19.1200      311.00
19.1400      314.00
19.1600      312.00
19.1800      326.00
19.2000      315.00
19.2200      326.00
19.2400      286.00
19.2600      295.00
19.2800      291.00
19.3000      270.00
19.3200      281.00
19.3400      286.00
19.3600      266.00
19.3800      296.00
19.4000      306.00
19.4200      341.00
19.4400      368.00
19.4600      409.00
19.4800      438.00
19.5000      548.00
19.5200      687.00
19.5400      815.00
19.5600     1019.00
19.5800     1148.00
19.6000     1342.00
19.6200     1394.00
19.6400     1508.00
19.6600     1443.00
19.6800     1436.00
19.7000     1350.00
19.7200     1196.00
19.7400     1052.00
19.7600      963.00
19.7800      791.00
19.8000      664.00
19.8200      533.00
19.8400      485.00
19.8600      397.00
19.8800      347.00
19.9000      341.00
19.9200      322.00
19.9400      309.00
19.9600      304.00
19.9800      308.00
20.0000      249.00
20.0200      256.00
20.0400      283.00
20.0600      280.00
20.0800      217.00
20.1000      248.00
20.1200      259.00
20.1400      251.00
20.1600      226.00
20.1800      236.00
20.2000      221.00
20.2200      201.00
20.2400      241.00
20.2600      241.00
20.2800      233.00
20.3000      221.00
20.3200      224.00
20.3400      213.00
20.3600      263.00
20.3800      245.00
20.4000      304.00
20.4200      259.00
20.4400      303.00
20.4600      323.00
20.4800      341.00
20.5000      399.00
20.5200      453.00
20.5400      593.00
20.5600      706.00
20.5800      918.00
20.6000     1031.00
20.6200     1107.00
20.6400     1161.00
20.6600     1113.00
20.6800     1001.00
20.7000     1007.00
20.7200      885.00
20.7400      852.00
20.7600      766.00
20.7800      775.00
20.8000      724.00
20.8200      807.00
20.8400      996.00
20.8600     1030.00
20.8800     1213.00
20.9000     1276.00
20.9200     1466.00
20.9400     1604.00
20.9600     1779.00
20.9800     2032.00
21.0000     2246.00
21.0200     2425.00
21.0400     2526.00
21.0600     2451.00
21.0800     2259.00
21.1000     2063.00
21.1200     1706.00
21.1400     1352.00
21.1600     1083.00
21.1800      884.00
21.2000      701.00
21.2200      554.00
21.2400      409.00
21.2600      352.00
21.2800      340.00
21.3000      233.00
21.3200      256.00
21.3400      229.00
21.3600      224.00
21.3800      195.00
21.4000      241.00
21.4200      232.00
21.4400      219.00
21.4600      247.00
21.4800      211.00
21.5000      201.00
21.5200      208.00
21.5400      202.00
21.5600      218.00
21.5800      236.00
21.6000      190.00
21.6200      221.00
21.6400      198.00
21.6600      210.00
21.6800      184.00
21.7000      183.00
21.7200      212.00
21.7400      183.00
21.7600      220.00
21.7800      186.00
21.8000      209.00
21.8200      185.00
21.8400      210.00
21.8600      161.00
21.8800      203.00
21.9000      201.00
21.9200      219.00
21.9400      205.00
21.9600      234.00
21.9800      223.00
22.0000      209.00
22.0200      226.00
22.0400      237.00
22.0600      260.00
22.0800      274.00
22.1000      272.00
22.1200      279.00
22.1400      320.00
22.1600      338.00
22.1800      342.00
22.2000      381.00
22.2200      364.00
22.2400      423.00
22.2600      383.00
22.2800      450.00
22.3000      489.00
22.3200      470.00
22.3400      489.00
22.3600      468.00
22.3800      481.00
22.4000      456.00
22.4200      431.00
22.4400      465.00
22.4600      516.00
22.4800      590.00
22.5000      603.00
22.5200      744.00
22.5400      722.00
22.5600      891.00
22.5800      907.00
22.6000      968.00
22.6200      961.00
22.6400      941.00
22.6600      899.00
22.6800      844.00
22.7000      723.00
22.7200      634.00
22.7400      589.00
22.7600      442.00
22.7800      436.00
22.8000      423.00
22.8200      369.00
22.8400      431.00
22.8600      420.00
22.8800      421.00
22.9000      404.00
22.9200      443.00
22.9400      480.00
22.9600      480.00
22.9800      486.00
23.0000      522.00
23.0200      509.00
23.0400      583.00
23.0600      643.00
23.0800      643.00
23.1000      663.00
23.1200      660.00
23.1400      644.00
23.1600      623.00
23.1800      557.00
23.2000      508.00
23.2200      456.00
23.2400      452.00
23.2600      469.00
23.2800      462.00
23.3000      478.00
23.3200      615.00
23.3400      558.00
23.3600      564.00
23.3800      649.00
23.4000      631.00
23.4200      652.00
23.4400      609.00
23.4600      540.00
23.4800      476.00
23.5000      409.00
23.5200      390.00
23.5400      325.00
23.5600      285.00
23.5800      245.00
23.6000      211.00
23.6200      235.00
23.6400      249.00
23.6600      237.00
23.6800      224.00
23.7000      226.00
23.7200      240.00
23.7400      252.00
23.7600      228.00
23.7800      286.00
23.8000      283.00
23.8200      286.00
23.8400      275.00
23.8600      306.00
23.8800      296.00
23.9000      307.00
23.9200      350.00
23.9400      363.00
23.9600      380.00
23.9800      469.00
24.0000      514.00
24.0200      565.00
24.0400      598.00
24.0600      638.00
24.0800      650.00
24.1000      696.00
24.1200      658.00
24.1400      592.00
24.1600      599.00
24.1800      537.00
24.2000      522.00
24.2200      531.00
24.2400      540.00
24.2600      570.00
24.2800      631.00
24.3000      767.00
24.3200      831.00
24.3400      937.00
24.3600     1013.00
24.3800      960.00
24.4000     1011.00
24.4200      866.00
24.4400      869.00
24.4600      721.00
24.4800      653.00
24.5000      519.00
24.5200      464.00
24.5400      363.00
24.5600      335.00
24.5800      275.00
24.6000      290.00
24.6200      243.00
24.6400      238.00
24.6600      268.00
24.6800      227.00
24.7000      271.00
24.7200      266.00
24.7400      275.00
24.7600      304.00
24.7800      317.00
24.8000      411.00
24.8200      446.00
24.8400      497.00
24.8600      609.00
24.8800      688.00
24.9000      722.00
24.9200      765.00
24.9400      750.00
24.9600      730.00
24.9800      649.00
25.0000      578.00
25.0200      467.00
25.0400      450.00
25.0600      379.00
25.0800      301.00
25.1000      254.00
25.1200      275.00
25.1400      242.00
25.1600      242.00
25.1800      202.00
25.2000      226.00
25.2200      205.00
25.2400      194.00
25.2600      193.00
25.2800      194.00
25.3000      174.00
25.3200      181.00
25.3400      188.00
25.3600      184.00
25.3800      187.00
25.4000      169.00
25.4200      166.00
25.4400      163.00
25.4600      170.00
25.4800      177.00
25.5000      174.00
25.5200      176.00
25.5400      170.00
25.5600      167.00
25.5800      196.00
25.6000      160.00
25.6200      193.00
25.6400      157.00
25.6600      165.00
25.6800      159.00
25.7000      195.00
25.7200      184.00
25.7400      194.00
25.7600      176.00
25.7800      174.00
25.8000      194.00
25.8200      195.00
25.8400      185.00
25.8600      221.00
25.8800      218.00
25.9000      234.00
25.9200      227.00
25.9400      314.00
25.9600      279.00
25.9800      333.00
26.0000      332.00
26.0200      344.00
26.0400      363.00
26.0600      356.00
26.0800      381.00
26.1000      404.00
26.1200      392.00
26.1400      472.00
26.1600      456.00
26.1800      496.00
26.2000      486.00
26.2200      491.00
26.2400      492.00
26.2600      445.00
26.2800      477.00
26.3000      405.00
26.3200      424.00
26.3400      389.00
26.3600      374.00
26.3800      382.00
26.4000      414.00
26.4200      430.00
26.4400      416.00
26.4600      410.00
26.4800      414.00
26.5000      401.00
26.5200      384.00
26.5400      343.00
26.5600      340.00
26.5800      323.00
26.6000      265.00
26.6200      234.00
26.6400      265.00
26.6600      215.00
26.6800      202.00
26.7000      175.00
26.7200      178.00
26.7400      168.00
26.7600      205.00
26.7800      156.00
26.8000      165.00
26.8200      177.00
26.8400      188.00
26.8600      172.00
26.8800      192.00
26.9000      174.00
26.9200      226.00
26.9400      210.00
26.9600      213.00
26.9800      212.00
27.0000      211.00
27.0200      206.00
27.0400      212.00
27.0600      214.00
27.0800      237.00
27.1000      213.00
27.1200      209.00
27.1400      212.00
27.1600      214.00
27.1800      214.00
27.2000      225.00
27.2200      259.00
27.2400      262.00
27.2600      311.00
27.2800      319.00
27.3000      318.00
27.3200      313.00
27.3400      303.00
27.3600      344.00
27.3800      282.00
27.4000      270.00
27.4200      245.00
27.4400      298.00
27.4600      286.00
27.4800      330.00
27.5000      384.00
27.5200      431.00
27.5400      471.00
27.5600      555.00
27.5800      720.00
27.6000      808.00
27.6200      904.00
27.6400      876.00
27.6600      945.00
27.6800      888.00
27.7000      809.00
27.7200      723.00
27.7400      631.00
27.7600      572.00
27.7800      472.00
27.8000      415.00
27.8200      374.00
27.8400      336.00
27.8600      307.00
27.8800      310.00
27.9000      282.00
27.9200      313.00
27.9400      279.00
27.9600      282.00
27.9800      258.00
28.0000      279.00
28.0200      278.00
28.0400      243.00
28.0600      241.00
28.0800      251.00
28.1000      233.00
28.1200      252.00
28.1400      236.00
28.1600      244.00
28.1800      238.00
28.2000      237.00
28.2200      249.00
28.2400      236.00
28.2600      273.00
28.2800      267.00
28.3000      325.00
28.3200      394.00
28.3400      467.00
28.3600      517.00
28.3800      583.00
28.4000      654.00
28.4200      706.00
28.4400      837.00
28.4600      898.00
28.4800      923.00
28.5000      924.00
28.5200      952.00
28.5400      891.00
28.5600      816.00
28.5800      737.00
28.6000      692.00
28.6200      609.00
28.6400      545.00
28.6600      487.00
28.6800      482.00
28.7000      429.00
28.7200      425.00
28.7400      426.00
28.7600      371.00
28.7800      375.00
28.8000      370.00
28.8200      342.00
28.8400      313.00
28.8600      269.00
28.8800      273.00
28.9000      263.00
28.9200      266.00
28.9400      280.00
28.9600      282.00
28.9800      299.00
29.0000      310.00
29.0200      307.00
29.0400      280.00
29.0600      334.00
29.0800      304.00
29.1000      309.00
29.1200      345.00
29.1400      371.00
29.1600      378.00
29.1800      411.00
29.2000      372.00
29.2200      421.00
29.2400      410.00
29.2600      386.00
29.2800      344.00
29.3000      380.00
29.3200      342.00
29.3400      395.00
29.3600      390.00
29.3800      392.00
29.4000      447.00
29.4200      424.00
29.4400      473.00
29.4600      480.00
29.4800      460.00
29.5000      439.00
29.5200      385.00
29.5400      346.00
29.5600      351.00
29.5800      278.00
29.6000      298.00
29.6200      258.00
29.6400      213.00
29.6600      191.00
29.6800      195.00
29.7000      175.00
29.7200      182.00
29.7400      161.00
29.7600      187.00
29.7800      158.00
29.8000      146.00
29.8200      146.00
29.8400      156.00
29.8600      157.00
29.8800      142.00
29.9000      172.00
29.9200      169.00
29.9400      194.00
29.9600      174.00
29.9800      224.00
30.0000      253.00
30.0200      269.00
30.0400      298.00
30.0600      249.00
30.0800      282.00
30.1000      290.00
30.1200      323.00
30.1400      302.00
30.1600      304.00
30.1800      281.00
30.2000      301.00
30.2200      277.00
30.2400      317.00
30.2600      289.00
30.2800      255.00
30.3000      251.00
30.3200      254.00
30.3400      235.00
30.3600      201.00
30.3800      221.00
30.4000      212.00
30.4200      209.00
30.4400      186.00
30.4600      235.00
30.4800      188.00
30.5000      170.00
30.5200      188.00
30.5400      160.00
30.5600      195.00
30.5800      183.00
30.6000      168.00
30.6200      212.00
30.6400      195.00
30.6600      196.00
30.6800      183.00
30.7000      187.00
30.7200      205.00
30.7400      167.00
30.7600      174.00
30.7800      208.00
30.8000      194.00
30.8200      164.00
30.8400      180.00
30.8600      166.00
30.8800      174.00
30.9000      213.00
30.9200      183.00
30.9400      177.00
30.9600      202.00
30.9800      164.00
31.0000      203.00
31.0200      178.00
31.0400      162.00
31.0600      162.00
31.0800      187.00
31.1000      182.00
31.1200      129.00
31.1400      136.00
31.1600      138.00
31.1800      139.00
31.2000      165.00
31.2200      131.00
31.2400      157.00
31.2600      150.00
31.2800      135.00
31.3000      148.00
31.3200      130.00
31.3400      136.00
31.3600      125.00
31.3800      135.00
31.4000      142.00
31.4200      136.00
31.4400      134.00
31.4600      171.00
31.4800      144.00
31.5000      159.00
31.5200      164.00
31.5400      197.00
31.5600      211.00
31.5800      190.00
31.6000      198.00
31.6200      190.00
31.6400      183.00
31.6600      199.00
31.6800      164.00
31.7000      178.00
31.7200      154.00
31.7400      159.00
31.7600      145.00
31.7800      138.00
31.8000      169.00
31.8200      145.00
31.8400      172.00
31.8600      184.00
31.8800      181.00
31.9000      200.00
31.9200      185.00
31.9400      209.00
31.9600      212.00
31.9800      234.00
32.0000      221.00
32.0200      225.00
32.0400      259.00
32.0600      258.00
32.0800      240.00
32.1000      255.00
32.1200      235.00
32.1400      233.00
32.1600      229.00
32.1800      272.00
32.2000      247.00
32.2200      243.00
32.2400      212.00
32.2600      259.00
32.2800      216.00
32.3000      253.00
32.3200      249.00
32.3400      252.00
32.3600      252.00
32.3800      206.00
32.4000      236.00
32.4200      246.00
32.4400      232.00
32.4600      233.00
32.4800      244.00
32.5000      251.00
32.5200      296.00
32.5400      255.00
32.5600      290.00
32.5800      294.00
32.6000      259.00
32.6200      300.00
32.6400      282.00
32.6600      278.00
32.6800      273.00
32.7000      282.00
32.7200      261.00
32.7400      260.00
32.7600      203.00
32.7800      215.00
32.8000      217.00
32.8200      200.00
32.8400      192.00
32.8600      204.00
32.8800      203.00
32.9000      193.00
32.9200      209.00
32.9400      208.00
32.9600      191.00
32.9800      192.00
33.0000      177.00
33.0200      225.00
33.0400      216.00
33.0600      175.00
33.0800      214.00
33.1000      218.00
33.1200      228.00
33.1400      225.00
33.1600      234.00
33.1800      245.00
33.2000      260.00
33.2200      281.00
33.2400      297.00
33.2600      295.00
33.2800      286.00
33.3000      313.00
33.3200      259.00
33.3400      262.00
33.3600      288.00
33.3800      269.00
33.4000      258.00
33.4200      241.00
33.4400      224.00
33.4600      241.00
33.4800      231.00
33.5000      236.00
33.5200      229.00
33.5400      228.00
33.5600      224.00
33.5800      196.00
33.6000      178.00
33.6200      189.00
33.6400      187.00
33.6600      152.00
33.6800      151.00
33.7000      134.00
33.7200      135.00
33.7400      150.00
33.7600      132.00
33.7800      123.00
33.8000      124.00
33.8200      133.00
33.8400      135.00
33.8600      160.00
33.8800      179.00
33.9000      141.00
33.9200      143.00
33.9400      156.00
33.9600      141.00
33.9800      149.00
34.0000      163.00
34.0200      153.00
34.0400      183.00
34.0600      167.00
34.0800      197.00
34.1000      199.00
34.1200      229.00
34.1400      248.00
34.1600      259.00
34.1800      253.00
34.2000      264.00
34.2200      272.00
34.2400      262.00
34.2600      263.00
34.2800      254.00
34.3000      218.00
34.3200      205.00
34.3400      188.00
34.3600      165.00
34.3800      166.00
34.4000      162.00
34.4200      143.00
34.4400      153.00
34.4600      138.00
34.4800      146.00
34.5000      162.00
34.5200      136.00
34.5400      139.00
34.5600      125.00
34.5800      144.00
34.6000      136.00
34.6200      148.00
34.6400      156.00
34.6600      146.00
34.6800      166.00
34.7000      168.00
34.7200      155.00
34.7400      159.00
34.7600      171.00
34.7800      164.00
34.8000      193.00
34.8200      188.00
34.8400      151.00
34.8600      162.00
34.8800      164.00
34.9000      182.00
34.9200      151.00
34.9400      167.00
34.9600      175.00
34.9800      182.00
35.0000      150.00
35.0200      151.00
35.0400      160.00
35.0600      169.00
35.0800      175.00
