 2.9100      282.00
 2.9300      241.00
 2.9500      290.00
 2.9700      240.00
 2.9900      237.00
 3.0100      259.00
 3.0300      251.00
 3.0500      215.00
 3.0700      249.00
 3.0900      248.00
 3.1100      214.00
 3.1300      219.00
 3.1500      235.00
 3.1700      234.00
 3.1900      224.00
 3.2100      234.00
 3.2300      225.00
 3.2500      240.00
 3.2700      235.00
 3.2900      222.00
 3.3100      230.00
 3.3300      214.00
 3.3500      213.00
 3.3700      225.00
 3.3900      218.00
 3.4100      227.00
 3.4300      230.00
 3.4500      203.00
 3.4700      215.00
 3.4900      226.00
 3.5100      211.00
 3.5300      215.00
 3.5500      205.00
 3.5700      196.00
 3.5900      197.00
 3.6100      210.00
 3.6300      181.00
 3.6500      189.00
 3.6700      172.00
 3.6900      175.00
 3.7100      186.00
 3.7300      190.00
 3.7500      209.00
 3.7700      198.00
 3.7900      178.00
 3.8100      151.00
 3.8300      185.00
 3.8500      202.00
 3.8700      181.00
 3.8900      198.00
 3.9100      185.00
 3.9300      194.00
 3.9500      173.00
 3.9700      185.00
 3.9900      204.00
 4.0100      206.00
 4.0300      181.00
 4.0500      191.00
 4.0700      179.00
 4.0900      173.00
 4.1100      144.00
 4.1300      131.00
 4.1500      176.00
 4.1700      171.00
 4.1900      147.00
 4.2100      160.00
 4.2300      173.00
 4.2500      155.00
 4.2700      159.00
 4.2900      149.00
 4.3100      169.00
 4.3300      184.00
 4.3500      145.00
 4.3700      148.00
 4.3900      149.00
 4.4100      160.00
 4.4300      140.00
 4.4500      161.00
 4.4700      186.00
 4.4900      151.00
 4.5100      163.00
 4.5300      157.00
 4.5500      141.00
 4.5700      155.00
 4.5900      142.00
 4.6100      141.00
 4.6300      130.00
 4.6500      125.00
 4.6700      147.00
 4.6900      127.00
 4.7100      149.00
 4.7300      134.00
 4.7500      138.00
 4.7700      122.00
 4.7900      124.00
 4.8100      166.00
 4.8300      145.00
 4.8500      139.00
 4.8700      121.00
 4.8900      137.00
 4.9100      146.00
 4.9300      138.00
 4.9500      139.00
 4.9700      116.00
 4.9900      132.00
 5.0100      138.00
 5.0300      146.00
 5.0500      132.00
 5.0700      138.00
 5.0900      151.00
 5.1100      147.00
 5.1300      115.00
 5.1500      140.00
 5.1700      141.00
 5.1900      132.00
 5.2100      150.00
 5.2300      150.00
 5.2500      147.00
 5.2700      166.00
 5.2900      150.00
 5.3100      114.00
 5.3300      122.00
 5.3500      135.00
 5.3700      137.00
 5.3900      140.00
 5.4100      132.00
 5.4300      153.00
 5.4500      152.00
 5.4700      132.00
 5.4900      149.00
 5.5100      151.00
 5.5300      148.00
 5.5500      145.00
 5.5700      127.00
 5.5900      148.00
 5.6100      113.00
 5.6300      135.00
 5.6500      143.00
 5.6700      129.00
 5.6900      130.00
 5.7100      135.00
 5.7300      157.00
 5.7500      143.00
 5.7700      150.00
 5.7900      157.00
 5.8100      156.00
 5.8300      151.00
 5.8500      153.00
 5.8700      128.00
 5.8900      123.00
 5.9100      160.00
 5.9300      150.00
 5.9500      128.00
 5.9700      128.00
 5.9900      133.00
 6.0100      138.00
 6.0300      151.00
 6.0500      164.00
 6.0700      130.00
 6.0900      135.00
 6.1100      123.00
 6.1300      132.00
 6.1500      134.00
 6.1700      123.00
 6.1900      134.00
 6.2100      158.00
 6.2300      111.00
 6.2500      146.00
 6.2700      146.00
 6.2900      157.00
 6.3100      139.00
 6.3300      132.00
 6.3500      149.00
 6.3700      140.00
 6.3900      122.00
 6.4100      141.00
 6.4300      121.00
 6.4500      143.00
 6.4700      139.00
 6.4900      135.00
 6.5100      156.00
 6.5300      131.00
 6.5500      143.00
 6.5700      160.00
 6.5900      150.00
 6.6100      165.00
 6.6300      160.00
 6.6500      175.00
 6.6700      164.00
 6.6900      176.00
 6.7100      187.00
 6.7300      191.00
 6.7500      177.00
 6.7700      208.00
 6.7900      187.00
 6.8100      179.00
 6.8300      197.00
 6.8500      186.00
 6.8700      178.00
 6.8900      188.00
 6.9100      221.00
 6.9300      193.00
 6.9500      172.00
 6.9700      188.00
 6.9900      164.00
 7.0100      146.00
 7.0300      131.00
 7.0500      140.00
 7.0700      141.00
 7.0900      130.00
 7.1100      143.00
 7.1300      154.00
 7.1500      109.00
 7.1700      146.00
 7.1900      151.00
 7.2100      132.00
 7.2300      152.00
 7.2500      118.00
 7.2700      144.00
 7.2900      129.00
 7.3100      133.00
 7.3300      156.00
 7.3500      136.00
 7.3700      162.00
 7.3900      140.00
 7.4100      136.00
 7.4300      135.00
 7.4500      141.00
 7.4700      158.00
 7.4900      134.00
 7.5100      135.00
 7.5300      154.00
 7.5500      114.00
 7.5700      113.00
 7.5900      150.00
 7.6100      130.00
 7.6300      133.00
 7.6500      142.00
 7.6700      133.00
 7.6900      136.00
 7.7100      127.00
 7.7300      136.00
 7.7500      149.00
 7.7700      137.00
 7.7900      140.00
 7.8100      153.00
 7.8300      137.00
 7.8500      156.00
 7.8700      137.00
 7.8900      121.00
 7.9100      124.00
 7.9300      149.00
 7.9500      150.00
 7.9700      152.00
 7.9900      131.00
 8.0100      149.00
 8.0300      151.00
 8.0500      126.00
 8.0700      152.00
 8.0900      145.00
 8.1100      149.00
 8.1300      141.00
 8.1500      135.00
 8.1700      141.00
 8.1900      144.00
 8.2100      114.00
 8.2300      142.00
 8.2500      134.00
 8.2700      165.00
 8.2900      143.00
 8.3100      145.00
 8.3300      144.00
 8.3500      146.00
 8.3700      137.00
 8.3900      162.00
 8.4100      123.00
 8.4300      147.00
 8.4500      148.00
 8.4700      117.00
 8.4900      124.00
 8.5100      148.00
 8.5300      138.00
 8.5500      147.00
 8.5700      141.00
 8.5900      175.00
 8.6100      147.00
 8.6300      147.00
 8.6500      174.00
 8.6700      164.00
 8.6900      167.00
 8.7100      158.00
 8.7300      172.00
 8.7500      165.00
 8.7700      174.00
 8.7900      176.00
 8.8100      169.00
 8.8300      161.00
 8.8500      163.00
 8.8700      153.00
 8.8900      153.00
 8.9100      154.00
 8.9300      144.00
 8.9500      164.00
 8.9700      157.00
 8.9900      158.00
 9.0100      146.00
 9.0300      122.00
 9.0500      160.00
 9.0700      130.00
 9.0900      147.00
 9.1100      135.00
 9.1300      150.00
 9.1500      150.00
 9.1700      125.00
 9.1900      157.00
 9.2100      156.00
 9.2300      145.00
 9.2500      143.00
 9.2700      152.00
 9.2900      140.00
 9.3100      147.00
 9.3300      164.00
 9.3500      147.00
 9.3700      140.00
 9.3900      137.00
 9.4100      176.00
 9.4300      147.00
 9.4500      145.00
 9.4700      167.00
 9.4900      140.00
 9.5100      164.00
 9.5300      150.00
 9.5500      162.00
 9.5700      156.00
 9.5900      161.00
 9.6100      128.00
 9.6300      160.00
 9.6500      147.00
 9.6700      150.00
 9.6900      156.00
 9.7100      158.00
 9.7300      145.00
 9.7500      145.00
 9.7700      143.00
 9.7900      163.00
 9.8100      157.00
 9.8300      171.00
 9.8500      165.00
 9.8700      168.00
 9.8900      143.00
 9.9100      174.00
 9.9300      173.00
 9.9500      178.00
 9.9700      189.00
 9.9900      152.00
10.0100      182.00
10.0300      164.00
10.0500      153.00
10.0700      190.00
10.0900      159.00
10.1100      154.00
10.1300      148.00
10.1500      153.00
10.1700      153.00
10.1900      164.00
10.2100      151.00
10.2300      136.00
10.2500      162.00
10.2700      167.00
10.2900      142.00
10.3100      157.00
10.3300      159.00
10.3500      150.00
10.3700      162.00
10.3900      159.00
10.4100      172.00
10.4300      152.00
10.4500      155.00
10.4700      150.00
10.4900      152.00
10.5100      154.00
10.5300      183.00
10.5500      147.00
10.5700      129.00
10.5900      157.00
10.6100      169.00
10.6300      192.00
10.6500      175.00
10.6700      195.00
10.6900      181.00
10.7100      195.00
10.7300      206.00
10.7500      237.00
10.7700      220.00
10.7900      254.00
10.8100      263.00
10.8300      266.00
10.8500      276.00
10.8700      319.00
10.8900      329.00
10.9100      339.00
10.9300      420.00
10.9500      437.00
10.9700      422.00
10.9900      430.00
11.0100      476.00
11.0300      445.00
11.0500      461.00
11.0700      466.00
11.0900      482.00
11.1100      461.00
11.1300      465.00
11.1500      426.00
11.1700      402.00
11.1900      456.00
11.2100      423.00
11.2300      415.00
11.2500      397.00
11.2700      382.00
11.2900      335.00
11.3100      302.00
11.3300      300.00
11.3500      270.00
11.3700      213.00
11.3900      196.00
11.4100      218.00
11.4300      204.00
11.4500      210.00
11.4700      195.00
11.4900      184.00
11.5100      178.00
11.5300      173.00
11.5500      173.00
11.5700      167.00
11.5900      214.00
11.6100      178.00
11.6300      186.00
11.6500      188.00
11.6700      201.00
11.6900      176.00
11.7100      222.00
11.7300      198.00
11.7500      210.00
11.7700      199.00
11.7900      175.00
11.8100      232.00
11.8300      251.00
11.8500      233.00
11.8700      258.00
11.8900      296.00
11.9100      291.00
11.9300      325.00
11.9500      333.00
11.9700      369.00
11.9900      457.00
12.0100      426.00
12.0300      487.00
12.0500      487.00
12.0700      462.00
12.0900      470.00
12.1100      448.00
12.1300      468.00
12.1500      387.00
12.1700      394.00
12.1900      367.00
12.2100      363.00
12.2300      327.00
12.2500      325.00
12.2700      283.00
12.2900      284.00
12.3100      309.00
12.3300      325.00
12.3500      337.00
12.3700      390.00
12.3900      411.00
12.4100      399.00
12.4300      451.00
12.4500      500.00
12.4700      524.00
12.4900      470.00
12.5100      504.00
12.5300      438.00
12.5500      441.00
12.5700      419.00
12.5900      335.00
12.6100      310.00
12.6300      268.00
12.6500      235.00
12.6700      218.00
12.6900      196.00
12.7100      222.00
12.7300      200.00
12.7500      168.00
12.7700      186.00
12.7900      159.00
12.8100      174.00
12.8300      173.00
12.8500      172.00
12.8700      183.00
12.8900      158.00
12.9100      162.00
12.9300      187.00
12.9500      171.00
12.9700      166.00
12.9900      181.00
13.0100      163.00
13.0300      177.00
13.0500      174.00
13.0700      155.00
13.0900      190.00
13.1100      160.00
13.1300      190.00
13.1500      164.00
13.1700      166.00
13.1900      152.00
13.2100      176.00
13.2300      162.00
13.2500      157.00
13.2700      187.00
13.2900      176.00
13.3100      159.00
13.3300      172.00
13.3500      170.00
13.3700      130.00
13.3900      162.00
13.4100      182.00
13.4300      185.00
13.4500      181.00
13.4700      167.00
13.4900      156.00
13.5100      182.00
13.5300      207.00
13.5500      165.00
13.5700      196.00
13.5900      165.00
13.6100      157.00
13.6300      170.00
13.6500      180.00
13.6700      169.00
13.6900      194.00
13.7100      172.00
13.7300      234.00
13.7500      182.00
13.7700      179.00
13.7900      181.00
13.8100      186.00
13.8300      221.00
13.8500      206.00
13.8700      193.00
13.8900      237.00
13.9100      224.00
13.9300      245.00
13.9500      291.00
13.9700      281.00
13.9900      344.00
14.0100      359.00
14.0300      429.00
14.0500      486.00
14.0700      537.00
14.0900      602.00
14.1100      637.00
14.1300      631.00
14.1500      666.00
14.1700      639.00
14.1900      674.00
14.2100      672.00
14.2300      619.00
14.2500      554.00
14.2700      573.00
14.2900      473.00
14.3100      499.00
14.3300      431.00
14.3500      410.00
14.3700      359.00
14.3900      318.00
14.4100      286.00
14.4300      298.00
14.4500      276.00
14.4700      244.00
14.4900      214.00
14.5100      214.00
14.5300      197.00
14.5500      193.00
14.5700      208.00
14.5900      181.00
14.6100      177.00
14.6300      196.00
14.6500      173.00
14.6700      177.00
14.6900      145.00
14.7100      183.00
14.7300      195.00
14.7500      156.00
14.7700      177.00
14.7900      177.00
14.8100      147.00
14.8300      175.00
14.8500      186.00
14.8700      175.00
14.8900      179.00
14.9100      151.00
14.9300      177.00
14.9500      175.00
14.9700      181.00
14.9900      171.00
15.0100      186.00
15.0300      173.00
15.0500      156.00
15.0700      189.00
15.0900      158.00
15.1100      159.00
15.1300      178.00
15.1500      178.00
15.1700      166.00
15.1900      164.00
15.2100      166.00
15.2300      157.00
15.2500      140.00
15.2700      148.00
15.2900      173.00
15.3100      188.00
15.3300      162.00
15.3500      160.00
15.3700      187.00
15.3900      168.00
15.4100      153.00
15.4300      167.00
15.4500      194.00
15.4700      166.00
15.4900      155.00
15.5100      157.00
15.5300      175.00
15.5500      172.00
15.5700      175.00
15.5900      185.00
15.6100      165.00
15.6300      200.00
15.6500      185.00
15.6700      186.00
15.6900      201.00
15.7100      221.00
15.7300      234.00
15.7500      248.00
15.7700      269.00
15.7900      265.00
15.8100      289.00
15.8300      307.00
15.8500      330.00
15.8700      337.00
15.8900      345.00
15.9100      343.00
15.9300      334.00
15.9500      343.00
15.9700      335.00
15.9900      353.00
16.0100      324.00
16.0300      347.00
16.0500      385.00
16.0700      374.00
16.0900      408.00
16.1100      414.00
16.1300      474.00
16.1500      441.00
16.1700      483.00
16.1900      463.00
16.2100      415.00
16.2300      432.00
16.2500      413.00
16.2700      364.00
16.2900      408.00
16.3100      411.00
16.3300      408.00
16.3500      404.00
16.3700      452.00
16.3900      501.00
16.4100      527.00
16.4300      525.00
16.4500      484.00
16.4700      476.00
16.4900      453.00
16.5100      404.00
16.5300      411.00
16.5500      370.00
16.5700      314.00
16.5900      292.00
16.6100      258.00
16.6300      240.00
16.6500      218.00
16.6700      204.00
16.6900      183.00
16.7100      204.00
16.7300      221.00
16.7500      218.00
16.7700      238.00
16.7900      233.00
16.8100      243.00
16.8300      287.00
16.8500      272.00
16.8700      321.00
16.8900      372.00
16.9100      398.00
16.9300      439.00
16.9500      500.00
16.9700      523.00
16.9900      521.00
17.0100      541.00
17.0300      533.00
17.0500      504.00
17.0700      523.00
17.0900      502.00
17.1100      468.00
17.1300      446.00
17.1500      409.00
17.1700      369.00
17.1900      402.00
17.2100      352.00
17.2300      355.00
17.2500      406.00
17.2700      439.00
17.2900      545.00
17.3100      579.00
17.3300      681.00
17.3500      797.00
17.3700      860.00
17.3900      964.00
17.4100     1149.00
17.4300     1212.00
17.4500     1352.00
17.4700     1439.00
17.4900     1534.00
17.5100     1501.00
17.5300     1460.00
17.5500     1451.00
17.5700     1376.00
17.5900     1238.00
17.6100     1079.00
17.6300     1011.00
17.6500      878.00
17.6700      796.00
17.6900      714.00
17.7100      651.00
17.7300      616.00
17.7500      565.00
17.7700      510.00
17.7900      460.00
17.8100      392.00
17.8300      344.00
17.8500      294.00
17.8700      280.00
17.8900      243.00
17.9100      263.00
17.9300      256.00
17.9500      243.00
17.9700      226.00
17.9900      228.00
18.0100      224.00
18.0300      239.00
18.0500      230.00
18.0700      203.00
18.0900      219.00
18.1100      201.00
18.1300      218.00
18.1500      231.00
18.1700      239.00
18.1900      260.00
18.2100      285.00
18.2300      321.00
18.2500      331.00
18.2700      356.00
18.2900      427.00
18.3100      458.00
18.3300      541.00
18.3500      516.00
18.3700      536.00
18.3900      514.00
18.4100      539.00
18.4300      530.00
18.4500      475.00
18.4700      413.00
18.4900      384.00
18.5100      355.00
18.5300      332.00
18.5500      321.00
18.5700      263.00
18.5900      275.00
18.6100      264.00
18.6300      277.00
18.6500      286.00
18.6700      262.00
18.6900      268.00
18.7100      311.00
18.7300      277.00
18.7500      318.00
18.7700      291.00
18.7900      289.00
18.8100      265.00
18.8300      229.00
18.8500      238.00
18.8700      227.00
18.8900      208.00
18.9100      244.00
18.9300      225.00
18.9500      237.00
18.9700      241.00
18.9900      230.00
19.0100      243.00
19.0300      270.00
19.0500      275.00
19.0700      287.00
19.0900      228.00
19.1100      279.00
19.1300      249.00
19.1500      258.00
19.1700      239.00
19.1900      266.00
19.2100      262.00
19.2300      271.00
19.2500      247.00
19.2700      277.00
19.2900      215.00
19.3100      284.00
19.3300      260.00
19.3500      279.00
19.3700      298.00
19.3900      302.00
19.4100      337.00
19.4300      404.00
19.4500      460.00
19.4700      509.00
19.4900      580.00
19.5100      666.00
19.5300      820.00
19.5500      889.00
19.5700      997.00
19.5900     1075.00
19.6100     1066.00
19.6300     1006.00
19.6500     1055.00
19.6700      956.00
19.6900      880.00
19.7100      821.00
19.7300      719.00
19.7500      640.00
19.7700      537.00
19.7900      499.00
19.8100      434.00
19.8300      388.00
19.8500      354.00
19.8700      334.00
19.8900      293.00
19.9100      302.00
19.9300      297.00
19.9500      266.00
19.9700      256.00
19.9900      232.00
20.0100      225.00
20.0300      212.00
20.0500      234.00
20.0700      219.00
20.0900      212.00
20.1100      200.00
20.1300      219.00
20.1500      234.00
20.1700      237.00
20.1900      216.00
20.2100      248.00
20.2300      246.00
20.2500      250.00
20.2700      257.00
20.2900      281.00
20.3100      259.00
20.3300      282.00
20.3500      305.00
20.3700      369.00
20.3900      432.00
20.4100      459.00
20.4300      562.00
20.4500      781.00
20.4700     1078.00
20.4900     1317.00
20.5100     1591.00
20.5300     1841.00
20.5500     1875.00
20.5700     1864.00
20.5900     1807.00
20.6100     1753.00
20.6300     1668.00
20.6500     1492.00
20.6700     1364.00
20.6900     1325.00
20.7100     1234.00
20.7300     1193.00
20.7500     1131.00
20.7700     1108.00
20.7900      991.00
20.8100     1054.00
20.8300     1124.00
20.8500     1223.00
20.8700     1344.00
20.8900     1452.00
20.9100     1570.00
20.9300     1680.00
20.9500     1857.00
20.9700     2022.00
20.9900     1989.00
21.0100     1951.00
21.0300     1857.00
21.0500     1678.00
21.0700     1559.00
21.0900     1283.00
21.1100     1155.00
21.1300     1003.00
21.1500      802.00
21.1700      675.00
21.1900      526.00
21.2100      438.00
21.2300      356.00
21.2500      325.00
21.2700      277.00
21.2900      277.00
21.3100      261.00
21.3300      260.00
21.3500      242.00
21.3700      228.00
21.3900      211.00
21.4100      247.00
21.4300      176.00
21.4500      205.00
21.4700      198.00
21.4900      209.00
21.5100      214.00
21.5300      203.00
21.5500      191.00
21.5700      205.00
21.5900      201.00
21.6100      210.00
21.6300      174.00
21.6500      216.00
21.6700      213.00
21.6900      205.00
21.7100      186.00
21.7300      208.00
21.7500      187.00
21.7700      203.00
21.7900      217.00
21.8100      199.00
21.8300      210.00
21.8500      202.00
21.8700      213.00
21.8900      219.00
21.9100      227.00
21.9300      245.00
21.9500      249.00
21.9700      244.00
21.9900      258.00
22.0100      307.00
22.0300      275.00
22.0500      311.00
22.0700      302.00
22.0900      318.00
22.1100      349.00
22.1300      379.00
22.1500      422.00
22.1700      473.00
22.1900      467.00
22.2100      549.00
22.2300      565.00
22.2500      574.00
22.2700      625.00
22.2900      580.00
22.3100      633.00
22.3300      617.00
22.3500      648.00
22.3700      617.00
22.3900      619.00
22.4100      689.00
22.4300      681.00
22.4500      762.00
22.4700      780.00
22.4900      898.00
22.5100      977.00
22.5300     1025.00
22.5500     1079.00
22.5700     1000.00
22.5900      951.00
22.6100      953.00
22.6300      874.00
22.6500      775.00
22.6700      717.00
22.6900      609.00
22.7100      572.00
22.7300      518.00
22.7500      478.00
22.7700      479.00
22.7900      513.00
22.8100      528.00
22.8300      540.00
22.8500      539.00
22.8700      569.00
22.8900      581.00
22.9100      595.00
22.9300      579.00
22.9500      572.00
22.9700      603.00
22.9900      631.00
23.0100      609.00
23.0300      654.00
23.0500      667.00
23.0700      602.00
23.0900      542.00
23.1100      581.00
23.1300      479.00
23.1500      504.00
23.1700      486.00
23.1900      444.00
23.2100      479.00
23.2300      440.00
23.2500      471.00
23.2700      464.00
23.2900      470.00
23.3100      533.00
23.3300      502.00
23.3500      533.00
23.3700      496.00
23.3900      522.00
23.4100      474.00
23.4300      444.00
23.4500      422.00
23.4700      355.00
23.4900      358.00
23.5100      318.00
23.5300      265.00
23.5500      250.00
23.5700      241.00
23.5900      220.00
23.6100      243.00
23.6300      209.00
23.6500      242.00
23.6700      244.00
23.6900      249.00
23.7100      216.00
23.7300      286.00
23.7500      249.00
23.7700      293.00
23.7900      296.00
23.8100      324.00
23.8300      328.00
23.8500      388.00
23.8700      404.00
23.8900      452.00
23.9100      548.00
23.9300      585.00
23.9500      665.00
23.9700      746.00
23.9900      807.00
24.0100      871.00
24.0300      859.00
24.0500      834.00
24.0700      890.00
24.0900      887.00
24.1100      819.00
24.1300      849.00
24.1500      724.00
24.1700      677.00
24.1900      730.00
24.2100      712.00
24.2300      756.00
24.2500      841.00
24.2700      879.00
24.2900      952.00
24.3100      864.00
24.3300      901.00
24.3500      855.00
24.3700      769.00
24.3900      761.00
24.4100      696.00
24.4300      587.00
24.4500      544.00
24.4700      440.00
24.4900      383.00
24.5100      342.00
24.5300      313.00
24.5500      288.00
24.5700      261.00
24.5900      250.00
24.6100      256.00
24.6300      269.00
24.6500      285.00
24.6700      289.00
24.6900      305.00
24.7100      308.00
24.7300      379.00
24.7500      392.00
24.7700      461.00
24.7900      505.00
24.8100      577.00
24.8300      609.00
24.8500      624.00
24.8700      608.00
24.8900      629.00
24.9100      636.00
24.9300      534.00
24.9500      503.00
24.9700      487.00
24.9900      430.00
25.0100      419.00
25.0300      340.00
25.0500      286.00
25.0700      290.00
25.0900      232.00
25.1100      235.00
25.1300      218.00
25.1500      188.00
25.1700      208.00
25.1900      202.00
25.2100      235.00
25.2300      191.00
25.2500      224.00
25.2700      185.00
25.2900      178.00
25.3100      173.00
25.3300      178.00
25.3500      170.00
25.3700      176.00
25.3900      167.00
25.4100      188.00
25.4300      186.00
25.4500      182.00
25.4700      159.00
25.4900      187.00
25.5100      174.00
25.5300      165.00
25.5500      188.00
25.5700      171.00
25.5900      165.00
25.6100      178.00
25.6300      202.00
25.6500      171.00
25.6700      169.00
25.6900      170.00
25.7100      192.00
25.7300      180.00
25.7500      162.00
25.7700      188.00
25.7900      189.00
25.8100      200.00
25.8300      243.00
25.8500      277.00
25.8700      284.00
25.8900      276.00
25.9100      316.00
25.9300      307.00
25.9500      357.00
25.9700      376.00
25.9900      378.00
26.0100      361.00
26.0300      339.00
26.0500      388.00
26.0700      405.00
26.0900      401.00
26.1100      466.00
26.1300      388.00
26.1500      396.00
26.1700      438.00
26.1900      434.00
26.2100      457.00
26.2300      402.00
26.2500      365.00
26.2700      384.00
26.2900      374.00
26.3100      371.00
26.3300      367.00
26.3500      350.00
26.3700      361.00
26.3900      377.00
26.4100      394.00
26.4300      407.00
26.4500      365.00
26.4700      368.00
26.4900      324.00
26.5100      304.00
26.5300      299.00
26.5500      256.00
26.5700      300.00
26.5900      263.00
26.6100      235.00
26.6300      253.00
26.6500      242.00
26.6700      245.00
26.6900      200.00
26.7100      187.00
26.7300      194.00
26.7500      181.00
26.7700      159.00
26.7900      226.00
26.8100      219.00
26.8300      194.00
26.8500      188.00
26.8700      204.00
26.8900      216.00
26.9100      234.00
26.9300      225.00
26.9500      247.00
26.9700      220.00
26.9900      240.00
27.0100      201.00
27.0300      245.00
27.0500      207.00
27.0700      224.00
27.0900      230.00
27.1100      246.00
27.1300      263.00
27.1500      246.00
27.1700      278.00
27.1900      280.00
27.2100      312.00
27.2300      335.00
27.2500      321.00
27.2700      284.00
27.2900      337.00
27.3100      286.00
27.3300      332.00
27.3500      366.00
27.3700      409.00
27.3900      414.00
27.4100      483.00
27.4300      554.00
27.4500      729.00
27.4700      898.00
27.4900     1158.00
27.5100     1443.00
27.5300     1486.00
27.5500     1582.00
27.5700     1687.00
27.5900     1647.00
27.6100     1560.00
27.6300     1346.00
27.6500     1203.00
27.6700     1129.00
27.6900      949.00
27.7100      908.00
27.7300      796.00
27.7500      673.00
27.7700      613.00
27.7900      531.00
27.8100      450.00
27.8300      363.00
27.8500      366.00
27.8700      320.00
27.8900      328.00
27.9100      261.00
27.9300      269.00
27.9500      252.00
27.9700      259.00
27.9900      232.00
28.0100      247.00
28.0300      247.00
28.0500      253.00
28.0700      251.00
28.0900      257.00
28.1100      226.00
28.1300      240.00
28.1500      225.00
28.1700      218.00
28.1900      265.00
28.2100      252.00
28.2300      253.00
28.2500      327.00
28.2700      368.00
28.2900      418.00
28.3100      453.00
28.3300      543.00
28.3500      654.00
28.3700      668.00
28.3900      741.00
28.4100      831.00
28.4300      842.00
28.4500      871.00
28.4700      861.00
28.4900      840.00
28.5100      768.00
28.5300      778.00
28.5500      731.00
28.5700      596.00
28.5900      596.00
28.6100      541.00
28.6300      576.00
28.6500      496.00
28.6700      451.00
28.6900      390.00
28.7100      401.00
28.7300      392.00
28.7500      364.00
28.7700      374.00
28.7900      384.00
28.8100      340.00
28.8300      327.00
28.8500      325.00
28.8700      337.00
28.8900      294.00
28.9100      297.00
28.9300      292.00
28.9500      311.00
28.9700      310.00
28.9900      316.00
29.0100      286.00
29.0300      294.00
29.0500      325.00
29.0700      303.00
29.0900      350.00
29.1100      371.00
29.1300      344.00
29.1500      352.00
29.1700      398.00
29.1900      387.00
29.2100      375.00
29.2300      373.00
29.2500      381.00
29.2700      331.00
29.2900      406.00
29.3100      385.00
29.3300      395.00
29.3500      382.00
29.3700      436.00
29.3900      463.00
29.4100      419.00
29.4300      435.00
29.4500      453.00
29.4700      392.00
29.4900      379.00
29.5100      365.00
29.5300      316.00
29.5500      266.00
29.5700      245.00
29.5900      263.00
29.6100      202.00
29.6300      205.00
29.6500      162.00
29.6700      182.00
29.6900      149.00
29.7100      159.00
29.7300      182.00
29.7500      170.00
29.7700      162.00
29.7900      167.00
29.8100      176.00
29.8300      173.00
29.8500      180.00
29.8700      202.00
29.8900      195.00
29.9100      198.00
29.9300      215.00
29.9500      247.00
29.9700      254.00
29.9900      282.00
30.0100      246.00
30.0300      306.00
30.0500      304.00
30.0700      326.00
30.0900      318.00
30.1100      312.00
30.1300      342.00
30.1500      311.00
30.1700      279.00
30.1900      260.00
30.2100      311.00
30.2300      280.00
30.2500      285.00
30.2700      267.00
30.2900      275.00
30.3100      270.00
30.3300      242.00
30.3500      228.00
30.3700      228.00
30.3900      203.00
30.4100      191.00
30.4300      187.00
30.4500      206.00
30.4700      190.00
30.4900      194.00
30.5100      197.00
30.5300      235.00
30.5500      241.00
30.5700      234.00
30.5900      248.00
30.6100      231.00
30.6300      223.00
30.6500      249.00
30.6700      235.00
30.6900      182.00
30.7100      204.00
30.7300      201.00
30.7500      184.00
30.7700      189.00
30.7900      179.00
30.8100      168.00
30.8300      183.00
30.8500      152.00
30.8700      174.00
30.8900      182.00
30.9100      165.00
30.9300      200.00
30.9500      173.00
30.9700      190.00
30.9900      182.00
31.0100      175.00
31.0300      177.00
31.0500      156.00
31.0700      172.00
31.0900      154.00
31.1100      150.00
31.1300      157.00
31.1500      159.00
31.1700      146.00
31.1900      156.00
31.2100      130.00
31.2300      138.00
31.2500      156.00
31.2700      162.00
31.2900      140.00
31.3100      160.00
31.3300      149.00
31.3500      159.00
31.3700      178.00
31.3900      163.00
31.4100      168.00
31.4300      172.00
31.4500      197.00
31.4700      178.00
31.4900      210.00
31.5100      182.00
31.5300      179.00
31.5500      197.00
31.5700      225.00
31.5900      185.00
31.6100      182.00
31.6300      182.00
31.6500      174.00
31.6700      171.00
31.6900      180.00
31.7100      174.00
31.7300      183.00
31.7500      180.00
31.7700      174.00
31.7900      173.00
31.8100      184.00
31.8300      174.00
31.8500      191.00
31.8700      192.00
31.8900      207.00
31.9100      223.00
31.9300      229.00
31.9500      200.00
31.9700      235.00
31.9900      227.00
32.0100      248.00
32.0300      255.00
32.0500      215.00
32.0700      244.00
32.0900      228.00
32.1100      230.00
32.1300      229.00
32.1500      277.00
32.1700      222.00
32.1900      244.00
32.2100      251.00
32.2300      264.00
32.2500      258.00
32.2700      207.00
32.2900      239.00
32.3100      259.00
32.3300      254.00
32.3500      243.00
32.3700      227.00
32.3900      284.00
32.4100      248.00
32.4300      309.00
32.4500      277.00
32.4700      338.00
32.4900      352.00
32.5100      362.00
32.5300      338.00
32.5500      373.00
32.5700      404.00
32.5900      333.00
32.6100      339.00
32.6300      382.00
32.6500      351.00
32.6700      323.00
32.6900      316.00
32.7100      285.00
32.7300      255.00
32.7500      263.00
32.7700      276.00
32.7900      235.00
32.8100      234.00
32.8300      219.00
32.8500      190.00
32.8700      226.00
32.8900      181.00
32.9100      210.00
32.9300      207.00
32.9500      212.00
32.9700      189.00
32.9900      217.00
33.0100      207.00
33.0300      201.00
33.0500      215.00
33.0700      220.00
33.0900      228.00
33.1100      258.00
33.1300      277.00
33.1500      255.00
33.1700      287.00
33.1900      263.00
33.2100      268.00
33.2300      303.00
33.2500      296.00
33.2700      272.00
33.2900      298.00
33.3100      279.00
33.3300      270.00
33.3500      280.00
33.3700      279.00
33.3900      246.00
33.4100      253.00
33.4300      269.00
33.4500      276.00
33.4700      235.00
33.4900      244.00
33.5100      239.00
33.5300      260.00
33.5500      206.00
33.5700      192.00
33.5900      210.00
33.6100      190.00
33.6300      169.00
33.6500      166.00
33.6700      165.00
33.6900      160.00
33.7100      144.00
33.7300      142.00
33.7500      174.00
33.7700      173.00
33.7900      170.00
33.8100      163.00
33.8300      182.00
33.8500      182.00
33.8700      192.00
33.8900      156.00
33.9100      184.00
33.9300      182.00
33.9500      173.00
33.9700      199.00
33.9900      194.00
34.0100      203.00
34.0300      223.00
34.0500      236.00
34.0700      260.00
34.0900      297.00
34.1100      301.00
34.1300      327.00
34.1500      356.00
34.1700      318.00
34.1900      379.00
34.2100      303.00
34.2300      286.00
34.2500      280.00
34.2700      278.00
34.2900      245.00
34.3100      245.00
34.3300      190.00
34.3500      183.00
34.3700      190.00
34.3900      168.00
34.4100      171.00
34.4300      173.00
34.4500      162.00
34.4700      139.00
34.4900      159.00
34.5100      172.00
34.5300      138.00
34.5500      164.00
34.5700      181.00
34.5900      203.00
34.6100      203.00
34.6300      226.00
34.6500      189.00
34.6700      226.00
34.6900      256.00
34.7100      215.00
34.7300      228.00
34.7500      239.00
34.7700      210.00
34.7900      190.00
34.8100      184.00
34.8300      214.00
34.8500      195.00
34.8700      190.00
34.8900      170.00
34.9100      227.00
