 2.9500      291.00
 2.9700      266.00
 2.9900      283.00
 3.0100      271.00
 3.0300      280.00
 3.0500      271.00
 3.0700      280.00
 3.0900      255.00
 3.1100      268.00
 3.1300      260.00
 3.1500      281.00
 3.1700      252.00
 3.1900      258.00
 3.2100      241.00
 3.2300      283.00
 3.2500      238.00
 3.2700      229.00
 3.2900      231.00
 3.3100      221.00
 3.3300      229.00
 3.3500      239.00
 3.3700      263.00
 3.3900      253.00
 3.4100      251.00
 3.4300      245.00
 3.4500      211.00
 3.4700      265.00
 3.4900      230.00
 3.5100      211.00
 3.5300      224.00
 3.5500      197.00
 3.5700      202.00
 3.5900      230.00
 3.6100      212.00
 3.6300      218.00
 3.6500      216.00
 3.6700      219.00
 3.6900      214.00
 3.7100      220.00
 3.7300      205.00
 3.7500      251.00
 3.7700      209.00
 3.7900      224.00
 3.8100      203.00
 3.8300      225.00
 3.8500      192.00
 3.8700      217.00
 3.8900      206.00
 3.9100      203.00
 3.9300      174.00
 3.9500      213.00
 3.9700      200.00
 3.9900      207.00
 4.0100      191.00
 4.0300      195.00
 4.0500      186.00
 4.0700      188.00
 4.0900      178.00
 4.1100      187.00
 4.1300      179.00
 4.1500      184.00
 4.1700      176.00
 4.1900      176.00
 4.2100      167.00
 4.2300      196.00
 4.2500      191.00
 4.2700      175.00
 4.2900      169.00
 4.3100      166.00
 4.3300      178.00
 4.3500      187.00
 4.3700      163.00
 4.3900      174.00
 4.4100      197.00
 4.4300      158.00
 4.4500      175.00
 4.4700      167.00
 4.4900      145.00
 4.5100      135.00
 4.5300      199.00
 4.5500      173.00
 4.5700      138.00
 4.5900      180.00
 4.6100      122.00
 4.6300      153.00
 4.6500      156.00
 4.6700      142.00
 4.6900      177.00
 4.7100      156.00
 4.7300      166.00
 4.7500      181.00
 4.7700      163.00
 4.7900      152.00
 4.8100      165.00
 4.8300      163.00
 4.8500      164.00
 4.8700      130.00
 4.8900      165.00
 4.9100      149.00
 4.9300      192.00
 4.9500      159.00
 4.9700      165.00
 4.9900      193.00
 5.0100      174.00
 5.0300      169.00
 5.0500      174.00
 5.0700      173.00
 5.0900      155.00
 5.1100      131.00
 5.1300      162.00
 5.1500      163.00
 5.1700      157.00
 5.1900      160.00
 5.2100      150.00
 5.2300      175.00
 5.2500      152.00
 5.2700      150.00
 5.2900      149.00
 5.3100      166.00
 5.3300      157.00
 5.3500      149.00
 5.3700      164.00
 5.3900      164.00
 5.4100      134.00
 5.4300      140.00
 5.4500      167.00
 5.4700      169.00
 5.4900      152.00
 5.5100      135.00
 5.5300      153.00
 5.5500      163.00
 5.5700      171.00
 5.5900      153.00
 5.6100      140.00
 5.6300      148.00
 5.6500      167.00
 5.6700      147.00
 5.6900      166.00
 5.7100      162.00
 5.7300      175.00
 5.7500      141.00
 5.7700      141.00
 5.7900      129.00
 5.8100      174.00
 5.8300      151.00
 5.8500      157.00
 5.8700      142.00
 5.8900      150.00
 5.9100      158.00
 5.9300      145.00
 5.9500      180.00
 5.9700      154.00
 5.9900      157.00
 6.0100      142.00
 6.0300      173.00
 6.0500      147.00
 6.0700      160.00
 6.0900      169.00
 6.1100      155.00
 6.1300      170.00
 6.1500      162.00
 6.1700      157.00
 6.1900      164.00
 6.2100      169.00
 6.2300      166.00
 6.2500      154.00
 6.2700      164.00
 6.2900      163.00
 6.3100      174.00
 6.3300      149.00
 6.3500      174.00
 6.3700      187.00
 6.3900      151.00
 6.4100      150.00
 6.4300      138.00
 6.4500      156.00
 6.4700      174.00
 6.4900      176.00
 6.5100      169.00
 6.5300      151.00
 6.5500      157.00
 6.5700      179.00
 6.5900      180.00
 6.6100      180.00
 6.6300      173.00
 6.6500      156.00
 6.6700      201.00
 6.6900      175.00
 6.7100      150.00
 6.7300      164.00
 6.7500      150.00
 6.7700      159.00
 6.7900      212.00
 6.8100      167.00
 6.8300      182.00
 6.8500      180.00
 6.8700      172.00
 6.8900      163.00
 6.9100      167.00
 6.9300      181.00
 6.9500      158.00
 6.9700      166.00
 6.9900      181.00
 7.0100      170.00
 7.0300      180.00
 7.0500      165.00
 7.0700      162.00
 7.0900      153.00
 7.1100      178.00
 7.1300      142.00
 7.1500      164.00
 7.1700      148.00
 7.1900      146.00
 7.2100      152.00
 7.2300      150.00
 7.2500      165.00
 7.2700      152.00
 7.2900      182.00
 7.3100      156.00
 7.3300      170.00
 7.3500      153.00
 7.3700      159.00
 7.3900      162.00
 7.4100      157.00
 7.4300      162.00
 7.4500      177.00
 7.4700      138.00
 7.4900      143.00
 7.5100      173.00
 7.5300      137.00
 7.5500      160.00
 7.5700      157.00
 7.5900      149.00
 7.6100      137.00
 7.6300      174.00
 7.6500      169.00
 7.6700      182.00
 7.6900      156.00
 7.7100      173.00
 7.7300      158.00
 7.7500      163.00
 7.7700      168.00
 7.7900      149.00
 7.8100      158.00
 7.8300      164.00
 7.8500      163.00
 7.8700      161.00
 7.8900      142.00
 7.9100      155.00
 7.9300      149.00
 7.9500      175.00
 7.9700      166.00
 7.9900      180.00
 8.0100      168.00
 8.0300      161.00
 8.0500      165.00
 8.0700      174.00
 8.0900      171.00
 8.1100      173.00
 8.1300      149.00
 8.1500      165.00
 8.1700      176.00
 8.1900      172.00
 8.2100      163.00
 8.2300      193.00
 8.2500      176.00
 8.2700      204.00
 8.2900      166.00
 8.3100      191.00
 8.3300      162.00
 8.3500      194.00
 8.3700      174.00
 8.3900      166.00
 8.4100      160.00
 8.4300      166.00
 8.4500      195.00
 8.4700      186.00
 8.4900      198.00
 8.5100      163.00
 8.5300      205.00
 8.5500      187.00
 8.5700      197.00
 8.5900      183.00
 8.6100      207.00
 8.6300      194.00
 8.6500      219.00
 8.6700      203.00
 8.6900      189.00
 8.7100      187.00
 8.7300      200.00
 8.7500      218.00
 8.7700      203.00
 8.7900      222.00
 8.8100      180.00
 8.8300      204.00
 8.8500      223.00
 8.8700      217.00
 8.8900      177.00
 8.9100      160.00
 8.9300      186.00
 8.9500      188.00
 8.9700      179.00
 8.9900      164.00
 9.0100      154.00
 9.0300      173.00
 9.0500      167.00
 9.0700      202.00
 9.0900      181.00
 9.1100      179.00
 9.1300      179.00
 9.1500      176.00
 9.1700      169.00
 9.1900      161.00
 9.2100      181.00
 9.2300      186.00
 9.2500      183.00
 9.2700      184.00
 9.2900      169.00
 9.3100      190.00
 9.3300      178.00
 9.3500      166.00
 9.3700      182.00
 9.3900      171.00
 9.4100      179.00
 9.4300      187.00
 9.4500      164.00
 9.4700      163.00
 9.4900      160.00
 9.5100      174.00
 9.5300      169.00
 9.5500      175.00
 9.5700      183.00
 9.5900      164.00
 9.6100      156.00
 9.6300      188.00
 9.6500      185.00
 9.6700      158.00
 9.6900      163.00
 9.7100      193.00
 9.7300      176.00
 9.7500      185.00
 9.7700      173.00
 9.7900      167.00
 9.8100      207.00
 9.8300      190.00
 9.8500      195.00
 9.8700      191.00
 9.8900      206.00
 9.9100      221.00
 9.9300      179.00
 9.9500      190.00
 9.9700      186.00
 9.9900      226.00
10.0100      195.00
10.0300      192.00
10.0500      190.00
10.0700      201.00
10.0900      209.00
10.1100      193.00
10.1300      173.00
10.1500      163.00
10.1700      173.00
10.1900      180.00
10.2100      203.00
10.2300      186.00
10.2500      177.00
10.2700      192.00
10.2900      178.00
10.3100      174.00
10.3300      156.00
10.3500      192.00
10.3700      203.00
10.3900      178.00
10.4100      189.00
10.4300      194.00
10.4500      201.00
10.4700      183.00
10.4900      213.00
10.5100      212.00
10.5300      198.00
10.5500      198.00
10.5700      194.00
10.5900      197.00
10.6100      213.00
10.6300      254.00
10.6500      234.00
10.6700      210.00
10.6900      220.00
10.7100      221.00
10.7300      269.00
10.7500      241.00
10.7700      253.00
10.7900      260.00
10.8100      303.00
10.8300      325.00
10.8500      370.00
10.8700      356.00
10.8900      436.00
10.9100      430.00
10.9300      458.00
10.9500      461.00
10.9700      472.00
10.9900      509.00
11.0100      567.00
11.0300      501.00
11.0500      502.00
11.0700      561.00
11.0900      521.00
11.1100      493.00
11.1300      493.00
11.1500      536.00
11.1700      511.00
11.1900      491.00
11.2100      474.00
11.2300      470.00
11.2500      483.00
11.2700      457.00
11.2900      427.00
11.3100      413.00
11.3300      379.00
11.3500      349.00
11.3700      334.00
11.3900      300.00
11.4100      257.00
11.4300      251.00
11.4500      245.00
11.4700      214.00
11.4900      229.00
11.5100      238.00
11.5300      222.00
11.5500      222.00
11.5700      196.00
11.5900      225.00
11.6100      216.00
11.6300      209.00
11.6500      214.00
11.6700      231.00
11.6900      220.00
11.7100      257.00
11.7300      233.00
11.7500      258.00
11.7700      245.00
11.7900      257.00
11.8100      253.00
11.8300      357.00
11.8500      310.00
11.8700      352.00
11.8900      376.00
11.9100      383.00
11.9300      402.00
11.9500      386.00
11.9700      466.00
11.9900      497.00
12.0100      542.00
12.0300      578.00
12.0500      554.00
12.0700      562.00
12.0900      571.00
12.1100      563.00
12.1300      591.00
12.1500      526.00
12.1700      481.00
12.1900      520.00
12.2100      453.00
12.2300      481.00
12.2500      403.00
12.2700      453.00
12.2900      477.00
12.3100      412.00
12.3300      462.00
12.3500      512.00
12.3700      576.00
12.3900      566.00
12.4100      640.00
12.4300      688.00
12.4500      620.00
12.4700      718.00
12.4900      679.00
12.5100      692.00
12.5300      634.00
12.5500      573.00
12.5700      520.00
12.5900      486.00
12.6100      413.00
12.6300      410.00
12.6500      352.00
12.6700      273.00
12.6900      265.00
12.7100      241.00
12.7300      270.00
12.7500      231.00
12.7700      214.00
12.7900      236.00
12.8100      220.00
12.8300      243.00
12.8500      216.00
12.8700      201.00
12.8900      210.00
12.9100      215.00
12.9300      226.00
12.9500      230.00
12.9700      200.00
12.9900      209.00
13.0100      223.00
13.0300      230.00
13.0500      210.00
13.0700      217.00
13.0900      225.00
13.1100      204.00
13.1300      197.00
13.1500      201.00
13.1700      231.00
13.1900      214.00
13.2100      207.00
13.2300      197.00
13.2500      220.00
13.2700      218.00
13.2900      187.00
13.3100      189.00
13.3300      192.00
13.3500      254.00
13.3700      210.00
13.3900      202.00
13.4100      184.00
13.4300      210.00
13.4500      190.00
13.4700      214.00
13.4900      198.00
13.5100      205.00
13.5300      202.00
13.5500      223.00
13.5700      207.00
13.5900      210.00
13.6100      194.00
13.6300      224.00
13.6500      216.00
13.6700      206.00
13.6900      230.00
13.7100      232.00
13.7300      236.00
13.7500      233.00
13.7700      227.00
13.7900      230.00
13.8100      242.00
13.8300      261.00
13.8500      286.00
13.8700      309.00
13.8900      310.00
13.9100      351.00
13.9300      312.00
13.9500      335.00
13.9700      413.00
13.9900      414.00
14.0100      457.00
14.0300      522.00
14.0500      586.00
14.0700      656.00
14.0900      690.00
14.1100      700.00
14.1300      801.00
14.1500      803.00
14.1700      806.00
14.1900      804.00
14.2100      768.00
14.2300      757.00
14.2500      739.00
14.2700      688.00
14.2900      655.00
14.3100      594.00
14.3300      559.00
14.3500      488.00
14.3700      497.00
14.3900      472.00
14.4100      392.00
14.4300      360.00
14.4500      335.00
14.4700      300.00
14.4900      312.00
14.5100      278.00
14.5300      280.00
14.5500      254.00
14.5700      226.00
14.5900      233.00
14.6100      248.00
14.6300      214.00
14.6500      242.00
14.6700      201.00
14.6900      225.00
14.7100      212.00
14.7300      233.00
14.7500      230.00
14.7700      208.00
14.7900      192.00
14.8100      234.00
14.8300      217.00
14.8500      274.00
14.8700      246.00
14.8900      223.00
14.9100      219.00
14.9300      216.00
14.9500      215.00
14.9700      193.00
14.9900      241.00
15.0100      235.00
15.0300      219.00
15.0500      214.00
15.0700      216.00
15.0900      191.00
15.1100      205.00
15.1300      213.00
15.1500      225.00
15.1700      220.00
15.1900      244.00
15.2100      208.00
15.2300      197.00
15.2500      208.00
15.2700      229.00
15.2900      223.00
15.3100      219.00
15.3300      205.00
15.3500      250.00
15.3700      233.00
15.3900      199.00
15.4100      205.00
15.4300      218.00
15.4500      224.00
15.4700      203.00
15.4900      216.00
15.5100      246.00
15.5300      248.00
15.5500      227.00
15.5700      226.00
15.5900      235.00
15.6100      256.00
15.6300      257.00
15.6500      260.00
15.6700      279.00
15.6900      282.00
15.7100      284.00
15.7300      303.00
15.7500      350.00
15.7700      334.00
15.7900      359.00
15.8100      381.00
15.8300      398.00
15.8500      430.00
15.8700      434.00
15.8900      403.00
15.9100      441.00
15.9300      420.00
15.9500      363.00
15.9700      395.00
15.9900      426.00
16.0100      398.00
16.0300      408.00
16.0500      376.00
16.0700      400.00
16.0900      427.00
16.1100      418.00
16.1300      447.00
16.1500      430.00
16.1700      413.00
16.1900      429.00
16.2100      405.00
16.2300      395.00
16.2500      427.00
16.2700      417.00
16.2900      402.00
16.3100      418.00
16.3300      384.00
16.3500      427.00
16.3700      424.00
16.3900      501.00
16.4100      533.00
16.4300      479.00
16.4500      453.00
16.4700      527.00
16.4900      486.00
16.5100      489.00
16.5300      435.00
16.5500      448.00
16.5700      402.00
16.5900      359.00
16.6100      386.00
16.6300      316.00
16.6500      297.00
16.6700      312.00
16.6900      287.00
16.7100      296.00
16.7300      285.00
16.7500      265.00
16.7700      294.00
16.7900      304.00
16.8100      297.00
16.8300      311.00
16.8500      338.00
16.8700      366.00
16.8900      399.00
16.9100      449.00
16.9300      452.00
16.9500      510.00
16.9700      524.00
16.9900      525.00
17.0100      524.00
17.0300      526.00
17.0500      552.00
17.0700      600.00
17.0900      582.00
17.1100      577.00
17.1300      558.00
17.1500      575.00
17.1700      558.00
17.1900      581.00
17.2100      547.00
17.2300      564.00
17.2500      653.00
17.2700      719.00
17.2900      775.00
17.3100      846.00
17.3300      941.00
17.3500      989.00
17.3700     1219.00
17.3900     1329.00
17.4100     1468.00
17.4300     1695.00
17.4500     1770.00
17.4700     1864.00
17.4900     1943.00
17.5100     1961.00
17.5300     1996.00
17.5500     1950.00
17.5700     1846.00
17.5900     1715.00
17.6100     1604.00
17.6300     1368.00
17.6500     1141.00
17.6700     1073.00
17.6900      935.00
17.7100      784.00
17.7300      661.00
17.7500      622.00
17.7700      539.00
17.7900      471.00
17.8100      430.00
17.8300      438.00
17.8500      380.00
17.8700      367.00
17.8900      369.00
17.9100      374.00
17.9300      356.00
17.9500      346.00
17.9700      336.00
17.9900      353.00
18.0100      328.00
18.0300      312.00
18.0500      329.00
18.0700      315.00
18.0900      329.00
18.1100      336.00
18.1300      336.00
18.1500      347.00
18.1700      425.00
18.1900      418.00
18.2100      444.00
18.2300      499.00
18.2500      535.00
18.2700      610.00
18.2900      635.00
18.3100      738.00
18.3300      751.00
18.3500      735.00
18.3700      767.00
18.3900      750.00
18.4100      743.00
18.4300      702.00
18.4500      629.00
18.4700      615.00
18.4900      556.00
18.5100      487.00
18.5300      475.00
18.5500      450.00
18.5700      389.00
18.5900      351.00
18.6100      354.00
18.6300      340.00
18.6500      349.00
18.6700      413.00
18.6900      345.00
18.7100      373.00
18.7300      358.00
18.7500      340.00
18.7700      378.00
18.7900      342.00
18.8100      350.00
18.8300      376.00
18.8500      322.00
18.8700      365.00
18.8900      337.00
18.9100      334.00
18.9300      344.00
18.9500      348.00
18.9700      333.00
18.9900      295.00
19.0100      346.00
19.0300      371.00
19.0500      377.00
19.0700      373.00
19.0900      364.00
19.1100      387.00
19.1300      371.00
19.1500      350.00
19.1700      413.00
19.1900      367.00
19.2100      374.00
19.2300      336.00
19.2500      377.00
19.2700      405.00
19.2900      366.00
19.3100      373.00
19.3300      387.00
19.3500      440.00
19.3700      454.00
19.3900      521.00
19.4100      554.00
19.4300      664.00
19.4500      713.00
19.4700      903.00
19.4900     1004.00
19.5100     1158.00
19.5300     1278.00
19.5500     1352.00
19.5700     1425.00
19.5900     1494.00
19.6100     1567.00
19.6300     1460.00
19.6500     1482.00
19.6700     1438.00
19.6900     1250.00
19.7100     1145.00
19.7300     1032.00
19.7500      942.00
19.7700      816.00
19.7900      707.00
19.8100      658.00
19.8300      591.00
19.8500      502.00
19.8700      481.00
19.8900      408.00
19.9100      403.00
19.9300      385.00
19.9500      328.00
19.9700      337.00
19.9900      309.00
20.0100      278.00
20.0300      326.00
20.0500      311.00
20.0700      267.00
20.0900      274.00
20.1100      278.00
20.1300      267.00
20.1500      280.00
20.1700      281.00
20.1900      268.00
20.2100      296.00
20.2300      263.00
20.2500      293.00
20.2700      286.00
20.2900      308.00
20.3100      306.00
20.3300      337.00
20.3500      313.00
20.3700      298.00
20.3900      309.00
20.4100      341.00
20.4300      354.00
20.4500      355.00
20.4700      377.00
20.4900      421.00
20.5100      452.00
20.5300      472.00
20.5500      542.00
20.5700      619.00
20.5900      638.00
20.6100      744.00
20.6300      709.00
20.6500      776.00
20.6700      829.00
20.6900      839.00
20.7100      942.00
20.7300      943.00
20.7500     1007.00
20.7700     1073.00
20.7900     1162.00
20.8100     1229.00
20.8300     1454.00
20.8500     1577.00
20.8700     1754.00
20.8900     1969.00
20.9100     2194.00
20.9300     2271.00
20.9500     2478.00
20.9700     2431.00
20.9900     2487.00
21.0100     2509.00
21.0300     2416.00
21.0500     2330.00
21.0700     2076.00
21.0900     1813.00
21.1100     1570.00
21.1300     1331.00
21.1500     1084.00
21.1700      943.00
21.1900      771.00
21.2100      665.00
21.2300      538.00
21.2500      485.00
21.2700      441.00
21.2900      380.00
21.3100      347.00
21.3300      287.00
21.3500      282.00
21.3700      278.00
21.3900      306.00
21.4100      302.00
21.4300      275.00
21.4500      285.00
21.4700      255.00
21.4900      285.00
21.5100      289.00
21.5300      223.00
21.5500      277.00
21.5700      250.00
21.5900      244.00
21.6100      241.00
21.6300      243.00
21.6500      221.00
21.6700      284.00
21.6900      256.00
21.7100      260.00
21.7300      261.00
21.7500      251.00
21.7700      244.00
21.7900      263.00
21.8100      297.00
21.8300      257.00
21.8500      251.00
21.8700      272.00
21.8900      287.00
21.9100      283.00
21.9300      277.00
21.9500      268.00
21.9700      312.00
21.9900      305.00
22.0100      342.00
22.0300      346.00
22.0500      345.00
22.0700      389.00
22.0900      387.00
22.1100      371.00
22.1300      385.00
22.1500      443.00
22.1700      411.00
22.1900      468.00
22.2100      470.00
22.2300      473.00
22.2500      477.00
22.2700      507.00
22.2900      497.00
22.3100      505.00
22.3300      508.00
22.3500      536.00
22.3700      546.00
22.3900      568.00
22.4100      593.00
22.4300      667.00
22.4500      772.00
22.4700      798.00
22.4900      857.00
22.5100      924.00
22.5300      972.00
22.5500     1046.00
22.5700      979.00
22.5900     1064.00
22.6100      953.00
22.6300      935.00
22.6500      818.00
22.6700      793.00
22.6900      744.00
22.7100      656.00
22.7300      609.00
22.7500      583.00
22.7700      571.00
22.7900      482.00
22.8100      458.00
22.8300      530.00
22.8500      512.00
22.8700      521.00
22.8900      535.00
22.9100      571.00
22.9300      598.00
22.9500      627.00
22.9700      623.00
22.9900      718.00
23.0100      720.00
23.0300      747.00
23.0500      703.00
23.0700      740.00
23.0900      702.00
23.1100      731.00
23.1300      700.00
23.1500      683.00
23.1700      651.00
23.1900      659.00
23.2100      615.00
23.2300      649.00
23.2500      651.00
23.2700      666.00
23.2900      716.00
23.3100      676.00
23.3300      679.00
23.3500      689.00
23.3700      722.00
23.3900      673.00
23.4100      592.00
23.4300      565.00
23.4500      541.00
23.4700      499.00
23.4900      459.00
23.5100      435.00
23.5300      378.00
23.5500      340.00
23.5700      334.00
23.5900      300.00
23.6100      269.00
23.6300      322.00
23.6500      273.00
23.6700      285.00
23.6900      289.00
23.7100      329.00
23.7300      310.00
23.7500      329.00
23.7700      295.00
23.7900      361.00
23.8100      351.00
23.8300      358.00
23.8500      367.00
23.8700      417.00
23.8900      406.00
23.9100      464.00
23.9300      479.00
23.9500      532.00
23.9700      565.00
23.9900      591.00
24.0100      704.00
24.0300      673.00
24.0500      693.00
24.0700      644.00
24.0900      714.00
24.1100      744.00
24.1300      680.00
24.1500      732.00
24.1700      703.00
24.1900      723.00
24.2100      774.00
24.2300      813.00
24.2500      856.00
24.2700      908.00
24.2900      935.00
24.3100      899.00
24.3300      947.00
24.3500      994.00
24.3700      970.00
24.3900      990.00
24.4100      910.00
24.4300      799.00
24.4500      702.00
24.4700      639.00
24.4900      603.00
24.5100      536.00
24.5300      455.00
24.5500      387.00
24.5700      395.00
24.5900      375.00
24.6100      379.00
24.6300      373.00
24.6500      335.00
24.6700      347.00
24.6900      408.00
24.7100      405.00
24.7300      426.00
24.7500      536.00
24.7700      579.00
24.7900      597.00
24.8100      636.00
24.8300      718.00
24.8500      761.00
24.8700      784.00
24.8900      748.00
24.9100      753.00
24.9300      782.00
24.9500      740.00
24.9700      627.00
24.9900      600.00
25.0100      534.00
25.0300      441.00
25.0500      414.00
25.0700      405.00
25.0900      334.00
25.1100      315.00
25.1300      255.00
25.1500      252.00
25.1700      297.00
25.1900      243.00
25.2100      253.00
25.2300      243.00
25.2500      252.00
25.2700      221.00
25.2900      231.00
25.3100      242.00
25.3300      207.00
25.3500      202.00
25.3700      210.00
25.3900      219.00
25.4100      218.00
25.4300      191.00
25.4500      212.00
25.4700      219.00
25.4900      227.00
25.5100      229.00
25.5300      221.00
25.5500      236.00
25.5700      204.00
25.5900      232.00
25.6100      218.00
25.6300      215.00
25.6500      244.00
25.6700      227.00
25.6900      209.00
25.7100      228.00
25.7300      226.00
25.7500      237.00
25.7700      232.00
25.7900      260.00
25.8100      246.00
25.8300      272.00
25.8500      305.00
25.8700      305.00
25.8900      321.00
25.9100      334.00
25.9300      382.00
25.9500      430.00
25.9700      398.00
25.9900      452.00
26.0100      433.00
26.0300      490.00
26.0500      457.00
26.0700      509.00
26.0900      510.00
26.1100      553.00
26.1300      552.00
26.1500      557.00
26.1700      580.00
26.1900      555.00
26.2100      559.00
26.2300      508.00
26.2500      554.00
26.2700      555.00
26.2900      505.00
26.3100      536.00
26.3300      504.00
26.3500      461.00
26.3700      454.00
26.3900      516.00
26.4100      491.00
26.4300      475.00
26.4500      491.00
26.4700      437.00
26.4900      428.00
26.5100      420.00
26.5300      371.00
26.5500      380.00
26.5700      317.00
26.5900      272.00
26.6100      297.00
26.6300      282.00
26.6500      232.00
26.6700      252.00
26.6900      219.00
26.7100      217.00
26.7300      249.00
26.7500      223.00
26.7700      203.00
26.7900      228.00
26.8100      227.00
26.8300      227.00
26.8500      229.00
26.8700      209.00
26.8900      267.00
26.9100      210.00
26.9300      238.00
26.9500      234.00
26.9700      275.00
26.9900      239.00
27.0100      245.00
27.0300      278.00
27.0500      257.00
27.0700      280.00
27.0900      270.00
27.1100      285.00
27.1300      278.00
27.1500      297.00
27.1700      326.00
27.1900      331.00
27.2100      316.00
27.2300      330.00
27.2500      334.00
27.2700      310.00
27.2900      334.00
27.3100      332.00
27.3300      312.00
27.3500      321.00
27.3700      352.00
27.3900      325.00
27.4100      347.00
27.4300      320.00
27.4500      365.00
27.4700      387.00
27.4900      385.00
27.5100      384.00
27.5300      416.00
27.5500      444.00
27.5700      497.00
27.5900      519.00
27.6100      563.00
27.6300      532.00
27.6500      570.00
27.6700      528.00
27.6900      587.00
27.7100      557.00
27.7300      500.00
27.7500      484.00
27.7700      481.00
27.7900      452.00
27.8100      415.00
27.8300      447.00
27.8500      366.00
27.8700      369.00
27.8900      380.00
27.9100      356.00
27.9300      326.00
27.9500      325.00
27.9700      313.00
27.9900      333.00
28.0100      281.00
28.0300      290.00
28.0500      278.00
28.0700      281.00
28.0900      312.00
28.1100      276.00
28.1300      288.00
28.1500      296.00
28.1700      324.00
28.1900      321.00
28.2100      355.00
28.2300      388.00
28.2500      473.00
28.2700      474.00
28.2900      562.00
28.3100      606.00
28.3300      718.00
28.3500      811.00
28.3700      921.00
28.3900      975.00
28.4100      999.00
28.4300     1055.00
28.4500     1056.00
28.4700     1079.00
28.4900     1028.00
28.5100      927.00
28.5300      887.00
28.5500      818.00
28.5700      748.00
28.5900      711.00
28.6100      665.00
28.6300      590.00
28.6500      569.00
28.6700      511.00
28.6900      467.00
28.7100      492.00
28.7300      485.00
28.7500      406.00
28.7700      430.00
28.7900      391.00
28.8100      364.00
28.8300      411.00
28.8500      363.00
28.8700      380.00
28.8900      380.00
28.9100      354.00
28.9300      378.00
28.9500      382.00
28.9700      361.00
28.9900      397.00
29.0100      413.00
29.0300      440.00
29.0500      420.00
29.0700      423.00
29.0900      434.00
29.1100      440.00
29.1300      476.00
29.1500      440.00
29.1700      437.00
29.1900      443.00
29.2100      439.00
29.2300      420.00
29.2500      445.00
29.2700      449.00
29.2900      463.00
29.3100      527.00
29.3300      481.00
29.3500      526.00
29.3700      536.00
29.3900      582.00
29.4100      595.00
29.4300      536.00
29.4500      490.00
29.4700      535.00
29.4900      485.00
29.5100      434.00
29.5300      402.00
29.5500      356.00
29.5700      305.00
29.5900      276.00
29.6100      261.00
29.6300      248.00
29.6500      246.00
29.6700      203.00
29.6900      219.00
29.7100      210.00
29.7300      214.00
29.7500      211.00
29.7700      188.00
29.7900      193.00
29.8100      215.00
29.8300      237.00
29.8500      231.00
29.8700      229.00
29.8900      232.00
29.9100      300.00
29.9300      238.00
29.9500      274.00
29.9700      293.00
29.9900      345.00
30.0100      330.00
30.0300      365.00
30.0500      393.00
30.0700      367.00
30.0900      350.00
30.1100      369.00
30.1300      363.00
30.1500      357.00
30.1700      350.00
30.1900      338.00
30.2100      314.00
30.2300      332.00
30.2500      325.00
30.2700      308.00
30.2900      300.00
30.3100      272.00
30.3300      278.00
30.3500      256.00
30.3700      248.00
30.3900      260.00
30.4100      232.00
30.4300      227.00
30.4500      200.00
30.4700      188.00
30.4900      202.00
30.5100      224.00
30.5300      221.00
30.5500      224.00
30.5700      227.00
30.5900      222.00
30.6100      218.00
30.6300      246.00
30.6500      237.00
30.6700      244.00
30.6900      200.00
30.7100      255.00
30.7300      214.00
30.7500      226.00
30.7700      227.00
30.7900      211.00
30.8100      218.00
30.8300      229.00
30.8500      228.00
30.8700      236.00
30.8900      251.00
30.9100      231.00
30.9300      214.00
30.9500      230.00
30.9700      210.00
30.9900      193.00
31.0100      224.00
31.0300      197.00
31.0500      172.00
31.0700      184.00
31.0900      209.00
31.1100      164.00
31.1300      189.00
31.1500      175.00
31.1700      184.00
31.1900      163.00
31.2100      174.00
31.2300      155.00
31.2500      181.00
31.2700      192.00
31.2900      170.00
31.3100      164.00
31.3300      202.00
31.3500      176.00
31.3700      189.00
31.3900      193.00
31.4100      206.00
31.4300      202.00
31.4500      216.00
31.4700      197.00
31.4900      250.00
31.5100      225.00
31.5300      248.00
31.5500      234.00
31.5700      228.00
31.5900      236.00
31.6100      214.00
31.6300      237.00
31.6500      195.00
31.6700      207.00
31.6900      208.00
31.7100      198.00
31.7300      185.00
31.7500      201.00
31.7700      202.00
31.7900      223.00
31.8100      209.00
31.8300      222.00
31.8500      244.00
31.8700      239.00
31.8900      236.00
31.9100      268.00
31.9300      293.00
31.9500      264.00
31.9700      279.00
31.9900      313.00
32.0100      320.00
32.0300      313.00
32.0500      344.00
32.0700      313.00
32.0900      355.00
32.1100      321.00
32.1300      353.00
32.1500      339.00
32.1700      313.00
32.1900      308.00
32.2100      297.00
32.2300      297.00
32.2500      311.00
32.2700      271.00
32.2900      302.00
32.3100      294.00
32.3300      311.00
32.3500      283.00
32.3700      286.00
32.3900      296.00
32.4100      303.00
32.4300      327.00
32.4500      313.00
32.4700      330.00
32.4900      363.00
32.5100      374.00
32.5300      382.00
32.5500      352.00
32.5700      327.00
32.5900      344.00
32.6100      362.00
32.6300      329.00
32.6500      347.00
32.6700      338.00
32.6900      310.00
32.7100      340.00
32.7300      320.00
32.7500      300.00
32.7700      288.00
32.7900      278.00
32.8100      262.00
32.8300      255.00
32.8500      256.00
32.8700      234.00
32.8900      251.00
32.9100      251.00
32.9300      242.00
32.9500      225.00
32.9700      241.00
32.9900      259.00
33.0100      262.00
33.0300      273.00
33.0500      306.00
33.0700      276.00
33.0900      300.00
33.1100      296.00
33.1300      331.00
33.1500      306.00
33.1700      308.00
33.1900      355.00
33.2100      370.00
33.2300      342.00
33.2500      329.00
33.2700      330.00
33.2900      318.00
33.3100      347.00
33.3300      306.00
33.3500      310.00
33.3700      306.00
33.3900      286.00
33.4100      302.00
33.4300      324.00
33.4500      281.00
33.4700      256.00
33.4900      256.00
33.5100      253.00
33.5300      244.00
33.5500      224.00
33.5700      240.00
33.5900      226.00
33.6100      202.00
33.6300      184.00
33.6500      196.00
33.6700      214.00
33.6900      174.00
33.7100      187.00
33.7300      188.00
33.7500      178.00
33.7700      178.00
33.7900      188.00
33.8100      198.00
33.8300      175.00
33.8500      170.00
33.8700      167.00
33.8900      200.00
33.9100      181.00
33.9300      167.00
33.9500      181.00
33.9700      203.00
33.9900      191.00
34.0100      205.00
34.0300      231.00
34.0500      228.00
34.0700      253.00
34.0900      281.00
34.1100      262.00
34.1300      308.00
34.1500      315.00
34.1700      290.00
34.1900      310.00
34.2100      284.00
34.2300      271.00
34.2500      287.00
34.2700      243.00
34.2900      221.00
34.3100      220.00
34.3300      243.00
34.3500      219.00
34.3700      187.00
34.3900      165.00
34.4100      206.00
34.4300      200.00
34.4500      177.00
34.4700      179.00
34.4900      176.00
34.5100      183.00
34.5300      181.00
34.5500      189.00
34.5700      206.00
34.5900      185.00
34.6100      145.00
34.6300      169.00
34.6500      186.00
34.6700      192.00
34.6900      193.00
34.7100      162.00
34.7300      190.00
34.7500      188.00
34.7700      192.00
34.7900      215.00
34.8100      183.00
34.8300      194.00
34.8500      196.00
34.8700      223.00
34.8900      209.00
34.9100      208.00
34.9300      247.00
34.9500      195.00
