 3.1000      259.00
 3.1200      239.00
 3.1400      235.00
 3.1600      269.00
 3.1800      240.00
 3.2000      239.00
 3.2200      239.00
 3.2400      241.00
 3.2600      227.00
 3.2800      195.00
 3.3000      247.00
 3.3200      223.00
 3.3400      210.00
 3.3600      219.00
 3.3800      209.00
 3.4000      245.00
 3.4200      228.00
 3.4400      205.00
 3.4600      221.00
 3.4800      191.00
 3.5000      204.00
 3.5200      207.00
 3.5400      210.00
 3.5600      205.00
 3.5800      245.00
 3.6000      208.00
 3.6200      228.00
 3.6400      202.00
 3.6600      218.00
 3.6800      215.00
 3.7000      212.00
 3.7200      204.00
 3.7400      203.00
 3.7600      194.00
 3.7800      203.00
 3.8000      216.00
 3.8200      182.00
 3.8400      195.00
 3.8600      191.00
 3.8800      180.00
 3.9000      196.00
 3.9200      174.00
 3.9400      177.00
 3.9600      189.00
 3.9800      173.00
 4.0000      178.00
 4.0200      201.00
 4.0400      192.00
 4.0600      162.00
 4.0800      160.00
 4.1000      164.00
 4.1200      167.00
 4.1400      181.00
 4.1600      179.00
 4.1800      192.00
 4.2000      166.00
 4.2200      170.00
 4.2400      148.00
 4.2600      160.00
 4.2800      160.00
 4.3000      154.00
 4.3200      178.00
 4.3400      164.00
 4.3600      171.00
 4.3800      137.00
 4.4000      162.00
 4.4200      146.00
 4.4400      183.00
 4.4600      175.00
 4.4800      147.00
 4.5000      175.00
 4.5200      130.00
 4.5400      126.00
 4.5600      146.00
 4.5800      141.00
 4.6000      140.00
 4.6200      131.00
 4.6400      138.00
 4.6600      160.00
 4.6800      143.00
 4.7000      148.00
 4.7200      125.00
 4.7400      149.00
 4.7600      125.00
 4.7800      160.00
 4.8000      157.00
 4.8200      135.00
 4.8400      123.00
 4.8600      148.00
 4.8800      118.00
 4.9000      140.00
 4.9200      138.00
 4.9400      121.00
 4.9600      144.00
 4.9800      144.00
 5.0000      132.00
 5.0200      130.00
 5.0400      141.00
 5.0600      126.00
 5.0800      127.00
 5.1000      145.00
 5.1200      136.00
 5.1400      159.00
 5.1600      162.00
 5.1800      142.00
 5.2000      153.00
 5.2200      149.00
 5.2400      141.00
 5.2600      125.00
 5.2800      156.00
 5.3000      147.00
 5.3200      154.00
 5.3400      133.00
 5.3600      160.00
 5.3800      151.00
 5.4000      147.00
 5.4200      138.00
 5.4400      165.00
 5.4600      155.00
 5.4800      138.00
 5.5000      135.00
 5.5200      138.00
 5.5400      166.00
 5.5600      155.00
 5.5800      165.00
 5.6000      146.00
 5.6200      148.00
 5.6400      141.00
 5.6600      170.00
 5.6800      149.00
 5.7000      157.00
 5.7200      162.00
 5.7400      156.00
 5.7600      137.00
 5.7800      155.00
 5.8000      141.00
 5.8200      161.00
 5.8400      146.00
 5.8600      158.00
 5.8800      160.00
 5.9000      142.00
 5.9200      148.00
 5.9400      152.00
 5.9600      143.00
 5.9800      160.00
 6.0000      134.00
 6.0200      131.00
 6.0400      155.00
 6.0600      142.00
 6.0800      150.00
 6.1000      154.00
 6.1200      152.00
 6.1400      134.00
 6.1600      168.00
 6.1800      164.00
 6.2000      150.00
 6.2200      145.00
 6.2400      164.00
 6.2600      157.00
 6.2800      146.00
 6.3000      162.00
 6.3200      142.00
 6.3400      147.00
 6.3600      167.00
 6.3800      147.00
 6.4000      161.00
 6.4200      145.00
 6.4400      172.00
 6.4600      158.00
 6.4800      147.00
 6.5000      171.00
 6.5200      158.00
 6.5400      169.00
 6.5600      182.00
 6.5800      173.00
 6.6000      168.00
 6.6200      169.00
 6.6400      163.00
 6.6600      160.00
 6.6800      152.00
 6.7000      191.00
 6.7200      183.00
 6.7400      177.00
 6.7600      160.00
 6.7800      169.00
 6.8000      180.00
 6.8200      158.00
 6.8400      172.00
 6.8600      189.00
 6.8800      156.00
 6.9000      199.00
 6.9200      199.00
 6.9400      207.00
 6.9600      204.00
 6.9800      210.00
 7.0000      222.00
 7.0200      223.00
 7.0400      223.00
 7.0600      228.00
 7.0800      217.00
 7.1000      250.00
 7.1200      252.00
 7.1400      240.00
 7.1600      279.00
 7.1800      252.00
 7.2000      245.00
 7.2200      223.00
 7.2400      214.00
 7.2600      193.00
 7.2800      180.00
 7.3000      177.00
 7.3200      175.00
 7.3400      168.00
 7.3600      154.00
 7.3800      181.00
 7.4000      170.00
 7.4200      168.00
 7.4400      150.00
 7.4600      162.00
 7.4800      170.00
 7.5000      174.00
 7.5200      159.00
 7.5400      159.00
 7.5600      177.00
 7.5800      160.00
 7.6000      175.00
 7.6200      179.00
 7.6400      151.00
 7.6600      183.00
 7.6800      186.00
 7.7000      194.00
 7.7200      172.00
 7.7400      168.00
 7.7600      161.00
 7.7800      162.00
 7.8000      167.00
 7.8200      159.00
 7.8400      174.00
 7.8600      183.00
 7.8800      168.00
 7.9000      193.00
 7.9200      170.00
 7.9400      165.00
 7.9600      184.00
 7.9800      173.00
 8.0000      169.00
 8.0200      178.00
 8.0400      173.00
 8.0600      190.00
 8.0800      191.00
 8.1000      183.00
 8.1200      172.00
 8.1400      183.00
 8.1600      161.00
 8.1800      176.00
 8.2000      187.00
 8.2200      189.00
 8.2400      196.00
 8.2600      151.00
 8.2800      165.00
 8.3000      179.00
 8.3200      173.00
 8.3400      189.00
 8.3600      160.00
 8.3800      184.00
 8.4000      171.00
 8.4200      203.00
 8.4400      163.00
 8.4600      182.00
 8.4800      196.00
 8.5000      164.00
 8.5200      182.00
 8.5400      174.00
 8.5600      157.00
 8.5800      154.00
 8.6000      180.00
 8.6200      219.00
 8.6400      215.00
 8.6600      194.00
 8.6800      197.00
 8.7000      196.00
 8.7200      194.00
 8.7400      185.00
 8.7600      196.00
 8.7800      214.00
 8.8000      184.00
 8.8200      195.00
 8.8400      238.00
 8.8600      214.00
 8.8800      227.00
 8.9000      227.00
 8.9200      223.00
 8.9400      261.00
 8.9600      226.00
 8.9800      207.00
 9.0000      241.00
 9.0200      264.00
 9.0400      243.00
 9.0600      218.00
 9.0800      230.00
 9.1000      208.00
 9.1200      225.00
 9.1400      225.00
 9.1600      209.00
 9.1800      243.00
 9.2000      213.00
 9.2200      189.00
 9.2400      185.00
 9.2600      216.00
 9.2800      218.00
 9.3000      201.00
 9.3200      199.00
 9.3400      203.00
 9.3600      206.00
 9.3800      209.00
 9.4000      204.00
 9.4200      181.00
 9.4400      175.00
 9.4600      183.00
 9.4800      195.00
 9.5000      198.00
 9.5200      182.00
 9.5400      229.00
 9.5600      216.00
 9.5800      196.00
 9.6000      194.00
 9.6200      196.00
 9.6400      216.00
 9.6600      194.00
 9.6800      201.00
 9.7000      223.00
 9.7200      195.00
 9.7400      187.00
 9.7600      212.00
 9.7800      193.00
 9.8000      207.00
 9.8200      208.00
 9.8400      199.00
 9.8600      207.00
 9.8800      194.00
 9.9000      213.00
 9.9200      226.00
 9.9400      211.00
 9.9600      204.00
 9.9800      202.00
10.0000      219.00
10.0200      232.00
10.0400      231.00
10.0600      208.00
10.0800      221.00
10.1000      229.00
10.1200      236.00
10.1400      237.00
10.1600      260.00
10.1800      233.00
10.2000      271.00
10.2200      240.00
10.2400      228.00
10.2600      267.00
10.2800      256.00
10.3000      238.00
10.3200      254.00
10.3400      247.00
10.3600      224.00
10.3800      201.00
10.4000      208.00
10.4200      210.00
10.4400      251.00
10.4600      218.00
10.4800      229.00
10.5000      237.00
10.5200      213.00
10.5400      232.00
10.5600      208.00
10.5800      230.00
10.6000      245.00
10.6200      200.00
10.6400      241.00
10.6600      224.00
10.6800      239.00
10.7000      264.00
10.7200      214.00
10.7400      240.00
10.7600      246.00
10.7800      255.00
10.8000      260.00
10.8200      269.00
10.8400      297.00
10.8600      284.00
10.8800      314.00
10.9000      316.00
10.9200      332.00
10.9400      312.00
10.9600      359.00
10.9800      394.00
11.0000      405.00
11.0200      419.00
11.0400      462.00
11.0600      494.00
11.0800      576.00
11.1000      603.00
11.1200      696.00
11.1400      716.00
11.1600      815.00
11.1800      817.00
11.2000      882.00
11.2200      900.00
11.2400      938.00
11.2600      968.00
11.2800     1021.00
11.3000     1055.00
11.3200     1109.00
11.3400      980.00
11.3600      957.00
11.3800      958.00
11.4000      892.00
11.4200      863.00
11.4400      792.00
11.4600      716.00
11.4800      705.00
11.5000      718.00
11.5200      605.00
11.5400      623.00
11.5600      622.00
11.5800      551.00
11.6000      461.00
11.6200      427.00
11.6400      408.00
11.6600      348.00
11.6800      295.00
11.7000      276.00
11.7200      242.00
11.7400      311.00
11.7600      286.00
11.7800      280.00
11.8000      274.00
11.8200      272.00
11.8400      270.00
11.8600      282.00
11.8800      310.00
11.9000      283.00
11.9200      309.00
11.9400      355.00
11.9600      345.00
11.9800      311.00
12.0000      325.00
12.0200      381.00
12.0400      389.00
12.0600      382.00
12.0800      422.00
12.1000      495.00
12.1200      459.00
12.1400      492.00
12.1600      567.00
12.1800      609.00
12.2000      688.00
12.2200      691.00
12.2400      747.00
12.2600      748.00
12.2800      775.00
12.3000      821.00
12.3200      774.00
12.3400      789.00
12.3600      731.00
12.3800      773.00
12.4000      814.00
12.4200      685.00
12.4400      704.00
12.4600      673.00
12.4800      635.00
12.5000      594.00
12.5200      565.00
12.5400      570.00
12.5600      597.00
12.5800      636.00
12.6000      627.00
12.6200      720.00
12.6400      716.00
12.6600      802.00
12.6800      721.00
12.7000      859.00
12.7200      789.00
12.7400      809.00
12.7600      852.00
12.7800      785.00
12.8000      715.00
12.8200      694.00
12.8400      627.00
12.8600      539.00
12.8800      456.00
12.9000      391.00
12.9200      379.00
12.9400      372.00
12.9600      313.00
12.9800      335.00
13.0000      291.00
13.0200      277.00
13.0400      263.00
13.0600      297.00
13.0800      289.00
13.1000      256.00
13.1200      265.00
13.1400      281.00
13.1600      292.00
13.1800      291.00
13.2000      279.00
13.2200      277.00
13.2400      303.00
13.2600      260.00
13.2800      271.00
13.3000      258.00
13.3200      276.00
13.3400      262.00
13.3600      264.00
13.3800      253.00
13.4000      294.00
13.4200      274.00
13.4400      259.00
13.4600      232.00
13.4800      277.00
13.5000      263.00
13.5200      287.00
13.5400      261.00
13.5600      275.00
13.5800      249.00
13.6000      293.00
13.6200      278.00
13.6400      270.00
13.6600      245.00
13.6800      251.00
13.7000      279.00
13.7200      263.00
13.7400      280.00
13.7600      247.00
13.7800      253.00
13.8000      247.00
13.8200      283.00
13.8400      306.00
13.8600      285.00
13.8800      270.00
13.9000      272.00
13.9200      283.00
13.9400      329.00
13.9600      305.00
13.9800      308.00
14.0000      327.00
14.0200      341.00
14.0400      359.00
14.0600      370.00
14.0800      378.00
14.1000      392.00
14.1200      408.00
14.1400      447.00
14.1600      482.00
14.1800      534.00
14.2000      605.00
14.2200      647.00
14.2400      728.00
14.2600      830.00
14.2800      869.00
14.3000      998.00
14.3200     1064.00
14.3400     1115.00
14.3600     1181.00
14.3800     1218.00
14.4000     1296.00
14.4200     1318.00
14.4400     1302.00
14.4600     1375.00
14.4800     1215.00
14.5000     1147.00
14.5200     1139.00
14.5400     1021.00
14.5600      898.00
14.5800      819.00
14.6000      711.00
14.6200      653.00
14.6400      618.00
14.6600      528.00
14.6800      531.00
14.7000      450.00
14.7200      446.00
14.7400      382.00
14.7600      328.00
14.7800      341.00
14.8000      311.00
14.8200      326.00
14.8400      318.00
14.8600      321.00
14.8800      277.00
14.9000      251.00
14.9200      294.00
14.9400      307.00
14.9600      283.00
14.9800      277.00
15.0000      269.00
15.0200      291.00
15.0400      301.00
15.0600      290.00
15.0800      309.00
15.1000      275.00
15.1200      283.00
15.1400      278.00
15.1600      301.00
15.1800      281.00
15.2000      291.00
15.2200      273.00
15.2400      287.00
15.2600      258.00
15.2800      245.00
15.3000      264.00
15.3200      260.00
15.3400      297.00
15.3600      282.00
15.3800      256.00
15.4000      300.00
15.4200      259.00
15.4400      286.00
15.4600      266.00
15.4800      305.00
15.5000      264.00
15.5200      265.00
15.5400      266.00
15.5600      263.00
15.5800      295.00
15.6000      264.00
15.6200      252.00
15.6400      284.00
15.6600      280.00
15.6800      276.00
15.7000      293.00
15.7200      263.00
15.7400      318.00
15.7600      300.00
15.7800      277.00
15.8000      311.00
15.8200      329.00
15.8400      284.00
15.8600      326.00
15.8800      337.00
15.9000      361.00
15.9200      423.00
15.9400      367.00
15.9600      385.00
15.9800      426.00
16.0000      522.00
16.0200      467.00
16.0400      514.00
16.0600      528.00
16.0800      557.00
16.1000      580.00
16.1200      572.00
16.1400      634.00
16.1600      633.00
16.1800      681.00
16.2000      684.00
16.2200      681.00
16.2400      732.00
16.2600      782.00
16.2800      752.00
16.3000      807.00
16.3200      801.00
16.3400      924.00
16.3600      876.00
16.3800      943.00
16.4000      930.00
16.4200      970.00
16.4400      963.00
16.4600      949.00
16.4800      907.00
16.5000      928.00
16.5200      913.00
16.5400      904.00
16.5600      890.00
16.5800      929.00
16.6000      895.00
16.6200      867.00
16.6400      957.00
16.6600      978.00
16.6800     1029.00
16.7000      986.00
16.7200     1000.00
16.7400      916.00
16.7600      882.00
16.7800      800.00
16.8000      718.00
16.8200      613.00
16.8400      553.00
16.8600      493.00
16.8800      431.00
16.9000      410.00
16.9200      407.00
16.9400      406.00
16.9600      359.00
16.9800      405.00
17.0000      425.00
17.0200      406.00
17.0400      476.00
17.0600      544.00
17.0800      605.00
17.1000      620.00
17.1200      626.00
17.1400      716.00
17.1600      802.00
17.1800      920.00
17.2000      886.00
17.2200      930.00
17.2400      971.00
17.2600      980.00
17.2800     1000.00
17.3000     1031.00
17.3200     1088.00
17.3400     1042.00
17.3600      976.00
17.3800      948.00
17.4000      928.00
17.4200      897.00
17.4400      909.00
17.4600      925.00
17.4800      916.00
17.5000     1030.00
17.5200     1117.00
17.5400     1295.00
17.5600     1444.00
17.5800     1675.00
17.6000     1919.00
17.6200     2022.00
17.6400     2300.00
17.6600     2372.00
17.6800     2695.00
17.7000     2759.00
17.7200     2849.00
17.7400     2836.00
17.7600     2898.00
17.7800     2846.00
17.8000     2937.00
17.8200     2719.00
17.8400     2537.00
17.8600     2320.00
17.8800     2144.00
17.9000     1927.00
17.9200     1645.00
17.9400     1352.00
17.9600     1199.00
17.9800      952.00
18.0000      758.00
18.0200      636.00
18.0400      514.00
18.0600      486.00
18.0800      495.00
18.1000      475.00
18.1200      466.00
18.1400      466.00
18.1600      449.00
18.1800      447.00
18.2000      405.00
18.2200      417.00
18.2400      402.00
18.2600      414.00
18.2800      418.00
18.3000      377.00
18.3200      432.00
18.3400      421.00
18.3600      436.00
18.3800      482.00
18.4000      454.00
18.4200      542.00
18.4400      562.00
18.4600      624.00
18.4800      671.00
18.5000      695.00
18.5200      794.00
18.5400      899.00
18.5600      883.00
18.5800      881.00
18.6000      954.00
18.6200      889.00
18.6400      905.00
18.6600      883.00
18.6800      881.00
18.7000      778.00
18.7200      797.00
18.7400      721.00
18.7600      651.00
18.7800      614.00
18.8000      536.00
18.8200      544.00
18.8400      522.00
18.8600      513.00
18.8800      515.00
18.9000      537.00
18.9200      507.00
18.9400      555.00
18.9600      495.00
18.9800      524.00
19.0000      535.00
19.0200      505.00
19.0400      530.00
19.0600      469.00
19.0800      526.00
19.1000      514.00
19.1200      457.00
19.1400      434.00
19.1600      444.00
19.1800      464.00
19.2000      461.00
19.2200      416.00
19.2400      488.00
19.2600      432.00
19.2800      473.00
19.3000      519.00
19.3200      486.00
19.3400      495.00
19.3600      497.00
19.3800      444.00
19.4000      461.00
19.4200      467.00
19.4400      487.00
19.4600      514.00
19.4800      496.00
19.5000      480.00
19.5200      458.00
19.5400      541.00
19.5600      525.00
19.5800      531.00
19.6000      670.00
19.6200      695.00
19.6400      769.00
19.6600      930.00
19.6800     1076.00
19.7000     1172.00
19.7200     1324.00
19.7400     1472.00
19.7600     1589.00
19.7800     1756.00
19.8000     1788.00
19.8200     1818.00
19.8400     1951.00
19.8600     1912.00
19.8800     1940.00
19.9000     1959.00
19.9200     1725.00
19.9400     1756.00
19.9600     1562.00
19.9800     1392.00
20.0000     1282.00
20.0200     1148.00
20.0400      974.00
20.0600      906.00
20.0800      803.00
20.1000      676.00
20.1200      625.00
20.1400      515.00
20.1600      475.00
20.1800      456.00
20.2000      447.00
20.2200      402.00
20.2400      477.00
20.2600      429.00
20.2800      425.00
20.3000      428.00
20.3200      418.00
20.3400      424.00
20.3600      393.00
20.3800      399.00
20.4000      405.00
20.4200      397.00
20.4400      450.00
20.4600      391.00
20.4800      450.00
20.5000      463.00
20.5200      483.00
20.5400      507.00
20.5600      477.00
20.5800      556.00
20.6000      585.00
20.6200      645.00
20.6400      714.00
20.6600      857.00
20.6800      883.00
20.7000     1037.00
20.7200     1265.00
20.7400     1453.00
20.7600     1559.00
20.7800     1803.00
20.8000     2051.00
20.8200     2180.00
20.8400     2298.00
20.8600     2531.00
20.8800     2655.00
20.9000     2857.00
20.9200     2912.00
20.9400     2931.00
20.9600     3038.00
20.9800     3012.00
21.0000     2962.00
21.0200     3047.00
21.0400     2901.00
21.0600     2984.00
21.0800     3112.00
21.1000     3252.00
21.1200     3278.00
21.1400     3489.00
21.1600     3755.00
21.1800     3846.00
21.2000     3924.00
21.2200     3873.00
21.2400     3632.00
21.2600     3567.00
21.2800     3425.00
21.3000     3022.00
21.3200     2867.00
21.3400     2550.00
21.3600     2190.00
21.3800     1878.00
21.4000     1529.00
21.4200     1212.00
21.4400     1040.00
21.4600      801.00
21.4800      737.00
21.5000      592.00
21.5200      534.00
21.5400      493.00
21.5600      440.00
21.5800      419.00
21.6000      430.00
21.6200      386.00
21.6400      418.00
21.6600      374.00
21.6800      402.00
21.7000      409.00
21.7200      381.00
21.7400      384.00
21.7600      387.00
21.7800      353.00
21.8000      343.00
21.8200      437.00
21.8400      368.00
21.8600      378.00
21.8800      398.00
21.9000      393.00
21.9200      379.00
21.9400      347.00
21.9600      391.00
21.9800      416.00
22.0000      392.00
22.0200      411.00
22.0400      402.00
22.0600      404.00
22.0800      438.00
22.1000      453.00
22.1200      423.00
22.1400      425.00
22.1600      444.00
22.1800      466.00
22.2000      485.00
22.2200      529.00
22.2400      557.00
22.2600      525.00
22.2800      677.00
22.3000      724.00
22.3200      724.00
22.3400      758.00
22.3600      845.00
22.3800      908.00
22.4000     1057.00
22.4200     1093.00
22.4400     1146.00
22.4600     1247.00
22.4800     1322.00
22.5000     1363.00
22.5200     1515.00
22.5400     1468.00
22.5600     1532.00
22.5800     1592.00
22.6000     1632.00
22.6200     1705.00
22.6400     1749.00
22.6600     1797.00
22.6800     1814.00
22.7000     1842.00
22.7200     1890.00
22.7400     2024.00
22.7600     2047.00
22.7800     2088.00
22.8000     2052.00
22.8200     2033.00
22.8400     1960.00
22.8600     1983.00
22.8800     1722.00
22.9000     1682.00
22.9200     1554.00
22.9400     1363.00
22.9600     1325.00
22.9800     1234.00
23.0000     1190.00
23.0200     1127.00
23.0400     1099.00
23.0600     1170.00
23.0800     1203.00
23.1000     1223.00
23.1200     1298.00
23.1400     1354.00
23.1600     1402.00
23.1800     1411.00
23.2000     1361.00
23.2200     1374.00
23.2400     1355.00
23.2600     1319.00
23.2800     1198.00
23.3000     1211.00
23.3200     1207.00
23.3400     1182.00
23.3600     1115.00
23.3800     1118.00
23.4000     1111.00
23.4200     1096.00
23.4400     1067.00
23.4600     1047.00
23.4800     1012.00
23.5000     1013.00
23.5200      993.00
23.5400      968.00
23.5600     1028.00
23.5800     1007.00
23.6000      981.00
23.6200      964.00
23.6400      859.00
23.6600      834.00
23.6800      833.00
23.7000      842.00
23.7200      688.00
23.7400      679.00
23.7600      604.00
23.7800      532.00
23.8000      526.00
23.8200      528.00
23.8400      504.00
23.8600      471.00
23.8800      502.00
23.9000      490.00
23.9200      535.00
23.9400      492.00
23.9600      554.00
23.9800      559.00
24.0000      628.00
24.0200      695.00
24.0400      694.00
24.0600      773.00
24.0800      875.00
24.1000      957.00
24.1200     1064.00
24.1400     1216.00
24.1600     1366.00
24.1800     1519.00
24.2000     1649.00
24.2200     1715.00
24.2400     1760.00
24.2600     1897.00
24.2800     1987.00
24.3000     2001.00
24.3200     2013.00
24.3400     2037.00
24.3600     2088.00
24.3800     2032.00
24.4000     1960.00
24.4200     1917.00
24.4400     1811.00
24.4600     1847.00
24.4800     1806.00
24.5000     1784.00
24.5200     1790.00
24.5400     1790.00
24.5600     1781.00
24.5800     1793.00
24.6000     1681.00
24.6200     1668.00
24.6400     1568.00
24.6600     1429.00
24.6800     1358.00
24.7000     1197.00
24.7200     1025.00
24.7400      914.00
24.7600      810.00
24.7800      696.00
24.8000      614.00
24.8200      631.00
24.8400      598.00
24.8600      568.00
24.8800      609.00
24.9000      569.00
24.9200      718.00
24.9400      788.00
24.9600      809.00
24.9800      895.00
25.0000      944.00
25.0200     1061.00
25.0400     1096.00
25.0600     1147.00
25.0800     1205.00
25.1000     1233.00
25.1200     1188.00
25.1400     1209.00
25.1600     1181.00
25.1800     1119.00
25.2000     1019.00
25.2200      985.00
25.2400      896.00
25.2600      727.00
25.2800      668.00
25.3000      635.00
25.3200      576.00
25.3400      463.00
25.3600      470.00
25.3800      424.00
25.4000      389.00
25.4200      381.00
25.4400      380.00
25.4600      369.00
25.4800      374.00
25.5000      350.00
25.5200      386.00
25.5400      379.00
25.5600      333.00
25.5800      341.00
25.6000      334.00
25.6200      367.00
25.6400      336.00
25.6600      332.00
25.6800      332.00
25.7000      309.00
25.7200      377.00
25.7400      308.00
25.7600      341.00
25.7800      341.00
25.8000      327.00
25.8200      364.00
25.8400      312.00
25.8600      367.00
25.8800      323.00
25.9000      355.00
25.9200      343.00
25.9400      391.00
25.9600      392.00
25.9800      412.00
26.0000      452.00
26.0200      436.00
26.0400      447.00
26.0600      511.00
26.0800      554.00
26.1000      574.00
26.1200      588.00
26.1400      611.00
26.1600      692.00
26.1800      670.00
26.2000      738.00
26.2200      780.00
26.2400      772.00
26.2600      806.00
26.2800      853.00
26.3000      825.00
26.3200      825.00
26.3400      904.00
26.3600      845.00
26.3800      933.00
26.4000      862.00
26.4200      849.00
26.4400      869.00
26.4600      880.00
26.4800      836.00
26.5000      778.00
26.5200      846.00
26.5400      801.00
26.5600      796.00
26.5800      807.00
26.6000      819.00
26.6200      772.00
26.6400      733.00
26.6600      770.00
26.6800      764.00
26.7000      743.00
26.7200      728.00
26.7400      649.00
26.7600      646.00
26.7800      595.00
26.8000      574.00
26.8200      534.00
26.8400      499.00
26.8600      460.00
26.8800      435.00
26.9000      459.00
26.9200      374.00
26.9400      397.00
26.9600      358.00
26.9800      361.00
27.0000      401.00
27.0200      380.00
27.0400      409.00
27.0600      395.00
27.0800      447.00
27.1000      453.00
27.1200      470.00
27.1400      489.00
27.1600      482.00
27.1800      461.00
27.2000      456.00
27.2200      465.00
27.2400      524.00
27.2600      497.00
27.2800      483.00
27.3000      473.00
27.3200      541.00
27.3400      500.00
27.3600      551.00
27.3800      566.00
27.4000      527.00
27.4200      584.00
27.4400      578.00
27.4600      617.00
27.4800      619.00
27.5000      639.00
27.5200      641.00
27.5400      654.00
27.5600      730.00
27.5800      737.00
27.6000      728.00
27.6200      780.00
27.6400      786.00
27.6600      851.00
27.6800      921.00
27.7000     1063.00
27.7200     1168.00
27.7400     1275.00
27.7600     1401.00
27.7800     1557.00
27.8000     1725.00
27.8200     1816.00
27.8400     1872.00
27.8600     1983.00
27.8800     2038.00
27.9000     1969.00
27.9200     2008.00
27.9400     1960.00
27.9600     1929.00
27.9800     1803.00
28.0000     1669.00
28.0200     1413.00
28.0400     1232.00
28.0600     1091.00
28.0800      932.00
28.1000      770.00
28.1200      696.00
28.1400      642.00
28.1600      573.00
28.1800      560.00
28.2000      550.00
28.2200      555.00
28.2400      543.00
28.2600      453.00
28.2800      486.00
28.3000      509.00
28.3200      452.00
28.3400      499.00
28.3600      482.00
28.3800      527.00
28.4000      575.00
28.4200      560.00
28.4400      587.00
28.4600      678.00
28.4800      764.00
28.5000      810.00
28.5200      942.00
28.5400     1085.00
28.5600     1187.00
28.5800     1355.00
28.6000     1559.00
28.6200     1594.00
28.6400     1717.00
28.6600     1755.00
28.6800     1792.00
28.7000     1718.00
28.7200     1743.00
28.7400     1756.00
28.7600     1625.00
28.7800     1629.00
28.8000     1479.00
28.8200     1439.00
28.8400     1365.00
28.8600     1244.00
28.8800     1211.00
28.9000     1029.00
28.9200      971.00
28.9400      945.00
28.9600      909.00
28.9800      863.00
29.0000      838.00
29.0200      806.00
29.0400      748.00
29.0600      725.00
29.0800      695.00
29.1000      729.00
29.1200      675.00
29.1400      585.00
29.1600      643.00
29.1800      602.00
29.2000      635.00
29.2200      623.00
29.2400      681.00
29.2600      678.00
29.2800      649.00
29.3000      746.00
29.3200      652.00
29.3400      714.00
29.3600      695.00
29.3800      720.00
29.4000      692.00
29.4200      738.00
29.4400      745.00
29.4600      783.00
29.4800      713.00
29.5000      820.00
29.5200      781.00
29.5400      809.00
29.5600      846.00
29.5800      920.00
29.6000      897.00
29.6200      788.00
29.6400      806.00
29.6600      859.00
29.6800      767.00
29.7000      806.00
29.7200      738.00
29.7400      696.00
29.7600      630.00
29.7800      565.00
29.8000      551.00
29.8200      503.00
29.8400      475.00
29.8600      410.00
29.8800      394.00
29.9000      361.00
29.9200      356.00
29.9400      360.00
29.9600      337.00
29.9800      302.00
30.0000      325.00
30.0200      331.00
30.0400      343.00
30.0600      340.00
30.0800      390.00
30.1000      384.00
30.1200      395.00
30.1400      411.00
30.1600      418.00
30.1800      442.00
30.2000      442.00
30.2200      496.00
30.2400      532.00
30.2600      526.00
30.2800      520.00
30.3000      579.00
30.3200      557.00
30.3400      562.00
30.3600      565.00
30.3800      544.00
30.4000      598.00
30.4200      593.00
30.4400      553.00
30.4600      631.00
30.4800      550.00
30.5000      593.00
30.5200      480.00
30.5400      490.00
30.5600      528.00
30.5800      483.00
30.6000      484.00
30.6200      439.00
30.6400      422.00
30.6600      416.00
30.6800      428.00
30.7000      452.00
30.7200      388.00
30.7400      399.00
30.7600      416.00
30.7800      433.00
30.8000      416.00
30.8200      447.00
30.8400      453.00
30.8600      452.00
30.8800      435.00
30.9000      437.00
30.9200      409.00
30.9400      364.00
30.9600      411.00
30.9800      430.00
31.0000      368.00
31.0200      414.00
31.0400      328.00
31.0600      354.00
31.0800      360.00
31.1000      356.00
31.1200      360.00
31.1400      333.00
31.1600      375.00
31.1800      367.00
31.2000      342.00
31.2200      357.00
31.2400      309.00
31.2600      330.00
31.2800      299.00
31.3000      318.00
31.3200      334.00
31.3400      284.00
31.3600      284.00
31.3800      298.00
31.4000      254.00
31.4200      240.00
31.4400      279.00
31.4600      300.00
31.4800      307.00
31.5000      272.00
31.5200      262.00
31.5400      305.00
31.5600      283.00
31.5800      315.00
31.6000      322.00
31.6200      312.00
31.6400      364.00
31.6600      339.00
31.6800      353.00
31.7000      375.00
31.7200      360.00
31.7400      372.00
31.7600      368.00
31.7800      347.00
31.8000      376.00
31.8200      343.00
31.8400      355.00
31.8600      344.00
31.8800      360.00
31.9000      335.00
31.9200      331.00
31.9400      329.00
31.9600      295.00
31.9800      337.00
32.0000      311.00
32.0200      333.00
32.0400      369.00
32.0600      370.00
32.0800      379.00
32.1000      420.00
32.1200      387.00
32.1400      430.00
32.1600      413.00
32.1800      470.00
32.2000      434.00
32.2200      466.00
32.2400      423.00
32.2600      486.00
32.2800      507.00
32.3000      414.00
32.3200      483.00
32.3400      473.00
32.3600      506.00
32.3800      514.00
32.4000      490.00
32.4200      481.00
32.4400      497.00
32.4600      513.00
32.4800      480.00
32.5000      478.00
32.5200      478.00
32.5400      509.00
32.5600      537.00
32.5800      547.00
32.6000      538.00
32.6200      611.00
32.6400      572.00
32.6600      607.00
32.6800      602.00
32.7000      716.00
32.7200      674.00
32.7400      742.00
32.7600      772.00
32.7800      770.00
32.8000      776.00
32.8200      810.00
32.8400      790.00
32.8600      808.00
32.8800      772.00
32.9000      709.00
32.9200      726.00
32.9400      693.00
32.9600      641.00
32.9800      534.00
33.0000      587.00
33.0200      506.00
33.0400      502.00
33.0600      516.00
33.0800      486.00
33.1000      415.00
33.1200      436.00
33.1400      427.00
33.1600      429.00
33.1800      404.00
33.2000      453.00
33.2200      418.00
33.2400      419.00
33.2600      457.00
33.2800      441.00
33.3000      472.00
33.3200      484.00
33.3400      500.00
33.3600      524.00
33.3800      520.00
33.4000      569.00
33.4200      538.00
33.4400      588.00
33.4600      534.00
33.4800      560.00
33.5000      597.00
33.5200      565.00
33.5400      577.00
33.5600      565.00
33.5800      584.00
33.6000      538.00
33.6200      525.00
33.6400      558.00
33.6600      504.00
33.6800      501.00
33.7000      480.00
33.7200      464.00
33.7400      461.00
33.7600      444.00
33.7800      414.00
33.8000      468.00
33.8200      413.00
33.8400      401.00
33.8600      349.00
33.8800      351.00
33.9000      333.00
33.9200      311.00
33.9400      303.00
33.9600      309.00
33.9800      315.00
34.0000      311.00
34.0200      306.00
34.0400      315.00
34.0600      309.00
34.0800      320.00
34.1000      330.00
34.1200      349.00
34.1400      349.00
34.1600      379.00
34.1800      376.00
34.2000      410.00
34.2200      450.00
34.2400      464.00
34.2600      539.00
34.2800      549.00
34.3000      502.00
34.3200      607.00
34.3400      624.00
34.3600      676.00
34.3800      705.00
34.4000      687.00
34.4200      710.00
34.4400      651.00
34.4600      602.00
34.4800      599.00
34.5000      522.00
34.5200      489.00
34.5400      497.00
34.5600      408.00
34.5800      391.00
34.6000      373.00
34.6200      381.00
34.6400      353.00
34.6600      341.00
34.6800      307.00
34.7000      325.00
34.7200      262.00
34.7400      305.00
34.7600      314.00
34.7800      304.00
34.8000      317.00
34.8200      311.00
34.8400      307.00
34.8600      304.00
34.8800      325.00
34.9000      334.00
34.9200      341.00
34.9400      351.00
34.9600      354.00
34.9800      344.00
35.0000      379.00
35.0200      380.00
35.0400      372.00
35.0600      371.00
35.0800      398.00
35.1000      393.00
