 2.9800      265.00
 3.0000      253.00
 3.0200      274.00
 3.0400      238.00
 3.0600      264.00
 3.0800      239.00
 3.1000      250.00
 3.1200      271.00
 3.1400      269.00
 3.1600      257.00
 3.1800      237.00
 3.2000      254.00
 3.2200      238.00
 3.2400      253.00
 3.2600      224.00
 3.2800      226.00
 3.3000      264.00
 3.3200      229.00
 3.3400      241.00
 3.3600      205.00
 3.3800      255.00
 3.4000      217.00
 3.4200      261.00
 3.4400      211.00
 3.4600      204.00
 3.4800      210.00
 3.5000      184.00
 3.5200      218.00
 3.5400      206.00
 3.5600      228.00
 3.5800      204.00
 3.6000      237.00
 3.6200      200.00
 3.6400      210.00
 3.6600      183.00
 3.6800      207.00
 3.7000      221.00
 3.7200      214.00
 3.7400      217.00
 3.7600      217.00
 3.7800      193.00
 3.8000      199.00
 3.8200      197.00
 3.8400      184.00
 3.8600      212.00
 3.8800      172.00
 3.9000      198.00
 3.9200      198.00
 3.9400      197.00
 3.9600      207.00
 3.9800      191.00
 4.0000      187.00
 4.0200      193.00
 4.0400      194.00
 4.0600      188.00
 4.0800      175.00
 4.1000      180.00
 4.1200      161.00
 4.1400      165.00
 4.1600      182.00
 4.1800      160.00
 4.2000      158.00
 4.2200      167.00
 4.2400      173.00
 4.2600      162.00
 4.2800      143.00
 4.3000      159.00
 4.3200      163.00
 4.3400      159.00
 4.3600      153.00
 4.3800      175.00
 4.4000      153.00
 4.4200      161.00
 4.4400      158.00
 4.4600      181.00
 4.4800      148.00
 4.5000      175.00
 4.5200      172.00
 4.5400      177.00
 4.5600      158.00
 4.5800      153.00
 4.6000      177.00
 4.6200      152.00
 4.6400      164.00
 4.6600      165.00
 4.6800      157.00
 4.7000      172.00
 4.7200      141.00
 4.7400      152.00
 4.7600      155.00
 4.7800      164.00
 4.8000      148.00
 4.8200      145.00
 4.8400      149.00
 4.8600      158.00
 4.8800      153.00
 4.9000      138.00
 4.9200      128.00
 4.9400      137.00
 4.9600      118.00
 4.9800      164.00
 5.0000      144.00
 5.0200      151.00
 5.0400      139.00
 5.0600      139.00
 5.0800      143.00
 5.1000      144.00
 5.1200      127.00
 5.1400      135.00
 5.1600      136.00
 5.1800      139.00
 5.2000      130.00
 5.2200      149.00
 5.2400      161.00
 5.2600      137.00
 5.2800      166.00
 5.3000      138.00
 5.3200      119.00
 5.3400      138.00
 5.3600      149.00
 5.3800      158.00
 5.4000      181.00
 5.4200      165.00
 5.4400      151.00
 5.4600      161.00
 5.4800      141.00
 5.5000      110.00
 5.5200      126.00
 5.5400      137.00
 5.5600      138.00
 5.5800      148.00
 5.6000      167.00
 5.6200      128.00
 5.6400      129.00
 5.6600      135.00
 5.6800      124.00
 5.7000      150.00
 5.7200      147.00
 5.7400      117.00
 5.7600      142.00
 5.7800      150.00
 5.8000      149.00
 5.8200      117.00
 5.8400      158.00
 5.8600      153.00
 5.8800      141.00
 5.9000      146.00
 5.9200      141.00
 5.9400      138.00
 5.9600      134.00
 5.9800      144.00
 6.0000      139.00
 6.0200      139.00
 6.0400      122.00
 6.0600      132.00
 6.0800      137.00
 6.1000      121.00
 6.1200      136.00
 6.1400      133.00
 6.1600      123.00
 6.1800      130.00
 6.2000      142.00
 6.2200      134.00
 6.2400      122.00
 6.2600      150.00
 6.2800      132.00
 6.3000      135.00
 6.3200      143.00
 6.3400      146.00
 6.3600      129.00
 6.3800      154.00
 6.4000      146.00
 6.4200      148.00
 6.4400      140.00
 6.4600      160.00
 6.4800      154.00
 6.5000      143.00
 6.5200      140.00
 6.5400      144.00
 6.5600      143.00
 6.5800      159.00
 6.6000      139.00
 6.6200      143.00
 6.6400      152.00
 6.6600      148.00
 6.6800      165.00
 6.7000      148.00
 6.7200      162.00
 6.7400      165.00
 6.7600      156.00
 6.7800      141.00
 6.8000      178.00
 6.8200      168.00
 6.8400      159.00
 6.8600      150.00
 6.8800      155.00
 6.9000      167.00
 6.9200      156.00
 6.9400      159.00
 6.9600      162.00
 6.9800      175.00
 7.0000      168.00
 7.0200      135.00
 7.0400      158.00
 7.0600      128.00
 7.0800      154.00
 7.1000      150.00
 7.1200      156.00
 7.1400      138.00
 7.1600      130.00
 7.1800      145.00
 7.2000      135.00
 7.2200      120.00
 7.2400      127.00
 7.2600      143.00
 7.2800      130.00
 7.3000      134.00
 7.3200      152.00
 7.3400      129.00
 7.3600      144.00
 7.3800      165.00
 7.4000      156.00
 7.4200      154.00
 7.4400      125.00
 7.4600      152.00
 7.4800      141.00
 7.5000      152.00
 7.5200      145.00
 7.5400      146.00
 7.5600      169.00
 7.5800      138.00
 7.6000      137.00
 7.6200      144.00
 7.6400      127.00
 7.6600      146.00
 7.6800      150.00
 7.7000      141.00
 7.7200      146.00
 7.7400      141.00
 7.7600      149.00
 7.7800      145.00
 7.8000      124.00
 7.8200      138.00
 7.8400      147.00
 7.8600      137.00
 7.8800      133.00
 7.9000      144.00
 7.9200      163.00
 7.9400      136.00
 7.9600      160.00
 7.9800      139.00
 8.0000      122.00
 8.0200      139.00
 8.0400      157.00
 8.0600      150.00
 8.0800      140.00
 8.1000      153.00
 8.1200      133.00
 8.1400      167.00
 8.1600      141.00
 8.1800      149.00
 8.2000      162.00
 8.2200      139.00
 8.2400      162.00
 8.2600      137.00
 8.2800      133.00
 8.3000      163.00
 8.3200      139.00
 8.3400      129.00
 8.3600      166.00
 8.3800      173.00
 8.4000      135.00
 8.4200      126.00
 8.4400      161.00
 8.4600      153.00
 8.4800      198.00
 8.5000      157.00
 8.5200      143.00
 8.5400      146.00
 8.5600      176.00
 8.5800      153.00
 8.6000      172.00
 8.6200      151.00
 8.6400      156.00
 8.6600      143.00
 8.6800      158.00
 8.7000      170.00
 8.7200      179.00
 8.7400      177.00
 8.7600      167.00
 8.7800      179.00
 8.8000      188.00
 8.8200      191.00
 8.8400      189.00
 8.8600      176.00
 8.8800      164.00
 8.9000      166.00
 8.9200      136.00
 8.9400      145.00
 8.9600      168.00
 8.9800      134.00
 9.0000      144.00
 9.0200      171.00
 9.0400      155.00
 9.0600      144.00
 9.0800      145.00
 9.1000      172.00
 9.1200      146.00
 9.1400      157.00
 9.1600      171.00
 9.1800      132.00
 9.2000      124.00
 9.2200      134.00
 9.2400      137.00
 9.2600      133.00
 9.2800      136.00
 9.3000      159.00
 9.3200      155.00
 9.3400      147.00
 9.3600      145.00
 9.3800      134.00
 9.4000      149.00
 9.4200      124.00
 9.4400      138.00
 9.4600      154.00
 9.4800      158.00
 9.5000      125.00
 9.5200      148.00
 9.5400      146.00
 9.5600      139.00
 9.5800      129.00
 9.6000      149.00
 9.6200      156.00
 9.6400      146.00
 9.6600      167.00
 9.6800      141.00
 9.7000      155.00
 9.7200      143.00
 9.7400      162.00
 9.7600      149.00
 9.7800      158.00
 9.8000      159.00
 9.8200      170.00
 9.8400      166.00
 9.8600      157.00
 9.8800      167.00
 9.9000      176.00
 9.9200      198.00
 9.9400      146.00
 9.9600      182.00
 9.9800      186.00
10.0000      188.00
10.0200      156.00
10.0400      158.00
10.0600      202.00
10.0800      170.00
10.1000      155.00
10.1200      170.00
10.1400      154.00
10.1600      168.00
10.1800      154.00
10.2000      173.00
10.2200      133.00
10.2400      153.00
10.2600      160.00
10.2800      162.00
10.3000      157.00
10.3200      148.00
10.3400      156.00
10.3600      142.00
10.3800      156.00
10.4000      151.00
10.4200      132.00
10.4400      164.00
10.4600      170.00
10.4800      158.00
10.5000      172.00
10.5200      142.00
10.5400      154.00
10.5600      152.00
10.5800      187.00
10.6000      152.00
10.6200      179.00
10.6400      182.00
10.6600      188.00
10.6800      170.00
10.7000      185.00
10.7200      195.00
10.7400      195.00
10.7600      195.00
10.7800      189.00
10.8000      189.00
10.8200      238.00
10.8400      234.00
10.8600      249.00
10.8800      273.00
10.9000      292.00
10.9200      317.00
10.9400      365.00
10.9600      391.00
10.9800      399.00
11.0000      451.00
11.0200      464.00
11.0400      499.00
11.0600      476.00
11.0800      488.00
11.1000      465.00
11.1200      430.00
11.1400      400.00
11.1600      443.00
11.1800      407.00
11.2000      408.00
11.2200      379.00
11.2400      404.00
11.2600      451.00
11.2800      414.00
11.3000      419.00
11.3200      383.00
11.3400      401.00
11.3600      347.00
11.3800      328.00
11.4000      303.00
11.4200      244.00
11.4400      223.00
11.4600      194.00
11.4800      209.00
11.5000      202.00
11.5200      165.00
11.5400      186.00
11.5600      190.00
11.5800      179.00
11.6000      175.00
11.6200      174.00
11.6400      199.00
11.6600      195.00
11.6800      173.00
11.7000      215.00
11.7200      166.00
11.7400      186.00
11.7600      213.00
11.7800      222.00
11.8000      204.00
11.8200      195.00
11.8400      222.00
11.8600      217.00
11.8800      232.00
11.9000      237.00
11.9200      262.00
11.9400      271.00
11.9600      301.00
11.9800      337.00
12.0000      378.00
12.0200      368.00
12.0400      419.00
12.0600      479.00
12.0800      466.00
12.1000      525.00
12.1200      557.00
12.1400      534.00
12.1600      548.00
12.1800      509.00
12.2000      503.00
12.2200      449.00
12.2400      414.00
12.2600      361.00
12.2800      325.00
12.3000      347.00
12.3200      327.00
12.3400      316.00
12.3600      352.00
12.3800      355.00
12.4000      392.00
12.4200      411.00
12.4400      498.00
12.4600      477.00
12.4800      559.00
12.5000      566.00
12.5200      606.00
12.5400      606.00
12.5600      606.00
12.5800      549.00
12.6000      458.00
12.6200      414.00
12.6400      392.00
12.6600      310.00
12.6800      284.00
12.7000      210.00
12.7200      222.00
12.7400      216.00
12.7600      205.00
12.7800      193.00
12.8000      147.00
12.8200      188.00
12.8400      190.00
12.8600      164.00
12.8800      199.00
12.9000      194.00
12.9200      170.00
12.9400      176.00
12.9600      206.00
12.9800      181.00
13.0000      164.00
13.0200      187.00
13.0400      155.00
13.0600      171.00
13.0800      156.00
13.1000      162.00
13.1200      173.00
13.1400      167.00
13.1600      183.00
13.1800      176.00
13.2000      176.00
13.2200      185.00
13.2400      168.00
13.2600      170.00
13.2800      172.00
13.3000      166.00
13.3200      151.00
13.3400      171.00
13.3600      174.00
13.3800      191.00
13.4000      182.00
13.4200      171.00
13.4400      162.00
13.4600      174.00
13.4800      192.00
13.5000      161.00
13.5200      177.00
13.5400      179.00
13.5600      171.00
13.5800      159.00
13.6000      185.00
13.6200      199.00
13.6400      147.00
13.6600      181.00
13.6800      203.00
13.7000      194.00
13.7200      171.00
13.7400      204.00
13.7600      199.00
13.7800      158.00
13.8000      205.00
13.8200      208.00
13.8400      241.00
13.8600      181.00
13.8800      209.00
13.9000      217.00
13.9200      244.00
13.9400      207.00
13.9600      264.00
13.9800      271.00
14.0000      300.00
14.0200      328.00
14.0400      343.00
14.0600      408.00
14.0800      443.00
14.1000      479.00
14.1200      576.00
14.1400      561.00
14.1600      701.00
14.1800      679.00
14.2000      738.00
14.2200      709.00
14.2400      709.00
14.2600      698.00
14.2800      631.00
14.3000      614.00
14.3200      551.00
14.3400      506.00
14.3600      458.00
14.3800      453.00
14.4000      379.00
14.4200      347.00
14.4400      387.00
14.4600      317.00
14.4800      265.00
14.5000      259.00
14.5200      260.00
14.5400      220.00
14.5600      202.00
14.5800      206.00
14.6000      185.00
14.6200      221.00
14.6400      201.00
14.6600      184.00
14.6800      192.00
14.7000      196.00
14.7200      185.00
14.7400      178.00
14.7600      176.00
14.7800      176.00
14.8000      200.00
14.8200      189.00
14.8400      193.00
14.8600      199.00
14.8800      188.00
14.9000      178.00
14.9200      198.00
14.9400      188.00
14.9600      176.00
14.9800      187.00
15.0000      216.00
15.0200      176.00
15.0400      179.00
15.0600      165.00
15.0800      170.00
15.1000      180.00
15.1200      174.00
15.1400      176.00
15.1600      165.00
15.1800      176.00
15.2000      187.00
15.2200      181.00
15.2400      173.00
15.2600      171.00
15.2800      189.00
15.3000      197.00
15.3200      165.00
15.3400      181.00
15.3600      162.00
15.3800      175.00
15.4000      185.00
15.4200      179.00
15.4400      172.00
15.4600      182.00
15.4800      167.00
15.5000      206.00
15.5200      191.00
15.5400      194.00
15.5600      185.00
15.5800      184.00
15.6000      158.00
15.6200      171.00
15.6400      182.00
15.6600      186.00
15.6800      225.00
15.7000      211.00
15.7200      187.00
15.7400      219.00
15.7600      240.00
15.7800      192.00
15.8000      246.00
15.8200      293.00
15.8400      309.00
15.8600      321.00
15.8800      339.00
15.9000      328.00
15.9200      323.00
15.9400      358.00
15.9600      355.00
15.9800      357.00
16.0000      334.00
16.0200      316.00
16.0400      327.00
16.0600      292.00
16.0800      323.00
16.1000      310.00
16.1200      307.00
16.1400      366.00
16.1600      385.00
16.1800      373.00
16.2000      399.00
16.2200      386.00
16.2400      346.00
16.2600      371.00
16.2800      334.00
16.3000      338.00
16.3200      309.00
16.3400      284.00
16.3600      296.00
16.3800      336.00
16.4000      373.00
16.4200      404.00
16.4400      433.00
16.4600      472.00
16.4800      441.00
16.5000      485.00
16.5200      457.00
16.5400      489.00
16.5600      449.00
16.5800      375.00
16.6000      332.00
16.6200      299.00
16.6400      281.00
16.6600      260.00
16.6800      231.00
16.7000      252.00
16.7200      216.00
16.7400      193.00
16.7600      247.00
16.7800      207.00
16.8000      196.00
16.8200      225.00
16.8400      251.00
16.8600      249.00
16.8800      256.00
16.9000      259.00
16.9200      299.00
16.9400      319.00
16.9600      325.00
16.9800      361.00
17.0000      404.00
17.0200      434.00
17.0400      446.00
17.0600      532.00
17.0800      537.00
17.1000      512.00
17.1200      504.00
17.1400      478.00
17.1600      422.00
17.1800      439.00
17.2000      461.00
17.2200      398.00
17.2400      376.00
17.2600      420.00
17.2800      435.00
17.3000      478.00
17.3200      506.00
17.3400      539.00
17.3600      625.00
17.3800      718.00
17.4000      833.00
17.4200      916.00
17.4400     1010.00
17.4600     1198.00
17.4800     1367.00
17.5000     1420.00
17.5200     1417.00
17.5400     1480.00
17.5600     1524.00
17.5800     1511.00
17.6000     1489.00
17.6200     1418.00
17.6400     1205.00
17.6600     1071.00
17.6800      884.00
17.7000      735.00
17.7200      597.00
17.7400      566.00
17.7600      470.00
17.7800      347.00
17.8000      342.00
17.8200      380.00
17.8400      351.00
17.8600      341.00
17.8800      334.00
17.9000      325.00
17.9200      324.00
17.9400      289.00
17.9600      316.00
17.9800      284.00
18.0000      271.00
18.0200      290.00
18.0400      237.00
18.0600      267.00
18.0800      277.00
18.1000      247.00
18.1200      249.00
18.1400      246.00
18.1600      259.00
18.1800      287.00
18.2000      271.00
18.2200      317.00
18.2400      333.00
18.2600      324.00
18.2800      370.00
18.3000      430.00
18.3200      444.00
18.3400      546.00
18.3600      587.00
18.3800      647.00
18.4000      649.00
18.4200      682.00
18.4400      662.00
18.4600      694.00
18.4800      603.00
18.5000      501.00
18.5200      492.00
18.5400      476.00
18.5600      401.00
18.5800      377.00
18.6000      341.00
18.6200      302.00
18.6400      313.00
18.6600      253.00
18.6800      261.00
18.7000      292.00
18.7200      287.00
18.7400      295.00
18.7600      293.00
18.7800      297.00
18.8000      298.00
18.8200      316.00
18.8400      278.00
18.8600      308.00
18.8800      284.00
18.9000      243.00
18.9200      273.00
18.9400      268.00
18.9600      275.00
18.9800      281.00
19.0000      287.00
19.0200      271.00
19.0400      258.00
19.0600      284.00
19.0800      294.00
19.1000      315.00
19.1200      326.00
19.1400      282.00
19.1600      308.00
19.1800      310.00
19.2000      306.00
19.2200      304.00
19.2400      317.00
19.2600      280.00
19.2800      296.00
19.3000      340.00
19.3200      278.00
19.3400      300.00
19.3600      280.00
19.3800      292.00
19.4000      294.00
19.4200      374.00
19.4400      403.00
19.4600      417.00
19.4800      454.00
19.5000      559.00
19.5200      656.00
19.5400      770.00
19.5600      898.00
19.5800      986.00
19.6000     1114.00
19.6200     1184.00
19.6400     1343.00
19.6600     1304.00
19.6800     1307.00
19.7000     1220.00
19.7200     1187.00
19.7400     1079.00
19.7600      905.00
19.7800      799.00
19.8000      662.00
19.8200      635.00
19.8400      484.00
19.8600      441.00
19.8800      347.00
19.9000      323.00
19.9200      342.00
19.9400      310.00
19.9600      274.00
19.9800      292.00
20.0000      259.00
20.0200      248.00
20.0400      231.00
20.0600      226.00
20.0800      249.00
20.1000      220.00
20.1200      251.00
20.1400      213.00
20.1600      216.00
20.1800      231.00
20.2000      229.00
20.2200      236.00
20.2400      194.00
20.2600      227.00
20.2800      213.00
20.3000      233.00
20.3200      231.00
20.3400      235.00
20.3600      230.00
20.3800      260.00
20.4000      257.00
20.4200      248.00
20.4400      241.00
20.4600      264.00
20.4800      270.00
20.5000      312.00
20.5200      302.00
20.5400      314.00
20.5600      384.00
20.5800      432.00
20.6000      466.00
20.6200      492.00
20.6400      558.00
20.6600      683.00
20.6800      692.00
20.7000      763.00
20.7200      736.00
20.7400      805.00
20.7600      747.00
20.7800      800.00
20.8000      829.00
20.8200      877.00
20.8400      915.00
20.8600     1014.00
20.8800     1042.00
20.9000     1171.00
20.9200     1360.00
20.9400     1458.00
20.9600     1615.00
20.9800     1812.00
21.0000     1962.00
21.0200     2010.00
21.0400     2072.00
21.0600     2115.00
21.0800     2020.00
21.1000     1855.00
21.1200     1587.00
21.1400     1343.00
21.1600     1203.00
21.1800      921.00
21.2000      730.00
21.2200      562.00
21.2400      471.00
21.2600      409.00
21.2800      328.00
21.3000      308.00
21.3200      266.00
21.3400      267.00
21.3600      248.00
21.3800      256.00
21.4000      255.00
21.4200      230.00
21.4400      238.00
21.4600      236.00
21.4800      211.00
21.5000      216.00
21.5200      223.00
21.5400      213.00
21.5600      225.00
21.5800      217.00
21.6000      210.00
21.6200      195.00
21.6400      194.00
21.6600      211.00
21.6800      203.00
21.7000      198.00
21.7200      229.00
21.7400      206.00
21.7600      206.00
21.7800      227.00
21.8000      225.00
21.8200      210.00
21.8400      218.00
21.8600      222.00
21.8800      195.00
21.9000      232.00
21.9200      228.00
21.9400      219.00
21.9600      243.00
21.9800      249.00
22.0000      211.00
22.0200      242.00
22.0400      239.00
22.0600      267.00
22.0800      246.00
22.1000      309.00
22.1200      283.00
22.1400      325.00
22.1600      345.00
22.1800      332.00
22.2000      369.00
22.2200      365.00
22.2400      419.00
22.2600      401.00
22.2800      424.00
22.3000      456.00
22.3200      474.00
22.3400      442.00
22.3600      484.00
22.3800      456.00
22.4000      464.00
22.4200      453.00
22.4400      452.00
22.4600      455.00
22.4800      551.00
22.5000      595.00
22.5200      652.00
22.5400      753.00
22.5600      772.00
22.5800      862.00
22.6000      921.00
22.6200      940.00
22.6400      941.00
22.6600      889.00
22.6800      831.00
22.7000      714.00
22.7200      664.00
22.7400      564.00
22.7600      444.00
22.7800      433.00
22.8000      406.00
22.8200      374.00
22.8400      391.00
22.8600      378.00
22.8800      382.00
22.9000      428.00
22.9200      473.00
22.9400      447.00
22.9600      469.00
22.9800      530.00
23.0000      495.00
23.0200      521.00
23.0400      540.00
23.0600      595.00
23.0800      630.00
23.1000      638.00
23.1200      686.00
23.1400      664.00
23.1600      606.00
23.1800      566.00
23.2000      556.00
23.2200      495.00
23.2400      480.00
23.2600      449.00
23.2800      491.00
23.3000      466.00
23.3200      477.00
23.3400      487.00
23.3600      622.00
23.3800      526.00
23.4000      607.00
23.4200      521.00
23.4400      588.00
23.4600      540.00
23.4800      486.00
23.5000      437.00
23.5200      371.00
23.5400      310.00
23.5600      298.00
23.5800      255.00
23.6000      253.00
23.6200      246.00
23.6400      212.00
23.6600      207.00
23.6800      230.00
23.7000      236.00
23.7200      235.00
23.7400      268.00
23.7600      229.00
23.7800      257.00
23.8000      281.00
23.8200      266.00
23.8400      282.00
23.8600      272.00
23.8800      272.00
23.9000      288.00
23.9200      331.00
23.9400      347.00
23.9600      410.00
23.9800      404.00
24.0000      488.00
24.0200      517.00
24.0400      572.00
24.0600      605.00
24.0800      614.00
24.1000      627.00
24.1200      629.00
24.1400      634.00
24.1600      606.00
24.1800      530.00
24.2000      548.00
24.2200      566.00
24.2400      566.00
24.2600      621.00
24.2800      611.00
24.3000      705.00
24.3200      713.00
24.3400      778.00
24.3600      834.00
24.3800      839.00
24.4000      823.00
24.4200      830.00
24.4400      813.00
24.4600      721.00
24.4800      613.00
24.5000      561.00
24.5200      448.00
24.5400      400.00
24.5600      313.00
24.5800      331.00
24.6000      291.00
24.6200      279.00
24.6400      270.00
24.6600      262.00
24.6800      287.00
24.7000      272.00
24.7200      308.00
24.7400      314.00
24.7600      341.00
24.7800      335.00
24.8000      400.00
24.8200      473.00
24.8400      466.00
24.8600      577.00
24.8800      621.00
24.9000      600.00
24.9200      645.00
24.9400      644.00
24.9600      607.00
24.9800      521.00
25.0000      522.00
25.0200      486.00
25.0400      431.00
25.0600      329.00
25.0800      321.00
25.1000      264.00
25.1200      258.00
25.1400      236.00
25.1600      229.00
25.1800      227.00
25.2000      214.00
25.2200      217.00
25.2400      194.00
25.2600      215.00
25.2800      202.00
25.3000      162.00
25.3200      174.00
25.3400      209.00
25.3600      171.00
25.3800      171.00
25.4000      167.00
25.4200      201.00
25.4400      180.00
25.4600      168.00
25.4800      157.00
25.5000      150.00
25.5200      170.00
25.5400      176.00
25.5600      143.00
25.5800      167.00
25.6000      168.00
25.6200      159.00
25.6400      167.00
25.6600      161.00
25.6800      187.00
25.7000      174.00
25.7200      176.00
25.7400      170.00
25.7600      188.00
25.7800      189.00
25.8000      190.00
25.8200      180.00
25.8400      195.00
25.8600      216.00
25.8800      219.00
25.9000      228.00
25.9200      279.00
25.9400      243.00
25.9600      274.00
25.9800      316.00
26.0000      331.00
26.0200      328.00
26.0400      327.00
26.0600      331.00
26.0800      393.00
26.1000      349.00
26.1200      370.00
26.1400      427.00
26.1600      387.00
26.1800      444.00
26.2000      451.00
26.2200      430.00
26.2400      449.00
26.2600      410.00
26.2800      405.00
26.3000      396.00
26.3200      391.00
26.3400      376.00
26.3600      356.00
26.3800      362.00
26.4000      372.00
26.4200      411.00
26.4400      364.00
26.4600      367.00
26.4800      369.00
26.5000      407.00
26.5200      373.00
26.5400      340.00
26.5600      294.00
26.5800      299.00
26.6000      251.00
26.6200      237.00
26.6400      195.00
26.6600      230.00
26.6800      207.00
26.7000      172.00
26.7200      180.00
26.7400      187.00
26.7600      162.00
26.7800      165.00
26.8000      168.00
26.8200      170.00
26.8400      159.00
26.8600      179.00
26.8800      194.00
26.9000      189.00
26.9200      215.00
26.9400      219.00
26.9600      221.00
26.9800      199.00
27.0000      202.00
27.0200      204.00
27.0400      197.00
27.0600      209.00
27.0800      194.00
27.1000      185.00
27.1200      213.00
27.1400      195.00
27.1600      215.00
27.1800      226.00
27.2000      242.00
27.2200      270.00
27.2400      252.00
27.2600      304.00
27.2800      286.00
27.3000      273.00
27.3200      257.00
27.3400      271.00
27.3600      259.00
27.3800      298.00
27.4000      283.00
27.4200      255.00
27.4400      317.00
27.4600      274.00
27.4800      289.00
27.5000      302.00
27.5200      310.00
27.5400      322.00
27.5600      341.00
27.5800      379.00
27.6000      360.00
27.6200      412.00
27.6400      422.00
27.6600      488.00
27.6800      503.00
27.7000      471.00
27.7200      521.00
27.7400      513.00
27.7600      518.00
27.7800      464.00
27.8000      427.00
27.8200      369.00
27.8400      337.00
27.8600      328.00
27.8800      335.00
27.9000      355.00
27.9200      252.00
27.9400      266.00
27.9600      259.00
27.9800      239.00
28.0000      249.00
28.0200      234.00
28.0400      222.00
28.0600      233.00
28.0800      238.00
28.1000      205.00
28.1200      214.00
28.1400      231.00
28.1600      236.00
28.1800      200.00
28.2000      244.00
28.2200      267.00
28.2400      244.00
28.2600      283.00
28.2800      323.00
28.3000      354.00
28.3200      440.00
28.3400      485.00
28.3600      537.00
28.3800      568.00
28.4000      638.00
28.4200      753.00
28.4400      812.00
28.4600      812.00
28.4800      867.00
28.5000      852.00
28.5200      824.00
28.5400      806.00
28.5600      714.00
28.5800      658.00
28.6000      603.00
28.6200      565.00
28.6400      533.00
28.6600      459.00
28.6800      465.00
28.7000      435.00
28.7200      442.00
28.7400      398.00
28.7600      429.00
28.7800      361.00
28.8000      338.00
28.8200      366.00
28.8400      341.00
28.8600      320.00
28.8800      301.00
28.9000      308.00
28.9200      286.00
28.9400      279.00
28.9600      302.00
28.9800      268.00
29.0000      295.00
29.0200      275.00
29.0400      321.00
29.0600      296.00
29.0800      327.00
29.1000      318.00
29.1200      338.00
29.1400      348.00
29.1600      349.00
29.1800      325.00
29.2000      353.00
29.2200      382.00
29.2400      394.00
29.2600      367.00
29.2800      371.00
29.3000      362.00
29.3200      334.00
29.3400      362.00
29.3600      418.00
29.3800      377.00
29.4000      441.00
29.4200      436.00
29.4400      455.00
29.4600      420.00
29.4800      453.00
29.5000      410.00
29.5200      387.00
29.5400      351.00
29.5600      339.00
29.5800      320.00
29.6000      253.00
29.6200      233.00
29.6400      223.00
29.6600      205.00
29.6800      192.00
29.7000      181.00
29.7200      158.00
29.7400      179.00
29.7600      162.00
29.7800      156.00
29.8000      149.00
29.8200      159.00
29.8400      158.00
29.8600      160.00
29.8800      170.00
29.9000      167.00
29.9200      200.00
29.9400      187.00
29.9600      200.00
29.9800      207.00
30.0000      224.00
30.0200      228.00
30.0400      267.00
30.0600      294.00
30.0800      282.00
30.1000      272.00
30.1200      291.00
30.1400      307.00
30.1600      283.00
30.1800      296.00
30.2000      294.00
30.2200      279.00
30.2400      294.00
30.2600      255.00
30.2800      254.00
30.3000      248.00
30.3200      214.00
30.3400      248.00
30.3600      223.00
30.3800      199.00
30.4000      222.00
30.4200      209.00
30.4400      179.00
30.4600      188.00
30.4800      193.00
30.5000      165.00
30.5200      196.00
30.5400      177.00
30.5600      171.00
30.5800      167.00
30.6000      184.00
30.6200      200.00
30.6400      195.00
30.6600      218.00
30.6800      187.00
30.7000      188.00
30.7200      201.00
30.7400      193.00
30.7600      198.00
30.7800      192.00
30.8000      180.00
30.8200      169.00
30.8400      184.00
30.8600      194.00
30.8800      178.00
30.9000      175.00
30.9200      166.00
30.9400      181.00
30.9600      177.00
30.9800      184.00
31.0000      165.00
31.0200      177.00
31.0400      162.00
31.0600      148.00
31.0800      145.00
31.1000      157.00
31.1200      134.00
31.1400      193.00
31.1600      133.00
31.1800      145.00
31.2000      130.00
31.2200      143.00
31.2400      138.00
31.2600      137.00
31.2800      155.00
31.3000      150.00
31.3200      158.00
31.3400      149.00
31.3600      131.00
31.3800      146.00
31.4000      143.00
31.4200      133.00
31.4400      178.00
31.4600      164.00
31.4800      163.00
31.5000      171.00
31.5200      183.00
31.5400      181.00
31.5600      206.00
31.5800      182.00
31.6000      189.00
31.6200      194.00
31.6400      202.00
31.6600      172.00
31.6800      177.00
31.7000      185.00
31.7200      167.00
31.7400      164.00
31.7600      164.00
31.7800      161.00
31.8000      180.00
31.8200      162.00
31.8400      175.00
31.8600      164.00
31.8800      158.00
31.9000      200.00
31.9200      203.00
31.9400      222.00
31.9600      209.00
31.9800      215.00
32.0000      215.00
32.0200      223.00
32.0400      235.00
32.0600      267.00
32.0800      241.00
32.1000      232.00
32.1200      232.00
32.1400      241.00
32.1600      240.00
32.1800      212.00
32.2000      222.00
32.2200      231.00
32.2400      208.00
32.2600      247.00
32.2800      233.00
32.3000      230.00
32.3200      245.00
32.3400      250.00
32.3600      238.00
32.3800      233.00
32.4000      230.00
32.4200      227.00
32.4400      240.00
32.4600      277.00
32.4800      290.00
32.5000      274.00
32.5200      262.00
32.5400      304.00
32.5600      265.00
32.5800      297.00
32.6000      307.00
32.6200      312.00
32.6400      304.00
32.6600      299.00
32.6800      278.00
32.7000      272.00
32.7200      260.00
32.7400      265.00
32.7600      245.00
32.7800      240.00
32.8000      226.00
32.8200      212.00
32.8400      218.00
32.8600      216.00
32.8800      179.00
32.9000      184.00
32.9200      211.00
32.9400      187.00
32.9600      183.00
32.9800      209.00
33.0000      203.00
33.0200      205.00
33.0400      184.00
33.0600      222.00
33.0800      217.00
33.1000      197.00
33.1200      230.00
33.1400      194.00
33.1600      223.00
33.1800      227.00
33.2000      235.00
33.2200      264.00
33.2400      247.00
33.2600      259.00
33.2800      275.00
33.3000      299.00
33.3200      290.00
33.3400      266.00
33.3600      259.00
33.3800      227.00
33.4000      243.00
33.4200      251.00
33.4400      261.00
33.4600      210.00
33.4800      237.00
33.5000      208.00
33.5200      216.00
33.5400      226.00
33.5600      206.00
33.5800      206.00
33.6000      172.00
33.6200      163.00
33.6400      164.00
33.6600      164.00
33.6800      163.00
33.7000      151.00
33.7200      156.00
33.7400      147.00
33.7600      137.00
33.7800      136.00
33.8000      155.00
33.8200      161.00
33.8400      145.00
33.8600      151.00
33.8800      149.00
33.9000      118.00
33.9200      170.00
33.9400      155.00
33.9600      135.00
33.9800      143.00
34.0000      162.00
34.0200      148.00
34.0400      171.00
34.0600      179.00
34.0800      190.00
34.1000      168.00
34.1200      232.00
34.1400      229.00
34.1600      248.00
34.1800      294.00
34.2000      271.00
34.2200      261.00
34.2400      263.00
34.2600      286.00
34.2800      238.00
34.3000      250.00
34.3200      211.00
34.3400      203.00
34.3600      194.00
34.3800      161.00
34.4000      176.00
34.4200      173.00
34.4400      166.00
34.4600      162.00
34.4800      168.00
34.5000      158.00
34.5200      140.00
34.5400      159.00
34.5600      163.00
34.5800      114.00
34.6000      133.00
34.6200      136.00
34.6400      147.00
34.6600      123.00
34.6800      126.00
34.7000      136.00
34.7200      155.00
34.7400      133.00
34.7600      154.00
34.7800      171.00
34.8000      146.00
34.8200      137.00
34.8400      159.00
34.8600      159.00
34.8800      168.00
34.9000      165.00
34.9200      164.00
34.9400      185.00
34.9600      150.00
34.9800      183.00
