 3.0500      279.00
 3.0700      284.00
 3.0900      283.00
 3.1100      273.00
 3.1300      274.00
 3.1500      302.00
 3.1700      259.00
 3.1900      291.00
 3.2100      255.00
 3.2300      260.00
 3.2500      258.00
 3.2700      289.00
 3.2900      272.00
 3.3100      286.00
 3.3300      264.00
 3.3500      251.00
 3.3700      259.00
 3.3900      233.00
 3.4100      254.00
 3.4300      235.00
 3.4500      235.00
 3.4700      239.00
 3.4900      241.00
 3.5100      242.00
 3.5300      223.00
 3.5500      244.00
 3.5700      228.00
 3.5900      221.00
 3.6100      215.00
 3.6300      234.00
 3.6500      223.00
 3.6700      234.00
 3.6900      233.00
 3.7100      222.00
 3.7300      225.00
 3.7500      239.00
 3.7700      244.00
 3.7900      220.00
 3.8100      199.00
 3.8300      205.00
 3.8500      212.00
 3.8700      212.00
 3.8900      217.00
 3.9100      198.00
 3.9300      197.00
 3.9500      210.00
 3.9700      200.00
 3.9900      185.00
 4.0100      208.00
 4.0300      173.00
 4.0500      198.00
 4.0700      191.00
 4.0900      207.00
 4.1100      188.00
 4.1300      195.00
 4.1500      216.00
 4.1700      179.00
 4.1900      201.00
 4.2100      203.00
 4.2300      176.00
 4.2500      213.00
 4.2700      212.00
 4.2900      196.00
 4.3100      177.00
 4.3300      171.00
 4.3500      151.00
 4.3700      161.00
 4.3900      170.00
 4.4100      168.00
 4.4300      170.00
 4.4500      176.00
 4.4700      168.00
 4.4900      196.00
 4.5100      181.00
 4.5300      195.00
 4.5500      189.00
 4.5700      146.00
 4.5900      170.00
 4.6100      175.00
 4.6300      164.00
 4.6500      172.00
 4.6700      173.00
 4.6900      164.00
 4.7100      177.00
 4.7300      175.00
 4.7500      152.00
 4.7700      147.00
 4.7900      155.00
 4.8100      161.00
 4.8300      143.00
 4.8500      156.00
 4.8700      158.00
 4.8900      150.00
 4.9100      155.00
 4.9300      137.00
 4.9500      172.00
 4.9700      160.00
 4.9900      150.00
 5.0100      160.00
 5.0300      172.00
 5.0500      168.00
 5.0700      147.00
 5.0900      155.00
 5.1100      162.00
 5.1300      149.00
 5.1500      155.00
 5.1700      155.00
 5.1900      143.00
 5.2100      153.00
 5.2300      171.00
 5.2500      129.00
 5.2700      184.00
 5.2900      157.00
 5.3100      154.00
 5.3300      166.00
 5.3500      147.00
 5.3700      155.00
 5.3900      151.00
 5.4100      162.00
 5.4300      173.00
 5.4500      154.00
 5.4700      171.00
 5.4900      181.00
 5.5100      161.00
 5.5300      151.00
 5.5500      162.00
 5.5700      161.00
 5.5900      157.00
 5.6100      166.00
 5.6300      143.00
 5.6500      163.00
 5.6700      166.00
 5.6900      171.00
 5.7100      140.00
 5.7300      150.00
 5.7500      135.00
 5.7700      155.00
 5.7900      160.00
 5.8100      163.00
 5.8300      178.00
 5.8500      148.00
 5.8700      148.00
 5.8900      150.00
 5.9100      163.00
 5.9300      158.00
 5.9500      142.00
 5.9700      148.00
 5.9900      163.00
 6.0100      138.00
 6.0300      161.00
 6.0500      165.00
 6.0700      168.00
 6.0900      146.00
 6.1100      158.00
 6.1300      131.00
 6.1500      137.00
 6.1700      176.00
 6.1900      158.00
 6.2100      152.00
 6.2300      159.00
 6.2500      175.00
 6.2700      174.00
 6.2900      152.00
 6.3100      157.00
 6.3300      134.00
 6.3500      151.00
 6.3700      146.00
 6.3900      146.00
 6.4100      150.00
 6.4300      161.00
 6.4500      141.00
 6.4700      128.00
 6.4900      160.00
 6.5100      157.00
 6.5300      154.00
 6.5500      175.00
 6.5700      154.00
 6.5900      159.00
 6.6100      170.00
 6.6300      157.00
 6.6500      144.00
 6.6700      168.00
 6.6900      171.00
 6.7100      161.00
 6.7300      161.00
 6.7500      152.00
 6.7700      171.00
 6.7900      151.00
 6.8100      151.00
 6.8300      156.00
 6.8500      150.00
 6.8700      189.00
 6.8900      188.00
 6.9100      165.00
 6.9300      147.00
 6.9500      176.00
 6.9700      159.00
 6.9900      168.00
 7.0100      159.00
 7.0300      175.00
 7.0500      149.00
 7.0700      146.00
 7.0900      147.00
 7.1100      142.00
 7.1300      153.00
 7.1500      150.00
 7.1700      161.00
 7.1900      158.00
 7.2100      147.00
 7.2300      151.00
 7.2500      167.00
 7.2700      170.00
 7.2900      146.00
 7.3100      173.00
 7.3300      154.00
 7.3500      145.00
 7.3700      170.00
 7.3900      168.00
 7.4100      133.00
 7.4300      175.00
 7.4500      143.00
 7.4700      157.00
 7.4900      128.00
 7.5100      153.00
 7.5300      127.00
 7.5500      147.00
 7.5700      155.00
 7.5900      147.00
 7.6100      137.00
 7.6300      150.00
 7.6500      133.00
 7.6700      145.00
 7.6900      147.00
 7.7100      135.00
 7.7300      143.00
 7.7500      175.00
 7.7700      148.00
 7.7900      158.00
 7.8100      160.00
 7.8300      155.00
 7.8500      134.00
 7.8700      150.00
 7.8900      143.00
 7.9100      139.00
 7.9300      153.00
 7.9500      170.00
 7.9700      175.00
 7.9900      142.00
 8.0100      164.00
 8.0300      130.00
 8.0500      152.00
 8.0700      127.00
 8.0900      167.00
 8.1100      159.00
 8.1300      140.00
 8.1500      167.00
 8.1700      136.00
 8.1900      151.00
 8.2100      163.00
 8.2300      146.00
 8.2500      143.00
 8.2700      129.00
 8.2900      161.00
 8.3100      143.00
 8.3300      151.00
 8.3500      188.00
 8.3700      155.00
 8.3900      145.00
 8.4100      155.00
 8.4300      168.00
 8.4500      149.00
 8.4700      168.00
 8.4900      158.00
 8.5100      151.00
 8.5300      179.00
 8.5500      156.00
 8.5700      168.00
 8.5900      171.00
 8.6100      171.00
 8.6300      150.00
 8.6500      185.00
 8.6700      167.00
 8.6900      157.00
 8.7100      188.00
 8.7300      176.00
 8.7500      178.00
 8.7700      185.00
 8.7900      169.00
 8.8100      182.00
 8.8300      180.00
 8.8500      175.00
 8.8700      149.00
 8.8900      167.00
 8.9100      184.00
 8.9300      159.00
 8.9500      150.00
 8.9700      161.00
 8.9900      179.00
 9.0100      142.00
 9.0300      155.00
 9.0500      155.00
 9.0700      130.00
 9.0900      152.00
 9.1100      147.00
 9.1300      155.00
 9.1500      150.00
 9.1700      140.00
 9.1900      157.00
 9.2100      144.00
 9.2300      177.00
 9.2500      153.00
 9.2700      172.00
 9.2900      158.00
 9.3100      149.00
 9.3300      158.00
 9.3500      143.00
 9.3700      149.00
 9.3900      148.00
 9.4100      153.00
 9.4300      143.00
 9.4500      172.00
 9.4700      184.00
 9.4900      139.00
 9.5100      158.00
 9.5300      157.00
 9.5500      161.00
 9.5700      161.00
 9.5900      176.00
 9.6100      166.00
 9.6300      171.00
 9.6500      176.00
 9.6700      190.00
 9.6900      146.00
 9.7100      174.00
 9.7300      152.00
 9.7500      167.00
 9.7700      163.00
 9.7900      171.00
 9.8100      161.00
 9.8300      166.00
 9.8500      159.00
 9.8700      157.00
 9.8900      167.00
 9.9100      178.00
 9.9300      161.00
 9.9500      147.00
 9.9700      161.00
 9.9900      169.00
10.0100      150.00
10.0300      136.00
10.0500      141.00
10.0700      161.00
10.0900      143.00
10.1100      158.00
10.1300      138.00
10.1500      141.00
10.1700      164.00
10.1900      158.00
10.2100      169.00
10.2300      168.00
10.2500      138.00
10.2700      172.00
10.2900      148.00
10.3100      179.00
10.3300      147.00
10.3500      171.00
10.3700      165.00
10.3900      181.00
10.4100      150.00
10.4300      165.00
10.4500      173.00
10.4700      154.00
10.4900      160.00
10.5100      188.00
10.5300      142.00
10.5500      185.00
10.5700      199.00
10.5900      195.00
10.6100      162.00
10.6300      164.00
10.6500      182.00
10.6700      158.00
10.6900      174.00
10.7100      193.00
10.7300      168.00
10.7500      199.00
10.7700      205.00
10.7900      193.00
10.8100      219.00
10.8300      224.00
10.8500      231.00
10.8700      244.00
10.8900      281.00
10.9100      268.00
10.9300      284.00
10.9500      277.00
10.9700      316.00
10.9900      315.00
11.0100      345.00
11.0300      343.00
11.0500      335.00
11.0700      345.00
11.0900      287.00
11.1100      277.00
11.1300      300.00
11.1500      237.00
11.1700      319.00
11.1900      301.00
11.2100      307.00
11.2300      340.00
11.2500      332.00
11.2700      332.00
11.2900      318.00
11.3100      279.00
11.3300      270.00
11.3500      234.00
11.3700      225.00
11.3900      197.00
11.4100      177.00
11.4300      162.00
11.4500      179.00
11.4700      172.00
11.4900      186.00
11.5100      158.00
11.5300      154.00
11.5500      157.00
11.5700      175.00
11.5900      186.00
11.6100      193.00
11.6300      175.00
11.6500      191.00
11.6700      184.00
11.6900      195.00
11.7100      187.00
11.7300      161.00
11.7500      171.00
11.7700      209.00
11.7900      192.00
11.8100      171.00
11.8300      236.00
11.8500      214.00
11.8700      224.00
11.8900      214.00
11.9100      271.00
11.9300      287.00
11.9500      267.00
11.9700      324.00
11.9900      319.00
12.0100      328.00
12.0300      337.00
12.0500      328.00
12.0700      388.00
12.0900      386.00
12.1100      382.00
12.1300      373.00
12.1500      341.00
12.1700      327.00
12.1900      288.00
12.2100      273.00
12.2300      243.00
12.2500      252.00
12.2700      268.00
12.2900      246.00
12.3100      296.00
12.3300      271.00
12.3500      305.00
12.3700      312.00
12.3900      312.00
12.4100      369.00
12.4300      401.00
12.4500      409.00
12.4700      410.00
12.4900      451.00
12.5100      388.00
12.5300      413.00
12.5500      375.00
12.5700      305.00
12.5900      282.00
12.6100      243.00
12.6300      212.00
12.6500      195.00
12.6700      181.00
12.6900      190.00
12.7100      181.00
12.7300      209.00
12.7500      154.00
12.7700      201.00
12.7900      175.00
12.8100      181.00
12.8300      168.00
12.8500      192.00
12.8700      202.00
12.8900      173.00
12.9100      160.00
12.9300      178.00
12.9500      171.00
12.9700      204.00
12.9900      185.00
13.0100      149.00
13.0300      178.00
13.0500      169.00
13.0700      182.00
13.0900      181.00
13.1100      185.00
13.1300      172.00
13.1500      171.00
13.1700      174.00
13.1900      187.00
13.2100      178.00
13.2300      184.00
13.2500      180.00
13.2700      166.00
13.2900      180.00
13.3100      198.00
13.3300      179.00
13.3500      181.00
13.3700      164.00
13.3900      168.00
13.4100      151.00
13.4300      188.00
13.4500      195.00
13.4700      151.00
13.4900      180.00
13.5100      197.00
13.5300      177.00
13.5500      160.00
13.5700      203.00
13.5900      177.00
13.6100      179.00
13.6300      192.00
13.6500      180.00
13.6700      156.00
13.6900      185.00
13.7100      199.00
13.7300      231.00
13.7500      193.00
13.7700      188.00
13.7900      183.00
13.8100      192.00
13.8300      227.00
13.8500      227.00
13.8700      207.00
13.8900      220.00
13.9100      227.00
13.9300      207.00
13.9500      271.00
13.9700      246.00
13.9900      256.00
14.0100      304.00
14.0300      297.00
14.0500      366.00
14.0700      379.00
14.0900      409.00
14.1100      431.00
14.1300      464.00
14.1500      521.00
14.1700      471.00
14.1900      477.00
14.2100      477.00
14.2300      456.00
14.2500      414.00
14.2700      371.00
14.2900      332.00
14.3100      330.00
14.3300      340.00
14.3500      315.00
14.3700      309.00
14.3900      301.00
14.4100      264.00
14.4300      258.00
14.4500      257.00
14.4700      209.00
14.4900      185.00
14.5100      191.00
14.5300      216.00
14.5500      211.00
14.5700      198.00
14.5900      224.00
14.6100      169.00
14.6300      168.00
14.6500      171.00
14.6700      182.00
14.6900      206.00
14.7100      172.00
14.7300      194.00
14.7500      178.00
14.7700      165.00
14.7900      174.00
14.8100      191.00
14.8300      178.00
14.8500      165.00
14.8700      186.00
14.8900      201.00
14.9100      156.00
14.9300      170.00
14.9500      170.00
14.9700      194.00
14.9900      161.00
15.0100      164.00
15.0300      169.00
15.0500      187.00
15.0700      196.00
15.0900      196.00
15.1100      187.00
15.1300      175.00
15.1500      169.00
15.1700      170.00
15.1900      175.00
15.2100      180.00
15.2300      154.00
15.2500      176.00
15.2700      202.00
15.2900      165.00
15.3100      174.00
15.3300      171.00
15.3500      180.00
15.3700      191.00
15.3900      181.00
15.4100      188.00
15.4300      180.00
15.4500      175.00
15.4700      203.00
15.4900      187.00
15.5100      182.00
15.5300      181.00
15.5500      181.00
15.5700      213.00
15.5900      185.00
15.6100      202.00
15.6300      193.00
15.6500      193.00
15.6700      189.00
15.6900      211.00
15.7100      224.00
15.7300      232.00
15.7500      239.00
15.7700      267.00
15.7900      241.00
15.8100      262.00
15.8300      256.00
15.8500      308.00
15.8700      260.00
15.8900      259.00
15.9100      321.00
15.9300      271.00
15.9500      236.00
15.9700      266.00
15.9900      281.00
16.0100      265.00
16.0300      264.00
16.0500      271.00
16.0700      237.00
16.0900      275.00
16.1100      288.00
16.1300      273.00
16.1500      297.00
16.1700      277.00
16.1900      296.00
16.2100      260.00
16.2300      274.00
16.2500      265.00
16.2700      230.00
16.2900      266.00
16.3100      254.00
16.3300      244.00
16.3500      285.00
16.3700      272.00
16.3900      309.00
16.4100      313.00
16.4300      310.00
16.4500      296.00
16.4700      368.00
16.4900      331.00
16.5100      341.00
16.5300      288.00
16.5500      283.00
16.5700      280.00
16.5900      246.00
16.6100      254.00
16.6300      220.00
16.6500      221.00
16.6700      193.00
16.6900      190.00
16.7100      196.00
16.7300      221.00
16.7500      219.00
16.7700      216.00
16.7900      221.00
16.8100      212.00
16.8300      234.00
16.8500      219.00
16.8700      212.00
16.8900      275.00
16.9100      270.00
16.9300      268.00
16.9500      287.00
16.9700      337.00
16.9900      317.00
17.0100      317.00
17.0300      385.00
17.0500      370.00
17.0700      388.00
17.0900      369.00
17.1100      374.00
17.1300      324.00
17.1500      347.00
17.1700      302.00
17.1900      331.00
17.2100      347.00
17.2300      302.00
17.2500      331.00
17.2700      395.00
17.2900      404.00
17.3100      440.00
17.3300      551.00
17.3500      540.00
17.3700      665.00
17.3900      744.00
17.4100      780.00
17.4300      934.00
17.4500      999.00
17.4700     1019.00
17.4900     1071.00
17.5100     1084.00
17.5300     1032.00
17.5500      948.00
17.5700      946.00
17.5900      863.00
17.6100      714.00
17.6300      642.00
17.6500      587.00
17.6700      442.00
17.6900      409.00
17.7100      331.00
17.7300      334.00
17.7500      294.00
17.7700      270.00
17.7900      282.00
17.8100      267.00
17.8300      267.00
17.8500      237.00
17.8700      283.00
17.8900      263.00
17.9100      238.00
17.9300      238.00
17.9500      220.00
17.9700      220.00
17.9900      216.00
18.0100      206.00
18.0300      211.00
18.0500      213.00
18.0700      206.00
18.0900      218.00
18.1100      224.00
18.1300      251.00
18.1500      266.00
18.1700      254.00
18.1900      267.00
18.2100      282.00
18.2300      309.00
18.2500      325.00
18.2700      401.00
18.2900      367.00
18.3100      457.00
18.3300      445.00
18.3500      493.00
18.3700      465.00
18.3900      458.00
18.4100      467.00
18.4300      408.00
18.4500      381.00
18.4700      371.00
18.4900      311.00
18.5100      285.00
18.5300      280.00
18.5500      222.00
18.5700      238.00
18.5900      212.00
18.6100      248.00
18.6300      225.00
18.6500      263.00
18.6700      281.00
18.6900      236.00
18.7100      258.00
18.7300      287.00
18.7500      255.00
18.7700      259.00
18.7900      281.00
18.8100      241.00
18.8300      284.00
18.8500      232.00
18.8700      246.00
18.8900      217.00
18.9100      274.00
18.9300      218.00
18.9500      230.00
18.9700      220.00
18.9900      257.00
19.0100      233.00
19.0300      242.00
19.0500      260.00
19.0700      240.00
19.0900      254.00
19.1100      266.00
19.1300      276.00
19.1500      288.00
19.1700      242.00
19.1900      255.00
19.2100      255.00
19.2300      245.00
19.2500      248.00
19.2700      261.00
19.2900      256.00
19.3100      244.00
19.3300      255.00
19.3500      286.00
19.3700      270.00
19.3900      320.00
19.4100      362.00
19.4300      377.00
19.4500      401.00
19.4700      444.00
19.4900      545.00
19.5100      625.00
19.5300      729.00
19.5500      768.00
19.5700      797.00
19.5900      842.00
19.6100      795.00
19.6300      803.00
19.6500      803.00
19.6700      747.00
19.6900      706.00
19.7100      627.00
19.7300      514.00
19.7500      434.00
19.7700      367.00
19.7900      364.00
19.8100      303.00
19.8300      315.00
19.8500      258.00
19.8700      260.00
19.8900      232.00
19.9100      220.00
19.9300      248.00
19.9500      242.00
19.9700      228.00
19.9900      231.00
20.0100      247.00
20.0300      202.00
20.0500      215.00
20.0700      228.00
20.0900      220.00
20.1100      203.00
20.1300      198.00
20.1500      228.00
20.1700      218.00
20.1900      211.00
20.2100      166.00
20.2300      229.00
20.2500      225.00
20.2700      233.00
20.2900      211.00
20.3100      241.00
20.3300      198.00
20.3500      240.00
20.3700      223.00
20.3900      244.00
20.4100      213.00
20.4300      237.00
20.4500      246.00
20.4700      261.00
20.4900      243.00
20.5100      280.00
20.5300      294.00
20.5500      289.00
20.5700      321.00
20.5900      377.00
20.6100      358.00
20.6300      426.00
20.6500      476.00
20.6700      464.00
20.6900      496.00
20.7100      528.00
20.7300      538.00
20.7500      572.00
20.7700      578.00
20.7900      634.00
20.8100      650.00
20.8300      714.00
20.8500      811.00
20.8700      878.00
20.8900      938.00
20.9100     1144.00
20.9300     1151.00
20.9500     1255.00
20.9700     1281.00
20.9900     1314.00
21.0100     1272.00
21.0300     1191.00
21.0500     1158.00
21.0700     1063.00
21.0900      820.00
21.1100      710.00
21.1300      619.00
21.1500      474.00
21.1700      385.00
21.1900      342.00
21.2100      321.00
21.2300      291.00
21.2500      251.00
21.2700      237.00
21.2900      230.00
21.3100      220.00
21.3300      202.00
21.3500      199.00
21.3700      211.00
21.3900      216.00
21.4100      208.00
21.4300      209.00
21.4500      197.00
21.4700      214.00
21.4900      217.00
21.5100      191.00
21.5300      203.00
21.5500      227.00
21.5700      196.00
21.5900      224.00
21.6100      199.00
21.6300      195.00
21.6500      186.00
21.6700      215.00
21.6900      199.00
21.7100      198.00
21.7300      219.00
21.7500      190.00
21.7700      215.00
21.7900      191.00
21.8100      165.00
21.8300      212.00
21.8500      216.00
21.8700      187.00
21.8900      230.00
21.9100      220.00
21.9300      208.00
21.9500      226.00
21.9700      238.00
21.9900      242.00
22.0100      240.00
22.0300      228.00
22.0500      226.00
22.0700      242.00
22.0900      256.00
22.1100      251.00
22.1300      254.00
22.1500      255.00
22.1700      276.00
22.1900      321.00
22.2100      304.00
22.2300      280.00
22.2500      328.00
22.2700      324.00
22.2900      324.00
22.3100      299.00
22.3300      333.00
22.3500      318.00
22.3700      341.00
22.3900      341.00
22.4100      319.00
22.4300      363.00
22.4500      389.00
22.4700      430.00
22.4900      444.00
22.5100      506.00
22.5300      540.00
22.5500      564.00
22.5700      577.00
22.5900      578.00
22.6100      585.00
22.6300      525.00
22.6500      484.00
22.6700      443.00
22.6900      407.00
22.7100      370.00
22.7300      331.00
22.7500      282.00
22.7700      285.00
22.7900      256.00
22.8100      282.00
22.8300      281.00
22.8500      324.00
22.8700      357.00
22.8900      332.00
22.9100      335.00
22.9300      331.00
22.9500      325.00
22.9700      380.00
22.9900      387.00
23.0100      378.00
23.0300      420.00
23.0500      475.00
23.0700      464.00
23.0900      419.00
23.1100      396.00
23.1300      407.00
23.1500      355.00
23.1700      361.00
23.1900      362.00
23.2100      318.00
23.2300      345.00
23.2500      336.00
23.2700      392.00
23.2900      401.00
23.3100      380.00
23.3300      395.00
23.3500      397.00
23.3700      374.00
23.3900      376.00
23.4100      346.00
23.4300      375.00
23.4500      327.00
23.4700      312.00
23.4900      269.00
23.5100      235.00
23.5300      229.00
23.5500      201.00
23.5700      228.00
23.5900      236.00
23.6100      209.00
23.6300      186.00
23.6500      198.00
23.6700      195.00
23.6900      232.00
23.7100      198.00
23.7300      222.00
23.7500      227.00
23.7700      246.00
23.7900      223.00
23.8100      226.00
23.8300      228.00
23.8500      242.00
23.8700      227.00
23.8900      235.00
23.9100      245.00
23.9300      288.00
23.9500      292.00
23.9700      313.00
23.9900      356.00
24.0100      367.00
24.0300      420.00
24.0500      435.00
24.0700      371.00
24.0900      396.00
24.1100      386.00
24.1300      431.00
24.1500      360.00
24.1700      379.00
24.1900      390.00
24.2100      372.00
24.2300      407.00
24.2500      440.00
24.2700      459.00
24.2900      507.00
24.3100      540.00
24.3300      561.00
24.3500      545.00
24.3700      551.00
24.3900      526.00
24.4100      474.00
24.4300      418.00
24.4500      422.00
24.4700      351.00
24.4900      311.00
24.5100      274.00
24.5300      278.00
24.5500      242.00
24.5700      245.00
24.5900      202.00
24.6100      233.00
24.6300      240.00
24.6500      252.00
24.6700      233.00
24.6900      260.00
24.7100      267.00
24.7300      318.00
24.7500      288.00
24.7700      302.00
24.7900      382.00
24.8100      392.00
24.8300      399.00
24.8500      419.00
24.8700      444.00
24.8900      431.00
24.9100      418.00
24.9300      391.00
24.9500      375.00
24.9700      343.00
24.9900      316.00
25.0100      289.00
25.0300      260.00
25.0500      234.00
25.0700      197.00
25.0900      198.00
25.1100      186.00
25.1300      182.00
25.1500      192.00
25.1700      202.00
25.1900      186.00
25.2100      180.00
25.2300      157.00
25.2500      159.00
25.2700      190.00
25.2900      177.00
25.3100      203.00
25.3300      162.00
25.3500      190.00
25.3700      178.00
25.3900      164.00
25.4100      162.00
25.4300      180.00
25.4500      167.00
25.4700      151.00
25.4900      184.00
25.5100      160.00
25.5300      163.00
25.5500      142.00
25.5700      185.00
25.5900      191.00
25.6100      176.00
25.6300      169.00
25.6500      183.00
25.6700      182.00
25.6900      182.00
25.7100      164.00
25.7300      176.00
25.7500      130.00
25.7700      206.00
25.7900      197.00
25.8100      194.00
25.8300      189.00
25.8500      217.00
25.8700      206.00
25.8900      239.00
25.9100      223.00
25.9300      230.00
25.9500      251.00
25.9700      259.00
25.9900      239.00
26.0100      293.00
26.0300      283.00
26.0500      315.00
26.0700      339.00
26.0900      284.00
26.1100      345.00
26.1300      297.00
26.1500      330.00
26.1700      312.00
26.1900      327.00
26.2100      306.00
26.2300      286.00
26.2500      296.00
26.2700      282.00
26.2900      294.00
26.3100      284.00
26.3300      298.00
26.3500      336.00
26.3700      301.00
26.3900      310.00
26.4100      322.00
26.4300      307.00
26.4500      309.00
26.4700      246.00
26.4900      278.00
26.5100      233.00
26.5300      238.00
26.5500      207.00
26.5700      189.00
26.5900      189.00
26.6100      168.00
26.6300      180.00
26.6500      187.00
26.6700      170.00
26.6900      140.00
26.7100      158.00
26.7300      175.00
26.7500      173.00
26.7700      171.00
26.7900      161.00
26.8100      161.00
26.8300      179.00
26.8500      164.00
26.8700      165.00
26.8900      185.00
26.9100      193.00
26.9300      203.00
26.9500      189.00
26.9700      175.00
26.9900      178.00
27.0100      172.00
27.0300      169.00
27.0500      183.00
27.0700      209.00
27.0900      179.00
27.1100      206.00
27.1300      197.00
27.1500      205.00
27.1700      216.00
27.1900      215.00
27.2100      200.00
27.2300      228.00
27.2500      240.00
27.2700      212.00
27.2900      210.00
27.3100      248.00
27.3300      200.00
27.3500      217.00
27.3700      216.00
27.3900      236.00
27.4100      208.00
27.4300      224.00
27.4500      200.00
27.4700      212.00
27.4900      225.00
27.5100      251.00
27.5300      216.00
27.5500      243.00
27.5700      247.00
27.5900      240.00
27.6100      280.00
27.6300      275.00
27.6500      294.00
27.6700      322.00
27.6900      327.00
27.7100      339.00
27.7300      325.00
27.7500      310.00
27.7700      309.00
27.7900      283.00
27.8100      266.00
27.8300      255.00
27.8500      268.00
27.8700      232.00
27.8900      204.00
27.9100      191.00
27.9300      206.00
27.9500      231.00
27.9700      192.00
27.9900      197.00
28.0100      199.00
28.0300      210.00
28.0500      185.00
28.0700      167.00
28.0900      199.00
28.1100      184.00
28.1300      187.00
28.1500      201.00
28.1700      187.00
28.1900      219.00
28.2100      264.00
28.2300      292.00
28.2500      277.00
28.2700      302.00
28.2900      327.00
28.3100      388.00
28.3300      420.00
28.3500      413.00
28.3700      502.00
28.3900      474.00
28.4100      527.00
28.4300      503.00
28.4500      488.00
28.4700      517.00
28.4900      474.00
28.5100      504.00
28.5300      434.00
28.5500      366.00
28.5700      361.00
28.5900      306.00
28.6100      345.00
28.6300      297.00
28.6500      283.00
28.6700      285.00
28.6900      260.00
28.7100      294.00
28.7300      228.00
28.7500      242.00
28.7700      234.00
28.7900      243.00
28.8100      233.00
28.8300      245.00
28.8500      211.00
28.8700      244.00
28.8900      209.00
28.9100      237.00
28.9300      218.00
28.9500      229.00
28.9700      241.00
28.9900      245.00
29.0100      243.00
29.0300      263.00
29.0500      238.00
29.0700      278.00
29.0900      220.00
29.1100      281.00
29.1300      277.00
29.1500      238.00
29.1700      256.00
29.1900      281.00
29.2100      247.00
29.2300      263.00
29.2500      249.00
29.2700      230.00
29.2900      275.00
29.3100      310.00
29.3300      303.00
29.3500      315.00
29.3700      331.00
29.3900      297.00
29.4100      306.00
29.4300      282.00
29.4500      306.00
29.4700      277.00
29.4900      290.00
29.5100      222.00
29.5300      215.00
29.5500      184.00
29.5700      183.00
29.5900      183.00
29.6100      172.00
29.6300      141.00
29.6500      160.00
29.6700      155.00
29.6900      141.00
29.7100      137.00
29.7300      145.00
29.7500      142.00
29.7700      139.00
29.7900      166.00
29.8100      158.00
29.8300      170.00
29.8500      182.00
29.8700      174.00
29.8900      168.00
29.9100      179.00
29.9300      215.00
29.9500      176.00
29.9700      215.00
29.9900      195.00
30.0100      196.00
30.0300      211.00
30.0500      239.00
30.0700      197.00
30.0900      205.00
30.1100      216.00
30.1300      224.00
30.1500      196.00
30.1700      203.00
30.1900      222.00
30.2100      214.00
30.2300      183.00
30.2500      190.00
30.2700      185.00
30.2900      197.00
30.3100      168.00
30.3300      179.00
30.3500      147.00
30.3700      153.00
30.3900      153.00
30.4100      151.00
30.4300      151.00
30.4500      141.00
30.4700      151.00
30.4900      146.00
30.5100      125.00
30.5300      145.00
30.5500      148.00
30.5700      166.00
30.5900      150.00
30.6100      170.00
30.6300      151.00
30.6500      182.00
30.6700      139.00
30.6900      178.00
30.7100      148.00
30.7300      152.00
30.7500      172.00
30.7700      142.00
30.7900      153.00
30.8100      150.00
30.8300      149.00
30.8500      163.00
30.8700      163.00
30.8900      125.00
30.9100      155.00
30.9300      149.00
30.9500      158.00
30.9700      127.00
30.9900      127.00
31.0100      175.00
31.0300      139.00
31.0500      130.00
31.0700      149.00
31.0900      141.00
31.1100      142.00
31.1300      144.00
31.1500      101.00
31.1700      151.00
31.1900      128.00
31.2100      146.00
31.2300      133.00
31.2500      130.00
31.2700      117.00
31.2900      125.00
31.3100      130.00
31.3300      119.00
31.3500      131.00
31.3700      139.00
31.3900      151.00
31.4100      128.00
31.4300      116.00
31.4500      140.00
31.4700      149.00
31.4900      142.00
31.5100      145.00
31.5300      133.00
31.5500      156.00
31.5700      178.00
31.5900      152.00
31.6100      132.00
31.6300      150.00
31.6500      143.00
31.6700      127.00
31.6900      137.00
31.7100      132.00
31.7300      141.00
31.7500      132.00
31.7700      140.00
31.7900      137.00
31.8100      142.00
31.8300      168.00
31.8500      166.00
31.8700      168.00
31.8900      156.00
31.9100      194.00
31.9300      139.00
31.9500      196.00
31.9700      155.00
31.9900      188.00
32.0100      167.00
32.0300      192.00
32.0500      187.00
32.0700      202.00
32.0900      179.00
32.1100      198.00
32.1300      177.00
32.1500      191.00
32.1700      188.00
32.1900      190.00
32.2100      154.00
32.2300      174.00
32.2500      193.00
32.2700      147.00
32.2900      175.00
32.3100      192.00
32.3300      188.00
32.3500      187.00
32.3700      191.00
32.3900      163.00
32.4100      170.00
32.4300      173.00
32.4500      177.00
32.4700      218.00
32.4900      184.00
32.5100      185.00
32.5300      182.00
32.5500      201.00
32.5700      167.00
32.5900      198.00
32.6100      199.00
32.6300      201.00
32.6500      165.00
32.6700      186.00
32.6900      197.00
32.7100      207.00
32.7300      182.00
32.7500      175.00
32.7700      170.00
32.7900      167.00
32.8100      192.00
32.8300      166.00
32.8500      154.00
32.8700      143.00
32.8900      167.00
32.9100      161.00
32.9300      146.00
32.9500      153.00
32.9700      174.00
32.9900      143.00
33.0100      179.00
33.0300      177.00
33.0500      140.00
33.0700      179.00
33.0900      185.00
33.1100      190.00
33.1300      188.00
33.1500      179.00
33.1700      186.00
33.1900      207.00
33.2100      173.00
33.2300      192.00
33.2500      200.00
33.2700      205.00
33.2900      200.00
33.3100      197.00
33.3300      183.00
33.3500      177.00
33.3700      168.00
33.3900      170.00
33.4100      189.00
33.4300      165.00
33.4500      136.00
33.4700      161.00
33.4900      174.00
33.5100      156.00
33.5300      163.00
33.5500      148.00
33.5700      151.00
33.5900      142.00
33.6100      152.00
33.6300      119.00
33.6500      116.00
33.6700      125.00
33.6900      117.00
33.7100      113.00
33.7300      141.00
33.7500      123.00
33.7700      133.00
33.7900       97.00
33.8100      114.00
33.8300      137.00
33.8500      117.00
33.8700      122.00
33.8900      104.00
33.9100      112.00
33.9300      126.00
33.9500      128.00
33.9700      128.00
33.9900      116.00
34.0100      127.00
34.0300      144.00
34.0500      150.00
34.0700      160.00
34.0900      174.00
34.1100      176.00
34.1300      181.00
34.1500      176.00
34.1700      191.00
34.1900      194.00
34.2100      175.00
34.2300      178.00
34.2500      176.00
34.2700      160.00
34.2900      155.00
34.3100      152.00
34.3300      128.00
34.3500      144.00
34.3700      123.00
34.3900      148.00
34.4100      133.00
34.4300      116.00
34.4500      132.00
34.4700      117.00
34.4900      125.00
34.5100      108.00
34.5300      113.00
34.5500       94.00
34.5700      117.00
34.5900      130.00
34.6100      121.00
34.6300      111.00
34.6500      115.00
34.6700      112.00
34.6900      106.00
34.7100      114.00
34.7300      124.00
34.7500      125.00
34.7700      114.00
34.7900      135.00
34.8100      135.00
34.8300      124.00
34.8500      139.00
34.8700      135.00
34.8900      141.00
34.9100      138.00
34.9300      117.00
34.9500      117.00
34.9700      124.00
34.9900      117.00
35.0100      135.00
35.0300      129.00
35.0500      138.00
