 2.1400      321.00
 2.1600      322.00
 2.1800      323.00
 2.2000      329.00
 2.2200      291.00
 2.2400      340.00
 2.2600      300.00
 2.2800      280.00
 2.3000      321.00
 2.3200      249.00
 2.3400      319.00
 2.3600      294.00
 2.3800      288.00
 2.4000      301.00
 2.4200      302.00
 2.4400      301.00
 2.4600      294.00
 2.4800      233.00
 2.5000      259.00
 2.5200      289.00
 2.5400      277.00
 2.5600      268.00
 2.5800      264.00
 2.6000      273.00
 2.6200      252.00
 2.6400      288.00
 2.6600      287.00
 2.6800      274.00
 2.7000      288.00
 2.7200      280.00
 2.7400      282.00
 2.7600      261.00
 2.7800      271.00
 2.8000      255.00
 2.8200      258.00
 2.8400      293.00
 2.8600      266.00
 2.8800      271.00
 2.9000      275.00
 2.9200      304.00
 2.9400      250.00
 2.9600      261.00
 2.9800      264.00
 3.0000      280.00
 3.0200      256.00
 3.0400      236.00
 3.0600      286.00
 3.0800      231.00
 3.1000      266.00
 3.1200      254.00
 3.1400      226.00
 3.1600      249.00
 3.1800      267.00
 3.2000      242.00
 3.2200      237.00
 3.2400      265.00
 3.2600      254.00
 3.2800      257.00
 3.3000      238.00
 3.3200      259.00
 3.3400      223.00
 3.3600      258.00
 3.3800      250.00
 3.4000      292.00
 3.4200      266.00
 3.4400      228.00
 3.4600      235.00
 3.4800      234.00
 3.5000      223.00
 3.5200      223.00
 3.5400      259.00
 3.5600      245.00
 3.5800      243.00
 3.6000      244.00
 3.6200      254.00
 3.6400      235.00
 3.6600      202.00
 3.6800      237.00
 3.7000      244.00
 3.7200      230.00
 3.7400      234.00
 3.7600      240.00
 3.7800      246.00
 3.8000      241.00
 3.8200      237.00
 3.8400      244.00
 3.8600      244.00
 3.8800      242.00
 3.9000      225.00
 3.9200      247.00
 3.9400      238.00
 3.9600      223.00
 3.9800      223.00
 4.0000      206.00
 4.0200      234.00
 4.0400      204.00
 4.0600      196.00
 4.0800      207.00
 4.1000      250.00
 4.1200      225.00
 4.1400      218.00
 4.1600      208.00
 4.1800      209.00
 4.2000      226.00
 4.2200      214.00
 4.2400      230.00
 4.2600      230.00
 4.2800      231.00
 4.3000      226.00
 4.3200      242.00
 4.3400      202.00
 4.3600      223.00
 4.3800      199.00
 4.4000      234.00
 4.4200      221.00
 4.4400      222.00
 4.4600      216.00
 4.4800      228.00
 4.5000      188.00
 4.5200      225.00
 4.5400      209.00
 4.5600      195.00
 4.5800      214.00
 4.6000      188.00
 4.6200      206.00
 4.6400      198.00
 4.6600      192.00
 4.6800      194.00
 4.7000      169.00
 4.7200      193.00
 4.7400      200.00
 4.7600      203.00
 4.7800      190.00
 4.8000      221.00
 4.8200      182.00
 4.8400      207.00
 4.8600      152.00
 4.8800      200.00
 4.9000      188.00
 4.9200      196.00
 4.9400      201.00
 4.9600      193.00
 4.9800      187.00
 5.0000      172.00
 5.0200      212.00
 5.0400      203.00
 5.0600      199.00
 5.0800      202.00
 5.1000      212.00
 5.1200      199.00
 5.1400      189.00
 5.1600      204.00
 5.1800      202.00
 5.2000      221.00
 5.2200      204.00
 5.2400      192.00
 5.2600      200.00
 5.2800      195.00
 5.3000      200.00
 5.3200      181.00
 5.3400      183.00
 5.3600      200.00
 5.3800      187.00
 5.4000      207.00
 5.4200      229.00
 5.4400      187.00
 5.4600      191.00
 5.4800      205.00
 5.5000      195.00
 5.5200      203.00
 5.5400      212.00
 5.5600      209.00
 5.5800      225.00
 5.6000      259.00
 5.6200      229.00
 5.6400      218.00
 5.6600      234.00
 5.6800      254.00
 5.7000      246.00
 5.7200      279.00
 5.7400      270.00
 5.7600      284.00
 5.7800      279.00
 5.8000      289.00
 5.8200      250.00
 5.8400      253.00
 5.8600      282.00
 5.8800      261.00
 5.9000      245.00
 5.9200      226.00
 5.9400      226.00
 5.9600      210.00
 5.9800      205.00
 6.0000      231.00
 6.0200      198.00
 6.0400      184.00
 6.0600      172.00
 6.0800      184.00
 6.1000      188.00
 6.1200      194.00
 6.1400      204.00
 6.1600      187.00
 6.1800      198.00
 6.2000      172.00
 6.2200      214.00
 6.2400      205.00
 6.2600      165.00
 6.2800      180.00
 6.3000      196.00
 6.3200      207.00
 6.3400      195.00
 6.3600      187.00
 6.3800      175.00
 6.4000      207.00
 6.4200      186.00
 6.4400      172.00
 6.4600      189.00
 6.4800      192.00
 6.5000      184.00
 6.5200      181.00
 6.5400      216.00
 6.5600      177.00
 6.5800      178.00
 6.6000      184.00
 6.6200      194.00
 6.6400      199.00
 6.6600      212.00
 6.6800      198.00
 6.7000      187.00
 6.7200      232.00
 6.7400      257.00
 6.7600      216.00
 6.7800      242.00
 6.8000      245.00
 6.8200      246.00
 6.8400      218.00
 6.8600      247.00
 6.8800      272.00
 6.9000      229.00
 6.9200      212.00
 6.9400      247.00
 6.9600      259.00
 6.9800      262.00
 7.0000      273.00
 7.0200      271.00
 7.0400      272.00
 7.0600      275.00
 7.0800      279.00
 7.1000      311.00
 7.1200      336.00
 7.1400      349.00
 7.1600      353.00
 7.1800      369.00
 7.2000      389.00
 7.2200      405.00
 7.2400      459.00
 7.2600      487.00
 7.2800      514.00
 7.3000      586.00
 7.3200      667.00
 7.3400      724.00
 7.3600      794.00
 7.3800      893.00
 7.4000     1003.00
 7.4200     1127.00
 7.4400     1281.00
 7.4600     1522.00
 7.4800     1709.00
 7.5000     1875.00
 7.5200     2145.00
 7.5400     2258.00
 7.5600     2339.00
 7.5800     2452.00
 7.6000     2461.00
 7.6200     2297.00
 7.6400     2233.00
 7.6600     1975.00
 7.6800     1760.00
 7.7000     1524.00
 7.7200     1352.00
 7.7400     1055.00
 7.7600      862.00
 7.7800      746.00
 7.8000      597.00
 7.8200      530.00
 7.8400      455.00
 7.8600      423.00
 7.8800      390.00
 7.9000      367.00
 7.9200      383.00
 7.9400      296.00
 7.9600      320.00
 7.9800      326.00
 8.0000      344.00
 8.0200      356.00
 8.0400      321.00
 8.0600      322.00
 8.0800      346.00
 8.1000      387.00
 8.1200      397.00
 8.1400      449.00
 8.1600      427.00
 8.1800      451.00
 8.2000      574.00
 8.2200      508.00
 8.2400      543.00
 8.2600      630.00
 8.2800      605.00
 8.3000      591.00
 8.3200      550.00
 8.3400      562.00
 8.3600      526.00
 8.3800      494.00
 8.4000      460.00
 8.4200      407.00
 8.4400      431.00
 8.4600      401.00
 8.4800      311.00
 8.5000      294.00
 8.5200      284.00
 8.5400      294.00
 8.5600      271.00
 8.5800      271.00
 8.6000      230.00
 8.6200      225.00
 8.6400      236.00
 8.6600      244.00
 8.6800      251.00
 8.7000      235.00
 8.7200      229.00
 8.7400      214.00
 8.7600      249.00
 8.7800      234.00
 8.8000      238.00
 8.8200      247.00
 8.8400      253.00
 8.8600      246.00
 8.8800      250.00
 8.9000      233.00
 8.9200      296.00
 8.9400      280.00
 8.9600      275.00
 8.9800      283.00
 9.0000      272.00
 9.0200      335.00
 9.0400      323.00
 9.0600      365.00
 9.0800      319.00
 9.1000      335.00
 9.1200      357.00
 9.1400      411.00
 9.1600      379.00
 9.1800      444.00
 9.2000      495.00
 9.2200      497.00
 9.2400      540.00
 9.2600      625.00
 9.2800      697.00
 9.3000      786.00
 9.3200      815.00
 9.3400      910.00
 9.3600      937.00
 9.3800      994.00
 9.4000      954.00
 9.4200      994.00
 9.4400      962.00
 9.4600      879.00
 9.4800      804.00
 9.5000      792.00
 9.5200      702.00
 9.5400      626.00
 9.5600      571.00
 9.5800      502.00
 9.6000      464.00
 9.6200      400.00
 9.6400      391.00
 9.6600      376.00
 9.6800      321.00
 9.7000      301.00
 9.7200      305.00
 9.7400      325.00
 9.7600      267.00
 9.7800      275.00
 9.8000      245.00
 9.8200      286.00
 9.8400      278.00
 9.8600      258.00
 9.8800      246.00
 9.9000      250.00
 9.9200      249.00
 9.9400      251.00
 9.9600      242.00
 9.9800      258.00
10.0000      291.00
10.0200      240.00
10.0400      281.00
10.0600      274.00
10.0800      223.00
10.1000      242.00
10.1200      289.00
10.1400      285.00
10.1600      290.00
10.1800      314.00
10.2000      279.00
10.2200      305.00
10.2400      313.00
10.2600      325.00
10.2800      346.00
10.3000      347.00
10.3200      333.00
10.3400      362.00
10.3600      322.00
10.3800      353.00
10.4000      324.00
10.4200      326.00
10.4400      327.00
10.4600      308.00
10.4800      254.00
10.5000      305.00
10.5200      262.00
10.5400      292.00
10.5600      262.00
10.5800      274.00
10.6000      260.00
10.6200      270.00
10.6400      257.00
10.6600      279.00
10.6800      274.00
10.7000      266.00
10.7200      268.00
10.7400      277.00
10.7600      299.00
10.7800      298.00
10.8000      315.00
10.8200      292.00
10.8400      345.00
10.8600      290.00
10.8800      324.00
10.9000      357.00
10.9200      398.00
10.9400      386.00
10.9600      390.00
10.9800      434.00
11.0000      448.00
11.0200      547.00
11.0400      490.00
11.0600      485.00
11.0800      466.00
11.1000      493.00
11.1200      458.00
11.1400      481.00
11.1600      495.00
11.1800      468.00
11.2000      454.00
11.2200      418.00
11.2400      387.00
11.2600      391.00
11.2800      346.00
11.3000      353.00
11.3200      350.00
11.3400      363.00
11.3600      368.00
11.3800      317.00
11.4000      300.00
11.4200      295.00
11.4400      287.00
11.4600      320.00
11.4800      353.00
11.5000      365.00
11.5200      372.00
11.5400      376.00
11.5600      386.00
11.5800      394.00
11.6000      425.00
11.6200      414.00
11.6400      445.00
11.6600      449.00
11.6800      488.00
11.7000      543.00
11.7200      587.00
11.7400      581.00
11.7600      673.00
11.7800      768.00
11.8000      886.00
11.8200     1008.00
11.8400     1103.00
11.8600     1270.00
11.8800     1325.00
11.9000     1431.00
11.9200     1429.00
11.9400     1516.00
11.9600     1505.00
11.9800     1456.00
12.0000     1316.00
12.0200     1218.00
12.0400     1101.00
12.0600      927.00
12.0800      761.00
12.1000      684.00
12.1200      648.00
12.1400      483.00
12.1600      415.00
12.1800      394.00
12.2000      343.00
12.2200      337.00
12.2400      335.00
12.2600      347.00
12.2800      342.00
12.3000      321.00
12.3200      341.00
12.3400      383.00
12.3600      320.00
12.3800      398.00
12.4000      368.00
12.4200      428.00
12.4400      415.00
12.4600      449.00
12.4800      462.00
12.5000      503.00
12.5200      501.00
12.5400      576.00
12.5600      611.00
12.5800      623.00
12.6000      672.00
12.6200      760.00
12.6400      902.00
12.6600     1033.00
12.6800     1157.00
12.7000     1419.00
12.7200     1575.00
12.7400     1903.00
12.7600     2106.00
12.7800     2295.00
12.8000     2404.00
12.8200     2545.00
12.8400     2555.00
12.8600     2532.00
12.8800     2449.00
12.9000     2312.00
12.9200     2209.00
12.9400     1920.00
12.9600     1744.00
12.9800     1540.00
13.0000     1285.00
13.0200     1101.00
13.0400     1009.00
13.0600      851.00
13.0800      721.00
13.1000      720.00
13.1200      644.00
13.1400      631.00
13.1600      573.00
13.1800      494.00
13.2000      463.00
13.2200      412.00
13.2400      388.00
13.2600      354.00
13.2800      378.00
13.3000      324.00
13.3200      289.00
13.3400      302.00
13.3600      311.00
13.3800      317.00
13.4000      318.00
13.4200      286.00
13.4400      289.00
13.4600      273.00
13.4800      305.00
13.5000      290.00
13.5200      316.00
13.5400      286.00
13.5600      302.00
13.5800      275.00
13.6000      269.00
13.6200      288.00
13.6400      286.00
13.6600      297.00
13.6800      296.00
13.7000      324.00
13.7200      313.00
13.7400      302.00
13.7600      345.00
13.7800      321.00
13.8000      331.00
13.8200      314.00
13.8400      329.00
13.8600      389.00
13.8800      374.00
13.9000      386.00
13.9200      391.00
13.9400      448.00
13.9600      401.00
13.9800      446.00
14.0000      443.00
14.0200      491.00
14.0400      485.00
14.0600      521.00
14.0800      497.00
14.1000      489.00
14.1200      525.00
14.1400      477.00
14.1600      498.00
14.1800      461.00
14.2000      458.00
14.2200      421.00
14.2400      392.00
14.2600      346.00
14.2800      364.00
14.3000      323.00
14.3200      368.00
14.3400      337.00
14.3600      358.00
14.3800      309.00
14.4000      338.00
14.4200      343.00
14.4400      327.00
14.4600      351.00
14.4800      397.00
14.5000      351.00
14.5200      409.00
14.5400      423.00
14.5600      466.00
14.5800      472.00
14.6000      461.00
14.6200      466.00
14.6400      483.00
14.6600      452.00
14.6800      446.00
14.7000      468.00
14.7200      393.00
14.7400      409.00
14.7600      394.00
14.7800      385.00
14.8000      381.00
14.8200      357.00
14.8400      362.00
14.8600      369.00
14.8800      348.00
14.9000      347.00
14.9200      347.00
14.9400      393.00
14.9600      368.00
14.9800      391.00
15.0000      423.00
15.0200      497.00
15.0400      503.00
15.0600      557.00
15.0800      569.00
15.1000      607.00
15.1200      640.00
15.1400      685.00
15.1600      709.00
15.1800      787.00
15.2000      727.00
15.2200      759.00
15.2400      761.00
15.2600      691.00
15.2800      735.00
15.3000      695.00
15.3200      670.00
15.3400      635.00
15.3600      607.00
15.3800      556.00
15.4000      527.00
15.4200      508.00
15.4400      489.00
15.4600      429.00
15.4800      400.00
15.5000      382.00
15.5200      402.00
15.5400      347.00
15.5600      328.00
15.5800      293.00
15.6000      318.00
15.6200      298.00
15.6400      292.00
15.6600      296.00
15.6800      293.00
15.7000      290.00
15.7200      320.00
15.7400      336.00
15.7600      269.00
15.7800      286.00
15.8000      288.00
15.8200      291.00
15.8400      314.00
15.8600      299.00
15.8800      310.00
15.9000      302.00
15.9200      275.00
15.9400      319.00
15.9600      297.00
15.9800      356.00
16.0000      331.00
16.0200      300.00
16.0400      318.00
16.0600      344.00
16.0800      351.00
16.1000      356.00
16.1200      353.00
16.1400      382.00
16.1600      422.00
16.1800      391.00
16.2000      428.00
16.2200      419.00
16.2400      453.00
16.2600      455.00
16.2800      485.00
16.3000      523.00
16.3200      566.00
16.3400      579.00
16.3600      672.00
16.3800      668.00
16.4000      707.00
16.4200      770.00
16.4400      758.00
16.4600      797.00
16.4800      910.00
16.5000      972.00
16.5200     1025.00
16.5400     1088.00
16.5600     1137.00
16.5800     1220.00
16.6000     1275.00
16.6200     1389.00
16.6400     1357.00
16.6600     1409.00
16.6800     1333.00
16.7000     1310.00
16.7200     1314.00
16.7400     1235.00
16.7600     1137.00
16.7800     1019.00
16.8000      960.00
16.8200      820.00
16.8400      765.00
16.8600      686.00
16.8800      615.00
16.9000      577.00
16.9200      539.00
16.9400      529.00
16.9600      485.00
16.9800      523.00
17.0000      445.00
17.0200      471.00
17.0400      428.00
17.0600      421.00
17.0800      442.00
17.1000      436.00
17.1200      434.00
17.1400      435.00
17.1600      424.00
17.1800      438.00
17.2000      514.00
17.2200      509.00
17.2400      615.00
17.2600      602.00
17.2800      670.00
17.3000      743.00
17.3200      829.00
17.3400      862.00
17.3600      893.00
17.3800      922.00
17.4000      953.00
17.4200      972.00
17.4400      941.00
17.4600      915.00
17.4800      906.00
17.5000      863.00
17.5200      858.00
17.5400      748.00
17.5600      740.00
17.5800      620.00
17.6000      558.00
17.6200      546.00
17.6400      474.00
17.6600      444.00
17.6800      460.00
17.7000      400.00
17.7200      364.00
17.7400      365.00
17.7600      392.00
17.7800      386.00
17.8000      373.00
17.8200      370.00
17.8400      381.00
17.8600      420.00
17.8800      379.00
17.9000      372.00
17.9200      404.00
17.9400      393.00
17.9600      436.00
17.9800      479.00
18.0000      449.00
18.0200      472.00
18.0400      464.00
18.0600      531.00
18.0800      567.00
18.1000      627.00
18.1200      671.00
18.1400      725.00
18.1600      731.00
18.1800      779.00
18.2000      771.00
18.2200      831.00
18.2400      847.00
18.2600      873.00
18.2800      956.00
18.3000      976.00
18.3200     1137.00
18.3400     1300.00
18.3600     1450.00
18.3800     1674.00
18.4000     1896.00
18.4200     2179.00
18.4400     2591.00
18.4600     2987.00
18.4800     3184.00
18.5000     3570.00
18.5200     3694.00
18.5400     3787.00
18.5600     3863.00
18.5800     3528.00
18.6000     3517.00
18.6200     3235.00
18.6400     2873.00
18.6600     2562.00
18.6800     2243.00
18.7000     1840.00
18.7200     1537.00
18.7400     1395.00
18.7600     1111.00
18.7800     1052.00
18.8000      945.00
18.8200      849.00
18.8400      842.00
18.8600      802.00
18.8800      778.00
18.9000      713.00
18.9200      692.00
18.9400      683.00
18.9600      650.00
18.9800      624.00
19.0000      604.00
19.0200      561.00
19.0400      528.00
19.0600      503.00
19.0800      520.00
19.1000      448.00
19.1200      463.00
19.1400      510.00
19.1600      564.00
19.1800      520.00
19.2000      510.00
19.2200      560.00
19.2400      567.00
19.2600      593.00
19.2800      542.00
19.3000      607.00
19.3200      617.00
19.3400      633.00
19.3600      623.00
19.3800      637.00
19.4000      661.00
19.4200      725.00
19.4400      805.00
19.4600      813.00
19.4800      803.00
19.5000      875.00
19.5200      896.00
19.5400      944.00
19.5600      921.00
19.5800      923.00
19.6000      919.00
19.6200      891.00
19.6400      902.00
19.6600      841.00
19.6800      834.00
19.7000      943.00
19.7200      941.00
19.7400     1004.00
19.7600      953.00
19.7800     1028.00
19.8000     1113.00
19.8200     1106.00
19.8400     1126.00
19.8600     1150.00
19.8800     1132.00
19.9000     1134.00
19.9200     1072.00
19.9400     1118.00
19.9600     1084.00
19.9800     1088.00
20.0000     1076.00
20.0200     1118.00
20.0400     1071.00
20.0600     1166.00
20.0800     1197.00
20.1000     1119.00
20.1200     1157.00
20.1400     1331.00
20.1600     1263.00
20.1800     1401.00
20.2000     1625.00
20.2200     1718.00
20.2400     1813.00
20.2600     1975.00
20.2800     2020.00
20.3000     2103.00
20.3200     2176.00
20.3400     2245.00
20.3600     2257.00
20.3800     2228.00
20.4000     2253.00
20.4200     2164.00
20.4400     2158.00
20.4600     1993.00
20.4800     1915.00
20.5000     1856.00
20.5200     1703.00
20.5400     1621.00
20.5600     1428.00
20.5800     1356.00
20.6000     1234.00
20.6200     1082.00
20.6400      960.00
20.6600      910.00
20.6800      801.00
20.7000      727.00
20.7200      669.00
20.7400      589.00
20.7600      522.00
20.7800      551.00
20.8000      527.00
20.8200      507.00
20.8400      483.00
20.8600      483.00
20.8800      484.00
20.9000      455.00
20.9200      473.00
20.9400      467.00
20.9600      494.00
20.9800      487.00
21.0000      502.00
21.0200      516.00
21.0400      497.00
21.0600      436.00
21.0800      453.00
21.1000      475.00
21.1200      443.00
21.1400      452.00
21.1600      417.00
21.1800      433.00
21.2000      460.00
21.2200      484.00
21.2400      527.00
21.2600      519.00
21.2800      583.00
21.3000      616.00
21.3200      643.00
21.3400      724.00
21.3600      782.00
21.3800      732.00
21.4000      771.00
21.4200      825.00
21.4400      795.00
21.4600      855.00
21.4800      806.00
21.5000      785.00
21.5200      715.00
21.5400      673.00
21.5600      661.00
21.5800      567.00
21.6000      540.00
21.6200      556.00
21.6400      550.00
21.6600      518.00
21.6800      542.00
21.7000      538.00
21.7200      535.00
21.7400      544.00
21.7600      591.00
21.7800      653.00
21.8000      740.00
21.8200      739.00
21.8400      808.00
21.8600      799.00
21.8800      867.00
21.9000      898.00
21.9200      928.00
21.9400      903.00
21.9600      911.00
21.9800      886.00
22.0000      919.00
22.0200      868.00
22.0400      859.00
22.0600      784.00
22.0800      759.00
22.1000      727.00
22.1200      664.00
22.1400      643.00
22.1600      634.00
22.1800      670.00
22.2000      692.00
22.2200      726.00
22.2400      841.00
22.2600      974.00
22.2800     1103.00
22.3000     1181.00
22.3200     1357.00
22.3400     1508.00
22.3600     1631.00
22.3800     1720.00
22.4000     1736.00
22.4200     1801.00
22.4400     1754.00
22.4600     1761.00
22.4800     1660.00
22.5000     1599.00
22.5200     1483.00
22.5400     1320.00
22.5600     1199.00
22.5800     1101.00
22.6000      997.00
22.6200      879.00
22.6400      837.00
22.6600      784.00
22.6800      750.00
22.7000      729.00
22.7200      754.00
22.7400      753.00
22.7600      763.00
22.7800      765.00
22.8000      771.00
22.8200      890.00
22.8400      931.00
22.8600      910.00
22.8800     1029.00
22.9000     1083.00
22.9200     1119.00
22.9400     1233.00
22.9600     1168.00
22.9800     1197.00
23.0000     1147.00
23.0200     1184.00
23.0400     1078.00
23.0600     1022.00
23.0800      963.00
23.1000      955.00
23.1200      792.00
23.1400      779.00
23.1600      710.00
23.1800      691.00
23.2000      606.00
23.2200      611.00
23.2400      648.00
23.2600      632.00
23.2800      627.00
23.3000      609.00
23.3200      611.00
23.3400      633.00
23.3600      585.00
23.3800      586.00
23.4000      551.00
23.4200      547.00
23.4400      550.00
23.4600      562.00
23.4800      558.00
23.5000      512.00
23.5200      539.00
23.5400      562.00
23.5600      565.00
23.5800      563.00
23.6000      575.00
23.6200      573.00
23.6400      545.00
23.6600      591.00
23.6800      591.00
23.7000      573.00
23.7200      574.00
23.7400      569.00
23.7600      507.00
23.7800      506.00
23.8000      522.00
23.8200      487.00
23.8400      496.00
23.8600      407.00
23.8800      451.00
23.9000      433.00
23.9200      450.00
23.9400      455.00
23.9600      494.00
23.9800      493.00
24.0000      542.00
24.0200      541.00
24.0400      539.00
24.0600      586.00
24.0800      559.00
24.1000      580.00
24.1200      581.00
24.1400      564.00
24.1600      559.00
24.1800      594.00
24.2000      623.00
24.2200      636.00
24.2400      661.00
24.2600      588.00
24.2800      684.00
24.3000      661.00
24.3200      662.00
24.3400      667.00
24.3600      703.00
24.3800      684.00
24.4000      674.00
24.4200      648.00
24.4400      580.00
24.4600      650.00
24.4800      606.00
24.5000      591.00
24.5200      622.00
24.5400      583.00
24.5600      638.00
24.5800      665.00
24.6000      655.00
24.6200      669.00
24.6400      676.00
24.6600      715.00
24.6800      714.00
24.7000      681.00
24.7200      673.00
24.7400      592.00
24.7600      612.00
24.7800      542.00
24.8000      506.00
24.8200      526.00
24.8400      487.00
24.8600      516.00
24.8800      462.00
24.9000      495.00
24.9200      479.00
24.9400      458.00
24.9600      468.00
24.9800      449.00
25.0000      494.00
25.0200      498.00
25.0400      536.00
25.0600      574.00
25.0800      584.00
25.1000      585.00
25.1200      603.00
25.1400      618.00
25.1600      645.00
25.1800      633.00
25.2000      645.00
25.2200      627.00
25.2400      575.00
25.2600      602.00
25.2800      591.00
25.3000      610.00
25.3200      599.00
25.3400      598.00
25.3600      588.00
25.3800      567.00
25.4000      553.00
25.4200      543.00
25.4400      588.00
25.4600      554.00
25.4800      564.00
25.5000      544.00
25.5200      540.00
25.5400      500.00
25.5600      541.00
25.5800      531.00
25.6000      497.00
25.6200      495.00
25.6400      476.00
25.6600      492.00
25.6800      500.00
25.7000      536.00
25.7200      555.00
25.7400      595.00
25.7600      660.00
25.7800      650.00
25.8000      762.00
25.8200      759.00
25.8400      782.00
25.8600      829.00
25.8800      856.00
25.9000      907.00
25.9200      827.00
25.9400      847.00
25.9600      818.00
25.9800      797.00
26.0000      784.00
26.0200      708.00
26.0400      679.00
26.0600      675.00
26.0800      644.00
26.1000      580.00
26.1200      567.00
26.1400      543.00
26.1600      556.00
26.1800      541.00
26.2000      597.00
26.2200      610.00
26.2400      553.00
26.2600      613.00
26.2800      560.00
26.3000      618.00
26.3200      587.00
26.3400      609.00
26.3600      601.00
26.3800      662.00
26.4000      712.00
26.4200      779.00
26.4400      796.00
26.4600      895.00
26.4800     1027.00
26.5000     1137.00
26.5200     1378.00
26.5400     1593.00
26.5600     1626.00
26.5800     1875.00
26.6000     2099.00
26.6200     2240.00
26.6400     2447.00
26.6600     2503.00
26.6800     2587.00
26.7000     2581.00
26.7200     2511.00
26.7400     2417.00
26.7600     2251.00
26.7800     2082.00
26.8000     1983.00
26.8200     1861.00
26.8400     1594.00
26.8600     1518.00
26.8800     1423.00
26.9000     1287.00
26.9200     1234.00
26.9400     1218.00
26.9600     1102.00
26.9800     1057.00
27.0000      951.00
27.0200      952.00
27.0400      853.00
27.0600      843.00
27.0800      713.00
27.1000      762.00
27.1200      740.00
27.1400      669.00
27.1600      618.00
27.1800      656.00
27.2000      578.00
27.2200      548.00
27.2400      592.00
27.2600      581.00
27.2800      587.00
27.3000      616.00
27.3200      553.00
27.3400      521.00
27.3600      509.00
27.3800      453.00
27.4000      476.00
27.4200      445.00
27.4400      413.00
27.4600      420.00
27.4800      400.00
27.5000      372.00
27.5200      400.00
27.5400      391.00
27.5600      394.00
27.5800      403.00
27.6000      389.00
27.6200      391.00
27.6400      334.00
27.6600      388.00
27.6800      348.00
27.7000      387.00
27.7200      387.00
27.7400      421.00
27.7600      424.00
27.7800      394.00
27.8000      444.00
27.8200      421.00
27.8400      471.00
27.8600      446.00
27.8800      448.00
27.9000      478.00
27.9200      412.00
27.9400      469.00
27.9600      480.00
27.9800      466.00
28.0000      435.00
28.0200      415.00
28.0400      424.00
28.0600      409.00
28.0800      371.00
28.1000      352.00
28.1200      337.00
28.1400      353.00
28.1600      354.00
28.1800      320.00
28.2000      358.00
28.2200      349.00
28.2400      392.00
28.2600      414.00
28.2800      391.00
28.3000      391.00
28.3200      455.00
28.3400      464.00
28.3600      459.00
28.3800      505.00
28.4000      517.00
28.4200      549.00
28.4400      553.00
28.4600      563.00
28.4800      551.00
28.5000      566.00
28.5200      609.00
28.5400      641.00
28.5600      653.00
28.5800      658.00
28.6000      654.00
28.6200      656.00
28.6400      613.00
28.6600      639.00
28.6800      616.00
28.7000      573.00
28.7200      534.00
28.7400      475.00
28.7600      478.00
28.7800      456.00
28.8000      465.00
28.8200      461.00
28.8400      412.00
28.8600      448.00
28.8800      374.00
28.9000      392.00
28.9200      401.00
28.9400      372.00
28.9600      360.00
28.9800      383.00
29.0000      407.00
29.0200      404.00
29.0400      416.00
29.0600      467.00
29.0800      479.00
29.1000      433.00
29.1200      471.00
29.1400      490.00
29.1600      496.00
29.1800      570.00
29.2000      586.00
29.2200      553.00
29.2400      586.00
29.2600      605.00
29.2800      608.00
29.3000      617.00
29.3200      621.00
29.3400      644.00
29.3600      622.00
29.3800      659.00
29.4000      635.00
29.4200      595.00
29.4400      666.00
29.4600      566.00
29.4800      638.00
29.5000      592.00
29.5200      612.00
29.5400      590.00
29.5600      578.00
29.5800      602.00
29.6000      622.00
29.6200      618.00
29.6400      588.00
29.6600      620.00
29.6800      639.00
29.7000      589.00
29.7200      619.00
29.7400      643.00
29.7600      681.00
29.7800      725.00
29.8000      758.00
29.8200      778.00
29.8400      868.00
29.8600      859.00
29.8800      890.00
29.9000      857.00
29.9200      864.00
29.9400      855.00
29.9600      796.00
29.9800      787.00
30.0000      711.00
30.0200      637.00
30.0400      616.00
30.0600      592.00
30.0800      515.00
30.1000      472.00
30.1200      394.00
30.1400      385.00
30.1600      401.00
30.1800      372.00
30.2000      338.00
30.2200      306.00
30.2400      402.00
30.2600      363.00
30.2800      328.00
30.3000      347.00
30.3200      341.00
30.3400      365.00
30.3600      358.00
30.3800      357.00
30.4000      365.00
30.4200      403.00
30.4400      383.00
30.4600      409.00
30.4800      416.00
30.5000      446.00
30.5200      448.00
30.5400      465.00
30.5600      502.00
30.5800      537.00
30.6000      594.00
30.6200      602.00
30.6400      676.00
30.6600      675.00
30.6800      702.00
30.7000      691.00
30.7200      784.00
30.7400      694.00
30.7600      687.00
30.7800      670.00
30.8000      636.00
30.8200      622.00
30.8400      642.00
30.8600      552.00
30.8800      540.00
30.9000      538.00
30.9200      480.00
30.9400      541.00
30.9600      525.00
30.9800      473.00
31.0000      482.00
31.0200      446.00
31.0400      427.00
31.0600      450.00
31.0800      402.00
31.1000      428.00
31.1200      429.00
31.1400      450.00
31.1600      419.00
31.1800      418.00
31.2000      386.00
31.2200      392.00
31.2400      383.00
31.2600      401.00
31.2800      380.00
31.3000      380.00
31.3200      363.00
31.3400      382.00
31.3600      366.00
31.3800      371.00
31.4000      350.00
31.4200      343.00
31.4400      346.00
31.4600      347.00
31.4800      333.00
31.5000      307.00
31.5200      362.00
31.5400      349.00
31.5600      368.00
31.5800      353.00
31.6000      365.00
31.6200      358.00
31.6400      383.00
31.6600      372.00
31.6800      362.00
31.7000      367.00
31.7200      383.00
31.7400      356.00
31.7600      367.00
31.7800      318.00
31.8000      331.00
31.8200      320.00
31.8400      306.00
31.8600      277.00
31.8800      295.00
31.9000      271.00
31.9200      249.00
31.9400      268.00
31.9600      236.00
31.9800      246.00
32.0000      214.00
32.0200      273.00
32.0400      252.00
32.0600      260.00
32.0800      258.00
32.1000      274.00
32.1200      242.00
32.1400      253.00
32.1600      234.00
32.1800      285.00
32.2000      235.00
32.2200      253.00
32.2400      238.00
32.2600      254.00
32.2800      249.00
32.3000      246.00
32.3200      272.00
32.3400      298.00
32.3600      269.00
32.3800      266.00
32.4000      290.00
32.4200      296.00
32.4400      320.00
32.4600      310.00
32.4800      313.00
32.5000      343.00
32.5200      317.00
32.5400      344.00
32.5600      323.00
32.5800      352.00
32.6000      352.00
32.6200      368.00
32.6400      410.00
32.6600      402.00
32.6800      413.00
32.7000      433.00
32.7200      405.00
32.7400      432.00
32.7600      449.00
32.7800      450.00
32.8000      421.00
32.8200      466.00
32.8400      394.00
32.8600      385.00
32.8800      345.00
32.9000      348.00
32.9200      317.00
32.9400      336.00
32.9600      331.00
32.9800      288.00
33.0000      303.00
33.0200      297.00
33.0400      296.00
33.0600      283.00
33.0800      269.00
33.1000      269.00
33.1200      253.00
33.1400      268.00
33.1600      282.00
33.1800      262.00
33.2000      292.00
33.2200      301.00
33.2400      264.00
33.2600      305.00
33.2800      290.00
33.3000      297.00
33.3200      294.00
33.3400      331.00
33.3600      344.00
33.3800      311.00
33.4000      317.00
33.4200      336.00
33.4400      369.00
33.4600      352.00
33.4800      359.00
33.5000      336.00
33.5200      366.00
33.5400      358.00
33.5600      345.00
33.5800      386.00
33.6000      362.00
33.6200      348.00
33.6400      342.00
33.6600      366.00
33.6800      378.00
33.7000      389.00
33.7200      376.00
33.7400      334.00
33.7600      360.00
33.7800      394.00
33.8000      368.00
33.8200      374.00
33.8400      363.00
33.8600      408.00
33.8800      401.00
33.9000      428.00
33.9200      487.00
33.9400      465.00
33.9600      465.00
33.9800      459.00
34.0000      488.00
34.0200      484.00
34.0400      453.00
34.0600      446.00
34.0800      444.00
34.1000      405.00
34.1200      396.00
34.1400      381.00
34.1600      364.00
34.1800      335.00
34.2000      342.00
34.2200      313.00
34.2400      331.00
34.2600      291.00
34.2800      347.00
34.3000      321.00
34.3200      302.00
34.3400      347.00
34.3600      280.00
34.3800      322.00
34.4000      294.00
34.4200      300.00
34.4400      300.00
34.4600      297.00
34.4800      294.00
34.5000      264.00
34.5200      282.00
34.5400      258.00
34.5600      306.00
34.5800      268.00
34.6000      293.00
34.6200      292.00
34.6400      310.00
34.6600      288.00
34.6800      328.00
34.7000      331.00
34.7200      322.00
34.7400      348.00
34.7600      360.00
34.7800      373.00
34.8000      333.00
34.8200      346.00
34.8400      336.00
34.8600      335.00
34.8800      310.00
34.9000      343.00
34.9200      317.00
34.9400      295.00
