 2.2400      308.00
 2.2600      288.00
 2.2800      275.00
 2.3000      259.00
 2.3200      280.00
 2.3400      278.00
 2.3600      272.00
 2.3800      297.00
 2.4000      263.00
 2.4200      244.00
 2.4400      259.00
 2.4600      285.00
 2.4800      243.00
 2.5000      276.00
 2.5200      258.00
 2.5400      249.00
 2.5600      287.00
 2.5800      260.00
 2.6000      264.00
 2.6200      264.00
 2.6400      247.00
 2.6600      234.00
 2.6800      255.00
 2.7000      255.00
 2.7200      275.00
 2.7400      271.00
 2.7600      241.00
 2.7800      273.00
 2.8000      231.00
 2.8200      264.00
 2.8400      270.00
 2.8600      261.00
 2.8800      253.00
 2.9000      240.00
 2.9200      250.00
 2.9400      246.00
 2.9600      247.00
 2.9800      227.00
 3.0000      225.00
 3.0200      241.00
 3.0400      252.00
 3.0600      249.00
 3.0800      241.00
 3.1000      241.00
 3.1200      217.00
 3.1400      235.00
 3.1600      214.00
 3.1800      240.00
 3.2000      220.00
 3.2200      236.00
 3.2400      221.00
 3.2600      228.00
 3.2800      215.00
 3.3000      217.00
 3.3200      238.00
 3.3400      214.00
 3.3600      195.00
 3.3800      216.00
 3.4000      219.00
 3.4200      172.00
 3.4400      201.00
 3.4600      194.00
 3.4800      212.00
 3.5000      201.00
 3.5200      202.00
 3.5400      225.00
 3.5600      180.00
 3.5800      197.00
 3.6000      211.00
 3.6200      208.00
 3.6400      188.00
 3.6600      177.00
 3.6800      202.00
 3.7000      165.00
 3.7200      182.00
 3.7400      207.00
 3.7600      214.00
 3.7800      205.00
 3.8000      206.00
 3.8200      183.00
 3.8400      147.00
 3.8600      214.00
 3.8800      193.00
 3.9000      150.00
 3.9200      183.00
 3.9400      203.00
 3.9600      190.00
 3.9800      183.00
 4.0000      189.00
 4.0200      188.00
 4.0400      168.00
 4.0600      178.00
 4.0800      172.00
 4.1000      146.00
 4.1200      210.00
 4.1400      185.00
 4.1600      176.00
 4.1800      159.00
 4.2000      169.00
 4.2200      157.00
 4.2400      153.00
 4.2600      166.00
 4.2800      143.00
 4.3000      186.00
 4.3200      153.00
 4.3400      182.00
 4.3600      165.00
 4.3800      158.00
 4.4000      152.00
 4.4200      135.00
 4.4400      159.00
 4.4600      132.00
 4.4800      144.00
 4.5000      139.00
 4.5200      146.00
 4.5400      127.00
 4.5600      154.00
 4.5800      146.00
 4.6000      145.00
 4.6200      131.00
 4.6400      143.00
 4.6600      126.00
 4.6800      153.00
 4.7000      148.00
 4.7200      145.00
 4.7400      173.00
 4.7600      135.00
 4.7800      148.00
 4.8000      113.00
 4.8200      162.00
 4.8400      149.00
 4.8600      154.00
 4.8800      145.00
 4.9000      157.00
 4.9200      140.00
 4.9400      147.00
 4.9600      160.00
 4.9800      145.00
 5.0000      146.00
 5.0200      145.00
 5.0400      127.00
 5.0600      146.00
 5.0800      135.00
 5.1000      155.00
 5.1200      151.00
 5.1400      132.00
 5.1600      151.00
 5.1800      134.00
 5.2000      139.00
 5.2200      135.00
 5.2400      137.00
 5.2600      136.00
 5.2800      169.00
 5.3000      145.00
 5.3200      156.00
 5.3400      165.00
 5.3600      142.00
 5.3800      135.00
 5.4000      143.00
 5.4200      127.00
 5.4400      142.00
 5.4600      168.00
 5.4800      116.00
 5.5000      151.00
 5.5200      141.00
 5.5400      165.00
 5.5600      165.00
 5.5800      142.00
 5.6000      155.00
 5.6200      130.00
 5.6400      154.00
 5.6600      167.00
 5.6800      155.00
 5.7000      155.00
 5.7200      132.00
 5.7400      163.00
 5.7600      124.00
 5.7800      164.00
 5.8000      161.00
 5.8200      173.00
 5.8400      134.00
 5.8600      158.00
 5.8800      164.00
 5.9000      147.00
 5.9200      147.00
 5.9400      147.00
 5.9600      141.00
 5.9800      142.00
 6.0000      144.00
 6.0200      154.00
 6.0400      178.00
 6.0600      153.00
 6.0800      169.00
 6.1000      171.00
 6.1200      169.00
 6.1400      156.00
 6.1600      163.00
 6.1800      156.00
 6.2000      147.00
 6.2200      164.00
 6.2400      148.00
 6.2600      160.00
 6.2800      171.00
 6.3000      188.00
 6.3200      168.00
 6.3400      163.00
 6.3600      204.00
 6.3800      160.00
 6.4000      157.00
 6.4200      171.00
 6.4400      159.00
 6.4600      194.00
 6.4800      181.00
 6.5000      161.00
 6.5200      185.00
 6.5400      190.00
 6.5600      181.00
 6.5800      165.00
 6.6000      174.00
 6.6200      180.00
 6.6400      181.00
 6.6600      191.00
 6.6800      186.00
 6.7000      190.00
 6.7200      172.00
 6.7400      169.00
 6.7600      192.00
 6.7800      194.00
 6.8000      180.00
 6.8200      172.00
 6.8400      189.00
 6.8600      193.00
 6.8800      215.00
 6.9000      185.00
 6.9200      180.00
 6.9400      176.00
 6.9600      178.00
 6.9800      174.00
 7.0000      205.00
 7.0200      182.00
 7.0400      223.00
 7.0600      190.00
 7.0800      218.00
 7.1000      204.00
 7.1200      202.00
 7.1400      196.00
 7.1600      210.00
 7.1800      209.00
 7.2000      209.00
 7.2200      177.00
 7.2400      188.00
 7.2600      177.00
 7.2800      182.00
 7.3000      196.00
 7.3200      199.00
 7.3400      180.00
 7.3600      161.00
 7.3800      180.00
 7.4000      181.00
 7.4200      196.00
 7.4400      184.00
 7.4600      182.00
 7.4800      203.00
 7.5000      185.00
 7.5200      197.00
 7.5400      198.00
 7.5600      189.00
 7.5800      193.00
 7.6000      187.00
 7.6200      184.00
 7.6400      195.00
 7.6600      181.00
 7.6800      208.00
 7.7000      192.00
 7.7200      176.00
 7.7400      174.00
 7.7600      203.00
 7.7800      186.00
 7.8000      196.00
 7.8200      201.00
 7.8400      194.00
 7.8600      205.00
 7.8800      190.00
 7.9000      177.00
 7.9200      197.00
 7.9400      209.00
 7.9600      181.00
 7.9800      209.00
 8.0000      229.00
 8.0200      173.00
 8.0400      209.00
 8.0600      196.00
 8.0800      211.00
 8.1000      196.00
 8.1200      213.00
 8.1400      225.00
 8.1600      207.00
 8.1800      210.00
 8.2000      181.00
 8.2200      203.00
 8.2400      191.00
 8.2600      233.00
 8.2800      213.00
 8.3000      207.00
 8.3200      203.00
 8.3400      202.00
 8.3600      194.00
 8.3800      223.00
 8.4000      228.00
 8.4200      190.00
 8.4400      191.00
 8.4600      223.00
 8.4800      241.00
 8.5000      223.00
 8.5200      181.00
 8.5400      199.00
 8.5600      224.00
 8.5800      209.00
 8.6000      213.00
 8.6200      207.00
 8.6400      218.00
 8.6600      233.00
 8.6800      219.00
 8.7000      250.00
 8.7200      253.00
 8.7400      255.00
 8.7600      236.00
 8.7800      255.00
 8.8000      276.00
 8.8200      213.00
 8.8400      295.00
 8.8600      277.00
 8.8800      263.00
 8.9000      287.00
 8.9200      258.00
 8.9400      303.00
 8.9600      309.00
 8.9800      298.00
 9.0000      308.00
 9.0200      292.00
 9.0400      305.00
 9.0600      266.00
 9.0800      288.00
 9.1000      262.00
 9.1200      292.00
 9.1400      276.00
 9.1600      250.00
 9.1800      274.00
 9.2000      239.00
 9.2200      262.00
 9.2400      225.00
 9.2600      228.00
 9.2800      225.00
 9.3000      222.00
 9.3200      248.00
 9.3400      235.00
 9.3600      229.00
 9.3800      244.00
 9.4000      206.00
 9.4200      243.00
 9.4400      228.00
 9.4600      238.00
 9.4800      253.00
 9.5000      249.00
 9.5200      229.00
 9.5400      220.00
 9.5600      241.00
 9.5800      283.00
 9.6000      260.00
 9.6200      209.00
 9.6400      243.00
 9.6600      232.00
 9.6800      247.00
 9.7000      259.00
 9.7200      245.00
 9.7400      288.00
 9.7600      246.00
 9.7800      270.00
 9.8000      280.00
 9.8200      254.00
 9.8400      300.00
 9.8600      244.00
 9.8800      257.00
 9.9000      279.00
 9.9200      270.00
 9.9400      286.00
 9.9600      266.00
 9.9800      280.00
10.0000      279.00
10.0200      287.00
10.0400      271.00
10.0600      283.00
10.0800      309.00
10.1000      324.00
10.1200      309.00
10.1400      323.00
10.1600      293.00
10.1800      304.00
10.2000      329.00
10.2200      318.00
10.2400      301.00
10.2600      305.00
10.2800      277.00
10.3000      299.00
10.3200      298.00
10.3400      260.00
10.3600      286.00
10.3800      326.00
10.4000      220.00
10.4200      283.00
10.4400      291.00
10.4600      280.00
10.4800      261.00
10.5000      262.00
10.5200      256.00
10.5400      277.00
10.5600      274.00
10.5800      254.00
10.6000      317.00
10.6200      267.00
10.6400      302.00
10.6600      293.00
10.6800      299.00
10.7000      303.00
10.7200      283.00
10.7400      328.00
10.7600      323.00
10.7800      272.00
10.8000      315.00
10.8200      336.00
10.8400      353.00
10.8600      326.00
10.8800      370.00
10.9000      335.00
10.9200      380.00
10.9400      405.00
10.9600      415.00
10.9800      419.00
11.0000      457.00
11.0200      512.00
11.0400      478.00
11.0600      537.00
11.0800      558.00
11.1000      645.00
11.1200      640.00
11.1400      688.00
11.1600      789.00
11.1800      810.00
11.2000      845.00
11.2200      864.00
11.2400      949.00
11.2600      919.00
11.2800      885.00
11.3000      909.00
11.3200      908.00
11.3400      898.00
11.3600      896.00
11.3800      890.00
11.4000      840.00
11.4200      874.00
11.4400      790.00
11.4600      750.00
11.4800      710.00
11.5000      777.00
11.5200      737.00
11.5400      719.00
11.5600      650.00
11.5800      598.00
11.6000      561.00
11.6200      495.00
11.6400      442.00
11.6600      423.00
11.6800      394.00
11.7000      379.00
11.7200      387.00
11.7400      364.00
11.7600      329.00
11.7800      352.00
11.8000      338.00
11.8200      353.00
11.8400      380.00
11.8600      342.00
11.8800      405.00
11.9000      354.00
11.9200      397.00
11.9400      362.00
11.9600      391.00
11.9800      404.00
12.0000      455.00
12.0200      505.00
12.0400      492.00
12.0600      543.00
12.0800      502.00
12.1000      571.00
12.1200      549.00
12.1400      627.00
12.1600      716.00
12.1800      664.00
12.2000      714.00
12.2200      779.00
12.2400      776.00
12.2600      810.00
12.2800      884.00
12.3000      894.00
12.3200      836.00
12.3400      894.00
12.3600      867.00
12.3800      836.00
12.4000      854.00
12.4200      845.00
12.4400      809.00
12.4600      792.00
12.4800      802.00
12.5000      793.00
12.5200      791.00
12.5400      806.00
12.5600      828.00
12.5800      849.00
12.6000      909.00
12.6200      934.00
12.6400      897.00
12.6600     1041.00
12.6800     1040.00
12.7000     1082.00
12.7200     1088.00
12.7400     1110.00
12.7600      998.00
12.7800      993.00
12.8000      933.00
12.8200      855.00
12.8400      785.00
12.8600      661.00
12.8800      610.00
12.9000      516.00
12.9200      471.00
12.9400      434.00
12.9600      431.00
12.9800      391.00
13.0000      359.00
13.0200      357.00
13.0400      357.00
13.0600      338.00
13.0800      343.00
13.1000      329.00
13.1200      343.00
13.1400      318.00
13.1600      354.00
13.1800      322.00
13.2000      332.00
13.2200      321.00
13.2400      338.00
13.2600      357.00
13.2800      318.00
13.3000      316.00
13.3200      310.00
13.3400      325.00
13.3600      326.00
13.3800      346.00
13.4000      330.00
13.4200      333.00
13.4400      322.00
13.4600      342.00
13.4800      309.00
13.5000      322.00
13.5200      313.00
13.5400      345.00
13.5600      315.00
13.5800      333.00
13.6000      309.00
13.6200      329.00
13.6400      294.00
13.6600      324.00
13.6800      310.00
13.7000      303.00
13.7200      341.00
13.7400      299.00
13.7600      305.00
13.7800      326.00
13.8000      369.00
13.8200      321.00
13.8400      351.00
13.8600      361.00
13.8800      385.00
13.9000      383.00
13.9200      346.00
13.9400      399.00
13.9600      360.00
13.9800      417.00
14.0000      416.00
14.0200      406.00
14.0400      457.00
14.0600      452.00
14.0800      508.00
14.1000      516.00
14.1200      536.00
14.1400      614.00
14.1600      657.00
14.1800      711.00
14.2000      787.00
14.2200      789.00
14.2400      863.00
14.2600      896.00
14.2800      969.00
14.3000     1037.00
14.3200     1071.00
14.3400     1211.00
14.3600     1215.00
14.3800     1247.00
14.4000     1272.00
14.4200     1260.00
14.4400     1318.00
14.4600     1288.00
14.4800     1243.00
14.5000     1198.00
14.5200     1064.00
14.5400      940.00
14.5600      935.00
14.5800      819.00
14.6000      754.00
14.6200      700.00
14.6400      696.00
14.6600      676.00
14.6800      588.00
14.7000      554.00
14.7200      575.00
14.7400      477.00
14.7600      459.00
14.7800      383.00
14.8000      388.00
14.8200      371.00
14.8400      402.00
14.8600      406.00
14.8800      397.00
14.9000      320.00
14.9200      352.00
14.9400      326.00
14.9600      367.00
14.9800      362.00
15.0000      360.00
15.0200      357.00
15.0400      310.00
15.0600      322.00
15.0800      334.00
15.1000      321.00
15.1200      349.00
15.1400      329.00
15.1600      306.00
15.1800      348.00
15.2000      301.00
15.2200      345.00
15.2400      335.00
15.2600      369.00
15.2800      302.00
15.3000      334.00
15.3200      305.00
15.3400      309.00
15.3600      323.00
15.3800      312.00
15.4000      334.00
15.4200      295.00
15.4400      289.00
15.4600      346.00
15.4800      297.00
15.5000      305.00
15.5200      324.00
15.5400      322.00
15.5600      298.00
15.5800      334.00
15.6000      305.00
15.6200      331.00
15.6400      355.00
15.6600      300.00
15.6800      318.00
15.7000      311.00
15.7200      325.00
15.7400      318.00
15.7600      337.00
15.7800      352.00
15.8000      386.00
15.8200      397.00
15.8400      395.00
15.8600      438.00
15.8800      468.00
15.9000      486.00
15.9200      497.00
15.9400      457.00
15.9600      512.00
15.9800      574.00
16.0000      560.00
16.0200      596.00
16.0400      629.00
16.0600      648.00
16.0800      727.00
16.1000      739.00
16.1200      718.00
16.1400      708.00
16.1600      685.00
16.1800      682.00
16.2000      680.00
16.2200      711.00
16.2400      728.00
16.2600      655.00
16.2800      653.00
16.3000      617.00
16.3200      665.00
16.3400      674.00
16.3600      664.00
16.3800      636.00
16.4000      686.00
16.4200      642.00
16.4400      695.00
16.4600      714.00
16.4800      722.00
16.5000      662.00
16.5200      675.00
16.5400      679.00
16.5600      683.00
16.5800      666.00
16.6000      710.00
16.6200      699.00
16.6400      733.00
16.6600      735.00
16.6800      747.00
16.7000      707.00
16.7200      727.00
16.7400      692.00
16.7600      678.00
16.7800      625.00
16.8000      529.00
16.8200      593.00
16.8400      489.00
16.8600      496.00
16.8800      454.00
16.9000      475.00
16.9200      402.00
16.9400      529.00
16.9600      498.00
16.9800      508.00
17.0000      538.00
17.0200      535.00
17.0400      576.00
17.0600      599.00
17.0800      662.00
17.1000      668.00
17.1200      693.00
17.1400      713.00
17.1600      739.00
17.1800      817.00
17.2000      821.00
17.2200      809.00
17.2400      904.00
17.2600      904.00
17.2800      931.00
17.3000      952.00
17.3200      945.00
17.3400      992.00
17.3600     1031.00
17.3800     1055.00
17.4000     1153.00
17.4200     1237.00
17.4400     1256.00
17.4600     1410.00
17.4800     1547.00
17.5000     1680.00
17.5200     1875.00
17.5400     2090.00
17.5600     2229.00
17.5800     2447.00
17.6000     2691.00
17.6200     2862.00
17.6400     3121.00
17.6600     3233.00
17.6800     3341.00
17.7000     3343.00
17.7200     3637.00
17.7400     3619.00
17.7600     3679.00
17.7800     3689.00
17.8000     3661.00
17.8200     3440.00
17.8400     3185.00
17.8600     3010.00
17.8800     2734.00
17.9000     2490.00
17.9200     2166.00
17.9400     1768.00
17.9600     1583.00
17.9800     1304.00
18.0000     1167.00
18.0200     1001.00
18.0400      906.00
18.0600      881.00
18.0800      822.00
18.1000      756.00
18.1200      768.00
18.1400      715.00
18.1600      697.00
18.1800      677.00
18.2000      644.00
18.2200      653.00
18.2400      646.00
18.2600      673.00
18.2800      650.00
18.3000      673.00
18.3200      670.00
18.3400      694.00
18.3600      688.00
18.3800      752.00
18.4000      791.00
18.4200      833.00
18.4400      917.00
18.4600      929.00
18.4800     1024.00
18.5000     1070.00
18.5200     1112.00
18.5400     1113.00
18.5600     1181.00
18.5800     1206.00
18.6000     1170.00
18.6200     1110.00
18.6400     1155.00
18.6600     1162.00
18.6800     1082.00
18.7000     1039.00
18.7200      968.00
18.7400      895.00
18.7600      824.00
18.7800      808.00
18.8000      709.00
18.8200      657.00
18.8400      602.00
18.8600      631.00
18.8800      594.00
18.9000      634.00
18.9200      612.00
18.9400      560.00
18.9600      605.00
18.9800      596.00
19.0000      568.00
19.0200      590.00
19.0400      575.00
19.0600      566.00
19.0800      580.00
19.1000      579.00
19.1200      559.00
19.1400      565.00
19.1600      543.00
19.1800      567.00
19.2000      521.00
19.2200      587.00
19.2400      623.00
19.2600      538.00
19.2800      599.00
19.3000      589.00
19.3200      530.00
19.3400      605.00
19.3600      597.00
19.3800      645.00
19.4000      625.00
19.4200      658.00
19.4400      621.00
19.4600      602.00
19.4800      702.00
19.5000      731.00
19.5200      708.00
19.5400      797.00
19.5600      888.00
19.5800      960.00
19.6000     1070.00
19.6200     1212.00
19.6400     1300.00
19.6600     1456.00
19.6800     1497.00
19.7000     1686.00
19.7200     1782.00
19.7400     1928.00
19.7600     2043.00
19.7800     2146.00
19.8000     2209.00
19.8200     2203.00
19.8400     2335.00
19.8600     2323.00
19.8800     2306.00
19.9000     2259.00
19.9200     2094.00
19.9400     2078.00
19.9600     1900.00
19.9800     1751.00
20.0000     1625.00
20.0200     1403.00
20.0400     1236.00
20.0600     1097.00
20.0800     1021.00
20.1000      896.00
20.1200      817.00
20.1400      750.00
20.1600      662.00
20.1800      635.00
20.2000      633.00
20.2200      590.00
20.2400      542.00
20.2600      561.00
20.2800      502.00
20.3000      480.00
20.3200      466.00
20.3400      529.00
20.3600      500.00
20.3800      485.00
20.4000      503.00
20.4200      505.00
20.4400      484.00
20.4600      477.00
20.4800      451.00
20.5000      542.00
20.5200      521.00
20.5400      543.00
20.5600      560.00
20.5800      586.00
20.6000      614.00
20.6200      654.00
20.6400      753.00
20.6600      723.00
20.6800      740.00
20.7000      863.00
20.7200      916.00
20.7400      961.00
20.7600     1020.00
20.7800     1098.00
20.8000     1187.00
20.8200     1278.00
20.8400     1359.00
20.8600     1579.00
20.8800     1669.00
20.9000     1840.00
20.9200     1846.00
20.9400     2001.00
20.9600     2234.00
20.9800     2295.00
21.0000     2566.00
21.0200     2729.00
21.0400     2806.00
21.0600     3149.00
21.0800     3293.00
21.1000     3568.00
21.1200     3661.00
21.1400     3832.00
21.1600     4113.00
21.1800     4030.00
21.2000     4197.00
21.2200     4083.00
21.2400     4180.00
21.2600     3994.00
21.2800     3780.00
21.3000     3579.00
21.3200     3260.00
21.3400     2933.00
21.3600     2595.00
21.3800     2229.00
21.4000     1915.00
21.4200     1590.00
21.4400     1381.00
21.4600     1166.00
21.4800     1012.00
21.5000      869.00
21.5200      706.00
21.5400      730.00
21.5600      607.00
21.5800      576.00
21.6000      586.00
21.6200      561.00
21.6400      474.00
21.6600      502.00
21.6800      458.00
21.7000      452.00
21.7200      472.00
21.7400      457.00
21.7600      440.00
21.7800      439.00
21.8000      439.00
21.8200      416.00
21.8400      398.00
21.8600      384.00
21.8800      437.00
21.9000      424.00
21.9200      404.00
21.9400      417.00
21.9600      445.00
21.9800      419.00
22.0000      421.00
22.0200      454.00
22.0400      431.00
22.0600      464.00
22.0800      442.00
22.1000      484.00
22.1200      476.00
22.1400      510.00
22.1600      500.00
22.1800      519.00
22.2000      576.00
22.2200      586.00
22.2400      608.00
22.2600      649.00
22.2800      693.00
22.3000      729.00
22.3200      690.00
22.3400      723.00
22.3600      810.00
22.3800      804.00
22.4000      868.00
22.4200      883.00
22.4400      910.00
22.4600      939.00
22.4800     1000.00
22.5000      986.00
22.5200     1064.00
22.5400     1099.00
22.5600     1152.00
22.5800     1268.00
22.6000     1244.00
22.6200     1355.00
22.6400     1319.00
22.6600     1327.00
22.6800     1387.00
22.7000     1364.00
22.7200     1444.00
22.7400     1499.00
22.7600     1475.00
22.7800     1525.00
22.8000     1605.00
22.8200     1508.00
22.8400     1497.00
22.8600     1435.00
22.8800     1383.00
22.9000     1273.00
22.9200     1257.00
22.9400     1181.00
22.9600     1115.00
22.9800     1061.00
23.0000      970.00
23.0200      993.00
23.0400      996.00
23.0600     1018.00
23.0800      966.00
23.1000     1042.00
23.1200     1105.00
23.1400     1124.00
23.1600     1146.00
23.1800     1141.00
23.2000     1111.00
23.2200     1204.00
23.2400     1161.00
23.2600     1188.00
23.2800     1156.00
23.3000     1229.00
23.3200     1152.00
23.3400     1304.00
23.3600     1254.00
23.3800     1359.00
23.4000     1251.00
23.4200     1222.00
23.4400     1193.00
23.4600     1181.00
23.4800     1231.00
23.5000     1286.00
23.5200     1244.00
23.5400     1154.00
23.5600     1178.00
23.5800     1174.00
23.6000     1169.00
23.6200     1117.00
23.6400     1121.00
23.6600     1051.00
23.6800     1077.00
23.7000      935.00
23.7200      841.00
23.7400      821.00
23.7600      695.00
23.7800      692.00
23.8000      661.00
23.8200      654.00
23.8400      585.00
23.8600      601.00
23.8800      636.00
23.9000      578.00
23.9200      637.00
23.9400      672.00
23.9600      666.00
23.9800      655.00
24.0000      766.00
24.0200      725.00
24.0400      832.00
24.0600      831.00
24.0800      862.00
24.1000      907.00
24.1200      940.00
24.1400     1026.00
24.1600     1086.00
24.1800     1105.00
24.2000     1123.00
24.2200     1242.00
24.2400     1304.00
24.2600     1314.00
24.2800     1301.00
24.3000     1402.00
24.3200     1459.00
24.3400     1537.00
24.3600     1534.00
24.3800     1665.00
24.4000     1605.00
24.4200     1601.00
24.4400     1563.00
24.4600     1518.00
24.4800     1643.00
24.5000     1670.00
24.5200     1677.00
24.5400     1611.00
24.5600     1600.00
24.5800     1584.00
24.6000     1539.00
24.6200     1472.00
24.6400     1337.00
24.6600     1297.00
24.6800     1209.00
24.7000     1072.00
24.7200      975.00
24.7400      924.00
24.7600      868.00
24.7800      863.00
24.8000      768.00
24.8200      788.00
24.8400      815.00
24.8600      856.00
24.8800      935.00
24.9000      911.00
24.9200     1073.00
24.9400     1042.00
24.9600     1197.00
24.9800     1187.00
25.0000     1235.00
25.0200     1330.00
25.0400     1382.00
25.0600     1395.00
25.0800     1347.00
25.1000     1474.00
25.1200     1484.00
25.1400     1397.00
25.1600     1406.00
25.1800     1306.00
25.2000     1280.00
25.2200     1188.00
25.2400     1026.00
25.2600      909.00
25.2800      858.00
25.3000      779.00
25.3200      707.00
25.3400      627.00
25.3600      596.00
25.3800      540.00
25.4000      459.00
25.4200      474.00
25.4400      464.00
25.4600      453.00
25.4800      443.00
25.5000      409.00
25.5200      415.00
25.5400      430.00
25.5600      409.00
25.5800      386.00
25.6000      372.00
25.6200      371.00
25.6400      355.00
25.6600      391.00
25.6800      406.00
25.7000      374.00
25.7200      374.00
25.7400      348.00
25.7600      351.00
25.7800      381.00
25.8000      372.00
25.8200      391.00
25.8400      368.00
25.8600      439.00
25.8800      422.00
25.9000      428.00
25.9200      422.00
25.9400      418.00
25.9600      515.00
25.9800      485.00
26.0000      504.00
26.0200      528.00
26.0400      624.00
26.0600      571.00
26.0800      628.00
26.1000      689.00
26.1200      704.00
26.1400      745.00
26.1600      838.00
26.1800      854.00
26.2000      838.00
26.2200      897.00
26.2400      930.00
26.2600      999.00
26.2800     1001.00
26.3000     1034.00
26.3200     1026.00
26.3400     1117.00
26.3600     1040.00
26.3800     1008.00
26.4000     1121.00
26.4200     1065.00
26.4400     1083.00
26.4600     1097.00
26.4800     1076.00
26.5000     1106.00
26.5200     1055.00
26.5400      965.00
26.5600     1002.00
26.5800      959.00
26.6000      946.00
26.6200      928.00
26.6400      910.00
26.6600      881.00
26.6800      919.00
26.7000      847.00
26.7200      809.00
26.7400      827.00
26.7600      746.00
26.7800      705.00
26.8000      673.00
26.8200      648.00
26.8400      586.00
26.8600      555.00
26.8800      529.00
26.9000      463.00
26.9200      451.00
26.9400      446.00
26.9600      442.00
26.9800      447.00
27.0000      439.00
27.0200      410.00
27.0400      423.00
27.0600      421.00
27.0800      458.00
27.1000      428.00
27.1200      479.00
27.1400      492.00
27.1600      437.00
27.1800      414.00
27.2000      517.00
27.2200      484.00
27.2400      507.00
27.2600      492.00
27.2800      542.00
27.3000      518.00
27.3200      566.00
27.3400      587.00
27.3600      638.00
27.3800      599.00
27.4000      656.00
27.4200      641.00
27.4400      655.00
27.4600      719.00
27.4800      730.00
27.5000      707.00
27.5200      686.00
27.5400      716.00
27.5600      780.00
27.5800      781.00
27.6000      782.00
27.6200      783.00
27.6400      807.00
27.6600      834.00
27.6800      814.00
27.7000      833.00
27.7200      888.00
27.7400      909.00
27.7600      924.00
27.7800      973.00
27.8000      977.00
27.8200      939.00
27.8400      898.00
27.8600      974.00
27.8800      942.00
27.9000      906.00
27.9200      935.00
27.9400      896.00
27.9600      860.00
27.9800      829.00
28.0000      773.00
28.0200      780.00
28.0400      700.00
28.0600      692.00
28.0800      664.00
28.1000      637.00
28.1200      620.00
28.1400      629.00
28.1600      622.00
28.1800      647.00
28.2000      634.00
28.2200      579.00
28.2400      623.00
28.2600      604.00
28.2800      569.00
28.3000      602.00
28.3200      636.00
28.3400      660.00
28.3600      704.00
28.3800      761.00
28.4000      817.00
28.4200      872.00
28.4400      962.00
28.4600     1033.00
28.4800     1146.00
28.5000     1288.00
28.5200     1414.00
28.5400     1545.00
28.5600     1638.00
28.5800     1694.00
28.6000     1845.00
28.6200     1833.00
28.6400     1972.00
28.6600     1965.00
28.6800     1957.00
28.7000     1972.00
28.7200     1949.00
28.7400     1850.00
28.7600     1831.00
28.7800     1800.00
28.8000     1603.00
28.8200     1490.00
28.8400     1386.00
28.8600     1274.00
28.8800     1193.00
28.9000     1057.00
28.9200     1056.00
28.9400      970.00
28.9600      882.00
28.9800      884.00
29.0000      847.00
29.0200      899.00
29.0400      738.00
29.0600      770.00
29.0800      779.00
29.1000      713.00
29.1200      709.00
29.1400      752.00
29.1600      747.00
29.1800      761.00
29.2000      768.00
29.2200      783.00
29.2400      811.00
29.2600      860.00
29.2800      838.00
29.3000      812.00
29.3200      889.00
29.3400      839.00
29.3600      921.00
29.3800      883.00
29.4000      917.00
29.4200      977.00
29.4400     1062.00
29.4600      974.00
29.4800     1029.00
29.5000     1020.00
29.5200     1048.00
29.5400     1055.00
29.5600     1095.00
29.5800     1068.00
29.6000     1057.00
29.6200      998.00
29.6400     1009.00
29.6600      996.00
29.6800      960.00
29.7000      987.00
29.7200      866.00
29.7400      886.00
29.7600      764.00
29.7800      718.00
29.8000      630.00
29.8200      601.00
29.8400      546.00
29.8600      504.00
29.8800      445.00
29.9000      474.00
29.9200      431.00
29.9400      438.00
29.9600      448.00
29.9800      474.00
30.0000      403.00
30.0200      412.00
30.0400      455.00
30.0600      476.00
30.0800      466.00
30.1000      502.00
30.1200      556.00
30.1400      539.00
30.1600      591.00
30.1800      604.00
30.2000      636.00
30.2200      685.00
30.2400      649.00
30.2600      698.00
30.2800      743.00
30.3000      669.00
30.3200      712.00
30.3400      714.00
30.3600      720.00
30.3800      688.00
30.4000      702.00
30.4200      670.00
30.4400      606.00
30.4600      623.00
30.4800      617.00
30.5000      581.00
30.5200      568.00
30.5400      545.00
30.5600      520.00
30.5800      476.00
30.6000      483.00
30.6200      472.00
30.6400      439.00
30.6600      446.00
30.6800      438.00
30.7000      438.00
30.7200      401.00
30.7400      435.00
30.7600      412.00
30.7800      405.00
30.8000      409.00
30.8200      454.00
30.8400      438.00
30.8600      398.00
30.8800      406.00
30.9000      409.00
30.9200      394.00
30.9400      394.00
30.9600      429.00
30.9800      402.00
31.0000      428.00
31.0200      391.00
31.0400      352.00
31.0600      407.00
31.0800      401.00
31.1000      408.00
31.1200      407.00
31.1400      410.00
31.1600      400.00
31.1800      381.00
31.2000      367.00
31.2200      378.00
31.2400      370.00
31.2600      348.00
31.2800      358.00
31.3000      363.00
31.3200      337.00
31.3400      358.00
31.3600      388.00
31.3800      357.00
31.4000      331.00
31.4200      293.00
31.4400      348.00
31.4600      371.00
31.4800      324.00
31.5000      349.00
31.5200      312.00
31.5400      337.00
31.5600      364.00
31.5800      365.00
31.6000      352.00
31.6200      389.00
31.6400      421.00
31.6600      398.00
31.6800      405.00
31.7000      403.00
31.7200      425.00
31.7400      426.00
31.7600      410.00
31.7800      396.00
31.8000      395.00
31.8200      382.00
31.8400      437.00
31.8600      431.00
31.8800      409.00
31.9000      419.00
31.9200      434.00
31.9400      375.00
31.9600      427.00
31.9800      452.00
32.0000      427.00
32.0200      455.00
32.0400      485.00
32.0600      453.00
32.0800      478.00
32.1000      539.00
32.1200      530.00
32.1400      557.00
32.1600      525.00
32.1800      566.00
32.2000      571.00
32.2200      613.00
32.2400      607.00
32.2600      632.00
32.2800      629.00
32.3000      632.00
32.3200      618.00
32.3400      612.00
32.3600      592.00
32.3800      718.00
32.4000      651.00
32.4200      666.00
32.4400      665.00
32.4600      640.00
32.4800      604.00
32.5000      674.00
32.5200      685.00
32.5400      625.00
32.5600      696.00
32.5800      660.00
32.6000      653.00
32.6200      726.00
32.6400      678.00
32.6600      665.00
32.6800      647.00
32.7000      702.00
32.7200      686.00
32.7400      675.00
32.7600      657.00
32.7800      678.00
32.8000      650.00
32.8200      684.00
32.8400      674.00
32.8600      664.00
32.8800      597.00
32.9000      628.00
32.9200      614.00
32.9400      576.00
32.9600      559.00
32.9800      562.00
33.0000      543.00
33.0200      534.00
33.0400      582.00
33.0600      558.00
33.0800      533.00
33.1000      527.00
33.1200      564.00
33.1400      590.00
33.1600      557.00
33.1800      603.00
33.2000      554.00
33.2200      584.00
33.2400      573.00
33.2600      612.00
33.2800      609.00
33.3000      643.00
33.3200      689.00
33.3400      656.00
33.3600      686.00
33.3800      649.00
33.4000      671.00
33.4200      723.00
33.4400      687.00
33.4600      710.00
33.4800      693.00
33.5000      642.00
33.5200      653.00
33.5400      682.00
33.5600      596.00
33.5800      647.00
33.6000      559.00
33.6200      552.00
33.6400      522.00
33.6600      513.00
33.6800      479.00
33.7000      434.00
33.7200      437.00
33.7400      453.00
33.7600      409.00
33.7800      392.00
33.8000      378.00
33.8200      343.00
33.8400      350.00
33.8600      331.00
33.8800      352.00
33.9000      344.00
33.9200      327.00
33.9400      362.00
33.9600      340.00
33.9800      364.00
34.0000      322.00
34.0200      358.00
34.0400      341.00
34.0600      342.00
34.0800      339.00
34.1000      387.00
34.1200      363.00
34.1400      388.00
34.1600      398.00
34.1800      388.00
34.2000      424.00
34.2200      440.00
34.2400      450.00
34.2600      468.00
34.2800      478.00
34.3000      514.00
34.3200      507.00
34.3400      501.00
34.3600      500.00
34.3800      537.00
34.4000      480.00
34.4200      473.00
34.4400      497.00
34.4600      461.00
34.4800      452.00
34.5000      476.00
34.5200      399.00
34.5400      395.00
34.5600      355.00
34.5800      391.00
34.6000      339.00
34.6200      358.00
34.6400      344.00
34.6600      334.00
34.6800      352.00
34.7000      325.00
34.7200      321.00
34.7400      329.00
34.7600      314.00
34.7800      331.00
34.8000      315.00
34.8200      313.00
34.8400      321.00
34.8600      330.00
34.8800      326.00
34.9000      315.00
34.9200      342.00
34.9400      352.00
34.9600      351.00
34.9800      335.00
35.0000      326.00
35.0200      348.00
35.0400      367.00
