 2.2000      336.00
 2.2200      292.00
 2.2400      297.00
 2.2600      267.00
 2.2800      275.00
 2.3000      264.00
 2.3200      266.00
 2.3400      291.00
 2.3600      276.00
 2.3800      252.00
 2.4000      281.00
 2.4200      278.00
 2.4400      271.00
 2.4600      255.00
 2.4800      240.00
 2.5000      247.00
 2.5200      258.00
 2.5400      314.00
 2.5600      259.00
 2.5800      267.00
 2.6000      265.00
 2.6200      258.00
 2.6400      259.00
 2.6600      257.00
 2.6800      265.00
 2.7000      248.00
 2.7200      273.00
 2.7400      250.00
 2.7600      254.00
 2.7800      234.00
 2.8000      260.00
 2.8200      263.00
 2.8400      218.00
 2.8600      260.00
 2.8800      246.00
 2.9000      258.00
 2.9200      243.00
 2.9400      254.00
 2.9600      269.00
 2.9800      229.00
 3.0000      223.00
 3.0200      245.00
 3.0400      251.00
 3.0600      257.00
 3.0800      229.00
 3.1000      238.00
 3.1200      221.00
 3.1400      254.00
 3.1600      212.00
 3.1800      218.00
 3.2000      230.00
 3.2200      228.00
 3.2400      231.00
 3.2600      234.00
 3.2800      249.00
 3.3000      240.00
 3.3200      233.00
 3.3400      201.00
 3.3600      215.00
 3.3800      247.00
 3.4000      204.00
 3.4200      209.00
 3.4400      218.00
 3.4600      220.00
 3.4800      210.00
 3.5000      209.00
 3.5200      223.00
 3.5400      203.00
 3.5600      213.00
 3.5800      231.00
 3.6000      197.00
 3.6200      198.00
 3.6400      213.00
 3.6600      228.00
 3.6800      175.00
 3.7000      195.00
 3.7200      164.00
 3.7400      205.00
 3.7600      177.00
 3.7800      174.00
 3.8000      179.00
 3.8200      193.00
 3.8400      169.00
 3.8600      161.00
 3.8800      175.00
 3.9000      178.00
 3.9200      177.00
 3.9400      178.00
 3.9600      183.00
 3.9800      194.00
 4.0000      199.00
 4.0200      177.00
 4.0400      178.00
 4.0600      181.00
 4.0800      176.00
 4.1000      151.00
 4.1200      202.00
 4.1400      178.00
 4.1600      157.00
 4.1800      175.00
 4.2000      154.00
 4.2200      169.00
 4.2400      156.00
 4.2600      157.00
 4.2800      166.00
 4.3000      154.00
 4.3200      157.00
 4.3400      166.00
 4.3600      158.00
 4.3800      147.00
 4.4000      161.00
 4.4200      152.00
 4.4400      151.00
 4.4600      159.00
 4.4800      162.00
 4.5000      154.00
 4.5200      164.00
 4.5400      158.00
 4.5600      159.00
 4.5800      138.00
 4.6000      167.00
 4.6200      137.00
 4.6400      148.00
 4.6600      149.00
 4.6800      149.00
 4.7000      159.00
 4.7200      146.00
 4.7400      146.00
 4.7600      156.00
 4.7800      161.00
 4.8000      167.00
 4.8200      149.00
 4.8400      141.00
 4.8600      167.00
 4.8800      143.00
 4.9000      154.00
 4.9200      147.00
 4.9400      131.00
 4.9600      147.00
 4.9800      148.00
 5.0000      143.00
 5.0200      153.00
 5.0400      133.00
 5.0600      129.00
 5.0800      147.00
 5.1000      153.00
 5.1200      134.00
 5.1400      154.00
 5.1600      148.00
 5.1800      149.00
 5.2000      118.00
 5.2200      143.00
 5.2400      146.00
 5.2600      149.00
 5.2800      168.00
 5.3000      143.00
 5.3200      136.00
 5.3400      133.00
 5.3600      161.00
 5.3800      140.00
 5.4000      140.00
 5.4200      164.00
 5.4400      154.00
 5.4600      165.00
 5.4800      149.00
 5.5000      150.00
 5.5200      179.00
 5.5400      145.00
 5.5600      173.00
 5.5800      141.00
 5.6000      163.00
 5.6200      154.00
 5.6400      128.00
 5.6600      172.00
 5.6800      129.00
 5.7000      154.00
 5.7200      148.00
 5.7400      157.00
 5.7600      152.00
 5.7800      144.00
 5.8000      157.00
 5.8200      158.00
 5.8400      183.00
 5.8600      149.00
 5.8800      177.00
 5.9000      168.00
 5.9200      155.00
 5.9400      152.00
 5.9600      149.00
 5.9800      172.00
 6.0000      160.00
 6.0200      189.00
 6.0400      165.00
 6.0600      144.00
 6.0800      169.00
 6.1000      154.00
 6.1200      142.00
 6.1400      162.00
 6.1600      148.00
 6.1800      159.00
 6.2000      167.00
 6.2200      169.00
 6.2400      176.00
 6.2600      138.00
 6.2800      152.00
 6.3000      172.00
 6.3200      192.00
 6.3400      185.00
 6.3600      178.00
 6.3800      157.00
 6.4000      178.00
 6.4200      200.00
 6.4400      171.00
 6.4600      164.00
 6.4800      171.00
 6.5000      179.00
 6.5200      178.00
 6.5400      193.00
 6.5600      174.00
 6.5800      164.00
 6.6000      190.00
 6.6200      170.00
 6.6400      151.00
 6.6600      175.00
 6.6800      209.00
 6.7000      177.00
 6.7200      180.00
 6.7400      196.00
 6.7600      194.00
 6.7800      195.00
 6.8000      197.00
 6.8200      220.00
 6.8400      177.00
 6.8600      210.00
 6.8800      229.00
 6.9000      236.00
 6.9200      234.00
 6.9400      229.00
 6.9600      216.00
 6.9800      226.00
 7.0000      235.00
 7.0200      234.00
 7.0400      234.00
 7.0600      200.00
 7.0800      220.00
 7.1000      202.00
 7.1200      190.00
 7.1400      198.00
 7.1600      198.00
 7.1800      177.00
 7.2000      180.00
 7.2200      162.00
 7.2400      195.00
 7.2600      165.00
 7.2800      183.00
 7.3000      187.00
 7.3200      180.00
 7.3400      183.00
 7.3600      168.00
 7.3800      152.00
 7.4000      180.00
 7.4200      173.00
 7.4400      183.00
 7.4600      191.00
 7.4800      187.00
 7.5000      153.00
 7.5200      192.00
 7.5400      195.00
 7.5600      179.00
 7.5800      168.00
 7.6000      186.00
 7.6200      183.00
 7.6400      198.00
 7.6600      166.00
 7.6800      164.00
 7.7000      191.00
 7.7200      189.00
 7.7400      204.00
 7.7600      206.00
 7.7800      219.00
 7.8000      190.00
 7.8200      176.00
 7.8400      176.00
 7.8600      204.00
 7.8800      206.00
 7.9000      185.00
 7.9200      181.00
 7.9400      216.00
 7.9600      210.00
 7.9800      208.00
 8.0000      183.00
 8.0200      176.00
 8.0400      210.00
 8.0600      210.00
 8.0800      198.00
 8.1000      211.00
 8.1200      193.00
 8.1400      190.00
 8.1600      197.00
 8.1800      195.00
 8.2000      224.00
 8.2200      237.00
 8.2400      191.00
 8.2600      230.00
 8.2800      174.00
 8.3000      200.00
 8.3200      201.00
 8.3400      205.00
 8.3600      221.00
 8.3800      202.00
 8.4000      182.00
 8.4200      212.00
 8.4400      192.00
 8.4600      214.00
 8.4800      199.00
 8.5000      205.00
 8.5200      209.00
 8.5400      211.00
 8.5600      213.00
 8.5800      229.00
 8.6000      201.00
 8.6200      232.00
 8.6400      241.00
 8.6600      221.00
 8.6800      231.00
 8.7000      250.00
 8.7200      240.00
 8.7400      235.00
 8.7600      248.00
 8.7800      268.00
 8.8000      253.00
 8.8200      262.00
 8.8400      288.00
 8.8600      294.00
 8.8800      279.00
 8.9000      291.00
 8.9200      285.00
 8.9400      274.00
 8.9600      257.00
 8.9800      274.00
 9.0000      245.00
 9.0200      263.00
 9.0400      208.00
 9.0600      254.00
 9.0800      235.00
 9.1000      227.00
 9.1200      225.00
 9.1400      230.00
 9.1600      261.00
 9.1800      236.00
 9.2000      223.00
 9.2200      222.00
 9.2400      229.00
 9.2600      227.00
 9.2800      213.00
 9.3000      219.00
 9.3200      218.00
 9.3400      223.00
 9.3600      220.00
 9.3800      225.00
 9.4000      244.00
 9.4200      235.00
 9.4400      224.00
 9.4600      230.00
 9.4800      261.00
 9.5000      223.00
 9.5200      244.00
 9.5400      223.00
 9.5600      244.00
 9.5800      220.00
 9.6000      250.00
 9.6200      223.00
 9.6400      254.00
 9.6600      259.00
 9.6800      203.00
 9.7000      261.00
 9.7200      245.00
 9.7400      256.00
 9.7600      220.00
 9.7800      260.00
 9.8000      247.00
 9.8200      263.00
 9.8400      248.00
 9.8600      274.00
 9.8800      243.00
 9.9000      278.00
 9.9200      288.00
 9.9400      261.00
 9.9600      262.00
 9.9800      278.00
10.0000      310.00
10.0200      284.00
10.0400      265.00
10.0600      306.00
10.0800      286.00
10.1000      323.00
10.1200      279.00
10.1400      289.00
10.1600      286.00
10.1800      296.00
10.2000      274.00
10.2200      253.00
10.2400      276.00
10.2600      251.00
10.2800      224.00
10.3000      270.00
10.3200      266.00
10.3400      256.00
10.3600      259.00
10.3800      286.00
10.4000      261.00
10.4200      256.00
10.4400      275.00
10.4600      287.00
10.4800      268.00
10.5000      247.00
10.5200      276.00
10.5400      276.00
10.5600      269.00
10.5800      289.00
10.6000      290.00
10.6200      319.00
10.6400      278.00
10.6600      303.00
10.6800      318.00
10.7000      314.00
10.7200      277.00
10.7400      307.00
10.7600      308.00
10.7800      351.00
10.8000      318.00
10.8200      371.00
10.8400      370.00
10.8600      370.00
10.8800      440.00
10.9000      455.00
10.9200      436.00
10.9400      521.00
10.9600      542.00
10.9800      611.00
11.0000      650.00
11.0200      644.00
11.0400      724.00
11.0600      786.00
11.0800      941.00
11.1000      819.00
11.1200      937.00
11.1400     1047.00
11.1600      998.00
11.1800      991.00
11.2000     1067.00
11.2200     1079.00
11.2400     1006.00
11.2600      952.00
11.2800      939.00
11.3000      839.00
11.3200      795.00
11.3400      833.00
11.3600      805.00
11.3800      822.00
11.4000      819.00
11.4200      810.00
11.4400      745.00
11.4600      641.00
11.4800      580.00
11.5000      489.00
11.5200      433.00
11.5400      388.00
11.5600      342.00
11.5800      347.00
11.6000      336.00
11.6200      347.00
11.6400      338.00
11.6600      326.00
11.6800      318.00
11.7000      310.00
11.7200      345.00
11.7400      325.00
11.7600      351.00
11.7800      328.00
11.8000      356.00
11.8200      355.00
11.8400      369.00
11.8600      382.00
11.8800      399.00
11.9000      422.00
11.9200      464.00
11.9400      463.00
11.9600      485.00
11.9800      527.00
12.0000      558.00
12.0200      589.00
12.0400      680.00
12.0600      718.00
12.0800      685.00
12.1000      787.00
12.1200      800.00
12.1400      873.00
12.1600      942.00
12.1800      986.00
12.2000      970.00
12.2200      995.00
12.2400      997.00
12.2600      987.00
12.2800      892.00
12.3000      897.00
12.3200      863.00
12.3400      805.00
12.3600      712.00
12.3800      661.00
12.4000      686.00
12.4200      655.00
12.4400      687.00
12.4600      750.00
12.4800      736.00
12.5000      848.00
12.5200      861.00
12.5400      885.00
12.5600      974.00
12.5800     1003.00
12.6000     1077.00
12.6200     1053.00
12.6400     1118.00
12.6600     1059.00
12.6800     1011.00
12.7000      954.00
12.7200      876.00
12.7400      675.00
12.7600      601.00
12.7800      522.00
12.8000      450.00
12.8200      388.00
12.8400      376.00
12.8600      351.00
12.8800      352.00
12.9000      364.00
12.9200      344.00
12.9400      345.00
12.9600      319.00
12.9800      319.00
13.0000      354.00
13.0200      321.00
13.0400      341.00
13.0600      292.00
13.0800      318.00
13.1000      347.00
13.1200      313.00
13.1400      332.00
13.1600      331.00
13.1800      332.00
13.2000      309.00
13.2200      314.00
13.2400      321.00
13.2600      307.00
13.2800      307.00
13.3000      312.00
13.3200      305.00
13.3400      312.00
13.3600      306.00
13.3800      314.00
13.4000      280.00
13.4200      305.00
13.4400      294.00
13.4600      317.00
13.4800      297.00
13.5000      302.00
13.5200      310.00
13.5400      305.00
13.5600      309.00
13.5800      284.00
13.6000      336.00
13.6200      323.00
13.6400      309.00
13.6600      318.00
13.6800      317.00
13.7000      330.00
13.7200      292.00
13.7400      337.00
13.7600      329.00
13.7800      342.00
13.8000      341.00
13.8200      386.00
13.8400      365.00
13.8600      354.00
13.8800      376.00
13.9000      394.00
13.9200      401.00
13.9400      374.00
13.9600      406.00
13.9800      438.00
14.0000      475.00
14.0200      501.00
14.0400      542.00
14.0600      523.00
14.0800      620.00
14.1000      653.00
14.1200      730.00
14.1400      793.00
14.1600      941.00
14.1800      962.00
14.2000     1110.00
14.2200     1142.00
14.2400     1190.00
14.2600     1275.00
14.2800     1388.00
14.3000     1445.00
14.3200     1515.00
14.3400     1466.00
14.3600     1503.00
14.3800     1434.00
14.4000     1272.00
14.4200     1189.00
14.4400     1051.00
14.4600      897.00
14.4800      851.00
14.5000      797.00
14.5200      704.00
14.5400      641.00
14.5600      646.00
14.5800      552.00
14.6000      517.00
14.6200      468.00
14.6400      437.00
14.6600      411.00
14.6800      352.00
14.7000      338.00
14.7200      347.00
14.7400      364.00
14.7600      347.00
14.7800      329.00
14.8000      341.00
14.8200      351.00
14.8400      298.00
14.8600      341.00
14.8800      275.00
14.9000      307.00
14.9200      297.00
14.9400      328.00
14.9600      331.00
14.9800      314.00
15.0000      356.00
15.0200      346.00
15.0400      327.00
15.0600      331.00
15.0800      319.00
15.1000      297.00
15.1200      323.00
15.1400      289.00
15.1600      315.00
15.1800      316.00
15.2000      296.00
15.2200      270.00
15.2400      319.00
15.2600      307.00
15.2800      330.00
15.3000      286.00
15.3200      283.00
15.3400      298.00
15.3600      300.00
15.3800      305.00
15.4000      318.00
15.4200      288.00
15.4400      282.00
15.4600      304.00
15.4800      321.00
15.5000      288.00
15.5200      339.00
15.5400      324.00
15.5600      310.00
15.5800      319.00
15.6000      294.00
15.6200      312.00
15.6400      317.00
15.6600      335.00
15.6800      344.00
15.7000      337.00
15.7200      379.00
15.7400      314.00
15.7600      345.00
15.7800      391.00
15.8000      420.00
15.8200      438.00
15.8400      434.00
15.8600      484.00
15.8800      492.00
15.9000      536.00
15.9200      562.00
15.9400      641.00
15.9600      645.00
15.9800      673.00
16.0000      667.00
16.0200      696.00
16.0400      657.00
16.0600      709.00
16.0800      773.00
16.1000      714.00
16.1200      742.00
16.1400      744.00
16.1600      703.00
16.1800      706.00
16.2000      715.00
16.2200      735.00
16.2400      730.00
16.2600      782.00
16.2800      752.00
16.3000      791.00
16.3200      828.00
16.3400      814.00
16.3600      796.00
16.3800      809.00
16.4000      793.00
16.4200      737.00
16.4400      789.00
16.4600      771.00
16.4800      850.00
16.5000      898.00
16.5200      889.00
16.5400      964.00
16.5600     1008.00
16.5800      937.00
16.6000      946.00
16.6200     1010.00
16.6400      913.00
16.6600      832.00
16.6800      777.00
16.7000      676.00
16.7200      637.00
16.7400      545.00
16.7600      492.00
16.7800      471.00
16.8000      423.00
16.8200      411.00
16.8400      403.00
16.8600      435.00
16.8800      466.00
16.9000      517.00
16.9200      533.00
16.9400      588.00
16.9600      571.00
16.9800      620.00
17.0000      632.00
17.0200      720.00
17.0400      831.00
17.0600      868.00
17.0800      874.00
17.1000      884.00
17.1200      989.00
17.1400     1036.00
17.1600     1049.00
17.1800     1049.00
17.2000     1066.00
17.2200     1009.00
17.2400     1074.00
17.2600     1042.00
17.2800      906.00
17.3000      900.00
17.3200      935.00
17.3400      958.00
17.3600     1052.00
17.3800     1075.00
17.4000     1171.00
17.4200     1347.00
17.4400     1537.00
17.4600     1717.00
17.4800     1841.00
17.5000     2218.00
17.5200     2398.00
17.5400     2725.00
17.5600     2858.00
17.5800     3050.00
17.6000     3275.00
17.6200     3289.00
17.6400     3347.00
17.6600     3426.00
17.6800     3474.00
17.7000     3474.00
17.7200     3267.00
17.7400     2930.00
17.7600     2670.00
17.7800     2461.00
17.8000     2066.00
17.8200     1773.00
17.8400     1453.00
17.8600     1233.00
17.8800     1004.00
17.9000      889.00
17.9200      736.00
17.9400      712.00
17.9600      699.00
17.9800      669.00
18.0000      643.00
18.0200      677.00
18.0400      664.00
18.0600      611.00
18.0800      607.00
18.1000      605.00
18.1200      585.00
18.1400      568.00
18.1600      572.00
18.1800      575.00
18.2000      532.00
18.2200      559.00
18.2400      571.00
18.2600      551.00
18.2800      647.00
18.3000      697.00
18.3200      719.00
18.3400      758.00
18.3600      885.00
18.3800      850.00
18.4000      976.00
18.4200     1031.00
18.4400     1052.00
18.4600     1148.00
18.4800     1209.00
18.5000     1237.00
18.5200     1291.00
18.5400     1288.00
18.5600     1275.00
18.5800     1161.00
18.6000     1048.00
18.6200      976.00
18.6400      903.00
18.6600      779.00
18.6800      674.00
18.7000      643.00
18.7200      606.00
18.7400      575.00
18.7600      573.00
18.7800      522.00
18.8000      560.00
18.8200      590.00
18.8400      550.00
18.8600      617.00
18.8800      606.00
18.9000      587.00
18.9200      588.00
18.9400      567.00
18.9600      582.00
18.9800      535.00
19.0000      538.00
19.0200      540.00
19.0400      512.00
19.0600      520.00
19.0800      494.00
19.1000      523.00
19.1200      470.00
19.1400      549.00
19.1600      533.00
19.1800      563.00
19.2000      496.00
19.2200      578.00
19.2400      585.00
19.2600      608.00
19.2800      590.00
19.3000      571.00
19.3200      553.00
19.3400      603.00
19.3600      556.00
19.3800      608.00
19.4000      568.00
19.4200      604.00
19.4400      603.00
19.4600      652.00
19.4800      697.00
19.5000      806.00
19.5200      864.00
19.5400      973.00
19.5600     1120.00
19.5800     1269.00
19.6000     1451.00
19.6200     1557.00
19.6400     1768.00
19.6600     1964.00
19.6800     2111.00
19.7000     2312.00
19.7200     2293.00
19.7400     2505.00
19.7600     2556.00
19.7800     2569.00
19.8000     2490.00
19.8200     2278.00
19.8400     2126.00
19.8600     1878.00
19.8800     1698.00
19.9000     1495.00
19.9200     1274.00
19.9400     1052.00
19.9600      972.00
19.9800      831.00
20.0000      799.00
20.0200      674.00
20.0400      595.00
20.0600      546.00
20.0800      575.00
20.1000      523.00
20.1200      553.00
20.1400      462.00
20.1600      473.00
20.1800      448.00
20.2000      476.00
20.2200      453.00
20.2400      444.00
20.2600      455.00
20.2800      467.00
20.3000      455.00
20.3200      466.00
20.3400      414.00
20.3600      471.00
20.3800      483.00
20.4000      507.00
20.4200      505.00
20.4400      502.00
20.4600      555.00
20.4800      571.00
20.5000      599.00
20.5200      657.00
20.5400      726.00
20.5600      723.00
20.5800      835.00
20.6000      960.00
20.6200     1048.00
20.6400     1189.00
20.6600     1286.00
20.6800     1334.00
20.7000     1516.00
20.7200     1680.00
20.7400     1774.00
20.7600     1837.00
20.7800     1906.00
20.8000     2040.00
20.8200     2067.00
20.8400     2081.00
20.8600     2205.00
20.8800     2231.00
20.9000     2302.00
20.9200     2369.00
20.9400     2558.00
20.9600     2761.00
20.9800     3113.00
21.0000     3309.00
21.0200     3665.00
21.0400     3960.00
21.0600     4131.00
21.0800     4363.00
21.1000     4330.00
21.1200     4512.00
21.1400     4500.00
21.1600     4428.00
21.1800     4210.00
21.2000     3922.00
21.2200     3510.00
21.2400     3229.00
21.2600     2603.00
21.2800     2241.00
21.3000     1774.00
21.3200     1336.00
21.3400     1073.00
21.3600      859.00
21.3800      706.00
21.4000      622.00
21.4200      553.00
21.4400      511.00
21.4600      536.00
21.4800      496.00
21.5000      417.00
21.5200      410.00
21.5400      473.00
21.5600      473.00
21.5800      445.00
21.6000      431.00
21.6200      373.00
21.6400      430.00
21.6600      381.00
21.6800      412.00
21.7000      396.00
21.7200      404.00
21.7400      387.00
21.7600      419.00
21.7800      420.00
21.8000      420.00
21.8200      368.00
21.8400      416.00
21.8600      417.00
21.8800      415.00
21.9000      411.00
21.9200      449.00
21.9400      439.00
21.9600      438.00
21.9800      431.00
22.0000      455.00
22.0200      469.00
22.0400      491.00
22.0600      502.00
22.0800      473.00
22.1000      496.00
22.1200      525.00
22.1400      577.00
22.1600      627.00
22.1800      668.00
22.2000      718.00
22.2200      702.00
22.2400      806.00
22.2600      799.00
22.2800      891.00
22.3000      903.00
22.3200      968.00
22.3400     1048.00
22.3600     1017.00
22.3800     1130.00
22.4000     1206.00
22.4200     1172.00
22.4400     1206.00
22.4600     1294.00
22.4800     1351.00
22.5000     1391.00
22.5200     1365.00
22.5400     1421.00
22.5600     1559.00
22.5800     1596.00
22.6000     1706.00
22.6200     1859.00
22.6400     1879.00
22.6600     1914.00
22.6800     2027.00
22.7000     2033.00
22.7200     2040.00
22.7400     2036.00
22.7600     1904.00
22.7800     1731.00
22.8000     1637.00
22.8200     1398.00
22.8400     1373.00
22.8600     1252.00
22.8800     1091.00
22.9000      977.00
22.9200     1045.00
22.9400     1031.00
22.9600     1056.00
22.9800     1144.00
23.0000     1128.00
23.0200     1188.00
23.0400     1223.00
23.0600     1285.00
23.0800     1297.00
23.1000     1327.00
23.1200     1363.00
23.1400     1389.00
23.1600     1351.00
23.1800     1357.00
23.2000     1345.00
23.2200     1370.00
23.2400     1366.00
23.2600     1331.00
23.2800     1230.00
23.3000     1176.00
23.3200     1215.00
23.3400     1129.00
23.3600     1146.00
23.3800     1165.00
23.4000     1174.00
23.4200     1217.00
23.4400     1182.00
23.4600     1163.00
23.4800     1208.00
23.5000     1221.00
23.5200     1170.00
23.5400     1088.00
23.5600     1107.00
23.5800      990.00
23.6000      902.00
23.6200      821.00
23.6400      746.00
23.6600      708.00
23.6800      607.00
23.7000      527.00
23.7200      547.00
23.7400      496.00
23.7600      535.00
23.7800      517.00
23.8000      572.00
23.8200      606.00
23.8400      576.00
23.8600      622.00
23.8800      611.00
23.9000      658.00
23.9200      721.00
23.9400      787.00
23.9600      806.00
23.9800      890.00
24.0000     1012.00
24.0200     1070.00
24.0400     1146.00
24.0600     1294.00
24.0800     1374.00
24.1000     1341.00
24.1200     1566.00
24.1400     1571.00
24.1600     1619.00
24.1800     1689.00
24.2000     1791.00
24.2200     1675.00
24.2400     1730.00
24.2600     1793.00
24.2800     1670.00
24.3000     1689.00
24.3200     1690.00
24.3400     1701.00
24.3600     1753.00
24.3800     1752.00
24.4000     1884.00
24.4200     1866.00
24.4400     1913.00
24.4600     1968.00
24.4800     1973.00
24.5000     1903.00
24.5200     1768.00
24.5400     1686.00
24.5600     1571.00
24.5800     1338.00
24.6000     1226.00
24.6200     1019.00
24.6400      935.00
24.6600      746.00
24.6800      636.00
24.7000      624.00
24.7200      639.00
24.7400      634.00
24.7600      627.00
24.7800      692.00
24.8000      726.00
24.8200      784.00
24.8400      857.00
24.8600      925.00
24.8800      976.00
24.9000     1134.00
24.9200     1146.00
24.9400     1293.00
24.9600     1376.00
24.9800     1383.00
25.0000     1404.00
25.0200     1448.00
25.0400     1452.00
25.0600     1357.00
25.0800     1350.00
25.1000     1240.00
25.1200     1158.00
25.1400      956.00
25.1600      857.00
25.1800      714.00
25.2000      637.00
25.2200      602.00
25.2400      539.00
25.2600      492.00
25.2800      469.00
25.3000      446.00
25.3200      440.00
25.3400      397.00
25.3600      424.00
25.3800      413.00
25.4000      404.00
25.4200      375.00
25.4400      371.00
25.4600      358.00
25.4800      329.00
25.5000      343.00
25.5200      378.00
25.5400      332.00
25.5600      345.00
25.5800      331.00
25.6000      359.00
25.6200      349.00
25.6400      348.00
25.6600      357.00
25.6800      346.00
25.7000      373.00
25.7200      378.00
25.7400      359.00
25.7600      361.00
25.7800      371.00
25.8000      382.00
25.8200      368.00
25.8400      431.00
25.8600      443.00
25.8800      409.00
25.9000      474.00
25.9200      471.00
25.9400      488.00
25.9600      529.00
25.9800      553.00
26.0000      596.00
26.0200      599.00
26.0400      699.00
26.0600      745.00
26.0800      736.00
26.1000      782.00
26.1200      806.00
26.1400      898.00
26.1600      903.00
26.1800      953.00
26.2000      919.00
26.2200      950.00
26.2400      988.00
26.2600     1033.00
26.2800      971.00
26.3000     1038.00
26.3200     1024.00
26.3400     1014.00
26.3600      928.00
26.3800     1036.00
26.4000      996.00
26.4200     1000.00
26.4400      887.00
26.4600      872.00
26.4800      870.00
26.5000      874.00
26.5200      819.00
26.5400      880.00
26.5600      867.00
26.5800      833.00
26.6000      821.00
26.6200      755.00
26.6400      744.00
26.6600      744.00
26.6800      688.00
26.7000      634.00
26.7200      562.00
26.7400      484.00
26.7600      477.00
26.7800      443.00
26.8000      454.00
26.8200      435.00
26.8400      396.00
26.8600      394.00
26.8800      403.00
26.9000      397.00
26.9200      410.00
26.9400      381.00
26.9600      411.00
26.9800      424.00
27.0000      442.00
27.0200      423.00
27.0400      450.00
27.0600      462.00
27.0800      491.00
27.1000      476.00
27.1200      456.00
27.1400      496.00
27.1600      486.00
27.1800      469.00
27.2000      465.00
27.2200      516.00
27.2400      503.00
27.2600      540.00
27.2800      581.00
27.3000      610.00
27.3200      599.00
27.3400      684.00
27.3600      691.00
27.3800      671.00
27.4000      716.00
27.4200      717.00
27.4400      756.00
27.4600      702.00
27.4800      763.00
27.5000      739.00
27.5200      770.00
27.5400      809.00
27.5600      931.00
27.5800      912.00
27.6000     1018.00
27.6200     1067.00
27.6400     1102.00
27.6600     1213.00
27.6800     1276.00
27.7000     1294.00
27.7200     1341.00
27.7400     1343.00
27.7600     1398.00
27.7800     1346.00
27.8000     1390.00
27.8200     1383.00
27.8400     1243.00
27.8600     1189.00
27.8800     1059.00
27.9000      964.00
27.9200      922.00
27.9400      776.00
27.9600      727.00
27.9800      682.00
28.0000      653.00
28.0200      628.00
28.0400      569.00
28.0600      556.00
28.0800      523.00
28.1000      549.00
28.1200      557.00
28.1400      524.00
28.1600      510.00
28.1800      544.00
28.2000      504.00
28.2200      532.00
28.2400      525.00
28.2600      540.00
28.2800      567.00
28.3000      612.00
28.3200      658.00
28.3400      696.00
28.3600      770.00
28.3800      902.00
28.4000     1020.00
28.4200     1175.00
28.4400     1257.00
28.4600     1341.00
28.4800     1566.00
28.5000     1666.00
28.5200     1816.00
28.5400     1903.00
28.5600     1910.00
28.5800     2043.00
28.6000     1995.00
28.6200     2114.00
28.6400     1985.00
28.6600     1811.00
28.6800     1784.00
28.7000     1665.00
28.7200     1444.00
28.7400     1448.00
28.7600     1258.00
28.7800     1136.00
28.8000     1109.00
28.8200     1053.00
28.8400      961.00
28.8600      910.00
28.8800      904.00
28.9000      843.00
28.9200      841.00
28.9400      804.00
28.9600      704.00
28.9800      711.00
29.0000      696.00
29.0200      693.00
29.0400      664.00
29.0600      726.00
29.0800      695.00
29.1000      712.00
29.1200      732.00
29.1400      722.00
29.1600      789.00
29.1800      762.00
29.2000      840.00
29.2200      794.00
29.2400      782.00
29.2600      841.00
29.2800      879.00
29.3000      912.00
29.3200      825.00
29.3400      930.00
29.3600      935.00
29.3800      903.00
29.4000      907.00
29.4200      942.00
29.4400      886.00
29.4600      947.00
29.4800      970.00
29.5000      933.00
29.5200     1022.00
29.5400      977.00
29.5600      984.00
29.5800     1009.00
29.6000      927.00
29.6200      875.00
29.6400      775.00
29.6600      733.00
29.6800      677.00
29.7000      598.00
29.7200      504.00
29.7400      507.00
29.7600      444.00
29.7800      423.00
29.8000      408.00
29.8200      375.00
29.8400      375.00
29.8600      389.00
29.8800      365.00
29.9000      377.00
29.9200      375.00
29.9400      385.00
29.9600      345.00
29.9800      409.00
30.0000      449.00
30.0200      400.00
30.0400      509.00
30.0600      490.00
30.0800      537.00
30.1000      561.00
30.1200      603.00
30.1400      634.00
30.1600      640.00
30.1800      692.00
30.2000      633.00
30.2200      684.00
30.2400      707.00
30.2600      696.00
30.2800      725.00
30.3000      734.00
30.3200      696.00
30.3400      677.00
30.3600      630.00
30.3800      576.00
30.4000      573.00
30.4200      556.00
30.4400      574.00
30.4600      523.00
30.4800      488.00
30.5000      475.00
30.5200      506.00
30.5400      416.00
30.5600      465.00
30.5800      432.00
30.6000      401.00
30.6200      406.00
30.6400      450.00
30.6600      420.00
30.6800      426.00
30.7000      432.00
30.7200      425.00
30.7400      487.00
30.7600      435.00
30.7800      436.00
30.8000      416.00
30.8200      424.00
30.8400      449.00
30.8600      388.00
30.8800      392.00
30.9000      410.00
30.9200      416.00
30.9400      392.00
30.9600      359.00
30.9800      346.00
31.0000      396.00
31.0200      380.00
31.0400      341.00
31.0600      411.00
31.0800      391.00
31.1000      394.00
31.1200      378.00
31.1400      400.00
31.1600      336.00
31.1800      366.00
31.2000      364.00
31.2200      338.00
31.2400      323.00
31.2600      320.00
31.2800      285.00
31.3000      327.00
31.3200      307.00
31.3400      306.00
31.3600      285.00
31.3800      326.00
31.4000      303.00
31.4200      296.00
31.4400      333.00
31.4600      321.00
31.4800      324.00
31.5000      343.00
31.5200      350.00
31.5400      368.00
31.5600      364.00
31.5800      384.00
31.6000      386.00
31.6200      423.00
31.6400      408.00
31.6600      377.00
31.6800      408.00
31.7000      408.00
31.7200      397.00
31.7400      425.00
31.7600      350.00
31.7800      381.00
31.8000      375.00
31.8200      373.00
31.8400      360.00
31.8600      313.00
31.8800      360.00
31.9000      350.00
31.9200      361.00
31.9400      400.00
31.9600      417.00
31.9800      470.00
32.0000      465.00
32.0200      447.00
32.0400      484.00
32.0600      502.00
32.0800      471.00
32.1000      474.00
32.1200      516.00
32.1400      508.00
32.1600      569.00
32.1800      558.00
32.2000      548.00
32.2200      527.00
32.2400      572.00
32.2600      580.00
32.2800      616.00
32.3000      536.00
32.3200      586.00
32.3400      599.00
32.3600      591.00
32.3800      598.00
32.4000      562.00
32.4200      555.00
32.4400      579.00
32.4600      596.00
32.4800      606.00
32.5000      644.00
32.5200      643.00
32.5400      658.00
32.5600      625.00
32.5800      665.00
32.6000      693.00
32.6200      706.00
32.6400      722.00
32.6600      791.00
32.6800      724.00
32.7000      767.00
32.7200      763.00
32.7400      732.00
32.7600      728.00
32.7800      697.00
32.8000      651.00
32.8200      648.00
32.8400      602.00
32.8600      564.00
32.8800      566.00
32.9000      529.00
32.9200      525.00
32.9400      533.00
32.9600      480.00
32.9800      463.00
33.0000      487.00
33.0200      468.00
33.0400      485.00
33.0600      438.00
33.0800      494.00
33.1000      457.00
33.1200      451.00
33.1400      454.00
33.1600      551.00
33.1800      542.00
33.2000      515.00
33.2200      570.00
33.2400      520.00
33.2600      626.00
33.2800      635.00
33.3000      583.00
33.3200      642.00
33.3400      644.00
33.3600      693.00
33.3800      685.00
33.4000      682.00
33.4200      669.00
33.4400      623.00
33.4600      652.00
33.4800      659.00
33.5000      595.00
33.5200      580.00
33.5400      585.00
33.5600      561.00
33.5800      513.00
33.6000      522.00
33.6200      510.00
33.6400      482.00
33.6600      446.00
33.6800      459.00
33.7000      419.00
33.7200      387.00
33.7400      366.00
33.7600      350.00
33.7800      323.00
33.8000      303.00
33.8200      305.00
33.8400      297.00
33.8600      307.00
33.8800      326.00
33.9000      327.00
33.9200      332.00
33.9400      336.00
33.9600      345.00
33.9800      358.00
34.0000      376.00
34.0200      369.00
34.0400      373.00
34.0600      409.00
34.0800      411.00
34.1000      428.00
34.1200      464.00
34.1400      449.00
34.1600      484.00
34.1800      518.00
34.2000      533.00
34.2200      578.00
34.2400      652.00
34.2600      621.00
34.2800      650.00
34.3000      673.00
34.3200      661.00
34.3400      593.00
34.3600      575.00
34.3800      530.00
34.4000      544.00
34.4200      473.00
34.4400      441.00
34.4600      380.00
34.4800      370.00
34.5000      333.00
34.5200      346.00
34.5400      365.00
34.5600      342.00
34.5800      342.00
34.6000      365.00
34.6200      331.00
34.6400      327.00
34.6600      324.00
34.6800      293.00
34.7000      291.00
34.7200      296.00
34.7400      365.00
34.7600      306.00
34.7800      321.00
34.8000      349.00
34.8200      333.00
34.8400      321.00
34.8600      364.00
34.8800      327.00
34.9000      348.00
34.9200      359.00
34.9400      375.00
34.9600      339.00
34.9800      357.00
35.0000      372.00
