 2.3000      287.00
 2.3200      271.00
 2.3400      308.00
 2.3600      308.00
 2.3800      267.00
 2.4000      294.00
 2.4200      274.00
 2.4400      262.00
 2.4600      279.00
 2.4800      261.00
 2.5000      259.00
 2.5200      242.00
 2.5400      289.00
 2.5600      249.00
 2.5800      299.00
 2.6000      243.00
 2.6200      237.00
 2.6400      238.00
 2.6600      272.00
 2.6800      238.00
 2.7000      261.00
 2.7200      264.00
 2.7400      254.00
 2.7600      260.00
 2.7800      251.00
 2.8000      241.00
 2.8200      235.00
 2.8400      283.00
 2.8600      244.00
 2.8800      251.00
 2.9000      241.00
 2.9200      253.00
 2.9400      271.00
 2.9600      229.00
 2.9800      232.00
 3.0000      252.00
 3.0200      243.00
 3.0400      228.00
 3.0600      230.00
 3.0800      211.00
 3.1000      235.00
 3.1200      242.00
 3.1400      242.00
 3.1600      232.00
 3.1800      266.00
 3.2000      221.00
 3.2200      238.00
 3.2400      248.00
 3.2600      199.00
 3.2800      255.00
 3.3000      202.00
 3.3200      222.00
 3.3400      211.00
 3.3600      215.00
 3.3800      244.00
 3.4000      211.00
 3.4200      226.00
 3.4400      197.00
 3.4600      217.00
 3.4800      227.00
 3.5000      212.00
 3.5200      226.00
 3.5400      215.00
 3.5600      190.00
 3.5800      210.00
 3.6000      183.00
 3.6200      183.00
 3.6400      189.00
 3.6600      191.00
 3.6800      209.00
 3.7000      176.00
 3.7200      176.00
 3.7400      178.00
 3.7600      205.00
 3.7800      188.00
 3.8000      187.00
 3.8200      169.00
 3.8400      171.00
 3.8600      192.00
 3.8800      165.00
 3.9000      200.00
 3.9200      171.00
 3.9400      179.00
 3.9600      180.00
 3.9800      181.00
 4.0000      194.00
 4.0200      169.00
 4.0400      188.00
 4.0600      171.00
 4.0800      159.00
 4.1000      169.00
 4.1200      157.00
 4.1400      163.00
 4.1600      175.00
 4.1800      165.00
 4.2000      183.00
 4.2200      166.00
 4.2400      154.00
 4.2600      156.00
 4.2800      152.00
 4.3000      167.00
 4.3200      136.00
 4.3400      171.00
 4.3600      152.00
 4.3800      150.00
 4.4000      152.00
 4.4200      183.00
 4.4400      159.00
 4.4600      159.00
 4.4800      161.00
 4.5000      162.00
 4.5200      147.00
 4.5400      159.00
 4.5600      138.00
 4.5800      134.00
 4.6000      128.00
 4.6200      155.00
 4.6400      122.00
 4.6600      159.00
 4.6800      140.00
 4.7000      129.00
 4.7200      145.00
 4.7400      173.00
 4.7600      143.00
 4.7800      150.00
 4.8000      146.00
 4.8200      122.00
 4.8400      133.00
 4.8600      153.00
 4.8800      128.00
 4.9000      172.00
 4.9200      126.00
 4.9400      157.00
 4.9600      171.00
 4.9800      134.00
 5.0000      152.00
 5.0200      133.00
 5.0400      145.00
 5.0600      150.00
 5.0800      133.00
 5.1000      138.00
 5.1200      123.00
 5.1400      145.00
 5.1600      159.00
 5.1800      138.00
 5.2000      138.00
 5.2200      140.00
 5.2400      152.00
 5.2600      141.00
 5.2800      139.00
 5.3000      148.00
 5.3200      150.00
 5.3400      162.00
 5.3600      133.00
 5.3800      145.00
 5.4000      171.00
 5.4200      137.00
 5.4400      149.00
 5.4600      137.00
 5.4800      144.00
 5.5000      138.00
 5.5200      171.00
 5.5400      147.00
 5.5600      163.00
 5.5800      178.00
 5.6000      167.00
 5.6200      150.00
 5.6400      142.00
 5.6600      141.00
 5.6800      164.00
 5.7000      179.00
 5.7200      149.00
 5.7400      163.00
 5.7600      162.00
 5.7800      167.00
 5.8000      162.00
 5.8200      179.00
 5.8400      164.00
 5.8600      168.00
 5.8800      150.00
 5.9000      153.00
 5.9200      170.00
 5.9400      169.00
 5.9600      162.00
 5.9800      147.00
 6.0000      160.00
 6.0200      172.00
 6.0400      183.00
 6.0600      148.00
 6.0800      188.00
 6.1000      134.00
 6.1200      164.00
 6.1400      142.00
 6.1600      179.00
 6.1800      183.00
 6.2000      152.00
 6.2200      175.00
 6.2400      163.00
 6.2600      199.00
 6.2800      162.00
 6.3000      174.00
 6.3200      153.00
 6.3400      186.00
 6.3600      166.00
 6.3800      157.00
 6.4000      181.00
 6.4200      194.00
 6.4400      165.00
 6.4600      155.00
 6.4800      192.00
 6.5000      190.00
 6.5200      173.00
 6.5400      180.00
 6.5600      183.00
 6.5800      159.00
 6.6000      177.00
 6.6200      177.00
 6.6400      195.00
 6.6600      172.00
 6.6800      188.00
 6.7000      186.00
 6.7200      200.00
 6.7400      186.00
 6.7600      177.00
 6.7800      176.00
 6.8000      184.00
 6.8200      186.00
 6.8400      188.00
 6.8600      189.00
 6.8800      210.00
 6.9000      227.00
 6.9200      208.00
 6.9400      184.00
 6.9600      219.00
 6.9800      215.00
 7.0000      209.00
 7.0200      200.00
 7.0400      229.00
 7.0600      228.00
 7.0800      244.00
 7.1000      255.00
 7.1200      211.00
 7.1400      250.00
 7.1600      216.00
 7.1800      215.00
 7.2000      215.00
 7.2200      206.00
 7.2400      221.00
 7.2600      209.00
 7.2800      217.00
 7.3000      202.00
 7.3200      191.00
 7.3400      199.00
 7.3600      185.00
 7.3800      228.00
 7.4000      173.00
 7.4200      206.00
 7.4400      172.00
 7.4600      178.00
 7.4800      182.00
 7.5000      204.00
 7.5200      195.00
 7.5400      180.00
 7.5600      195.00
 7.5800      169.00
 7.6000      210.00
 7.6200      228.00
 7.6400      175.00
 7.6600      223.00
 7.6800      193.00
 7.7000      186.00
 7.7200      219.00
 7.7400      197.00
 7.7600      188.00
 7.7800      175.00
 7.8000      193.00
 7.8200      203.00
 7.8400      194.00
 7.8600      216.00
 7.8800      192.00
 7.9000      192.00
 7.9200      191.00
 7.9400      209.00
 7.9600      215.00
 7.9800      200.00
 8.0000      182.00
 8.0200      196.00
 8.0400      216.00
 8.0600      205.00
 8.0800      187.00
 8.1000      219.00
 8.1200      212.00
 8.1400      190.00
 8.1600      190.00
 8.1800      214.00
 8.2000      209.00
 8.2200      194.00
 8.2400      213.00
 8.2600      232.00
 8.2800      214.00
 8.3000      241.00
 8.3200      191.00
 8.3400      233.00
 8.3600      221.00
 8.3800      229.00
 8.4000      240.00
 8.4200      243.00
 8.4400      244.00
 8.4600      238.00
 8.4800      223.00
 8.5000      203.00
 8.5200      223.00
 8.5400      217.00
 8.5600      214.00
 8.5800      234.00
 8.6000      219.00
 8.6200      224.00
 8.6400      262.00
 8.6600      255.00
 8.6800      246.00
 8.7000      243.00
 8.7200      237.00
 8.7400      250.00
 8.7600      251.00
 8.7800      289.00
 8.8000      283.00
 8.8200      256.00
 8.8400      237.00
 8.8600      278.00
 8.8800      279.00
 8.9000      293.00
 8.9200      295.00
 8.9400      326.00
 8.9600      278.00
 8.9800      269.00
 9.0000      298.00
 9.0200      291.00
 9.0400      298.00
 9.0600      316.00
 9.0800      297.00
 9.1000      297.00
 9.1200      275.00
 9.1400      262.00
 9.1600      287.00
 9.1800      253.00
 9.2000      259.00
 9.2200      260.00
 9.2400      260.00
 9.2600      253.00
 9.2800      228.00
 9.3000      257.00
 9.3200      245.00
 9.3400      237.00
 9.3600      270.00
 9.3800      244.00
 9.4000      251.00
 9.4200      240.00
 9.4400      213.00
 9.4600      217.00
 9.4800      243.00
 9.5000      242.00
 9.5200      253.00
 9.5400      253.00
 9.5600      250.00
 9.5800      242.00
 9.6000      249.00
 9.6200      224.00
 9.6400      269.00
 9.6600      263.00
 9.6800      227.00
 9.7000      240.00
 9.7200      220.00
 9.7400      272.00
 9.7600      268.00
 9.7800      249.00
 9.8000      273.00
 9.8200      256.00
 9.8400      253.00
 9.8600      286.00
 9.8800      245.00
 9.9000      275.00
 9.9200      312.00
 9.9400      262.00
 9.9600      250.00
 9.9800      268.00
10.0000      293.00
10.0200      265.00
10.0400      317.00
10.0600      293.00
10.0800      278.00
10.1000      327.00
10.1200      307.00
10.1400      335.00
10.1600      301.00
10.1800      291.00
10.2000      314.00
10.2200      315.00
10.2400      315.00
10.2600      302.00
10.2800      307.00
10.3000      296.00
10.3200      289.00
10.3400      331.00
10.3600      274.00
10.3800      277.00
10.4000      316.00
10.4200      283.00
10.4400      280.00
10.4600      287.00
10.4800      280.00
10.5000      307.00
10.5200      284.00
10.5400      286.00
10.5600      271.00
10.5800      265.00
10.6000      288.00
10.6200      279.00
10.6400      291.00
10.6600      291.00
10.6800      304.00
10.7000      321.00
10.7200      310.00
10.7400      310.00
10.7600      319.00
10.7800      277.00
10.8000      333.00
10.8200      332.00
10.8400      349.00
10.8600      374.00
10.8800      376.00
10.9000      387.00
10.9200      395.00
10.9400      421.00
10.9600      455.00
10.9800      511.00
11.0000      508.00
11.0200      541.00
11.0400      586.00
11.0600      661.00
11.0800      638.00
11.1000      736.00
11.1200      763.00
11.1400      784.00
11.1600      871.00
11.1800      887.00
11.2000     1003.00
11.2200     1001.00
11.2400      956.00
11.2600     1019.00
11.2800     1052.00
11.3000     1048.00
11.3200     1023.00
11.3400     1054.00
11.3600     1020.00
11.3800     1030.00
11.4000      992.00
11.4200      920.00
11.4400      874.00
11.4600      902.00
11.4800      897.00
11.5000      902.00
11.5200      816.00
11.5400      765.00
11.5600      699.00
11.5800      628.00
11.6000      634.00
11.6200      617.00
11.6400      578.00
11.6600      546.00
11.6800      481.00
11.7000      455.00
11.7200      421.00
11.7400      393.00
11.7600      379.00
11.7800      400.00
11.8000      375.00
11.8200      426.00
11.8400      385.00
11.8600      383.00
11.8800      361.00
11.9000      400.00
11.9200      399.00
11.9400      392.00
11.9600      436.00
11.9800      496.00
12.0000      434.00
12.0200      490.00
12.0400      504.00
12.0600      522.00
12.0800      584.00
12.1000      587.00
12.1200      578.00
12.1400      694.00
12.1600      728.00
12.1800      710.00
12.2000      855.00
12.2200      838.00
12.2400      872.00
12.2600      937.00
12.2800      918.00
12.3000      926.00
12.3200      980.00
12.3400      929.00
12.3600      909.00
12.3800      881.00
12.4000      901.00
12.4200      890.00
12.4400      882.00
12.4600      804.00
12.4800      847.00
12.5000      863.00
12.5200      864.00
12.5400      875.00
12.5600      960.00
12.5800      962.00
12.6000     1008.00
12.6200      997.00
12.6400      968.00
12.6600     1094.00
12.6800     1124.00
12.7000     1112.00
12.7200     1063.00
12.7400     1055.00
12.7600     1078.00
12.7800      974.00
12.8000      985.00
12.8200      949.00
12.8400      878.00
12.8600      782.00
12.8800      725.00
12.9000      673.00
12.9200      662.00
12.9400      589.00
12.9600      560.00
12.9800      490.00
13.0000      455.00
13.0200      414.00
13.0400      434.00
13.0600      402.00
13.0800      420.00
13.1000      395.00
13.1200      376.00
13.1400      359.00
13.1600      361.00
13.1800      350.00
13.2000      370.00
13.2200      365.00
13.2400      337.00
13.2600      360.00
13.2800      333.00
13.3000      293.00
13.3200      309.00
13.3400      338.00
13.3600      341.00
13.3800      303.00
13.4000      326.00
13.4200      344.00
13.4400      327.00
13.4600      339.00
13.4800      324.00
13.5000      312.00
13.5200      315.00
13.5400      322.00
13.5600      308.00
13.5800      316.00
13.6000      307.00
13.6200      316.00
13.6400      341.00
13.6600      332.00
13.6800      338.00
13.7000      315.00
13.7200      340.00
13.7400      353.00
13.7600      316.00
13.7800      349.00
13.8000      346.00
13.8200      359.00
13.8400      335.00
13.8600      340.00
13.8800      377.00
13.9000      338.00
13.9200      392.00
13.9400      372.00
13.9600      407.00
13.9800      355.00
14.0000      386.00
14.0200      424.00
14.0400      433.00
14.0600      472.00
14.0800      482.00
14.1000      505.00
14.1200      501.00
14.1400      641.00
14.1600      655.00
14.1800      696.00
14.2000      719.00
14.2200      838.00
14.2400      896.00
14.2600      994.00
14.2800     1079.00
14.3000     1177.00
14.3200     1205.00
14.3400     1293.00
14.3600     1398.00
14.3800     1385.00
14.4000     1405.00
14.4200     1394.00
14.4400     1388.00
14.4600     1333.00
14.4800     1336.00
14.5000     1325.00
14.5200     1180.00
14.5400     1184.00
14.5600     1041.00
14.5800      959.00
14.6000      948.00
14.6200      930.00
14.6400      838.00
14.6600      741.00
14.6800      680.00
14.7000      652.00
14.7200      607.00
14.7400      577.00
14.7600      564.00
14.7800      473.00
14.8000      528.00
14.8200      460.00
14.8400      425.00
14.8600      420.00
14.8800      431.00
14.9000      385.00
14.9200      388.00
14.9400      397.00
14.9600      392.00
14.9800      378.00
15.0000      360.00
15.0200      327.00
15.0400      356.00
15.0600      336.00
15.0800      329.00
15.1000      324.00
15.1200      330.00
15.1400      333.00
15.1600      320.00
15.1800      302.00
15.2000      345.00
15.2200      342.00
15.2400      326.00
15.2600      352.00
15.2800      300.00
15.3000      331.00
15.3200      344.00
15.3400      325.00
15.3600      286.00
15.3800      306.00
15.4000      291.00
15.4200      294.00
15.4400      297.00
15.4600      311.00
15.4800      311.00
15.5000      318.00
15.5200      321.00
15.5400      317.00
15.5600      287.00
15.5800      325.00
15.6000      336.00
15.6200      327.00
15.6400      327.00
15.6600      336.00
15.6800      347.00
15.7000      313.00
15.7200      336.00
15.7400      357.00
15.7600      353.00
15.7800      331.00
15.8000      350.00
15.8200      388.00
15.8400      437.00
15.8600      412.00
15.8800      413.00
15.9000      451.00
15.9200      453.00
15.9400      528.00
15.9600      496.00
15.9800      552.00
16.0000      588.00
16.0200      644.00
16.0400      588.00
16.0600      697.00
16.0800      711.00
16.1000      723.00
16.1200      696.00
16.1400      753.00
16.1600      779.00
16.1800      779.00
16.2000      728.00
16.2200      776.00
16.2400      718.00
16.2600      740.00
16.2800      776.00
16.3000      794.00
16.3200      793.00
16.3400      728.00
16.3600      763.00
16.3800      759.00
16.4000      764.00
16.4200      731.00
16.4400      753.00
16.4600      814.00
16.4800      745.00
16.5000      755.00
16.5200      850.00
16.5400      813.00
16.5600      765.00
16.5800      799.00
16.6000      803.00
16.6200      797.00
16.6400      907.00
16.6600      827.00
16.6800      818.00
16.7000      829.00
16.7200      762.00
16.7400      726.00
16.7600      695.00
16.7800      724.00
16.8000      644.00
16.8200      622.00
16.8400      622.00
16.8600      541.00
16.8800      537.00
16.9000      488.00
16.9200      448.00
16.9400      528.00
16.9600      489.00
16.9800      478.00
17.0000      541.00
17.0200      533.00
17.0400      563.00
17.0600      626.00
17.0800      614.00
17.1000      683.00
17.1200      717.00
17.1400      688.00
17.1600      788.00
17.1800      831.00
17.2000      841.00
17.2200      814.00
17.2400      873.00
17.2600      871.00
17.2800      913.00
17.3000      961.00
17.3200      959.00
17.3400      953.00
17.3600      940.00
17.3800     1006.00
17.4000     1057.00
17.4200     1167.00
17.4400     1186.00
17.4600     1247.00
17.4800     1408.00
17.5000     1570.00
17.5200     1719.00
17.5400     1897.00
17.5600     2121.00
17.5800     2291.00
17.6000     2490.00
17.6200     2728.00
17.6400     2998.00
17.6600     3207.00
17.6800     3422.00
17.7000     3535.00
17.7200     3497.00
17.7400     3662.00
17.7600     3637.00
17.7800     3490.00
17.8000     3413.00
17.8200     3472.00
17.8400     3260.00
17.8600     3038.00
17.8800     2622.00
17.9000     2492.00
17.9200     2357.00
17.9400     1994.00
17.9600     1806.00
17.9800     1636.00
18.0000     1491.00
18.0200     1275.00
18.0400     1247.00
18.0600     1122.00
18.0800     1067.00
18.1000     1050.00
18.1200      908.00
18.1400      842.00
18.1600      836.00
18.1800      855.00
18.2000      756.00
18.2200      732.00
18.2400      634.00
18.2600      650.00
18.2800      658.00
18.3000      644.00
18.3200      633.00
18.3400      698.00
18.3600      677.00
18.3800      778.00
18.4000      746.00
18.4200      798.00
18.4400      817.00
18.4600      909.00
18.4800     1010.00
18.5000      968.00
18.5200     1087.00
18.5400     1119.00
18.5600     1121.00
18.5800     1143.00
18.6000     1174.00
18.6200     1155.00
18.6400     1125.00
18.6600     1135.00
18.6800     1116.00
18.7000     1095.00
18.7200      994.00
18.7400      980.00
18.7600      927.00
18.7800      820.00
18.8000      815.00
18.8200      793.00
18.8400      764.00
18.8600      698.00
18.8800      667.00
18.9000      713.00
18.9200      626.00
18.9400      647.00
18.9600      631.00
18.9800      620.00
19.0000      647.00
19.0200      627.00
19.0400      604.00
19.0600      582.00
19.0800      515.00
19.1000      586.00
19.1200      562.00
19.1400      562.00
19.1600      554.00
19.1800      555.00
19.2000      560.00
19.2200      547.00
19.2400      566.00
19.2600      558.00
19.2800      602.00
19.3000      587.00
19.3200      587.00
19.3400      549.00
19.3600      592.00
19.3800      593.00
19.4000      565.00
19.4200      639.00
19.4400      622.00
19.4600      609.00
19.4800      615.00
19.5000      646.00
19.5200      695.00
19.5400      743.00
19.5600      748.00
19.5800      798.00
19.6000      898.00
19.6200      975.00
19.6400     1076.00
19.6600     1215.00
19.6800     1316.00
19.7000     1520.00
19.7200     1671.00
19.7400     1792.00
19.7600     1949.00
19.7800     2163.00
19.8000     2232.00
19.8200     2256.00
19.8400     2338.00
19.8600     2346.00
19.8800     2284.00
19.9000     2266.00
19.9200     2322.00
19.9400     2089.00
19.9600     1932.00
19.9800     1853.00
20.0000     1723.00
20.0200     1634.00
20.0400     1446.00
20.0600     1305.00
20.0800     1203.00
20.1000     1090.00
20.1200     1003.00
20.1400      905.00
20.1600      846.00
20.1800      783.00
20.2000      746.00
20.2200      707.00
20.2400      698.00
20.2600      621.00
20.2800      628.00
20.3000      604.00
20.3200      597.00
20.3400      522.00
20.3600      501.00
20.3800      510.00
20.4000      514.00
20.4200      499.00
20.4400      496.00
20.4600      502.00
20.4800      507.00
20.5000      519.00
20.5200      513.00
20.5400      516.00
20.5600      525.00
20.5800      575.00
20.6000      579.00
20.6200      690.00
20.6400      723.00
20.6600      754.00
20.6800      852.00
20.7000      916.00
20.7200      976.00
20.7400     1031.00
20.7600     1095.00
20.7800     1228.00
20.8000     1286.00
20.8200     1363.00
20.8400     1365.00
20.8600     1506.00
20.8800     1551.00
20.9000     1750.00
20.9200     1807.00
20.9400     1993.00
20.9600     2200.00
20.9800     2294.00
21.0000     2451.00
21.0200     2501.00
21.0400     2756.00
21.0600     3029.00
21.0800     3173.00
21.1000     3456.00
21.1200     3676.00
21.1400     3840.00
21.1600     4075.00
21.1800     4206.00
21.2000     4296.00
21.2200     4297.00
21.2400     4164.00
21.2600     3978.00
21.2800     3926.00
21.3000     3830.00
21.3200     3493.00
21.3400     3182.00
21.3600     2874.00
21.3800     2651.00
21.4000     2304.00
21.4200     2007.00
21.4400     1830.00
21.4600     1585.00
21.4800     1393.00
21.5000     1262.00
21.5200     1094.00
21.5400      981.00
21.5600      896.00
21.5800      849.00
21.6000      758.00
21.6200      660.00
21.6400      671.00
21.6600      607.00
21.6800      610.00
21.7000      562.00
21.7200      520.00
21.7400      488.00
21.7600      463.00
21.7800      459.00
21.8000      474.00
21.8200      431.00
21.8400      447.00
21.8600      436.00
21.8800      392.00
21.9000      407.00
21.9200      390.00
21.9400      413.00
21.9600      443.00
21.9800      409.00
22.0000      454.00
22.0200      418.00
22.0400      441.00
22.0600      452.00
22.0800      430.00
22.1000      475.00
22.1200      489.00
22.1400      506.00
22.1600      463.00
22.1800      563.00
22.2000      569.00
22.2200      625.00
22.2400      578.00
22.2600      655.00
22.2800      689.00
22.3000      746.00
22.3200      740.00
22.3400      796.00
22.3600      811.00
22.3800      886.00
22.4000      871.00
22.4200      863.00
22.4400      944.00
22.4600      946.00
22.4800     1017.00
22.5000     1031.00
22.5200     1125.00
22.5400     1095.00
22.5600     1146.00
22.5800     1197.00
22.6000     1222.00
22.6200     1380.00
22.6400     1425.00
22.6600     1483.00
22.6800     1596.00
22.7000     1564.00
22.7200     1634.00
22.7400     1539.00
22.7600     1705.00
22.7800     1643.00
22.8000     1680.00
22.8200     1635.00
22.8400     1575.00
22.8600     1512.00
22.8800     1525.00
22.9000     1517.00
22.9200     1343.00
22.9400     1303.00
22.9600     1220.00
22.9800     1135.00
23.0000     1197.00
23.0200     1131.00
23.0400     1107.00
23.0600     1063.00
23.0800     1132.00
23.1000     1087.00
23.1200     1153.00
23.1400     1204.00
23.1600     1271.00
23.1800     1263.00
23.2000     1253.00
23.2200     1319.00
23.2400     1359.00
23.2600     1330.00
23.2800     1279.00
23.3000     1280.00
23.3200     1290.00
23.3400     1291.00
23.3600     1249.00
23.3800     1268.00
23.4000     1262.00
23.4200     1234.00
23.4400     1234.00
23.4600     1290.00
23.4800     1303.00
23.5000     1256.00
23.5200     1269.00
23.5400     1210.00
23.5600     1238.00
23.5800     1182.00
23.6000     1166.00
23.6200     1187.00
23.6400     1138.00
23.6600     1051.00
23.6800     1018.00
23.7000      965.00
23.7200      961.00
23.7400      919.00
23.7600      841.00
23.7800      776.00
23.8000      735.00
23.8200      686.00
23.8400      647.00
23.8600      651.00
23.8800      691.00
23.9000      627.00
23.9200      627.00
23.9400      640.00
23.9600      699.00
23.9800      669.00
24.0000      740.00
24.0200      762.00
24.0400      875.00
24.0600      863.00
24.0800      948.00
24.1000      980.00
24.1200     1003.00
24.1400     1073.00
24.1600     1180.00
24.1800     1239.00
24.2000     1323.00
24.2200     1273.00
24.2400     1331.00
24.2600     1346.00
24.2800     1410.00
24.3000     1464.00
24.3200     1378.00
24.3400     1519.00
24.3600     1550.00
24.3800     1564.00
24.4000     1646.00
24.4200     1651.00
24.4400     1693.00
24.4600     1711.00
24.4800     1808.00
24.5000     1731.00
24.5200     1852.00
24.5400     1682.00
24.5600     1729.00
24.5800     1557.00
24.6000     1576.00
24.6200     1605.00
24.6400     1510.00
24.6600     1372.00
24.6800     1361.00
24.7000     1222.00
24.7200     1056.00
24.7400     1028.00
24.7600     1011.00
24.7800      939.00
24.8000      919.00
24.8200      909.00
24.8400      822.00
24.8600      815.00
24.8800      890.00
24.9000      934.00
24.9200     1012.00
24.9400     1052.00
24.9600     1120.00
24.9800     1123.00
25.0000     1185.00
25.0200     1239.00
25.0400     1367.00
25.0600     1463.00
25.0800     1416.00
25.1000     1465.00
25.1200     1320.00
25.1400     1364.00
25.1600     1362.00
25.1800     1292.00
25.2000     1236.00
25.2200     1205.00
25.2400     1094.00
25.2600     1019.00
25.2800      956.00
25.3000      851.00
25.3200      734.00
25.3400      691.00
25.3600      679.00
25.3800      603.00
25.4000      583.00
25.4200      531.00
25.4400      529.00
25.4600      481.00
25.4800      454.00
25.5000      465.00
25.5200      472.00
25.5400      419.00
25.5600      459.00
25.5800      375.00
25.6000      410.00
25.6200      401.00
25.6400      381.00
25.6600      379.00
25.6800      382.00
25.7000      394.00
25.7200      363.00
25.7400      369.00
25.7600      393.00
25.7800      365.00
25.8000      400.00
25.8200      363.00
25.8400      361.00
25.8600      363.00
25.8800      405.00
25.9000      428.00
25.9200      435.00
25.9400      438.00
25.9600      418.00
25.9800      473.00
26.0000      526.00
26.0200      517.00
26.0400      519.00
26.0600      542.00
26.0800      571.00
26.1000      625.00
26.1200      691.00
26.1400      684.00
26.1600      740.00
26.1800      736.00
26.2000      803.00
26.2200      802.00
26.2400      906.00
26.2600      906.00
26.2800      936.00
26.3000      950.00
26.3200      954.00
26.3400     1027.00
26.3600     1016.00
26.3800     1040.00
26.4000     1087.00
26.4200     1059.00
26.4400     1065.00
26.4600     1040.00
26.4800     1030.00
26.5000     1088.00
26.5200     1028.00
26.5400     1032.00
26.5600     1024.00
26.5800      993.00
26.6000      927.00
26.6200      966.00
26.6400      936.00
26.6600      976.00
26.6800      900.00
26.7000      899.00
26.7200      846.00
26.7400      853.00
26.7600      737.00
26.7800      739.00
26.8000      680.00
26.8200      644.00
26.8400      616.00
26.8600      625.00
26.8800      548.00
26.9000      504.00
26.9200      502.00
26.9400      526.00
26.9600      466.00
26.9800      431.00
27.0000      424.00
27.0200      463.00
27.0400      470.00
27.0600      479.00
27.0800      456.00
27.1000      460.00
27.1200      477.00
27.1400      478.00
27.1600      462.00
27.1800      458.00
27.2000      487.00
27.2200      465.00
27.2400      493.00
27.2600      534.00
27.2800      486.00
27.3000      539.00
27.3200      542.00
27.3400      601.00
27.3600      578.00
27.3800      601.00
27.4000      587.00
27.4200      634.00
27.4400      682.00
27.4600      719.00
27.4800      646.00
27.5000      734.00
27.5200      714.00
27.5400      710.00
27.5600      740.00
27.5800      767.00
27.6000      812.00
27.6200      773.00
27.6400      848.00
27.6600      823.00
27.6800      887.00
27.7000      949.00
27.7200      936.00
27.7400      933.00
27.7600     1029.00
27.7800     1064.00
27.8000     1116.00
27.8200     1075.00
27.8400     1136.00
27.8600     1088.00
27.8800     1098.00
27.9000     1019.00
27.9200     1011.00
27.9400      940.00
27.9600      958.00
27.9800      869.00
28.0000      847.00
28.0200      824.00
28.0400      852.00
28.0600      758.00
28.0800      744.00
28.1000      716.00
28.1200      680.00
28.1400      635.00
28.1600      671.00
28.1800      636.00
28.2000      651.00
28.2200      618.00
28.2400      562.00
28.2600      603.00
28.2800      552.00
28.3000      581.00
28.3200      578.00
28.3400      615.00
28.3600      650.00
28.3800      676.00
28.4000      661.00
28.4200      734.00
28.4400      874.00
28.4600      910.00
28.4800     1040.00
28.5000     1063.00
28.5200     1226.00
28.5400     1340.00
28.5600     1489.00
28.5800     1637.00
28.6000     1673.00
28.6200     1802.00
28.6400     1867.00
28.6600     1874.00
28.6800     1978.00
28.7000     1869.00
28.7200     1973.00
28.7400     1890.00
28.7600     1861.00
28.7800     1735.00
28.8000     1724.00
28.8200     1653.00
28.8400     1516.00
28.8600     1421.00
28.8800     1425.00
28.9000     1231.00
28.9200     1239.00
28.9400     1140.00
28.9600     1030.00
28.9800     1003.00
29.0000      960.00
29.0200      856.00
29.0400      900.00
29.0600      862.00
29.0800      826.00
29.1000      816.00
29.1200      781.00
29.1400      748.00
29.1600      738.00
29.1800      692.00
29.2000      720.00
29.2200      738.00
29.2400      738.00
29.2600      789.00
29.2800      739.00
29.3000      795.00
29.3200      779.00
29.3400      717.00
29.3600      838.00
29.3800      841.00
29.4000      865.00
29.4200      890.00
29.4400      813.00
29.4600      947.00
29.4800      907.00
29.5000      974.00
29.5200     1056.00
29.5400      999.00
29.5600     1036.00
29.5800     1052.00
29.6000     1035.00
29.6200     1045.00
29.6400     1017.00
29.6600     1001.00
29.6800      912.00
29.7000      939.00
29.7200      906.00
29.7400      791.00
29.7600      817.00
29.7800      697.00
29.8000      680.00
29.8200      676.00
29.8400      519.00
29.8600      582.00
29.8800      548.00
29.9000      537.00
29.9200      474.00
29.9400      490.00
29.9600      441.00
29.9800      434.00
30.0000      426.00
30.0200      474.00
30.0400      442.00
30.0600      396.00
30.0800      435.00
30.1000      455.00
30.1200      451.00
30.1400      515.00
30.1600      517.00
30.1800      519.00
30.2000      567.00
30.2200      552.00
30.2400      610.00
30.2600      631.00
30.2800      647.00
30.3000      692.00
30.3200      680.00
30.3400      680.00
30.3600      688.00
30.3800      704.00
30.4000      675.00
30.4200      675.00
30.4400      683.00
30.4600      664.00
30.4800      643.00
30.5000      594.00
30.5200      594.00
30.5400      568.00
30.5600      528.00
30.5800      523.00
30.6000      533.00
30.6200      477.00
30.6400      491.00
30.6600      474.00
30.6800      483.00
30.7000      416.00
30.7200      435.00
30.7400      418.00
30.7600      442.00
30.7800      448.00
30.8000      410.00
30.8200      453.00
30.8400      422.00
30.8600      422.00
30.8800      389.00
30.9000      395.00
30.9200      414.00
30.9400      385.00
30.9600      381.00
30.9800      400.00
31.0000      404.00
31.0200      379.00
31.0400      387.00
31.0600      395.00
31.0800      406.00
31.1000      407.00
31.1200      362.00
31.1400      398.00
31.1600      378.00
31.1800      371.00
31.2000      392.00
31.2200      401.00
31.2400      384.00
31.2600      345.00
31.2800      343.00
31.3000      349.00
31.3200      335.00
31.3400      359.00
31.3600      364.00
31.3800      337.00
31.4000      331.00
31.4200      325.00
31.4400      328.00
31.4600      337.00
31.4800      326.00
31.5000      308.00
31.5200      347.00
31.5400      368.00
31.5600      319.00
31.5800      338.00
31.6000      380.00
31.6200      370.00
31.6400      380.00
31.6600      357.00
31.6800      398.00
31.7000      413.00
31.7200      393.00
31.7400      414.00
31.7600      371.00
31.7800      432.00
31.8000      403.00
31.8200      425.00
31.8400      382.00
31.8600      427.00
31.8800      367.00
31.9000      368.00
31.9200      397.00
31.9400      392.00
31.9600      408.00
31.9800      416.00
32.0000      377.00
32.0200      386.00
32.0400      435.00
32.0600      412.00
32.0800      472.00
32.1000      473.00
32.1200      526.00
32.1400      475.00
32.1600      509.00
32.1800      534.00
32.2000      521.00
32.2200      576.00
32.2400      588.00
32.2600      539.00
32.2800      593.00
32.3000      600.00
32.3200      605.00
32.3400      551.00
32.3600      638.00
32.3800      569.00
32.4000      603.00
32.4200      621.00
32.4400      611.00
32.4600      594.00
32.4800      622.00
32.5000      638.00
32.5200      596.00
32.5400      661.00
32.5600      621.00
32.5800      636.00
32.6000      670.00
32.6200      684.00
32.6400      716.00
32.6600      702.00
32.6800      696.00
32.7000      708.00
32.7200      728.00
32.7400      745.00
32.7600      690.00
32.7800      725.00
32.8000      736.00
32.8200      685.00
32.8400      680.00
32.8600      672.00
32.8800      679.00
32.9000      637.00
32.9200      655.00
32.9400      631.00
32.9600      541.00
32.9800      571.00
33.0000      604.00
33.0200      567.00
33.0400      568.00
33.0600      550.00
33.0800      584.00
33.1000      536.00
33.1200      553.00
33.1400      507.00
33.1600      484.00
33.1800      561.00
33.2000      565.00
33.2200      548.00
33.2400      541.00
33.2600      542.00
33.2800      578.00
33.3000      590.00
33.3200      575.00
33.3400      590.00
33.3600      606.00
33.3800      622.00
33.4000      645.00
33.4200      672.00
33.4400      645.00
33.4600      639.00
33.4800      684.00
33.5000      698.00
33.5200      651.00
33.5400      648.00
33.5600      630.00
33.5800      627.00
33.6000      587.00
33.6200      584.00
33.6400      589.00
33.6600      559.00
33.6800      540.00
33.7000      526.00
33.7200      506.00
33.7400      492.00
33.7600      445.00
33.7800      453.00
33.8000      466.00
33.8200      396.00
33.8400      361.00
33.8600      403.00
33.8800      397.00
33.9000      407.00
33.9200      334.00
33.9400      386.00
33.9600      328.00
33.9800      314.00
34.0000      370.00
34.0200      359.00
34.0400      368.00
34.0600      333.00
34.0800      339.00
34.1000      366.00
34.1200      358.00
34.1400      349.00
34.1600      413.00
34.1800      406.00
34.2000      391.00
34.2200      421.00
34.2400      487.00
34.2600      447.00
34.2800      489.00
34.3000      490.00
34.3200      520.00
34.3400      527.00
34.3600      528.00
34.3800      531.00
34.4000      470.00
34.4200      499.00
34.4400      508.00
34.4600      510.00
34.4800      458.00
34.5000      439.00
34.5200      433.00
34.5400      445.00
34.5600      406.00
34.5800      394.00
34.6000      368.00
34.6200      404.00
34.6400      320.00
34.6600      348.00
34.6800      342.00
34.7000      320.00
34.7200      314.00
34.7400      332.00
34.7600      303.00
34.7800      302.00
34.8000      308.00
34.8200      328.00
34.8400      329.00
34.8600      285.00
34.8800      310.00
34.9000      306.00
34.9200      344.00
34.9400      341.00
34.9600      345.00
34.9800      339.00
35.0000      358.00
35.0200      350.00
35.0400      340.00
35.0600      374.00
35.0800      355.00
35.1000      361.00
