 2.2400      335.00
 2.2600      356.00
 2.2800      347.00
 2.3000      370.00
 2.3200      325.00
 2.3400      341.00
 2.3600      342.00
 2.3800      310.00
 2.4000      326.00
 2.4200      324.00
 2.4400      322.00
 2.4600      295.00
 2.4800      292.00
 2.5000      312.00
 2.5200      306.00
 2.5400      309.00
 2.5600      326.00
 2.5800      298.00
 2.6000      286.00
 2.6200      273.00
 2.6400      283.00
 2.6600      299.00
 2.6800      267.00
 2.7000      292.00
 2.7200      259.00
 2.7400      302.00
 2.7600      242.00
 2.7800      285.00
 2.8000      277.00
 2.8200      273.00
 2.8400      248.00
 2.8600      257.00
 2.8800      265.00
 2.9000      269.00
 2.9200      258.00
 2.9400      276.00
 2.9600      275.00
 2.9800      279.00
 3.0000      274.00
 3.0200      273.00
 3.0400      283.00
 3.0600      259.00
 3.0800      256.00
 3.1000      247.00
 3.1200      274.00
 3.1400      237.00
 3.1600      266.00
 3.1800      242.00
 3.2000      258.00
 3.2200      243.00
 3.2400      243.00
 3.2600      249.00
 3.2800      259.00
 3.3000      261.00
 3.3200      243.00
 3.3400      240.00
 3.3600      234.00
 3.3800      221.00
 3.4000      250.00
 3.4200      226.00
 3.4400      207.00
 3.4600      224.00
 3.4800      225.00
 3.5000      237.00
 3.5200      222.00
 3.5400      197.00
 3.5600      210.00
 3.5800      210.00
 3.6000      217.00
 3.6200      226.00
 3.6400      196.00
 3.6600      212.00
 3.6800      196.00
 3.7000      187.00
 3.7200      186.00
 3.7400      184.00
 3.7600      203.00
 3.7800      203.00
 3.8000      211.00
 3.8200      197.00
 3.8400      212.00
 3.8600      220.00
 3.8800      213.00
 3.9000      191.00
 3.9200      216.00
 3.9400      209.00
 3.9600      186.00
 3.9800      179.00
 4.0000      183.00
 4.0200      179.00
 4.0400      203.00
 4.0600      186.00
 4.0800      200.00
 4.1000      187.00
 4.1200      194.00
 4.1400      203.00
 4.1600      209.00
 4.1800      182.00
 4.2000      190.00
 4.2200      191.00
 4.2400      179.00
 4.2600      173.00
 4.2800      183.00
 4.3000      193.00
 4.3200      161.00
 4.3400      200.00
 4.3600      172.00
 4.3800      164.00
 4.4000      154.00
 4.4200      178.00
 4.4400      167.00
 4.4600      167.00
 4.4800      147.00
 4.5000      161.00
 4.5200      158.00
 4.5400      169.00
 4.5600      166.00
 4.5800      138.00
 4.6000      153.00
 4.6200      147.00
 4.6400      159.00
 4.6600      131.00
 4.6800      157.00
 4.7000      131.00
 4.7200      156.00
 4.7400      141.00
 4.7600      158.00
 4.7800      152.00
 4.8000      141.00
 4.8200      126.00
 4.8400      143.00
 4.8600      132.00
 4.8800      134.00
 4.9000      147.00
 4.9200      145.00
 4.9400      162.00
 4.9600      130.00
 4.9800      174.00
 5.0000      119.00
 5.0200      134.00
 5.0400      174.00
 5.0600      142.00
 5.0800      151.00
 5.1000      150.00
 5.1200      170.00
 5.1400      158.00
 5.1600      143.00
 5.1800      161.00
 5.2000      144.00
 5.2200      136.00
 5.2400      156.00
 5.2600      155.00
 5.2800      153.00
 5.3000      147.00
 5.3200      144.00
 5.3400      133.00
 5.3600      158.00
 5.3800      135.00
 5.4000      140.00
 5.4200      153.00
 5.4400      147.00
 5.4600      150.00
 5.4800      170.00
 5.5000      157.00
 5.5200      141.00
 5.5400      148.00
 5.5600      138.00
 5.5800      123.00
 5.6000      134.00
 5.6200      141.00
 5.6400      148.00
 5.6600      139.00
 5.6800      142.00
 5.7000      150.00
 5.7200      140.00
 5.7400      137.00
 5.7600      160.00
 5.7800      145.00
 5.8000      174.00
 5.8200      166.00
 5.8400      154.00
 5.8600      154.00
 5.8800      151.00
 5.9000      136.00
 5.9200      139.00
 5.9400      157.00
 5.9600      158.00
 5.9800      134.00
 6.0000      133.00
 6.0200      167.00
 6.0400      162.00
 6.0600      154.00
 6.0800      130.00
 6.1000      150.00
 6.1200      156.00
 6.1400      165.00
 6.1600      155.00
 6.1800      150.00
 6.2000      163.00
 6.2200      144.00
 6.2400      146.00
 6.2600      133.00
 6.2800      137.00
 6.3000      137.00
 6.3200      156.00
 6.3400      148.00
 6.3600      138.00
 6.3800      164.00
 6.4000      153.00
 6.4200      149.00
 6.4400      140.00
 6.4600      132.00
 6.4800      139.00
 6.5000      173.00
 6.5200      143.00
 6.5400      148.00
 6.5600      147.00
 6.5800      168.00
 6.6000      151.00
 6.6200      145.00
 6.6400      151.00
 6.6600      160.00
 6.6800      138.00
 6.7000      138.00
 6.7200      144.00
 6.7400      139.00
 6.7600      147.00
 6.7800      189.00
 6.8000      157.00
 6.8200      177.00
 6.8400      161.00
 6.8600      154.00
 6.8800      198.00
 6.9000      181.00
 6.9200      165.00
 6.9400      154.00
 6.9600      174.00
 6.9800      169.00
 7.0000      157.00
 7.0200      141.00
 7.0400      178.00
 7.0600      153.00
 7.0800      158.00
 7.1000      158.00
 7.1200      153.00
 7.1400      157.00
 7.1600      154.00
 7.1800      144.00
 7.2000      144.00
 7.2200      130.00
 7.2400      174.00
 7.2600      153.00
 7.2800      137.00
 7.3000      191.00
 7.3200      157.00
 7.3400      145.00
 7.3600      142.00
 7.3800      124.00
 7.4000      138.00
 7.4200      139.00
 7.4400      166.00
 7.4600      151.00
 7.4800      142.00
 7.5000      160.00
 7.5200      147.00
 7.5400      156.00
 7.5600      151.00
 7.5800      144.00
 7.6000      137.00
 7.6200      156.00
 7.6400      156.00
 7.6600      136.00
 7.6800      156.00
 7.7000      153.00
 7.7200      136.00
 7.7400      138.00
 7.7600      132.00
 7.7800      154.00
 7.8000      143.00
 7.8200      144.00
 7.8400      155.00
 7.8600      132.00
 7.8800      148.00
 7.9000      166.00
 7.9200      126.00
 7.9400      154.00
 7.9600      142.00
 7.9800      152.00
 8.0000      152.00
 8.0200      166.00
 8.0400      144.00
 8.0600      148.00
 8.0800      131.00
 8.1000      130.00
 8.1200      138.00
 8.1400      164.00
 8.1600      157.00
 8.1800      174.00
 8.2000      161.00
 8.2200      151.00
 8.2400      166.00
 8.2600      159.00
 8.2800      151.00
 8.3000      142.00
 8.3200      163.00
 8.3400      133.00
 8.3600      170.00
 8.3800      152.00
 8.4000      157.00
 8.4200      149.00
 8.4400      143.00
 8.4600      173.00
 8.4800      154.00
 8.5000      161.00
 8.5200      151.00
 8.5400      164.00
 8.5600      171.00
 8.5800      171.00
 8.6000      162.00
 8.6200      151.00
 8.6400      176.00
 8.6600      168.00
 8.6800      181.00
 8.7000      190.00
 8.7200      161.00
 8.7400      185.00
 8.7600      197.00
 8.7800      213.00
 8.8000      187.00
 8.8200      201.00
 8.8400      205.00
 8.8600      192.00
 8.8800      216.00
 8.9000      179.00
 8.9200      176.00
 8.9400      168.00
 8.9600      198.00
 8.9800      164.00
 9.0000      160.00
 9.0200      163.00
 9.0400      157.00
 9.0600      175.00
 9.0800      181.00
 9.1000      170.00
 9.1200      165.00
 9.1400      166.00
 9.1600      134.00
 9.1800      157.00
 9.2000      160.00
 9.2200      128.00
 9.2400      162.00
 9.2600      145.00
 9.2800      144.00
 9.3000      164.00
 9.3200      148.00
 9.3400      163.00
 9.3600      165.00
 9.3800      171.00
 9.4000      166.00
 9.4200      179.00
 9.4400      155.00
 9.4600      170.00
 9.4800      150.00
 9.5000      157.00
 9.5200      154.00
 9.5400      167.00
 9.5600      179.00
 9.5800      162.00
 9.6000      168.00
 9.6200      170.00
 9.6400      178.00
 9.6600      144.00
 9.6800      155.00
 9.7000      172.00
 9.7200      168.00
 9.7400      158.00
 9.7600      157.00
 9.7800      162.00
 9.8000      171.00
 9.8200      169.00
 9.8400      175.00
 9.8600      183.00
 9.8800      172.00
 9.9000      205.00
 9.9200      170.00
 9.9400      211.00
 9.9600      217.00
 9.9800      204.00
10.0000      178.00
10.0200      192.00
10.0400      194.00
10.0600      184.00
10.0800      170.00
10.1000      167.00
10.1200      167.00
10.1400      162.00
10.1600      166.00
10.1800      171.00
10.2000      178.00
10.2200      138.00
10.2400      169.00
10.2600      165.00
10.2800      170.00
10.3000      164.00
10.3200      184.00
10.3400      189.00
10.3600      185.00
10.3800      178.00
10.4000      189.00
10.4200      170.00
10.4400      198.00
10.4600      171.00
10.4800      166.00
10.5000      158.00
10.5200      175.00
10.5400      167.00
10.5600      189.00
10.5800      218.00
10.6000      173.00
10.6200      158.00
10.6400      200.00
10.6600      197.00
10.6800      198.00
10.7000      182.00
10.7200      201.00
10.7400      233.00
10.7600      211.00
10.7800      186.00
10.8000      222.00
10.8200      216.00
10.8400      247.00
10.8600      241.00
10.8800      256.00
10.9000      282.00
10.9200      318.00
10.9400      322.00
10.9600      346.00
10.9800      388.00
11.0000      437.00
11.0200      449.00
11.0400      464.00
11.0600      539.00
11.0800      531.00
11.1000      566.00
11.1200      602.00
11.1400      576.00
11.1600      522.00
11.1800      535.00
11.2000      477.00
11.2200      498.00
11.2400      547.00
11.2600      515.00
11.2800      532.00
11.3000      568.00
11.3200      526.00
11.3400      507.00
11.3600      476.00
11.3800      421.00
11.4000      410.00
11.4200      391.00
11.4400      360.00
11.4600      304.00
11.4800      260.00
11.5000      284.00
11.5200      214.00
11.5400      221.00
11.5600      258.00
11.5800      246.00
11.6000      193.00
11.6200      192.00
11.6400      189.00
11.6600      190.00
11.6800      219.00
11.7000      209.00
11.7200      185.00
11.7400      217.00
11.7600      200.00
11.7800      194.00
11.8000      250.00
11.8200      242.00
11.8400      272.00
11.8600      255.00
11.8800      235.00
11.9000      276.00
11.9200      288.00
11.9400      312.00
11.9600      335.00
11.9800      355.00
12.0000      376.00
12.0200      418.00
12.0400      429.00
12.0600      475.00
12.0800      546.00
12.1000      548.00
12.1200      558.00
12.1400      591.00
12.1600      610.00
12.1800      590.00
12.2000      598.00
12.2200      550.00
12.2400      544.00
12.2600      524.00
12.2800      495.00
12.3000      425.00
12.3200      392.00
12.3400      383.00
12.3600      406.00
12.3800      410.00
12.4000      433.00
12.4200      441.00
12.4400      435.00
12.4600      587.00
12.4800      572.00
12.5000      684.00
12.5200      659.00
12.5400      731.00
12.5600      687.00
12.5800      705.00
12.6000      641.00
12.6200      617.00
12.6400      526.00
12.6600      523.00
12.6800      436.00
12.7000      377.00
12.7200      362.00
12.7400      340.00
12.7600      288.00
12.7800      259.00
12.8000      263.00
12.8200      234.00
12.8400      211.00
12.8600      222.00
12.8800      225.00
12.9000      184.00
12.9200      199.00
12.9400      207.00
12.9600      214.00
12.9800      197.00
13.0000      178.00
13.0200      191.00
13.0400      181.00
13.0600      186.00
13.0800      184.00
13.1000      191.00
13.1200      182.00
13.1400      184.00
13.1600      194.00
13.1800      179.00
13.2000      189.00
13.2200      197.00
13.2400      196.00
13.2600      192.00
13.2800      213.00
13.3000      206.00
13.3200      205.00
13.3400      179.00
13.3600      189.00
13.3800      196.00
13.4000      186.00
13.4200      202.00
13.4400      183.00
13.4600      192.00
13.4800      198.00
13.5000      174.00
13.5200      174.00
13.5400      149.00
13.5600      196.00
13.5800      199.00
13.6000      189.00
13.6200      192.00
13.6400      178.00
13.6600      187.00
13.6800      173.00
13.7000      216.00
13.7200      206.00
13.7400      188.00
13.7600      179.00
13.7800      205.00
13.8000      219.00
13.8200      194.00
13.8400      202.00
13.8600      230.00
13.8800      197.00
13.9000      247.00
13.9200      258.00
13.9400      242.00
13.9600      261.00
13.9800      282.00
14.0000      293.00
14.0200      295.00
14.0400      320.00
14.0600      385.00
14.0800      427.00
14.1000      449.00
14.1200      511.00
14.1400      559.00
14.1600      668.00
14.1800      672.00
14.2000      726.00
14.2200      785.00
14.2400      894.00
14.2600      862.00
14.2800      805.00
14.3000      813.00
14.3200      738.00
14.3400      731.00
14.3600      682.00
14.3800      624.00
14.4000      573.00
14.4200      577.00
14.4400      492.00
14.4600      473.00
14.4800      412.00
14.5000      427.00
14.5200      387.00
14.5400      369.00
14.5600      296.00
14.5800      282.00
14.6000      288.00
14.6200      234.00
14.6400      238.00
14.6600      229.00
14.6800      205.00
14.7000      226.00
14.7200      205.00
14.7400      194.00
14.7600      196.00
14.7800      216.00
14.8000      189.00
14.8200      175.00
14.8400      185.00
14.8600      199.00
14.8800      179.00
14.9000      195.00
14.9200      186.00
14.9400      158.00
14.9600      190.00
14.9800      198.00
15.0000      194.00
15.0200      194.00
15.0400      171.00
15.0600      185.00
15.0800      195.00
15.1000      197.00
15.1200      192.00
15.1400      170.00
15.1600      203.00
15.1800      177.00
15.2000      201.00
15.2200      184.00
15.2400      201.00
15.2600      179.00
15.2800      183.00
15.3000      204.00
15.3200      170.00
15.3400      171.00
15.3600      158.00
15.3800      190.00
15.4000      200.00
15.4200      160.00
15.4400      182.00
15.4600      172.00
15.4800      177.00
15.5000      169.00
15.5200      197.00
15.5400      177.00
15.5600      180.00
15.5800      195.00
15.6000      181.00
15.6200      200.00
15.6400      200.00
15.6600      196.00
15.6800      203.00
15.7000      199.00
15.7200      182.00
15.7400      212.00
15.7600      212.00
15.7800      235.00
15.8000      237.00
15.8200      250.00
15.8400      267.00
15.8600      327.00
15.8800      311.00
15.9000      360.00
15.9200      352.00
15.9400      365.00
15.9600      391.00
15.9800      394.00
16.0000      353.00
16.0200      357.00
16.0400      339.00
16.0600      360.00
16.0800      324.00
16.1000      360.00
16.1200      348.00
16.1400      369.00
16.1600      355.00
16.1800      371.00
16.2000      397.00
16.2200      388.00
16.2400      384.00
16.2600      376.00
16.2800      395.00
16.3000      410.00
16.3200      353.00
16.3400      330.00
16.3600      350.00
16.3800      358.00
16.4000      353.00
16.4200      379.00
16.4400      393.00
16.4600      469.00
16.4800      436.00
16.5000      501.00
16.5200      485.00
16.5400      484.00
16.5600      491.00
16.5800      450.00
16.6000      432.00
16.6200      453.00
16.6400      378.00
16.6600      355.00
16.6800      327.00
16.7000      314.00
16.7200      284.00
16.7400      283.00
16.7600      248.00
16.7800      241.00
16.8000      250.00
16.8200      245.00
16.8400      239.00
16.8600      228.00
16.8800      272.00
16.9000      234.00
16.9200      261.00
16.9400      295.00
16.9600      279.00
16.9800      343.00
17.0000      375.00
17.0200      382.00
17.0400      401.00
17.0600      480.00
17.0800      491.00
17.1000      513.00
17.1200      550.00
17.1400      517.00
17.1600      511.00
17.1800      497.00
17.2000      487.00
17.2200      479.00
17.2400      455.00
17.2600      462.00
17.2800      445.00
17.3000      475.00
17.3200      480.00
17.3400      520.00
17.3600      584.00
17.3800      645.00
17.4000      729.00
17.4200      830.00
17.4400      904.00
17.4600     1118.00
17.4800     1202.00
17.5000     1319.00
17.5200     1425.00
17.5400     1560.00
17.5600     1718.00
17.5800     1745.00
17.6000     1836.00
17.6200     1809.00
17.6400     1855.00
17.6600     1807.00
17.6800     1682.00
17.7000     1503.00
17.7200     1346.00
17.7400     1209.00
17.7600     1011.00
17.7800      798.00
17.8000      718.00
17.8200      654.00
17.8400      566.00
17.8600      469.00
17.8800      461.00
17.9000      426.00
17.9200      413.00
17.9400      387.00
17.9600      390.00
17.9800      360.00
18.0000      340.00
18.0200      327.00
18.0400      302.00
18.0600      284.00
18.0800      294.00
18.1000      299.00
18.1200      259.00
18.1400      262.00
18.1600      273.00
18.1800      244.00
18.2000      290.00
18.2200      296.00
18.2400      295.00
18.2600      330.00
18.2800      395.00
18.3000      448.00
18.3200      428.00
18.3400      522.00
18.3600      557.00
18.3800      601.00
18.4000      688.00
18.4200      694.00
18.4400      729.00
18.4600      809.00
18.4800      779.00
18.5000      722.00
18.5200      636.00
18.5400      590.00
18.5600      593.00
18.5800      527.00
18.6000      431.00
18.6200      392.00
18.6400      371.00
18.6600      348.00
18.6800      313.00
18.7000      309.00
18.7200      321.00
18.7400      323.00
18.7600      325.00
18.7800      344.00
18.8000      323.00
18.8200      329.00
18.8400      348.00
18.8600      309.00
18.8800      325.00
18.9000      314.00
18.9200      289.00
18.9400      300.00
18.9600      266.00
18.9800      291.00
19.0000      298.00
19.0200      264.00
19.0400      311.00
19.0600      296.00
19.0800      280.00
19.1000      305.00
19.1200      289.00
19.1400      308.00
19.1600      307.00
19.1800      314.00
19.2000      298.00
19.2200      338.00
19.2400      333.00
19.2600      324.00
19.2800      357.00
19.3000      295.00
19.3200      307.00
19.3400      315.00
19.3600      303.00
19.3800      310.00
19.4000      308.00
19.4200      355.00
19.4400      346.00
19.4600      400.00
19.4800      418.00
19.5000      521.00
19.5200      553.00
19.5400      639.00
19.5600      785.00
19.5800      921.00
19.6000     1107.00
19.6200     1212.00
19.6400     1256.00
19.6600     1386.00
19.6800     1354.00
19.7000     1455.00
19.7200     1483.00
19.7400     1386.00
19.7600     1353.00
19.7800     1150.00
19.8000     1087.00
19.8200      991.00
19.8400      861.00
19.8600      757.00
19.8800      662.00
19.9000      587.00
19.9200      517.00
19.9400      467.00
19.9600      432.00
19.9800      355.00
20.0000      327.00
20.0200      343.00
20.0400      334.00
20.0600      310.00
20.0800      284.00
20.1000      272.00
20.1200      270.00
20.1400      264.00
20.1600      228.00
20.1800      264.00
20.2000      235.00
20.2200      245.00
20.2400      266.00
20.2600      225.00
20.2800      221.00
20.3000      250.00
20.3200      231.00
20.3400      249.00
20.3600      236.00
20.3800      249.00
20.4000      246.00
20.4200      263.00
20.4400      254.00
20.4600      286.00
20.4800      264.00
20.5000      293.00
20.5200      330.00
20.5400      321.00
20.5600      385.00
20.5800      365.00
20.6000      445.00
20.6200      483.00
20.6400      520.00
20.6600      576.00
20.6800      649.00
20.7000      734.00
20.7200      763.00
20.7400      826.00
20.7600      732.00
20.7800      824.00
20.8000      858.00
20.8200      850.00
20.8400      917.00
20.8600      956.00
20.8800     1094.00
20.9000     1150.00
20.9200     1272.00
20.9400     1434.00
20.9600     1666.00
20.9800     1778.00
21.0000     2029.00
21.0200     2224.00
21.0400     2377.00
21.0600     2519.00
21.0800     2486.00
21.1000     2404.00
21.1200     2315.00
21.1400     2165.00
21.1600     1934.00
21.1800     1709.00
21.2000     1500.00
21.2200     1260.00
21.2400     1084.00
21.2600      911.00
21.2800      750.00
21.3000      629.00
21.3200      520.00
21.3400      478.00
21.3600      425.00
21.3800      345.00
21.4000      324.00
21.4200      328.00
21.4400      280.00
21.4600      244.00
21.4800      283.00
21.5000      242.00
21.5200      231.00
21.5400      247.00
21.5600      240.00
21.5800      221.00
21.6000      216.00
21.6200      248.00
21.6400      247.00
21.6600      247.00
21.6800      212.00
21.7000      221.00
21.7200      197.00
21.7400      195.00
21.7600      257.00
21.7800      234.00
21.8000      201.00
21.8200      215.00
21.8400      207.00
21.8600      267.00
21.8800      227.00
21.9000      222.00
21.9200      230.00
21.9400      229.00
21.9600      226.00
21.9800      256.00
22.0000      247.00
22.0200      271.00
22.0400      266.00
22.0600      258.00
22.0800      269.00
22.1000      293.00
22.1200      270.00
22.1400      297.00
22.1600      340.00
22.1800      336.00
22.2000      372.00
22.2200      407.00
22.2400      423.00
22.2600      439.00
22.2800      421.00
22.3000      473.00
22.3200      457.00
22.3400      433.00
22.3600      514.00
22.3800      515.00
22.4000      505.00
22.4200      511.00
22.4400      499.00
22.4600      481.00
22.4800      551.00
22.5000      625.00
22.5200      630.00
22.5400      699.00
22.5600      725.00
22.5800      891.00
22.6000      916.00
22.6200     1012.00
22.6400     1015.00
22.6600     1016.00
22.6800      987.00
22.7000      981.00
22.7200      924.00
22.7400      792.00
22.7600      751.00
22.7800      650.00
22.8000      603.00
22.8200      557.00
22.8400      496.00
22.8600      467.00
22.8800      490.00
22.9000      472.00
22.9200      516.00
22.9400      499.00
22.9600      470.00
22.9800      498.00
23.0000      539.00
23.0200      567.00
23.0400      585.00
23.0600      607.00
23.0800      655.00
23.1000      650.00
23.1200      667.00
23.1400      739.00
23.1600      699.00
23.1800      697.00
23.2000      702.00
23.2200      646.00
23.2400      613.00
23.2600      600.00
23.2800      577.00
23.3000      577.00
23.3200      592.00
23.3400      584.00
23.3600      656.00
23.3800      655.00
23.4000      702.00
23.4200      701.00
23.4400      716.00
23.4600      680.00
23.4800      612.00
23.5000      622.00
23.5200      542.00
23.5400      500.00
23.5600      480.00
23.5800      394.00
23.6000      384.00
23.6200      324.00
23.6400      341.00
23.6600      297.00
23.6800      290.00
23.7000      278.00
23.7200      278.00
23.7400      263.00
23.7600      251.00
23.7800      256.00
23.8000      281.00
23.8200      274.00
23.8400      303.00
23.8600      296.00
23.8800      304.00
23.9000      287.00
23.9200      335.00
23.9400      369.00
23.9600      373.00
23.9800      383.00
24.0000      438.00
24.0200      467.00
24.0400      483.00
24.0600      593.00
24.0800      615.00
24.1000      633.00
24.1200      639.00
24.1400      659.00
24.1600      716.00
24.1800      687.00
24.2000      677.00
24.2200      643.00
24.2400      597.00
24.2600      627.00
24.2800      619.00
24.3000      726.00
24.3200      781.00
24.3400      794.00
24.3600      852.00
24.3800      949.00
24.4000      975.00
24.4200     1014.00
24.4400      987.00
24.4600     1003.00
24.4800      911.00
24.5000      737.00
24.5200      686.00
24.5400      608.00
24.5600      543.00
24.5800      527.00
24.6000      475.00
24.6200      410.00
24.6400      373.00
24.6600      331.00
24.6800      328.00
24.7000      336.00
24.7200      288.00
24.7400      311.00
24.7600      317.00
24.7800      373.00
24.8000      364.00
24.8200      408.00
24.8400      429.00
24.8600      494.00
24.8800      519.00
24.9000      631.00
24.9200      684.00
24.9400      747.00
24.9600      746.00
24.9800      799.00
25.0000      789.00
25.0200      722.00
25.0400      662.00
25.0600      596.00
25.0800      528.00
25.1000      484.00
25.1200      443.00
25.1400      427.00
25.1600      368.00
25.1800      354.00
25.2000      302.00
25.2200      271.00
25.2400      289.00
25.2600      242.00
25.2800      240.00
25.3000      239.00
25.3200      204.00
25.3400      226.00
25.3600      224.00
25.3800      198.00
25.4000      197.00
25.4200      175.00
25.4400      195.00
25.4600      216.00
25.4800      194.00
25.5000      202.00
25.5200      193.00
25.5400      188.00
25.5600      217.00
25.5800      217.00
25.6000      217.00
25.6200      189.00
25.6400      207.00
25.6600      187.00
25.6800      198.00
25.7000      183.00
25.7200      197.00
25.7400      185.00
25.7600      203.00
25.7800      184.00
25.8000      224.00
25.8200      247.00
25.8400      211.00
25.8600      224.00
25.8800      202.00
25.9000      229.00
25.9200      211.00
25.9400      271.00
25.9600      288.00
25.9800      278.00
26.0000      329.00
26.0200      319.00
26.0400      371.00
26.0600      346.00
26.0800      346.00
26.1000      378.00
26.1200      430.00
26.1400      385.00
26.1600      459.00
26.1800      443.00
26.2000      512.00
26.2200      495.00
26.2400      536.00
26.2600      546.00
26.2800      504.00
26.3000      541.00
26.3200      517.00
26.3400      464.00
26.3600      442.00
26.3800      427.00
26.4000      473.00
26.4200      452.00
26.4400      467.00
26.4600      447.00
26.4800      452.00
26.5000      431.00
26.5200      413.00
26.5400      417.00
26.5600      413.00
26.5800      402.00
26.6000      385.00
26.6200      390.00
26.6400      380.00
26.6600      335.00
26.6800      292.00
26.7000      295.00
26.7200      252.00
26.7400      231.00
26.7600      198.00
26.7800      219.00
26.8000      222.00
26.8200      185.00
26.8400      179.00
26.8600      197.00
26.8800      202.00
26.9000      214.00
26.9200      195.00
26.9400      213.00
26.9600      190.00
26.9800      230.00
27.0000      229.00
27.0200      252.00
27.0400      222.00
27.0600      235.00
27.0800      232.00
27.1000      249.00
27.1200      213.00
27.1400      217.00
27.1600      257.00
27.1800      240.00
27.2000      279.00
27.2200      264.00
27.2400      272.00
27.2600      280.00
27.2800      272.00
27.3000      324.00
27.3200      332.00
27.3400      292.00
27.3600      333.00
27.3800      342.00
27.4000      312.00
27.4200      331.00
27.4400      315.00
27.4600      316.00
27.4800      317.00
27.5000      314.00
27.5200      319.00
27.5400      352.00
27.5600      323.00
27.5800      359.00
27.6000      380.00
27.6200      405.00
27.6400      446.00
27.6600      488.00
27.6800      499.00
27.7000      529.00
27.7200      498.00
27.7400      552.00
27.7600      545.00
27.7800      553.00
27.8000      546.00
27.8200      467.00
27.8400      475.00
27.8600      430.00
27.8800      438.00
27.9000      396.00
27.9200      352.00
27.9400      371.00
27.9600      350.00
27.9800      299.00
28.0000      295.00
28.0200      278.00
28.0400      302.00
28.0600      280.00
28.0800      274.00
28.1000      266.00
28.1200      254.00
28.1400      262.00
28.1600      276.00
28.1800      259.00
28.2000      258.00
28.2200      278.00
28.2400      286.00
28.2600      285.00
28.2800      296.00
28.3000      311.00
28.3200      341.00
28.3400      371.00
28.3600      454.00
28.3800      491.00
28.4000      631.00
28.4200      664.00
28.4400      697.00
28.4600      788.00
28.4800      865.00
28.5000      969.00
28.5200      930.00
28.5400      969.00
28.5600      992.00
28.5800      936.00
28.6000      866.00
28.6200      829.00
28.6400      815.00
28.6600      746.00
28.6800      648.00
28.7000      626.00
28.7200      545.00
28.7400      532.00
28.7600      572.00
28.7800      509.00
28.8000      434.00
28.8200      431.00
28.8400      380.00
28.8600      358.00
28.8800      369.00
28.9000      367.00
28.9200      313.00
28.9400      326.00
28.9600      349.00
28.9800      332.00
29.0000      348.00
29.0200      337.00
29.0400      351.00
29.0600      320.00
29.0800      353.00
29.1000      340.00
29.1200      385.00
29.1400      358.00
29.1600      420.00
29.1800      406.00
29.2000      436.00
29.2200      416.00
29.2400      423.00
29.2600      435.00
29.2800      425.00
29.3000      384.00
29.3200      398.00
29.3400      425.00
29.3600      414.00
29.3800      440.00
29.4000      458.00
29.4200      453.00
29.4400      484.00
29.4600      507.00
29.4800      518.00
29.5000      568.00
29.5200      551.00
29.5400      486.00
29.5600      421.00
29.5800      409.00
29.6000      353.00
29.6200      361.00
29.6400      332.00
29.6600      295.00
29.6800      262.00
29.7000      250.00
29.7200      248.00
29.7400      242.00
29.7600      198.00
29.7800      208.00
29.8000      201.00
29.8200      164.00
29.8400      198.00
29.8600      207.00
29.8800      188.00
29.9000      205.00
29.9200      201.00
29.9400      194.00
29.9600      210.00
29.9800      243.00
30.0000      266.00
30.0200      210.00
30.0400      289.00
30.0600      280.00
30.0800      294.00
30.1000      318.00
30.1200      347.00
30.1400      312.00
30.1600      296.00
30.1800      336.00
30.2000      298.00
30.2200      318.00
30.2400      321.00
30.2600      335.00
30.2800      315.00
30.3000      342.00
30.3200      270.00
30.3400      300.00
30.3600      262.00
30.3800      265.00
30.4000      247.00
30.4200      260.00
30.4400      252.00
30.4600      182.00
30.4800      236.00
30.5000      235.00
30.5200      203.00
30.5400      196.00
30.5600      192.00
30.5800      198.00
30.6000      213.00
30.6200      190.00
30.6400      221.00
30.6600      242.00
30.6800      212.00
30.7000      206.00
30.7200      214.00
30.7400      204.00
30.7600      217.00
30.7800      245.00
30.8000      194.00
30.8200      205.00
30.8400      206.00
30.8600      199.00
30.8800      214.00
30.9000      176.00
30.9200      193.00
30.9400      191.00
30.9600      218.00
30.9800      219.00
31.0000      201.00
31.0200      191.00
31.0400      231.00
31.0600      185.00
31.0800      218.00
31.1000      193.00
31.1200      190.00
31.1400      191.00
31.1600      183.00
31.1800      172.00
31.2000      157.00
31.2200      178.00
31.2400      168.00
31.2600      153.00
31.2800      169.00
31.3000      168.00
31.3200      145.00
31.3400      178.00
31.3600      147.00
31.3800      156.00
31.4000      166.00
31.4200      154.00
31.4400      191.00
31.4600      181.00
31.4800      180.00
31.5000      181.00
31.5200      195.00
31.5400      191.00
31.5600      210.00
31.5800      228.00
31.6000      214.00
31.6200      211.00
31.6400      213.00
31.6600      237.00
31.6800      188.00
31.7000      210.00
31.7200      175.00
31.7400      185.00
31.7600      192.00
31.7800      193.00
31.8000      150.00
31.8200      196.00
31.8400      192.00
31.8600      193.00
31.8800      206.00
31.9000      177.00
31.9200      213.00
31.9400      220.00
31.9600      225.00
31.9800      231.00
32.0000      248.00
32.0200      255.00
32.0400      264.00
32.0600      218.00
32.0800      259.00
32.1000      292.00
32.1200      289.00
32.1400      287.00
32.1600      316.00
32.1800      282.00
32.2000      258.00
32.2200      301.00
32.2400      302.00
32.2600      289.00
32.2800      293.00
32.3000      309.00
32.3200      278.00
32.3400      281.00
32.3600      338.00
32.3800      287.00
32.4000      291.00
32.4200      259.00
32.4400      261.00
32.4600      269.00
32.4800      268.00
32.5000      294.00
32.5200      291.00
32.5400      306.00
32.5600      328.00
32.5800      310.00
32.6000      311.00
32.6200      328.00
32.6400      294.00
32.6600      314.00
32.6800      320.00
32.7000      335.00
32.7200      318.00
32.7400      310.00
32.7600      292.00
32.7800      302.00
32.8000      299.00
32.8200      281.00
32.8400      254.00
32.8600      268.00
32.8800      270.00
32.9000      232.00
32.9200      245.00
32.9400      231.00
32.9600      227.00
32.9800      206.00
33.0000      238.00
33.0200      249.00
33.0400      213.00
33.0600      235.00
33.0800      247.00
33.1000      248.00
33.1200      219.00
33.1400      230.00
33.1600      215.00
33.1800      240.00
33.2000      260.00
33.2200      287.00
33.2400      290.00
33.2600      314.00
33.2800      328.00
33.3000      363.00
33.3200      306.00
33.3400      322.00
33.3600      321.00
33.3800      337.00
33.4000      360.00
33.4200      307.00
33.4400      280.00
33.4600      290.00
33.4800      257.00
33.5000      270.00
33.5200      250.00
33.5400      254.00
33.5600      228.00
33.5800      245.00
33.6000      222.00
33.6200      251.00
33.6400      209.00
33.6600      199.00
33.6800      216.00
33.7000      202.00
33.7200      196.00
33.7400      164.00
33.7600      153.00
33.7800      182.00
33.8000      144.00
33.8200      169.00
33.8400      176.00
33.8600      158.00
33.8800      150.00
33.9000      172.00
33.9200      166.00
33.9400      171.00
33.9600      186.00
33.9800      162.00
34.0000      170.00
34.0200      168.00
34.0400      166.00
34.0600      163.00
34.0800      173.00
34.1000      203.00
34.1200      206.00
34.1400      251.00
34.1600      247.00
34.1800      242.00
34.2000      264.00
34.2200      272.00
34.2400      304.00
34.2600      304.00
34.2800      311.00
34.3000      265.00
34.3200      313.00
34.3400      260.00
34.3600      274.00
34.3800      209.00
34.4000      224.00
34.4200      200.00
34.4400      213.00
34.4600      192.00
34.4800      164.00
34.5000      155.00
34.5200      170.00
34.5400      192.00
34.5600      165.00
34.5800      172.00
34.6000      170.00
34.6200      171.00
34.6400      143.00
34.6600      153.00
34.6800      197.00
34.7000      146.00
34.7200      164.00
34.7400      151.00
34.7600      129.00
34.7800      163.00
34.8000      144.00
34.8200      176.00
34.8400      157.00
34.8600      172.00
34.8800      199.00
34.9000      183.00
34.9200      188.00
34.9400      195.00
34.9600      208.00
34.9800      201.00
35.0000      170.00
35.0200      183.00
35.0400      188.00
