 3.0200      272.00
 3.0400      293.00
 3.0600      267.00
 3.0800      272.00
 3.1000      287.00
 3.1200      280.00
 3.1400      291.00
 3.1600      246.00
 3.1800      244.00
 3.2000      260.00
 3.2200      245.00
 3.2400      228.00
 3.2600      237.00
 3.2800      238.00
 3.3000      240.00
 3.3200      239.00
 3.3400      242.00
 3.3600      231.00
 3.3800      258.00
 3.4000      218.00
 3.4200      243.00
 3.4400      272.00
 3.4600      254.00
 3.4800      230.00
 3.5000      260.00
 3.5200      231.00
 3.5400      202.00
 3.5600      233.00
 3.5800      227.00
 3.6000      209.00
 3.6200      234.00
 3.6400      218.00
 3.6600      205.00
 3.6800      206.00
 3.7000      210.00
 3.7200      198.00
 3.7400      225.00
 3.7600      211.00
 3.7800      226.00
 3.8000      232.00
 3.8200      213.00
 3.8400      189.00
 3.8600      218.00
 3.8800      208.00
 3.9000      182.00
 3.9200      203.00
 3.9400      165.00
 3.9600      194.00
 3.9800      190.00
 4.0000      174.00
 4.0200      178.00
 4.0400      186.00
 4.0600      179.00
 4.0800      194.00
 4.1000      178.00
 4.1200      194.00
 4.1400      170.00
 4.1600      178.00
 4.1800      181.00
 4.2000      178.00
 4.2200      186.00
 4.2400      165.00
 4.2600      172.00
 4.2800      179.00
 4.3000      138.00
 4.3200      171.00
 4.3400      191.00
 4.3600      176.00
 4.3800      176.00
 4.4000      172.00
 4.4200      189.00
 4.4400      164.00
 4.4600      157.00
 4.4800      176.00
 4.5000      152.00
 4.5200      167.00
 4.5400      144.00
 4.5600      154.00
 4.5800      144.00
 4.6000      158.00
 4.6200      132.00
 4.6400      161.00
 4.6600      168.00
 4.6800      132.00
 4.7000      149.00
 4.7200      179.00
 4.7400      159.00
 4.7600      143.00
 4.7800      149.00
 4.8000      138.00
 4.8200      181.00
 4.8400      164.00
 4.8600      149.00
 4.8800      138.00
 4.9000      144.00
 4.9200      158.00
 4.9400      150.00
 4.9600      171.00
 4.9800      158.00
 5.0000      124.00
 5.0200      147.00
 5.0400      166.00
 5.0600      158.00
 5.0800      159.00
 5.1000      162.00
 5.1200      120.00
 5.1400      142.00
 5.1600      136.00
 5.1800      139.00
 5.2000      162.00
 5.2200      148.00
 5.2400      159.00
 5.2600      131.00
 5.2800      145.00
 5.3000      154.00
 5.3200      131.00
 5.3400      142.00
 5.3600      158.00
 5.3800      139.00
 5.4000      160.00
 5.4200      154.00
 5.4400      159.00
 5.4600      139.00
 5.4800      136.00
 5.5000      141.00
 5.5200      146.00
 5.5400      153.00
 5.5600      144.00
 5.5800      142.00
 5.6000      149.00
 5.6200      151.00
 5.6400      137.00
 5.6600      150.00
 5.6800      121.00
 5.7000      161.00
 5.7200      129.00
 5.7400      139.00
 5.7600      142.00
 5.7800      150.00
 5.8000      152.00
 5.8200      125.00
 5.8400      127.00
 5.8600      140.00
 5.8800      127.00
 5.9000      137.00
 5.9200      162.00
 5.9400      147.00
 5.9600      154.00
 5.9800      165.00
 6.0000      115.00
 6.0200      135.00
 6.0400      136.00
 6.0600      148.00
 6.0800      143.00
 6.1000      150.00
 6.1200      132.00
 6.1400      139.00
 6.1600      117.00
 6.1800      147.00
 6.2000      125.00
 6.2200      138.00
 6.2400      145.00
 6.2600      147.00
 6.2800      153.00
 6.3000      108.00
 6.3200      135.00
 6.3400      129.00
 6.3600      148.00
 6.3800      138.00
 6.4000      154.00
 6.4200      161.00
 6.4400      140.00
 6.4600      147.00
 6.4800      133.00
 6.5000      144.00
 6.5200      157.00
 6.5400      154.00
 6.5600      150.00
 6.5800      136.00
 6.6000      141.00
 6.6200      139.00
 6.6400      155.00
 6.6600      149.00
 6.6800      173.00
 6.7000      159.00
 6.7200      174.00
 6.7400      150.00
 6.7600      150.00
 6.7800      175.00
 6.8000      204.00
 6.8200      165.00
 6.8400      209.00
 6.8600      182.00
 6.8800      165.00
 6.9000      175.00
 6.9200      166.00
 6.9400      170.00
 6.9600      156.00
 6.9800      163.00
 7.0000      143.00
 7.0200      155.00
 7.0400      173.00
 7.0600      158.00
 7.0800      147.00
 7.1000      152.00
 7.1200      125.00
 7.1400      146.00
 7.1600      144.00
 7.1800      165.00
 7.2000      144.00
 7.2200      175.00
 7.2400      154.00
 7.2600      157.00
 7.2800      141.00
 7.3000      159.00
 7.3200      135.00
 7.3400      156.00
 7.3600      140.00
 7.3800      160.00
 7.4000      140.00
 7.4200      146.00
 7.4400      159.00
 7.4600      152.00
 7.4800      171.00
 7.5000      152.00
 7.5200      173.00
 7.5400      137.00
 7.5600      152.00
 7.5800      158.00
 7.6000      154.00
 7.6200      146.00
 7.6400      143.00
 7.6600      139.00
 7.6800      138.00
 7.7000      134.00
 7.7200      162.00
 7.7400      139.00
 7.7600      138.00
 7.7800      140.00
 7.8000      143.00
 7.8200      153.00
 7.8400      155.00
 7.8600      143.00
 7.8800      136.00
 7.9000      168.00
 7.9200      143.00
 7.9400      143.00
 7.9600      123.00
 7.9800      139.00
 8.0000      166.00
 8.0200      152.00
 8.0400      137.00
 8.0600      137.00
 8.0800      148.00
 8.1000      157.00
 8.1200      144.00
 8.1400      144.00
 8.1600      145.00
 8.1800      140.00
 8.2000      164.00
 8.2200      145.00
 8.2400      146.00
 8.2600      138.00
 8.2800      148.00
 8.3000      149.00
 8.3200      138.00
 8.3400      158.00
 8.3600      149.00
 8.3800      153.00
 8.4000      165.00
 8.4200      141.00
 8.4400      154.00
 8.4600      130.00
 8.4800      135.00
 8.5000      157.00
 8.5200      184.00
 8.5400      170.00
 8.5600      171.00
 8.5800      172.00
 8.6000      143.00
 8.6200      154.00
 8.6400      177.00
 8.6600      153.00
 8.6800      166.00
 8.7000      192.00
 8.7200      175.00
 8.7400      168.00
 8.7600      196.00
 8.7800      191.00
 8.8000      146.00
 8.8200      188.00
 8.8400      160.00
 8.8600      156.00
 8.8800      153.00
 8.9000      169.00
 8.9200      173.00
 8.9400      149.00
 8.9600      166.00
 8.9800      148.00
 9.0000      155.00
 9.0200      142.00
 9.0400      138.00
 9.0600      154.00
 9.0800      151.00
 9.1000      120.00
 9.1200      164.00
 9.1400      156.00
 9.1600      164.00
 9.1800      144.00
 9.2000      131.00
 9.2200      154.00
 9.2400      135.00
 9.2600      145.00
 9.2800      137.00
 9.3000      147.00
 9.3200      145.00
 9.3400      142.00
 9.3600      144.00
 9.3800      153.00
 9.4000      141.00
 9.4200      150.00
 9.4400      165.00
 9.4600      170.00
 9.4800      144.00
 9.5000      144.00
 9.5200      142.00
 9.5400      152.00
 9.5600      164.00
 9.5800      164.00
 9.6000      170.00
 9.6200      173.00
 9.6400      141.00
 9.6600      163.00
 9.6800      161.00
 9.7000      144.00
 9.7200      145.00
 9.7400      138.00
 9.7600      185.00
 9.7800      181.00
 9.8000      174.00
 9.8200      174.00
 9.8400      157.00
 9.8600      178.00
 9.8800      184.00
 9.9000      178.00
 9.9200      158.00
 9.9400      194.00
 9.9600      184.00
 9.9800      180.00
10.0000      175.00
10.0200      152.00
10.0400      170.00
10.0600      149.00
10.0800      179.00
10.1000      181.00
10.1200      135.00
10.1400      160.00
10.1600      154.00
10.1800      177.00
10.2000      162.00
10.2200      135.00
10.2400      148.00
10.2600      164.00
10.2800      156.00
10.3000      152.00
10.3200      155.00
10.3400      150.00
10.3600      144.00
10.3800      152.00
10.4000      164.00
10.4200      172.00
10.4400      152.00
10.4600      138.00
10.4800      144.00
10.5000      164.00
10.5200      157.00
10.5400      169.00
10.5600      179.00
10.5800      168.00
10.6000      169.00
10.6200      160.00
10.6400      161.00
10.6600      162.00
10.6800      165.00
10.7000      187.00
10.7200      192.00
10.7400      198.00
10.7600      237.00
10.7800      211.00
10.8000      201.00
10.8200      225.00
10.8400      255.00
10.8600      253.00
10.8800      281.00
10.9000      304.00
10.9200      367.00
10.9400      334.00
10.9600      385.00
10.9800      434.00
11.0000      483.00
11.0200      497.00
11.0400      496.00
11.0600      484.00
11.0800      481.00
11.1000      444.00
11.1200      440.00
11.1400      405.00
11.1600      389.00
11.1800      392.00
11.2000      400.00
11.2200      432.00
11.2400      461.00
11.2600      480.00
11.2800      450.00
11.3000      402.00
11.3200      368.00
11.3400      349.00
11.3600      320.00
11.3800      289.00
11.4000      230.00
11.4200      209.00
11.4400      174.00
11.4600      166.00
11.4800      171.00
11.5000      179.00
11.5200      159.00
11.5400      164.00
11.5600      181.00
11.5800      165.00
11.6000      163.00
11.6200      172.00
11.6400      191.00
11.6600      194.00
11.6800      186.00
11.7000      208.00
11.7200      196.00
11.7400      188.00
11.7600      205.00
11.7800      218.00
11.8000      203.00
11.8200      215.00
11.8400      229.00
11.8600      279.00
11.8800      240.00
11.9000      288.00
11.9200      282.00
11.9400      359.00
11.9600      353.00
11.9800      372.00
12.0000      407.00
12.0200      498.00
12.0400      485.00
12.0600      522.00
12.0800      551.00
12.1000      588.00
12.1200      514.00
12.1400      601.00
12.1600      533.00
12.1800      498.00
12.2000      480.00
12.2200      384.00
12.2400      337.00
12.2600      338.00
12.2800      247.00
12.3000      260.00
12.3200      274.00
12.3400      289.00
12.3600      292.00
12.3800      324.00
12.4000      372.00
12.4200      421.00
12.4400      483.00
12.4600      511.00
12.4800      579.00
12.5000      599.00
12.5200      673.00
12.5400      627.00
12.5600      580.00
12.5800      532.00
12.6000      461.00
12.6200      380.00
12.6400      360.00
12.6600      281.00
12.6800      246.00
12.7000      192.00
12.7200      191.00
12.7400      181.00
12.7600      179.00
12.7800      188.00
12.8000      187.00
12.8200      165.00
12.8400      192.00
12.8600      186.00
12.8800      168.00
12.9000      184.00
12.9200      149.00
12.9400      160.00
12.9600      167.00
12.9800      190.00
13.0000      178.00
13.0200      159.00
13.0400      180.00
13.0600      185.00
13.0800      186.00
13.1000      173.00
13.1200      165.00
13.1400      184.00
13.1600      184.00
13.1800      170.00
13.2000      185.00
13.2200      173.00
13.2400      191.00
13.2600      153.00
13.2800      143.00
13.3000      183.00
13.3200      186.00
13.3400      189.00
13.3600      175.00
13.3800      166.00
13.4000      162.00
13.4200      179.00
13.4400      165.00
13.4600      191.00
13.4800      158.00
13.5000      168.00
13.5200      194.00
13.5400      194.00
13.5600      147.00
13.5800      176.00
13.6000      157.00
13.6200      152.00
13.6400      151.00
13.6600      156.00
13.6800      185.00
13.7000      191.00
13.7200      188.00
13.7400      210.00
13.7600      190.00
13.7800      189.00
13.8000      179.00
13.8200      197.00
13.8400      181.00
13.8600      197.00
13.8800      214.00
13.9000      210.00
13.9200      234.00
13.9400      249.00
13.9600      246.00
13.9800      263.00
14.0000      267.00
14.0200      325.00
14.0400      363.00
14.0600      387.00
14.0800      440.00
14.1000      487.00
14.1200      567.00
14.1400      729.00
14.1600      733.00
14.1800      747.00
14.2000      738.00
14.2200      811.00
14.2400      739.00
14.2600      694.00
14.2800      670.00
14.3000      552.00
14.3200      510.00
14.3400      442.00
14.3600      422.00
14.3800      385.00
14.4000      385.00
14.4200      339.00
14.4400      326.00
14.4600      305.00
14.4800      272.00
14.5000      249.00
14.5200      226.00
14.5400      206.00
14.5600      202.00
14.5800      193.00
14.6000      176.00
14.6200      206.00
14.6400      191.00
14.6600      167.00
14.6800      184.00
14.7000      182.00
14.7200      193.00
14.7400      172.00
14.7600      180.00
14.7800      186.00
14.8000      181.00
14.8200      171.00
14.8400      175.00
14.8600      199.00
14.8800      180.00
14.9000      186.00
14.9200      177.00
14.9400      182.00
14.9600      186.00
14.9800      187.00
15.0000      190.00
15.0200      197.00
15.0400      166.00
15.0600      167.00
15.0800      184.00
15.1000      167.00
15.1200      162.00
15.1400      157.00
15.1600      168.00
15.1800      174.00
15.2000      187.00
15.2200      168.00
15.2400      170.00
15.2600      163.00
15.2800      196.00
15.3000      162.00
15.3200      173.00
15.3400      183.00
15.3600      150.00
15.3800      183.00
15.4000      195.00
15.4200      157.00
15.4400      176.00
15.4600      178.00
15.4800      162.00
15.5000      171.00
15.5200      183.00
15.5400      198.00
15.5600      173.00
15.5800      177.00
15.6000      180.00
15.6200      200.00
15.6400      161.00
15.6600      208.00
15.6800      177.00
15.7000      191.00
15.7200      220.00
15.7400      240.00
15.7600      232.00
15.7800      246.00
15.8000      250.00
15.8200      244.00
15.8400      284.00
15.8600      288.00
15.8800      346.00
15.9000      347.00
15.9200      329.00
15.9400      351.00
15.9600      365.00
15.9800      332.00
16.0000      351.00
16.0200      345.00
16.0400      346.00
16.0600      333.00
16.0800      320.00
16.1000      350.00
16.1200      391.00
16.1400      391.00
16.1600      399.00
16.1800      424.00
16.2000      398.00
16.2200      380.00
16.2400      358.00
16.2600      360.00
16.2800      300.00
16.3000      277.00
16.3200      319.00
16.3400      333.00
16.3600      306.00
16.3800      369.00
16.4000      408.00
16.4200      435.00
16.4400      469.00
16.4600      555.00
16.4800      506.00
16.5000      515.00
16.5200      491.00
16.5400      390.00
16.5600      393.00
16.5800      372.00
16.6000      298.00
16.6200      304.00
16.6400      221.00
16.6600      201.00
16.6800      226.00
16.7000      203.00
16.7200      221.00
16.7400      208.00
16.7600      230.00
16.7800      223.00
16.8000      233.00
16.8200      260.00
16.8400      222.00
16.8600      258.00
16.8800      308.00
16.9000      262.00
16.9200      303.00
16.9400      357.00
16.9600      385.00
16.9800      430.00
17.0000      466.00
17.0200      480.00
17.0400      597.00
17.0600      563.00
17.0800      515.00
17.1000      525.00
17.1200      475.00
17.1400      462.00
17.1600      412.00
17.1800      364.00
17.2000      344.00
17.2200      355.00
17.2400      354.00
17.2600      345.00
17.2800      388.00
17.3000      371.00
17.3200      426.00
17.3400      540.00
17.3600      607.00
17.3800      656.00
17.4000      775.00
17.4200      848.00
17.4400     1039.00
17.4600     1066.00
17.4800     1252.00
17.5000     1354.00
17.5200     1386.00
17.5400     1469.00
17.5600     1469.00
17.5800     1546.00
17.6000     1452.00
17.6200     1375.00
17.6400     1179.00
17.6600     1000.00
17.6800      917.00
17.7000      787.00
17.7200      524.00
17.7400      459.00
17.7600      357.00
17.7800      367.00
17.8000      331.00
17.8200      312.00
17.8400      298.00
17.8600      330.00
17.8800      335.00
17.9000      328.00
17.9200      282.00
17.9400      295.00
17.9600      295.00
17.9800      304.00
18.0000      222.00
18.0200      224.00
18.0400      211.00
18.0600      217.00
18.0800      214.00
18.1000      242.00
18.1200      230.00
18.1400      238.00
18.1600      268.00
18.1800      253.00
18.2000      268.00
18.2200      303.00
18.2400      333.00
18.2600      341.00
18.2800      361.00
18.3000      433.00
18.3200      497.00
18.3400      593.00
18.3600      570.00
18.3800      654.00
18.4000      748.00
18.4200      705.00
18.4400      754.00
18.4600      691.00
18.4800      597.00
18.5000      515.00
18.5200      417.00
18.5400      384.00
18.5600      352.00
18.5800      300.00
18.6000      303.00
18.6200      249.00
18.6400      258.00
18.6600      245.00
18.6800      262.00
18.7000      287.00
18.7200      290.00
18.7400      287.00
18.7600      315.00
18.7800      317.00
18.8000      308.00
18.8200      257.00
18.8400      294.00
18.8600      280.00
18.8800      260.00
18.9000      254.00
18.9200      236.00
18.9400      237.00
18.9600      253.00
18.9800      248.00
19.0000      257.00
19.0200      251.00
19.0400      275.00
19.0600      281.00
19.0800      242.00
19.1000      263.00
19.1200      294.00
19.1400      330.00
19.1600      313.00
19.1800      313.00
19.2000      312.00
19.2200      321.00
19.2400      287.00
19.2600      271.00
19.2800      244.00
19.3000      254.00
19.3200      235.00
19.3400      274.00
19.3600      228.00
19.3800      273.00
19.4000      293.00
19.4200      297.00
19.4400      333.00
19.4600      362.00
19.4800      456.00
19.5000      557.00
19.5200      621.00
19.5400      747.00
19.5600      863.00
19.5800      980.00
19.6000     1164.00
19.6200     1282.00
19.6400     1283.00
19.6600     1348.00
19.6800     1336.00
19.7000     1192.00
19.7200     1071.00
19.7400      990.00
19.7600      874.00
19.7800      728.00
19.8000      589.00
19.8200      480.00
19.8400      449.00
19.8600      357.00
19.8800      340.00
19.9000      323.00
19.9200      293.00
19.9400      300.00
19.9600      290.00
19.9800      251.00
20.0000      223.00
20.0200      241.00
20.0400      239.00
20.0600      237.00
20.0800      246.00
20.1000      233.00
20.1200      207.00
20.1400      229.00
20.1600      225.00
20.1800      196.00
20.2000      232.00
20.2200      209.00
20.2400      241.00
20.2600      218.00
20.2800      239.00
20.3000      229.00
20.3200      203.00
20.3400      243.00
20.3600      280.00
20.3800      253.00
20.4000      277.00
20.4200      264.00
20.4400      280.00
20.4600      319.00
20.4800      346.00
20.5000      425.00
20.5200      503.00
20.5400      585.00
20.5600      768.00
20.5800      979.00
20.6000     1158.00
20.6200     1242.00
20.6400     1314.00
20.6600     1326.00
20.6800     1237.00
20.7000     1121.00
20.7200     1011.00
20.7400      882.00
20.7600      851.00
20.7800      773.00
20.8000      756.00
20.8200      785.00
20.8400      821.00
20.8600      933.00
20.8800      998.00
20.9000     1110.00
20.9200     1360.00
20.9400     1488.00
20.9600     1668.00
20.9800     1833.00
21.0000     1946.00
21.0200     2170.00
21.0400     2143.00
21.0600     2130.00
21.0800     2032.00
21.1000     1789.00
21.1200     1603.00
21.1400     1351.00
21.1600      990.00
21.1800      793.00
21.2000      622.00
21.2200      459.00
21.2400      369.00
21.2600      321.00
21.2800      281.00
21.3000      265.00
21.3200      220.00
21.3400      227.00
21.3600      204.00
21.3800      216.00
21.4000      209.00
21.4200      183.00
21.4400      215.00
21.4600      212.00
21.4800      185.00
21.5000      192.00
21.5200      162.00
21.5400      205.00
21.5600      198.00
21.5800      179.00
21.6000      202.00
21.6200      201.00
21.6400      164.00
21.6600      192.00
21.6800      186.00
21.7000      199.00
21.7200      200.00
21.7400      189.00
21.7600      193.00
21.7800      201.00
21.8000      187.00
21.8200      217.00
21.8400      196.00
21.8600      192.00
21.8800      152.00
21.9000      174.00
21.9200      200.00
21.9400      209.00
21.9600      205.00
21.9800      197.00
22.0000      190.00
22.0200      217.00
22.0400      255.00
22.0600      226.00
22.0800      242.00
22.1000      249.00
22.1200      279.00
22.1400      282.00
22.1600      313.00
22.1800      341.00
22.2000      346.00
22.2200      392.00
22.2400      405.00
22.2600      458.00
22.2800      474.00
22.3000      465.00
22.3200      486.00
22.3400      482.00
22.3600      451.00
22.3800      457.00
22.4000      468.00
22.4200      458.00
22.4400      455.00
22.4600      527.00
22.4800      583.00
22.5000      649.00
22.5200      716.00
22.5400      842.00
22.5600      894.00
22.5800     1048.00
22.6000     1007.00
22.6200     1018.00
22.6400      960.00
22.6600      879.00
22.6800      757.00
22.7000      636.00
22.7200      625.00
22.7400      495.00
22.7600      446.00
22.7800      382.00
22.8000      341.00
22.8200      422.00
22.8400      371.00
22.8600      403.00
22.8800      450.00
22.9000      474.00
22.9200      482.00
22.9400      482.00
22.9600      506.00
22.9800      510.00
23.0000      523.00
23.0200      564.00
23.0400      577.00
23.0600      612.00
23.0800      656.00
23.1000      659.00
23.1200      680.00
23.1400      632.00
23.1600      585.00
23.1800      526.00
23.2000      443.00
23.2200      452.00
23.2400      415.00
23.2600      385.00
23.2800      402.00
23.3000      480.00
23.3200      477.00
23.3400      507.00
23.3600      520.00
23.3800      592.00
23.4000      555.00
23.4200      612.00
23.4400      566.00
23.4600      499.00
23.4800      451.00
23.5000      427.00
23.5200      356.00
23.5400      268.00
23.5600      286.00
23.5800      231.00
23.6000      223.00
23.6200      208.00
23.6400      195.00
23.6600      208.00
23.6800      201.00
23.7000      235.00
23.7200      233.00
23.7400      203.00
23.7600      226.00
23.7800      215.00
23.8000      227.00
23.8200      242.00
23.8400      254.00
23.8600      267.00
23.8800      277.00
23.9000      335.00
23.9200      376.00
23.9400      408.00
23.9600      437.00
23.9800      510.00
24.0000      562.00
24.0200      624.00
24.0400      663.00
24.0600      726.00
24.0800      720.00
24.1000      713.00
24.1200      756.00
24.1400      676.00
24.1600      597.00
24.1800      570.00
24.2000      524.00
24.2200      524.00
24.2400      542.00
24.2600      532.00
24.2800      600.00
24.3000      702.00
24.3200      788.00
24.3400      849.00
24.3600      879.00
24.3800      892.00
24.4000      922.00
24.4200      849.00
24.4400      747.00
24.4600      632.00
24.4800      575.00
24.5000      490.00
24.5200      412.00
24.5400      317.00
24.5600      296.00
24.5800      255.00
24.6000      238.00
24.6200      248.00
24.6400      227.00
24.6600      226.00
24.6800      254.00
24.7000      243.00
24.7200      290.00
24.7400      217.00
24.7600      291.00
24.7800      304.00
24.8000      323.00
24.8200      380.00
24.8400      406.00
24.8600      491.00
24.8800      553.00
24.9000      565.00
24.9200      582.00
24.9400      613.00
24.9600      603.00
24.9800      574.00
25.0000      572.00
25.0200      479.00
25.0400      392.00
25.0600      352.00
25.0800      268.00
25.1000      229.00
25.1200      202.00
25.1400      204.00
25.1600      215.00
25.1800      180.00
25.2000      198.00
25.2200      196.00
25.2400      199.00
25.2600      166.00
25.2800      169.00
25.3000      165.00
25.3200      159.00
25.3400      159.00
25.3600      160.00
25.3800      175.00
25.4000      160.00
25.4200      151.00
25.4400      167.00
25.4600      156.00
25.4800      158.00
25.5000      156.00
25.5200      162.00
25.5400      140.00
25.5600      139.00
25.5800      146.00
25.6000      145.00
25.6200      146.00
25.6400      165.00
25.6600      166.00
25.6800      159.00
25.7000      157.00
25.7200      167.00
25.7400      142.00
25.7600      150.00
25.7800      191.00
25.8000      169.00
25.8200      184.00
25.8400      211.00
25.8600      179.00
25.8800      194.00
25.9000      193.00
25.9200      262.00
25.9400      250.00
25.9600      273.00
25.9800      291.00
26.0000      316.00
26.0200      309.00
26.0400      333.00
26.0600      329.00
26.0800      330.00
26.1000      376.00
26.1200      388.00
26.1400      386.00
26.1600      381.00
26.1800      430.00
26.2000      450.00
26.2200      457.00
26.2400      466.00
26.2600      409.00
26.2800      413.00
26.3000      384.00
26.3200      322.00
26.3400      350.00
26.3600      315.00
26.3800      332.00
26.4000      305.00
26.4200      281.00
26.4400      363.00
26.4600      332.00
26.4800      359.00
26.5000      364.00
26.5200      300.00
26.5400      277.00
26.5600      290.00
26.5800      306.00
26.6000      221.00
26.6200      222.00
26.6400      211.00
26.6600      207.00
26.6800      180.00
26.7000      173.00
26.7200      173.00
26.7400      159.00
26.7600      168.00
26.7800      174.00
26.8000      156.00
26.8200      170.00
26.8400      173.00
26.8600      186.00
26.8800      153.00
26.9000      161.00
26.9200      195.00
26.9400      180.00
26.9600      193.00
26.9800      194.00
27.0000      238.00
27.0200      211.00
27.0400      199.00
27.0600      205.00
27.0800      186.00
27.1000      207.00
27.1200      199.00
27.1400      187.00
27.1600      195.00
27.1800      226.00
27.2000      228.00
27.2200      211.00
27.2400      251.00
27.2600      258.00
27.2800      276.00
27.3000      286.00
27.3200      294.00
27.3400      278.00
27.3600      305.00
27.3800      277.00
27.4000      258.00
27.4200      313.00
27.4400      286.00
27.4600      308.00
27.4800      332.00
27.5000      371.00
27.5200      428.00
27.5400      531.00
27.5600      685.00
27.5800      813.00
27.6000      943.00
27.6200     1018.00
27.6400     1057.00
27.6600     1036.00
27.6800      974.00
27.7000      856.00
27.7200      815.00
27.7400      696.00
27.7600      611.00
27.7800      507.00
27.8000      433.00
27.8200      382.00
27.8400      349.00
27.8600      289.00
27.8800      281.00
27.9000      274.00
27.9200      259.00
27.9400      220.00
27.9600      226.00
27.9800      246.00
28.0000      229.00
28.0200      223.00
28.0400      217.00
28.0600      221.00
28.0800      222.00
28.1000      196.00
28.1200      225.00
28.1400      182.00
28.1600      223.00
28.1800      214.00
28.2000      208.00
28.2200      204.00
28.2400      201.00
28.2600      234.00
28.2800      262.00
28.3000      295.00
28.3200      327.00
28.3400      393.00
28.3600      437.00
28.3800      492.00
28.4000      564.00
28.4200      640.00
28.4400      733.00
28.4600      807.00
28.4800      848.00
28.5000      866.00
28.5200      880.00
28.5400      771.00
28.5600      765.00
28.5800      658.00
28.6000      592.00
28.6200      632.00
28.6400      488.00
28.6600      488.00
28.6800      463.00
28.7000      442.00
28.7200      406.00
28.7400      438.00
28.7600      397.00
28.7800      344.00
28.8000      315.00
28.8200      347.00
28.8400      303.00
28.8600      288.00
28.8800      258.00
28.9000      279.00
28.9200      257.00
28.9400      257.00
28.9600      241.00
28.9800      252.00
29.0000      287.00
29.0200      275.00
29.0400      294.00
29.0600      250.00
29.0800      274.00
29.1000      320.00
29.1200      308.00
29.1400      319.00
29.1600      384.00
29.1800      396.00
29.2000      371.00
29.2200      367.00
29.2400      398.00
29.2600      352.00
29.2800      329.00
29.3000      340.00
29.3200      322.00
29.3400      312.00
29.3600      339.00
29.3800      377.00
29.4000      369.00
29.4200      366.00
29.4400      430.00
29.4600      426.00
29.4800      406.00
29.5000      429.00
29.5200      333.00
29.5400      361.00
29.5600      282.00
29.5800      249.00
29.6000      240.00
29.6200      206.00
29.6400      169.00
29.6600      173.00
29.6800      165.00
29.7000      163.00
29.7200      155.00
29.7400      166.00
29.7600      137.00
29.7800      156.00
29.8000      146.00
29.8200      167.00
29.8400      143.00
29.8600      161.00
29.8800      162.00
29.9000      157.00
29.9200      151.00
29.9400      171.00
29.9600      208.00
29.9800      212.00
30.0000      236.00
30.0200      247.00
30.0400      250.00
30.0600      302.00
30.0800      319.00
30.1000      318.00
30.1200      323.00
30.1400      312.00
30.1600      324.00
30.1800      289.00
30.2000      263.00
30.2200      286.00
30.2400      258.00
30.2600      256.00
30.2800      242.00
30.3000      263.00
30.3200      223.00
30.3400      229.00
30.3600      219.00
30.3800      223.00
30.4000      180.00
30.4200      200.00
30.4400      164.00
30.4600      178.00
30.4800      167.00
30.5000      173.00
30.5200      189.00
30.5400      157.00
30.5600      176.00
30.5800      198.00
30.6000      186.00
30.6200      185.00
30.6400      167.00
30.6600      196.00
30.6800      195.00
30.7000      180.00
30.7200      168.00
30.7400      177.00
30.7600      177.00
30.7800      154.00
30.8000      178.00
30.8200      170.00
30.8400      162.00
30.8600      166.00
30.8800      178.00
30.9000      166.00
30.9200      168.00
30.9400      180.00
30.9600      171.00
30.9800      181.00
31.0000      138.00
31.0200      189.00
31.0400      193.00
31.0600      161.00
31.0800      172.00
31.1000      168.00
31.1200      134.00
31.1400      139.00
31.1600      127.00
31.1800      151.00
31.2000      137.00
31.2200      147.00
31.2400      128.00
31.2600      151.00
31.2800      140.00
31.3000      142.00
31.3200      135.00
31.3400      128.00
31.3600      137.00
31.3800      118.00
31.4000      144.00
31.4200      139.00
31.4400      137.00
31.4600      141.00
31.4800      130.00
31.5000      173.00
31.5200      179.00
31.5400      184.00
31.5600      198.00
31.5800      165.00
31.6000      170.00
31.6200      170.00
31.6400      174.00
31.6600      159.00
31.6800      161.00
31.7000      164.00
31.7200      155.00
31.7400      136.00
31.7600      137.00
31.7800      130.00
31.8000      155.00
31.8200      140.00
31.8400      147.00
31.8600      167.00
31.8800      151.00
31.9000      164.00
31.9200      165.00
31.9400      190.00
31.9600      195.00
31.9800      212.00
32.0000      205.00
32.0200      208.00
32.0400      186.00
32.0600      235.00
32.0800      220.00
32.1000      204.00
32.1200      274.00
32.1400      228.00
32.1600      209.00
32.1800      219.00
32.2000      222.00
32.2200      223.00
32.2400      204.00
32.2600      218.00
32.2800      217.00
32.3000      185.00
32.3200      225.00
32.3400      227.00
32.3600      201.00
32.3800      232.00
32.4000      205.00
32.4200      232.00
32.4400      215.00
32.4600      240.00
32.4800      270.00
32.5000      265.00
32.5200      278.00
32.5400      316.00
32.5600      289.00
32.5800      339.00
32.6000      281.00
32.6200      294.00
32.6400      306.00
32.6600      296.00
32.6800      264.00
32.7000      271.00
32.7200      248.00
32.7400      227.00
32.7600      222.00
32.7800      234.00
32.8000      205.00
32.8200      207.00
32.8400      150.00
32.8600      203.00
32.8800      162.00
32.9000      192.00
32.9200      193.00
32.9400      179.00
32.9600      182.00
32.9800      186.00
33.0000      181.00
33.0200      199.00
33.0400      212.00
33.0600      197.00
33.0800      179.00
33.1000      182.00
33.1200      201.00
33.1400      189.00
33.1600      209.00
33.1800      220.00
33.2000      233.00
33.2200      257.00
33.2400      271.00
33.2600      249.00
33.2800      274.00
33.3000      291.00
33.3200      296.00
33.3400      246.00
33.3600      280.00
33.3800      288.00
33.4000      291.00
33.4200      254.00
33.4400      219.00
33.4600      196.00
33.4800      209.00
33.5000      204.00
33.5200      207.00
33.5400      211.00
33.5600      206.00
33.5800      196.00
33.6000      191.00
33.6200      173.00
33.6400      136.00
33.6600      153.00
33.6800      143.00
33.7000      133.00
33.7200      138.00
33.7400      143.00
33.7600      135.00
33.7800      136.00
33.8000      121.00
33.8200      127.00
33.8400      137.00
33.8600      150.00
33.8800      156.00
33.9000      160.00
33.9200      130.00
33.9400      133.00
33.9600      149.00
33.9800      156.00
34.0000      148.00
34.0200      161.00
34.0400      180.00
34.0600      206.00
34.0800      195.00
34.1000      203.00
34.1200      238.00
34.1400      267.00
34.1600      291.00
34.1800      290.00
34.2000      288.00
34.2200      272.00
34.2400      270.00
34.2600      272.00
34.2800      254.00
34.3000      223.00
34.3200      194.00
34.3400      190.00
34.3600      192.00
34.3800      153.00
34.4000      148.00
34.4200      125.00
34.4400      158.00
34.4600      151.00
34.4800      149.00
34.5000      121.00
34.5200      152.00
34.5400      134.00
34.5600      128.00
34.5800      139.00
34.6000      130.00
34.6200      132.00
34.6400      132.00
34.6600      142.00
34.6800      143.00
34.7000      159.00
34.7200      169.00
34.7400      161.00
34.7600      174.00
34.7800      181.00
34.8000      170.00
34.8200      191.00
34.8400      171.00
34.8600      184.00
34.8800      185.00
34.9000      136.00
34.9200      175.00
34.9400      160.00
34.9600      176.00
34.9800      144.00
35.0000      163.00
35.0200      150.00
