 2.2400      292.00
 2.2600      273.00
 2.2800      300.00
 2.3000      315.00
 2.3200      271.00
 2.3400      296.00
 2.3600      290.00
 2.3800      305.00
 2.4000      296.00
 2.4200      297.00
 2.4400      300.00
 2.4600      285.00
 2.4800      305.00
 2.5000      291.00
 2.5200      278.00
 2.5400      270.00
 2.5600      294.00
 2.5800      284.00
 2.6000      255.00
 2.6200      253.00
 2.6400      286.00
 2.6600      269.00
 2.6800      275.00
 2.7000      264.00
 2.7200      267.00
 2.7400      265.00
 2.7600      266.00
 2.7800      294.00
 2.8000      260.00
 2.8200      237.00
 2.8400      276.00
 2.8600      269.00
 2.8800      245.00
 2.9000      256.00
 2.9200      237.00
 2.9400      224.00
 2.9600      250.00
 2.9800      239.00
 3.0000      259.00
 3.0200      260.00
 3.0400      249.00
 3.0600      216.00
 3.0800      227.00
 3.1000      261.00
 3.1200      252.00
 3.1400      250.00
 3.1600      234.00
 3.1800      232.00
 3.2000      245.00
 3.2200      225.00
 3.2400      251.00
 3.2600      236.00
 3.2800      226.00
 3.3000      211.00
 3.3200      231.00
 3.3400      232.00
 3.3600      235.00
 3.3800      240.00
 3.4000      226.00
 3.4200      224.00
 3.4400      230.00
 3.4600      228.00
 3.4800      220.00
 3.5000      216.00
 3.5200      206.00
 3.5400      223.00
 3.5600      228.00
 3.5800      209.00
 3.6000      190.00
 3.6200      199.00
 3.6400      199.00
 3.6600      214.00
 3.6800      209.00
 3.7000      189.00
 3.7200      199.00
 3.7400      202.00
 3.7600      179.00
 3.7800      191.00
 3.8000      180.00
 3.8200      188.00
 3.8400      183.00
 3.8600      184.00
 3.8800      185.00
 3.9000      201.00
 3.9200      194.00
 3.9400      183.00
 3.9600      192.00
 3.9800      210.00
 4.0000      188.00
 4.0200      182.00
 4.0400      168.00
 4.0600      178.00
 4.0800      190.00
 4.1000      171.00
 4.1200      176.00
 4.1400      178.00
 4.1600      196.00
 4.1800      155.00
 4.2000      162.00
 4.2200      145.00
 4.2400      169.00
 4.2600      154.00
 4.2800      165.00
 4.3000      167.00
 4.3200      169.00
 4.3400      151.00
 4.3600      154.00
 4.3800      140.00
 4.4000      146.00
 4.4200      165.00
 4.4400      152.00
 4.4600      151.00
 4.4800      150.00
 4.5000      105.00
 4.5200      140.00
 4.5400      143.00
 4.5600      120.00
 4.5800      128.00
 4.6000      137.00
 4.6200      158.00
 4.6400      155.00
 4.6600      126.00
 4.6800      146.00
 4.7000      135.00
 4.7200      140.00
 4.7400      139.00
 4.7600      147.00
 4.7800      154.00
 4.8000      132.00
 4.8200      130.00
 4.8400      132.00
 4.8600      129.00
 4.8800      114.00
 4.9000      135.00
 4.9200      153.00
 4.9400      166.00
 4.9600      134.00
 4.9800      140.00
 5.0000      124.00
 5.0200      119.00
 5.0400      117.00
 5.0600      126.00
 5.0800      137.00
 5.1000      135.00
 5.1200      126.00
 5.1400      129.00
 5.1600      136.00
 5.1800      126.00
 5.2000      118.00
 5.2200      130.00
 5.2400      125.00
 5.2600      133.00
 5.2800      133.00
 5.3000      117.00
 5.3200      143.00
 5.3400      134.00
 5.3600      132.00
 5.3800      115.00
 5.4000      134.00
 5.4200      144.00
 5.4400      121.00
 5.4600      121.00
 5.4800      119.00
 5.5000      115.00
 5.5200      146.00
 5.5400      149.00
 5.5600      136.00
 5.5800      143.00
 5.6000      128.00
 5.6200      144.00
 5.6400      141.00
 5.6600      131.00
 5.6800      159.00
 5.7000      132.00
 5.7200      121.00
 5.7400      107.00
 5.7600      125.00
 5.7800      130.00
 5.8000      146.00
 5.8200      130.00
 5.8400      128.00
 5.8600      108.00
 5.8800      139.00
 5.9000      131.00
 5.9200      128.00
 5.9400      112.00
 5.9600      153.00
 5.9800      113.00
 6.0000      131.00
 6.0200      131.00
 6.0400      116.00
 6.0600      128.00
 6.0800      142.00
 6.1000      143.00
 6.1200      119.00
 6.1400      140.00
 6.1600      120.00
 6.1800      152.00
 6.2000      123.00
 6.2200      138.00
 6.2400      135.00
 6.2600      134.00
 6.2800      140.00
 6.3000      139.00
 6.3200      118.00
 6.3400      125.00
 6.3600      111.00
 6.3800      138.00
 6.4000      127.00
 6.4200      138.00
 6.4400      147.00
 6.4600      122.00
 6.4800      136.00
 6.5000      159.00
 6.5200      151.00
 6.5400      116.00
 6.5600      121.00
 6.5800      138.00
 6.6000      129.00
 6.6200      125.00
 6.6400      151.00
 6.6600      116.00
 6.6800      123.00
 6.7000      139.00
 6.7200      135.00
 6.7400      126.00
 6.7600      140.00
 6.7800      130.00
 6.8000      149.00
 6.8200      153.00
 6.8400      147.00
 6.8600      142.00
 6.8800      154.00
 6.9000      163.00
 6.9200      139.00
 6.9400      145.00
 6.9600      130.00
 6.9800      134.00
 7.0000      136.00
 7.0200      134.00
 7.0400      155.00
 7.0600      150.00
 7.0800      153.00
 7.1000      145.00
 7.1200      141.00
 7.1400      139.00
 7.1600      165.00
 7.1800      137.00
 7.2000      118.00
 7.2200      140.00
 7.2400      122.00
 7.2600      140.00
 7.2800      139.00
 7.3000      142.00
 7.3200      131.00
 7.3400      143.00
 7.3600      136.00
 7.3800      109.00
 7.4000      115.00
 7.4200      123.00
 7.4400      131.00
 7.4600      118.00
 7.4800      141.00
 7.5000      138.00
 7.5200      134.00
 7.5400      121.00
 7.5600      128.00
 7.5800      127.00
 7.6000      125.00
 7.6200      159.00
 7.6400      133.00
 7.6600      144.00
 7.6800      118.00
 7.7000      106.00
 7.7200      126.00
 7.7400      120.00
 7.7600      139.00
 7.7800      146.00
 7.8000      114.00
 7.8200      136.00
 7.8400      120.00
 7.8600      129.00
 7.8800      119.00
 7.9000      117.00
 7.9200      148.00
 7.9400      142.00
 7.9600      137.00
 7.9800      153.00
 8.0000      149.00
 8.0200      128.00
 8.0400      132.00
 8.0600      119.00
 8.0800      141.00
 8.1000      143.00
 8.1200      161.00
 8.1400      126.00
 8.1600      132.00
 8.1800      125.00
 8.2000      124.00
 8.2200      136.00
 8.2400      153.00
 8.2600      126.00
 8.2800      127.00
 8.3000      143.00
 8.3200      157.00
 8.3400      113.00
 8.3600      159.00
 8.3800      138.00
 8.4000      157.00
 8.4200      124.00
 8.4400      128.00
 8.4600      132.00
 8.4800      129.00
 8.5000      119.00
 8.5200      149.00
 8.5400      137.00
 8.5600      136.00
 8.5800      122.00
 8.6000      158.00
 8.6200      138.00
 8.6400      157.00
 8.6600      137.00
 8.6800      150.00
 8.7000      143.00
 8.7200      175.00
 8.7400      161.00
 8.7600      163.00
 8.7800      158.00
 8.8000      149.00
 8.8200      186.00
 8.8400      144.00
 8.8600      149.00
 8.8800      175.00
 8.9000      191.00
 8.9200      161.00
 8.9400      172.00
 8.9600      140.00
 8.9800      146.00
 9.0000      154.00
 9.0200      134.00
 9.0400      143.00
 9.0600      128.00
 9.0800      117.00
 9.1000      136.00
 9.1200      124.00
 9.1400      144.00
 9.1600      121.00
 9.1800      126.00
 9.2000      131.00
 9.2200      119.00
 9.2400      132.00
 9.2600      124.00
 9.2800      110.00
 9.3000      114.00
 9.3200      143.00
 9.3400      150.00
 9.3600      120.00
 9.3800      134.00
 9.4000      157.00
 9.4200      140.00
 9.4400      172.00
 9.4600      137.00
 9.4800      146.00
 9.5000      143.00
 9.5200      146.00
 9.5400      120.00
 9.5600      143.00
 9.5800      127.00
 9.6000      128.00
 9.6200      129.00
 9.6400      151.00
 9.6600      132.00
 9.6800      139.00
 9.7000      155.00
 9.7200      135.00
 9.7400      140.00
 9.7600      138.00
 9.7800      140.00
 9.8000      147.00
 9.8200      135.00
 9.8400      168.00
 9.8600      144.00
 9.8800      146.00
 9.9000      158.00
 9.9200      134.00
 9.9400      149.00
 9.9600      168.00
 9.9800      145.00
10.0000      153.00
10.0200      165.00
10.0400      170.00
10.0600      165.00
10.0800      157.00
10.1000      154.00
10.1200      172.00
10.1400      166.00
10.1600      152.00
10.1800      128.00
10.2000      147.00
10.2200      150.00
10.2400      141.00
10.2600      145.00
10.2800      145.00
10.3000      127.00
10.3200      172.00
10.3400      144.00
10.3600      123.00
10.3800      134.00
10.4000      153.00
10.4200      152.00
10.4400      135.00
10.4600      124.00
10.4800      148.00
10.5000      132.00
10.5200      144.00
10.5400      142.00
10.5600      125.00
10.5800      136.00
10.6000      152.00
10.6200      135.00
10.6400      147.00
10.6600      146.00
10.6800      129.00
10.7000      168.00
10.7200      131.00
10.7400      173.00
10.7600      143.00
10.7800      157.00
10.8000      161.00
10.8200      153.00
10.8400      165.00
10.8600      174.00
10.8800      186.00
10.9000      201.00
10.9200      193.00
10.9400      214.00
10.9600      235.00
10.9800      222.00
11.0000      260.00
11.0200      276.00
11.0400      291.00
11.0600      293.00
11.0800      305.00
11.1000      301.00
11.1200      320.00
11.1400      319.00
11.1600      327.00
11.1800      356.00
11.2000      315.00
11.2200      360.00
11.2400      344.00
11.2600      383.00
11.2800      371.00
11.3000      347.00
11.3200      362.00
11.3400      334.00
11.3600      335.00
11.3800      305.00
11.4000      357.00
11.4200      339.00
11.4400      314.00
11.4600      301.00
11.4800      265.00
11.5000      268.00
11.5200      200.00
11.5400      186.00
11.5600      158.00
11.5800      160.00
11.6000      144.00
11.6200      157.00
11.6400      171.00
11.6600      143.00
11.6800      144.00
11.7000      141.00
11.7200      145.00
11.7400      189.00
11.7600      164.00
11.7800      171.00
11.8000      152.00
11.8200      167.00
11.8400      181.00
11.8600      165.00
11.8800      154.00
11.9000      208.00
11.9200      165.00
11.9400      199.00
11.9600      198.00
11.9800      226.00
12.0000      250.00
12.0200      207.00
12.0400      235.00
12.0600      281.00
12.0800      292.00
12.1000      298.00
12.1200      348.00
12.1400      341.00
12.1600      335.00
12.1800      381.00
12.2000      410.00
12.2200      390.00
12.2400      383.00
12.2600      378.00
12.2800      362.00
12.3000      342.00
12.3200      380.00
12.3400      349.00
12.3600      329.00
12.3800      284.00
12.4000      292.00
12.4200      273.00
12.4400      260.00
12.4600      262.00
12.4800      306.00
12.5000      323.00
12.5200      322.00
12.5400      346.00
12.5600      415.00
12.5800      415.00
12.6000      424.00
12.6200      451.00
12.6400      455.00
12.6600      439.00
12.6800      452.00
12.7000      398.00
12.7200      419.00
12.7400      319.00
12.7600      282.00
12.7800      264.00
12.8000      227.00
12.8200      207.00
12.8400      193.00
12.8600      152.00
12.8800      169.00
12.9000      184.00
12.9200      162.00
12.9400      172.00
12.9600      158.00
12.9800      153.00
13.0000      146.00
13.0200      172.00
13.0400      153.00
13.0600      159.00
13.0800      157.00
13.1000      146.00
13.1200      168.00
13.1400      142.00
13.1600      158.00
13.1800      156.00
13.2000      156.00
13.2200      167.00
13.2400      184.00
13.2600      177.00
13.2800      148.00
13.3000      142.00
13.3200      141.00
13.3400      166.00
13.3600      154.00
13.3800      130.00
13.4000      150.00
13.4200      144.00
13.4400      151.00
13.4600      152.00
13.4800      142.00
13.5000      142.00
13.5200      142.00
13.5400      173.00
13.5600      153.00
13.5800      143.00
13.6000      143.00
13.6200      123.00
13.6400      158.00
13.6600      155.00
13.6800      156.00
13.7000      135.00
13.7200      150.00
13.7400      167.00
13.7600      154.00
13.7800      119.00
13.8000      145.00
13.8200      158.00
13.8400      152.00
13.8600      154.00
13.8800      166.00
13.9000      163.00
13.9200      162.00
13.9400      174.00
13.9600      175.00
13.9800      179.00
14.0000      196.00
14.0200      184.00
14.0400      204.00
14.0600      227.00
14.0800      241.00
14.1000      231.00
14.1200      247.00
14.1400      299.00
14.1600      317.00
14.1800      329.00
14.2000      370.00
14.2200      416.00
14.2400      427.00
14.2600      485.00
14.2800      472.00
14.3000      499.00
14.3200      526.00
14.3400      519.00
14.3600      498.00
14.3800      499.00
14.4000      467.00
14.4200      430.00
14.4400      370.00
14.4600      388.00
14.4800      320.00
14.5000      338.00
14.5200      323.00
14.5400      271.00
14.5600      267.00
14.5800      260.00
14.6000      228.00
14.6200      211.00
14.6400      214.00
14.6600      174.00
14.6800      179.00
14.7000      168.00
14.7200      154.00
14.7400      176.00
14.7600      158.00
14.7800      165.00
14.8000      149.00
14.8200      164.00
14.8400      173.00
14.8600      145.00
14.8800      125.00
14.9000      158.00
14.9200      158.00
14.9400      179.00
14.9600      143.00
14.9800      184.00
15.0000      145.00
15.0200      140.00
15.0400      132.00
15.0600      171.00
15.0800      162.00
15.1000      157.00
15.1200      164.00
15.1400      169.00
15.1600      135.00
15.1800      151.00
15.2000      147.00
15.2200      136.00
15.2400      152.00
15.2600      170.00
15.2800      135.00
15.3000      144.00
15.3200      144.00
15.3400      139.00
15.3600      137.00
15.3800      174.00
15.4000      140.00
15.4200      121.00
15.4400      138.00
15.4600      139.00
15.4800      148.00
15.5000      155.00
15.5200      148.00
15.5400      142.00
15.5600      145.00
15.5800      130.00
15.6000      133.00
15.6200      156.00
15.6400      153.00
15.6600      158.00
15.6800      139.00
15.7000      144.00
15.7200      137.00
15.7400      166.00
15.7600      160.00
15.7800      181.00
15.8000      163.00
15.8200      173.00
15.8400      192.00
15.8600      180.00
15.8800      172.00
15.9000      238.00
15.9200      242.00
15.9400      218.00
15.9600      228.00
15.9800      254.00
16.0000      283.00
16.0200      252.00
16.0400      274.00
16.0600      262.00
16.0800      275.00
16.1000      274.00
16.1200      289.00
16.1400      287.00
16.1600      249.00
16.1800      288.00
16.2000      243.00
16.2200      250.00
16.2400      258.00
16.2600      281.00
16.2800      282.00
16.3000      254.00
16.3200      255.00
16.3400      244.00
16.3600      232.00
16.3800      256.00
16.4000      254.00
16.4200      256.00
16.4400      265.00
16.4600      232.00
16.4800      273.00
16.5000      286.00
16.5200      323.00
16.5400      338.00
16.5600      335.00
16.5800      347.00
16.6000      324.00
16.6200      341.00
16.6400      287.00
16.6600      260.00
16.6800      251.00
16.7000      231.00
16.7200      223.00
16.7400      214.00
16.7600      173.00
16.7800      190.00
16.8000      155.00
16.8200      165.00
16.8400      161.00
16.8600      170.00
16.8800      167.00
16.9000      205.00
16.9200      194.00
16.9400      180.00
16.9600      185.00
16.9800      208.00
17.0000      188.00
17.0200      236.00
17.0400      268.00
17.0600      259.00
17.0800      300.00
17.1000      287.00
17.1200      315.00
17.1400      321.00
17.1600      342.00
17.1800      337.00
17.2000      333.00
17.2200      359.00
17.2400      341.00
17.2600      321.00
17.2800      324.00
17.3000      331.00
17.3200      311.00
17.3400      304.00
17.3600      322.00
17.3800      330.00
17.4000      359.00
17.4200      383.00
17.4400      417.00
17.4600      470.00
17.4800      610.00
17.5000      725.00
17.5200      703.00
17.5400      818.00
17.5600      943.00
17.5800     1018.00
17.6000     1231.00
17.6200     1213.00
17.6400     1346.00
17.6600     1340.00
17.6800     1342.00
17.7000     1398.00
17.7200     1325.00
17.7400     1228.00
17.7600     1103.00
17.7800      988.00
17.8000      786.00
17.8200      674.00
17.8400      574.00
17.8600      493.00
17.8800      405.00
17.9000      311.00
17.9200      313.00
17.9400      247.00
17.9600      292.00
17.9800      237.00
18.0000      261.00
18.0200      223.00
18.0400      203.00
18.0600      251.00
18.0800      194.00
18.1000      214.00
18.1200      214.00
18.1400      195.00
18.1600      191.00
18.1800      181.00
18.2000      188.00
18.2200      207.00
18.2400      183.00
18.2600      177.00
18.2800      189.00
18.3000      207.00
18.3200      222.00
18.3400      236.00
18.3600      278.00
18.3800      279.00
18.4000      321.00
18.4200      364.00
18.4400      386.00
18.4600      397.00
18.4800      447.00
18.5000      454.00
18.5200      486.00
18.5400      459.00
18.5600      444.00
18.5800      405.00
18.6000      445.00
18.6200      376.00
18.6400      353.00
18.6600      330.00
18.6800      320.00
18.7000      282.00
18.7200      262.00
18.7400      263.00
18.7600      210.00
18.7800      215.00
18.8000      211.00
18.8200      192.00
18.8400      220.00
18.8600      215.00
18.8800      230.00
18.9000      208.00
18.9200      252.00
18.9400      215.00
18.9600      222.00
18.9800      215.00
19.0000      208.00
19.0200      202.00
19.0400      218.00
19.0600      208.00
19.0800      187.00
19.1000      181.00
19.1200      217.00
19.1400      217.00
19.1600      220.00
19.1800      200.00
19.2000      173.00
19.2200      199.00
19.2400      211.00
19.2600      222.00
19.2800      224.00
19.3000      248.00
19.3200      233.00
19.3400      228.00
19.3600      226.00
19.3800      215.00
19.4000      204.00
19.4200      241.00
19.4400      256.00
19.4600      226.00
19.4800      211.00
19.5000      231.00
19.5200      249.00
19.5400      247.00
19.5600      320.00
19.5800      351.00
19.6000      381.00
19.6200      438.00
19.6400      575.00
19.6600      632.00
19.6800      750.00
19.7000      815.00
19.7200      883.00
19.7400      913.00
19.7600      947.00
19.7800      955.00
19.8000      930.00
19.8200      910.00
19.8400      872.00
19.8600      784.00
19.8800      660.00
19.9000      586.00
19.9200      527.00
19.9400      461.00
19.9600      370.00
19.9800      326.00
20.0000      328.00
20.0200      256.00
20.0400      251.00
20.0600      222.00
20.0800      219.00
20.1000      216.00
20.1200      211.00
20.1400      210.00
20.1600      186.00
20.1800      185.00
20.2000      188.00
20.2200      196.00
20.2400      193.00
20.2600      180.00
20.2800      199.00
20.3000      167.00
20.3200      173.00
20.3400      176.00
20.3600      180.00
20.3800      171.00
20.4000      169.00
20.4200      190.00
20.4400      175.00
20.4600      196.00
20.4800      167.00
20.5000      184.00
20.5200      196.00
20.5400      201.00
20.5600      206.00
20.5800      243.00
20.6000      241.00
20.6200      268.00
20.6400      282.00
20.6600      309.00
20.6800      336.00
20.7000      348.00
20.7200      400.00
20.7400      425.00
20.7600      420.00
20.7800      489.00
20.8000      454.00
20.8200      501.00
20.8400      563.00
20.8600      561.00
20.8800      573.00
20.9000      569.00
20.9200      596.00
20.9400      638.00
20.9600      726.00
20.9800      817.00
21.0000      884.00
21.0200     1071.00
21.0400     1106.00
21.0600     1262.00
21.0800     1434.00
21.1000     1557.00
21.1200     1573.00
21.1400     1649.00
21.1600     1616.00
21.1800     1515.00
21.2000     1468.00
21.2200     1351.00
21.2400     1265.00
21.2600     1068.00
21.2800      938.00
21.3000      778.00
21.3200      668.00
21.3400      507.00
21.3600      411.00
21.3800      333.00
21.4000      258.00
21.4200      218.00
21.4400      202.00
21.4600      203.00
21.4800      196.00
21.5000      193.00
21.5200      171.00
21.5400      175.00
21.5600      149.00
21.5800      171.00
21.6000      163.00
21.6200      183.00
21.6400      157.00
21.6600      154.00
21.6800      173.00
21.7000      170.00
21.7200      153.00
21.7400      157.00
21.7600      152.00
21.7800      169.00
21.8000      171.00
21.8200      165.00
21.8400      154.00
21.8600      153.00
21.8800      141.00
21.9000      167.00
21.9200      149.00
21.9400      168.00
21.9600      166.00
21.9800      159.00
22.0000      200.00
22.0200      163.00
22.0400      188.00
22.0600      167.00
22.0800      189.00
22.1000      179.00
22.1200      183.00
22.1400      226.00
22.1600      196.00
22.1800      196.00
22.2000      218.00
22.2200      185.00
22.2400      225.00
22.2600      238.00
22.2800      254.00
22.3000      265.00
22.3200      282.00
22.3400      293.00
22.3600      318.00
22.3800      296.00
22.4000      311.00
22.4200      342.00
22.4400      336.00
22.4600      334.00
22.4800      347.00
22.5000      345.00
22.5200      330.00
22.5400      343.00
22.5600      372.00
22.5800      422.00
22.6000      464.00
22.6200      427.00
22.6400      489.00
22.6600      520.00
22.6800      559.00
22.7000      585.00
22.7200      620.00
22.7400      602.00
22.7600      594.00
22.7800      561.00
22.8000      499.00
22.8200      477.00
22.8400      436.00
22.8600      360.00
22.8800      376.00
22.9000      349.00
22.9200      318.00
22.9400      270.00
22.9600      283.00
22.9800      290.00
23.0000      328.00
23.0200      283.00
23.0400      293.00
23.0600      316.00
23.0800      363.00
23.1000      371.00
23.1200      347.00
23.1400      395.00
23.1600      460.00
23.1800      458.00
23.2000      406.00
23.2200      429.00
23.2400      441.00
23.2600      433.00
23.2800      444.00
23.3000      408.00
23.3200      401.00
23.3400      386.00
23.3600      397.00
23.3800      394.00
23.4000      381.00
23.4200      388.00
23.4400      414.00
23.4600      447.00
23.4800      422.00
23.5000      493.00
23.5200      471.00
23.5400      453.00
23.5600      452.00
23.5800      383.00
23.6000      359.00
23.6200      360.00
23.6400      292.00
23.6600      298.00
23.6800      276.00
23.7000      239.00
23.7200      203.00
23.7400      179.00
23.7600      159.00
23.7800      192.00
23.8000      154.00
23.8200      192.00
23.8400      177.00
23.8600      186.00
23.8800      179.00
23.9000      207.00
23.9200      199.00
23.9400      224.00
23.9600      202.00
23.9800      272.00
24.0000      226.00
24.0200      258.00
24.0400      271.00
24.0600      309.00
24.0800      340.00
24.1000      366.00
24.1200      363.00
24.1400      412.00
24.1600      415.00
24.1800      419.00
24.2000      425.00
24.2200      374.00
24.2400      423.00
24.2600      452.00
24.2800      414.00
24.3000      425.00
24.3200      450.00
24.3400      452.00
24.3600      528.00
24.3800      505.00
24.4000      584.00
24.4200      619.00
24.4400      670.00
24.4600      639.00
24.4800      644.00
24.5000      640.00
24.5200      614.00
24.5400      554.00
24.5600      526.00
24.5800      508.00
24.6000      399.00
24.6200      352.00
24.6400      311.00
24.6600      281.00
24.6800      262.00
24.7000      219.00
24.7200      234.00
24.7400      197.00
24.7600      194.00
24.7800      228.00
24.8000      240.00
24.8200      260.00
24.8400      249.00
24.8600      298.00
24.8800      337.00
24.9000      319.00
24.9200      368.00
24.9400      367.00
24.9600      441.00
24.9800      499.00
25.0000      466.00
25.0200      506.00
25.0400      544.00
25.0600      498.00
25.0800      508.00
25.1000      478.00
25.1200      416.00
25.1400      401.00
25.1600      356.00
25.1800      335.00
25.2000      297.00
25.2200      249.00
25.2400      199.00
25.2600      204.00
25.2800      168.00
25.3000      177.00
25.3200      147.00
25.3400      157.00
25.3600      154.00
25.3800      160.00
25.4000      149.00
25.4200      158.00
25.4400      170.00
25.4600      170.00
25.4800      152.00
25.5000      135.00
25.5200      153.00
25.5400      140.00
25.5600      144.00
25.5800      158.00
25.6000      121.00
25.6200      143.00
25.6400      132.00
25.6600      130.00
25.6800      125.00
25.7000      140.00
25.7200      147.00
25.7400      134.00
25.7600      154.00
25.7800      149.00
25.8000      123.00
25.8200      144.00
25.8400      114.00
25.8600      151.00
25.8800      136.00
25.9000      149.00
25.9200      153.00
25.9400      173.00
25.9600      169.00
25.9800      171.00
26.0000      231.00
26.0200      187.00
26.0400      197.00
26.0600      219.00
26.0800      240.00
26.1000      241.00
26.1200      247.00
26.1400      256.00
26.1600      289.00
26.1800      287.00
26.2000      295.00
26.2200      338.00
26.2400      314.00
26.2600      354.00
26.2800      331.00
26.3000      378.00
26.3200      386.00
26.3400      374.00
26.3600      346.00
26.3800      354.00
26.4000      344.00
26.4200      367.00
26.4400      284.00
26.4600      361.00
26.4800      291.00
26.5000      337.00
26.5200      299.00
26.5400      308.00
26.5600      281.00
26.5800      335.00
26.6000      310.00
26.6200      279.00
26.6400      290.00
26.6600      288.00
26.6800      249.00
26.7000      235.00
26.7200      245.00
26.7400      193.00
26.7600      204.00
26.7800      187.00
26.8000      173.00
26.8200      151.00
26.8400      159.00
26.8600      147.00
26.8800      136.00
26.9000      124.00
26.9200      145.00
26.9400      135.00
26.9600      166.00
26.9800      153.00
27.0000      136.00
27.0200      154.00
27.0400      165.00
27.0600      128.00
27.0800      157.00
27.1000      154.00
27.1200      172.00
27.1400      157.00
27.1600      168.00
27.1800      148.00
27.2000      156.00
27.2200      165.00
27.2400      193.00
27.2600      166.00
27.2800      163.00
27.3000      198.00
27.3200      192.00
27.3400      234.00
27.3600      191.00
27.3800      203.00
27.4000      221.00
27.4200      252.00
27.4400      231.00
27.4600      229.00
27.4800      256.00
27.5000      221.00
27.5200      228.00
27.5400      256.00
27.5600      215.00
27.5800      249.00
27.6000      257.00
27.6200      244.00
27.6400      267.00
27.6600      336.00
27.6800      292.00
27.7000      336.00
27.7200      355.00
27.7400      348.00
27.7600      335.00
27.7800      354.00
27.8000      357.00
27.8200      324.00
27.8400      341.00
27.8600      345.00
27.8800      318.00
27.9000      305.00
27.9200      286.00
27.9400      302.00
27.9600      242.00
27.9800      228.00
28.0000      219.00
28.0200      200.00
28.0400      196.00
28.0600      187.00
28.0800      211.00
28.1000      198.00
28.1200      179.00
28.1400      193.00
28.1600      195.00
28.1800      195.00
28.2000      202.00
28.2200      178.00
28.2400      156.00
28.2600      166.00
28.2800      199.00
28.3000      182.00
28.3200      197.00
28.3400      184.00
28.3600      204.00
28.3800      243.00
28.4000      261.00
28.4200      294.00
28.4400      290.00
28.4600      356.00
28.4800      409.00
28.5000      479.00
28.5200      528.00
28.5400      603.00
28.5600      602.00
28.5800      670.00
28.6000      629.00
28.6200      678.00
28.6400      666.00
28.6600      660.00
28.6800      607.00
28.7000      591.00
28.7200      546.00
28.7400      504.00
28.7600      457.00
28.7800      423.00
28.8000      344.00
28.8200      344.00
28.8400      305.00
28.8600      328.00
28.8800      305.00
28.9000      258.00
28.9200      284.00
28.9400      229.00
28.9600      257.00
28.9800      220.00
29.0000      208.00
29.0200      217.00
29.0400      202.00
29.0600      227.00
29.0800      207.00
29.1000      219.00
29.1200      227.00
29.1400      227.00
29.1600      263.00
29.1800      225.00
29.2000      219.00
29.2200      268.00
29.2400      278.00
29.2600      282.00
29.2800      277.00
29.3000      286.00
29.3200      306.00
29.3400      289.00
29.3600      269.00
29.3800      252.00
29.4000      299.00
29.4200      300.00
29.4400      287.00
29.4600      290.00
29.4800      349.00
29.5000      311.00
29.5200      313.00
29.5400      320.00
29.5600      360.00
29.5800      349.00
29.6000      372.00
29.6200      306.00
29.6400      315.00
29.6600      286.00
29.6800      274.00
29.7000      265.00
29.7200      216.00
29.7400      202.00
29.7600      171.00
29.7800      168.00
29.8000      171.00
29.8200      137.00
29.8400      141.00
29.8600      132.00
29.8800      132.00
29.9000      129.00
29.9200      140.00
29.9400      126.00
29.9600      133.00
29.9800      132.00
30.0000      136.00
30.0200      131.00
30.0400      148.00
30.0600      151.00
30.0800      161.00
30.1000      162.00
30.1200      188.00
30.1400      184.00
30.1600      196.00
30.1800      209.00
30.2000      213.00
30.2200      215.00
30.2400      266.00
30.2600      219.00
30.2800      216.00
30.3000      266.00
30.3200      254.00
30.3400      250.00
30.3600      202.00
30.3800      224.00
30.4000      193.00
30.4200      196.00
30.4400      185.00
30.4600      196.00
30.4800      183.00
30.5000      184.00
30.5200      152.00
30.5400      179.00
30.5600      155.00
30.5800      147.00
30.6000      149.00
30.6200      134.00
30.6400      155.00
30.6600      149.00
30.6800      146.00
30.7000      161.00
30.7200      156.00
30.7400      163.00
30.7600      182.00
30.7800      121.00
30.8000      182.00
30.8200      139.00
30.8400      131.00
30.8600      157.00
30.8800      159.00
30.9000      149.00
30.9200      132.00
30.9400      132.00
30.9600      136.00
30.9800      126.00
31.0000      127.00
31.0200      144.00
31.0400      152.00
31.0600      138.00
31.0800      131.00
31.1000      154.00
31.1200      133.00
31.1400      130.00
31.1600      125.00
31.1800      121.00
31.2000      118.00
31.2200      113.00
31.2400      116.00
31.2600      130.00
31.2800      104.00
31.3000      117.00
31.3200      136.00
31.3400      135.00
31.3600      122.00
31.3800      122.00
31.4000      119.00
31.4200      126.00
31.4400      116.00
31.4600      130.00
31.4800      128.00
31.5000       97.00
31.5200      127.00
31.5400      130.00
31.5600      137.00
31.5800      143.00
31.6000      144.00
31.6200      153.00
31.6400      155.00
31.6600      132.00
31.6800      163.00
31.7000      143.00
31.7200      139.00
31.7400      129.00
31.7600      156.00
31.7800      146.00
31.8000      147.00
31.8200      139.00
31.8400      131.00
31.8600      136.00
31.8800      117.00
31.9000      134.00
31.9200      105.00
31.9400      132.00
31.9600      148.00
31.9800      140.00
32.0000      163.00
32.0200      167.00
32.0400      150.00
32.0600      138.00
32.0800      171.00
32.1000      179.00
32.1200      171.00
32.1400      205.00
32.1600      199.00
32.1800      174.00
32.2000      201.00
32.2200      182.00
32.2400      204.00
32.2600      177.00
32.2800      217.00
32.3000      220.00
32.3200      164.00
32.3400      219.00
32.3600      202.00
32.3800      194.00
32.4000      191.00
32.4200      197.00
32.4400      191.00
32.4600      183.00
32.4800      200.00
32.5000      208.00
32.5200      184.00
32.5400      200.00
32.5600      193.00
32.5800      232.00
32.6000      202.00
32.6200      217.00
32.6400      222.00
32.6600      229.00
32.6800      218.00
32.7000      213.00
32.7200      210.00
32.7400      215.00
32.7600      214.00
32.7800      193.00
32.8000      214.00
32.8200      203.00
32.8400      208.00
32.8600      185.00
32.8800      190.00
32.9000      202.00
32.9200      171.00
32.9400      190.00
32.9600      178.00
32.9800      152.00
33.0000      166.00
33.0200      153.00
33.0400      179.00
33.0600      158.00
33.0800      187.00
33.1000      155.00
33.1200      156.00
33.1400      167.00
33.1600      169.00
33.1800      171.00
33.2000      196.00
33.2200      174.00
33.2400      194.00
33.2600      190.00
33.2800      181.00
33.3000      200.00
33.3200      206.00
33.3400      211.00
33.3600      228.00
33.3800      232.00
33.4000      224.00
33.4200      252.00
33.4400      207.00
33.4600      254.00
33.4800      211.00
33.5000      232.00
33.5200      214.00
33.5400      222.00
33.5600      181.00
33.5800      203.00
33.6000      204.00
33.6200      176.00
33.6400      159.00
33.6600      172.00
33.6800      171.00
33.7000      158.00
33.7200      130.00
33.7400      147.00
33.7600      148.00
33.7800      131.00
33.8000      119.00
33.8200      121.00
33.8400      123.00
33.8600      116.00
33.8800      136.00
33.9000      128.00
33.9200       96.00
33.9400      109.00
33.9600      117.00
33.9800      127.00
34.0000      120.00
34.0200      132.00
34.0400      115.00
34.0600      106.00
34.0800      136.00
34.1000      143.00
34.1200      148.00
34.1400      137.00
34.1600      154.00
34.1800      150.00
34.2000      174.00
34.2200      185.00
34.2400      180.00
34.2600      202.00
34.2800      190.00
34.3000      225.00
34.3200      212.00
34.3400      185.00
34.3600      209.00
34.3800      196.00
34.4000      187.00
34.4200      167.00
34.4400      162.00
34.4600      141.00
34.4800      139.00
34.5000      124.00
34.5200      123.00
34.5400      132.00
34.5600      143.00
34.5800      114.00
34.6000      107.00
34.6200      143.00
34.6400      115.00
34.6600      120.00
34.6800      107.00
34.7000      120.00
34.7200      122.00
34.7400       92.00
34.7600       95.00
34.7800      125.00
34.8000      135.00
34.8200      123.00
34.8400      128.00
34.8600      103.00
34.8800      151.00
34.9000      112.00
34.9200      100.00
34.9400      144.00
34.9600      125.00
34.9800      138.00
35.0000      114.00
35.0200      125.00
35.0400      130.00
