 3.0000      179.00
 3.0200      183.00
 3.0400      188.00
 3.0600      170.00
 3.0800      172.00
 3.1000      168.00
 3.1200      182.00
 3.1400      154.00
 3.1600      154.00
 3.1800      172.00
 3.2000      150.00
 3.2200      147.00
 3.2400      170.00
 3.2600      148.00
 3.2800      171.00
 3.3000      168.00
 3.3200      138.00
 3.3400      170.00
 3.3600      182.00
 3.3800      172.00
 3.4000      150.00
 3.4200      159.00
 3.4400      152.00
 3.4600      156.00
 3.4800      167.00
 3.5000      136.00
 3.5200      152.00
 3.5400      176.00
 3.5600      155.00
 3.5800      138.00
 3.6000      143.00
 3.6200      143.00
 3.6400      164.00
 3.6600      114.00
 3.6800      137.00
 3.7000      143.00
 3.7200      123.00
 3.7400      149.00
 3.7600      129.00
 3.7800      125.00
 3.8000      159.00
 3.8200      137.00
 3.8400      119.00
 3.8600      134.00
 3.8800      117.00
 3.9000      140.00
 3.9200      130.00
 3.9400      128.00
 3.9600      142.00
 3.9800      140.00
 4.0000      138.00
 4.0200      115.00
 4.0400      125.00
 4.0600      127.00
 4.0800      122.00
 4.1000      126.00
 4.1200      103.00
 4.1400      101.00
 4.1600      119.00
 4.1800      112.00
 4.2000      110.00
 4.2200      120.00
 4.2400      130.00
 4.2600      132.00
 4.2800      118.00
 4.3000      119.00
 4.3200      128.00
 4.3400      107.00
 4.3600      125.00
 4.3800      115.00
 4.4000      102.00
 4.4200      114.00
 4.4400      129.00
 4.4600      111.00
 4.4800      119.00
 4.5000      130.00
 4.5200      134.00
 4.5400      116.00
 4.5600      136.00
 4.5800      128.00
 4.6000      145.00
 4.6200      128.00
 4.6400      130.00
 4.6600      125.00
 4.6800      145.00
 4.7000      126.00
 4.7200      149.00
 4.7400      144.00
 4.7600      180.00
 4.7800      163.00
 4.8000      158.00
 4.8200      167.00
 4.8400      170.00
 4.8600      163.00
 4.8800      187.00
 4.9000      184.00
 4.9200      216.00
 4.9400      189.00
 4.9600      234.00
 4.9800      252.00
 5.0000      270.00
 5.0200      288.00
 5.0400      373.00
 5.0600      427.00
 5.0800      472.00
 5.1000      532.00
 5.1200      620.00
 5.1400      798.00
 5.1600      964.00
 5.1800     1053.00
 5.2000     1213.00
 5.2200     1327.00
 5.2400     1274.00
 5.2600     1350.00
 5.2800     1316.00
 5.3000     1337.00
 5.3200     1181.00
 5.3400     1131.00
 5.3600      986.00
 5.3800      845.00
 5.4000      690.00
 5.4200      476.00
 5.4400      309.00
 5.4600      210.00
 5.4800      164.00
 5.5000      133.00
 5.5200      126.00
 5.5400      137.00
 5.5600       95.00
 5.5800      112.00
 5.6000      143.00
 5.6200      121.00
 5.6400      132.00
 5.6600      125.00
 5.6800      108.00
 5.7000      127.00
 5.7200      104.00
 5.7400      123.00
 5.7600      110.00
 5.7800      116.00
 5.8000      115.00
 5.8200      108.00
 5.8400      127.00
 5.8600      125.00
 5.8800      123.00
 5.9000      102.00
 5.9200      100.00
 5.9400      101.00
 5.9600      117.00
 5.9800      121.00
 6.0000       96.00
 6.0200      110.00
 6.0400      100.00
 6.0600      121.00
 6.0800      106.00
 6.1000      103.00
 6.1200      110.00
 6.1400      108.00
 6.1600      116.00
 6.1800      117.00
 6.2000       90.00
 6.2200       88.00
 6.2400       89.00
 6.2600      100.00
 6.2800      109.00
 6.3000      119.00
 6.3200      103.00
 6.3400       88.00
 6.3600      110.00
 6.3800      108.00
 6.4000       99.00
 6.4200      122.00
 6.4400      126.00
 6.4600       93.00
 6.4800       91.00
 6.5000      103.00
 6.5200       94.00
 6.5400      110.00
 6.5600      112.00
 6.5800      107.00
 6.6000       77.00
 6.6200      106.00
 6.6400      107.00
 6.6600       94.00
 6.6800       95.00
 6.7000      109.00
 6.7200      112.00
 6.7400       92.00
 6.7600       94.00
 6.7800      109.00
 6.8000       89.00
 6.8200      100.00
 6.8400      102.00
 6.8600      110.00
 6.8800       99.00
 6.9000      105.00
 6.9200       94.00
 6.9400      104.00
 6.9600       94.00
 6.9800       84.00
 7.0000       78.00
 7.0200      101.00
 7.0400       77.00
 7.0600       85.00
 7.0800       92.00
 7.1000       88.00
 7.1200       84.00
 7.1400       87.00
 7.1600       85.00
 7.1800      100.00
 7.2000      105.00
 7.2200       88.00
 7.2400       97.00
 7.2600       99.00
 7.2800       95.00
 7.3000       81.00
 7.3200       86.00
 7.3400      103.00
 7.3600       79.00
 7.3800       97.00
 7.4000       83.00
 7.4200       98.00
 7.4400       94.00
 7.4600       96.00
 7.4800       84.00
 7.5000      101.00
 7.5200       84.00
 7.5400       86.00
 7.5600       68.00
 7.5800       93.00
 7.6000       86.00
 7.6200      102.00
 7.6400       95.00
 7.6600       89.00
 7.6800       78.00
 7.7000       80.00
 7.7200       98.00
 7.7400       95.00
 7.7600      105.00
 7.7800       99.00
 7.8000       90.00
 7.8200       77.00
 7.8400      104.00
 7.8600       94.00
 7.8800       79.00
 7.9000       84.00
 7.9200       76.00
 7.9400       81.00
 7.9600       92.00
 7.9800       73.00
 8.0000      105.00
 8.0200      106.00
 8.0400       77.00
 8.0600      102.00
 8.0800       92.00
 8.1000       78.00
 8.1200       97.00
 8.1400       79.00
 8.1600       93.00
 8.1800      102.00
 8.2000       83.00
 8.2200       88.00
 8.2400       97.00
 8.2600       96.00
 8.2800       76.00
 8.3000       82.00
 8.3200       83.00
 8.3400       92.00
 8.3600       93.00
 8.3800       91.00
 8.4000       93.00
 8.4200       74.00
 8.4400       78.00
 8.4600       79.00
 8.4800       98.00
 8.5000       90.00
 8.5200       92.00
 8.5400      104.00
 8.5600      100.00
 8.5800       70.00
 8.6000       82.00
 8.6200       96.00
 8.6400       92.00
 8.6600       76.00
 8.6800       81.00
 8.7000       88.00
 8.7200       91.00
 8.7400      103.00
 8.7600       95.00
 8.7800       92.00
 8.8000       89.00
 8.8200       89.00
 8.8400       98.00
 8.8600       91.00
 8.8800       95.00
 8.9000      105.00
 8.9200       94.00
 8.9400      103.00
 8.9600       80.00
 8.9800       77.00
 9.0000       87.00
 9.0200       95.00
 9.0400       82.00
 9.0600      103.00
 9.0800       82.00
 9.1000       82.00
 9.1200       96.00
 9.1400       89.00
 9.1600       81.00
 9.1800       88.00
 9.2000       85.00
 9.2200       84.00
 9.2400      106.00
 9.2600       89.00
 9.2800       72.00
 9.3000       89.00
 9.3200       99.00
 9.3400      106.00
 9.3600       88.00
 9.3800      120.00
 9.4000       79.00
 9.4200      118.00
 9.4400       94.00
 9.4600       94.00
 9.4800       98.00
 9.5000       89.00
 9.5200       82.00
 9.5400       78.00
 9.5600       80.00
 9.5800       90.00
 9.6000       90.00
 9.6200       92.00
 9.6400       78.00
 9.6600       82.00
 9.6800       75.00
 9.7000       91.00
 9.7200      106.00
 9.7400       92.00
 9.7600      105.00
 9.7800       79.00
 9.8000      100.00
 9.8200      105.00
 9.8400       89.00
 9.8600      101.00
 9.8800       99.00
 9.9000      100.00
 9.9200       92.00
 9.9400      107.00
 9.9600      110.00
 9.9800      103.00
10.0000      100.00
10.0200       90.00
10.0400      119.00
10.0600       84.00
10.0800      107.00
10.1000      108.00
10.1200      108.00
10.1400      119.00
10.1600      135.00
10.1800      147.00
10.2000      130.00
10.2200      126.00
10.2400      155.00
10.2600      171.00
10.2800      206.00
10.3000      232.00
10.3200      289.00
10.3400      265.00
10.3600      285.00
10.3800      355.00
10.4000      394.00
10.4200      447.00
10.4400      503.00
10.4600      527.00
10.4800      545.00
10.5000      552.00
10.5200      531.00
10.5400      541.00
10.5600      447.00
10.5800      447.00
10.6000      435.00
10.6200      295.00
10.6400      274.00
10.6600      170.00
10.6800      146.00
10.7000      132.00
10.7200      118.00
10.7400      109.00
10.7600      105.00
10.7800      107.00
10.8000      102.00
10.8200      101.00
10.8400       92.00
10.8600       91.00
10.8800       93.00
10.9000       91.00
10.9200      108.00
10.9400       91.00
10.9600      104.00
10.9800      103.00
11.0000       87.00
11.0200       84.00
11.0400      103.00
11.0600       77.00
11.0800       99.00
11.1000      103.00
11.1200      101.00
11.1400       94.00
11.1600       83.00
11.1800       96.00
11.2000       83.00
11.2200       94.00
11.2400      102.00
11.2600      104.00
11.2800      105.00
11.3000       96.00
11.3200       87.00
11.3400      100.00
11.3600       85.00
11.3800       92.00
11.4000       76.00
11.4200      107.00
11.4400       99.00
11.4600       88.00
11.4800       98.00
11.5000      102.00
11.5200       81.00
11.5400       98.00
11.5600       99.00
11.5800       94.00
11.6000       91.00
11.6200       88.00
11.6400       95.00
11.6600       89.00
11.6800      102.00
11.7000       78.00
11.7200      111.00
11.7400      102.00
11.7600       94.00
11.7800       98.00
11.8000      119.00
11.8200       74.00
11.8400       90.00
11.8600       97.00
11.8800       96.00
11.9000      120.00
11.9200       97.00
11.9400      107.00
11.9600      113.00
11.9800      111.00
12.0000      131.00
12.0200      131.00
12.0400      135.00
12.0600      105.00
12.0800      136.00
12.1000      143.00
12.1200      137.00
12.1400      135.00
12.1600      111.00
12.1800      120.00
12.2000      107.00
12.2200      122.00
12.2400      109.00
12.2600       97.00
12.2800      104.00
12.3000       99.00
12.3200       84.00
12.3400       96.00
12.3600       86.00
12.3800      116.00
12.4000       89.00
12.4200      111.00
12.4400       98.00
12.4600      128.00
12.4800      126.00
12.5000       97.00
12.5200      126.00
12.5400      116.00
12.5600      123.00
12.5800      134.00
12.6000       97.00
12.6200      125.00
12.6400      134.00
12.6600      148.00
12.6800      141.00
12.7000      164.00
12.7200      162.00
12.7400      195.00
12.7600      213.00
12.7800      251.00
12.8000      318.00
12.8200      318.00
12.8400      344.00
12.8600      378.00
12.8800      432.00
12.9000      478.00
12.9200      460.00
12.9400      431.00
12.9600      364.00
12.9800      305.00
13.0000      264.00
13.0200      223.00
13.0400      205.00
13.0600      208.00
13.0800      147.00
13.1000      138.00
13.1200      155.00
13.1400      168.00
13.1600      173.00
13.1800      183.00
13.2000      170.00
13.2200      241.00
13.2400      228.00
13.2600      258.00
13.2800      336.00
13.3000      340.00
13.3200      429.00
13.3400      486.00
13.3600      513.00
13.3800      621.00
13.4000      694.00
13.4200      714.00
13.4400      682.00
13.4600      572.00
13.4800      562.00
13.5000      462.00
13.5200      407.00
13.5400      332.00
13.5600      291.00
13.5800      184.00
13.6000      161.00
13.6200      144.00
13.6400      155.00
13.6600      145.00
13.6800       98.00
13.7000      110.00
13.7200       99.00
13.7400      105.00
13.7600      107.00
13.7800      122.00
13.8000      112.00
13.8200       97.00
13.8400      101.00
13.8600      105.00
13.8800       93.00
13.9000       92.00
13.9200       99.00
13.9400      105.00
13.9600      109.00
13.9800      103.00
14.0000      125.00
14.0200      102.00
14.0400      127.00
14.0600      110.00
14.0800      129.00
14.1000      132.00
14.1200      152.00
14.1400      173.00
14.1600      153.00
14.1800      149.00
14.2000      150.00
14.2200      139.00
14.2400      145.00
14.2600      137.00
14.2800      136.00
14.3000      136.00
14.3200      149.00
14.3400      125.00
14.3600      116.00
14.3800      137.00
14.4000      106.00
14.4200      132.00
14.4400      139.00
14.4600      147.00
14.4800      157.00
14.5000      164.00
14.5200      158.00
14.5400      155.00
14.5600      175.00
14.5800      223.00
14.6000      205.00
14.6200      212.00
14.6400      225.00
14.6600      244.00
14.6800      210.00
14.7000      247.00
14.7200      280.00
14.7400      234.00
14.7600      221.00
14.7800      189.00
14.8000      169.00
14.8200      150.00
14.8400      141.00
14.8600      132.00
14.8800      131.00
14.9000      123.00
14.9200      111.00
14.9400       97.00
14.9600       99.00
14.9800      115.00
15.0000      101.00
15.0200      101.00
15.0400      106.00
15.0600       80.00
15.0800      125.00
15.1000      121.00
15.1200      162.00
15.1400      145.00
15.1600      142.00
15.1800      153.00
15.2000      155.00
15.2200      186.00
15.2400      186.00
15.2600      202.00
15.2800      245.00
15.3000      246.00
15.3200      267.00
15.3400      331.00
15.3600      315.00
15.3800      333.00
15.4000      368.00
15.4200      356.00
15.4400      371.00
15.4600      357.00
15.4800      352.00
15.5000      381.00
15.5200      446.00
15.5400      496.00
15.5600      486.00
15.5800      473.00
15.6000      453.00
15.6200      459.00
15.6400      432.00
15.6600      389.00
15.6800      293.00
15.7000      241.00
15.7200      235.00
15.7400      193.00
15.7600      187.00
15.7800      160.00
15.8000      180.00
15.8200      158.00
15.8400      147.00
15.8600      138.00
15.8800      128.00
15.9000      139.00
15.9200      120.00
15.9400      137.00
15.9600      135.00
15.9800       96.00
16.0000      100.00
16.0200      103.00
16.0400      106.00
16.0600      107.00
16.0800       85.00
16.1000      100.00
16.1200      108.00
16.1400      105.00
16.1600      103.00
16.1800       99.00
16.2000       91.00
16.2200      122.00
16.2400      102.00
16.2600      117.00
16.2800      101.00
16.3000      128.00
16.3200      129.00
16.3400      138.00
16.3600      150.00
16.3800      167.00
16.4000      177.00
16.4200      190.00
16.4400      197.00
16.4600      209.00
16.4800      190.00
16.5000      205.00
16.5200      164.00
16.5400      179.00
16.5600      153.00
16.5800      139.00
16.6000      121.00
16.6200      111.00
16.6400      106.00
16.6600       92.00
16.6800       84.00
16.7000      110.00
16.7200       89.00
16.7400      110.00
16.7600       83.00
16.7800       87.00
16.8000      104.00
16.8200      100.00
16.8400       91.00
16.8600       78.00
16.8800       91.00
16.9000       85.00
16.9200      104.00
16.9400      104.00
16.9600      102.00
16.9800       93.00
17.0000       86.00
17.0200      106.00
17.0400      103.00
17.0600       95.00
17.0800       99.00
17.1000      125.00
17.1200       89.00
17.1400      109.00
17.1600       94.00
17.1800       91.00
17.2000       95.00
17.2200       88.00
17.2400       85.00
17.2600      117.00
17.2800       90.00
17.3000      103.00
17.3200       92.00
17.3400       97.00
17.3600      124.00
17.3800      102.00
17.4000      112.00
17.4200      113.00
17.4400      127.00
17.4600      120.00
17.4800      155.00
17.5000      167.00
17.5200      154.00
17.5400      196.00
17.5600      197.00
17.5800      182.00
17.6000      244.00
17.6200      236.00
17.6400      240.00
17.6600      248.00
17.6800      274.00
17.7000      251.00
17.7200      266.00
17.7400      260.00
17.7600      233.00
17.7800      295.00
17.8000      238.00
17.8200      283.00
17.8400      287.00
17.8600      269.00
17.8800      286.00
17.9000      285.00
17.9200      317.00
17.9400      284.00
17.9600      275.00
17.9800      242.00
18.0000      208.00
18.0200      149.00
18.0400      139.00
18.0600      107.00
18.0800      111.00
18.1000      106.00
18.1200      102.00
18.1400       95.00
18.1600      110.00
18.1800       83.00
18.2000      125.00
18.2200       99.00
18.2400       97.00
18.2600      105.00
18.2800      114.00
18.3000      107.00
18.3200      116.00
18.3400      101.00
18.3600      102.00
18.3800       95.00
18.4000      127.00
18.4200      116.00
18.4400      146.00
18.4600      158.00
18.4800      139.00
18.5000      146.00
18.5200      129.00
18.5400      115.00
18.5600      107.00
18.5800      117.00
18.6000      103.00
18.6200       91.00
18.6400      100.00
18.6600       97.00
18.6800       87.00
18.7000       92.00
18.7200       82.00
18.7400       95.00
18.7600       93.00
18.7800       87.00
18.8000       88.00
18.8200      108.00
18.8400       80.00
18.8600      101.00
18.8800       83.00
18.9000       81.00
18.9200       74.00
18.9400      109.00
18.9600       82.00
18.9800       93.00
19.0000      101.00
19.0200      116.00
19.0400       79.00
19.0600       88.00
19.0800       95.00
19.1000       83.00
19.1200       82.00
19.1400      106.00
19.1600       96.00
19.1800      107.00
19.2000       96.00
19.2200       95.00
19.2400       93.00
19.2600      109.00
19.2800      108.00
19.3000      125.00
19.3200      124.00
19.3400      123.00
19.3600      140.00
19.3800      153.00
19.4000      184.00
19.4200      180.00
19.4400      191.00
19.4600      175.00
19.4800      240.00
19.5000      261.00
19.5200      269.00
19.5400      287.00
19.5600      303.00
19.5800      357.00
19.6000      336.00
19.6200      293.00
19.6400      327.00
19.6600      273.00
19.6800      291.00
19.7000      331.00
19.7200      275.00
19.7400      259.00
19.7600      249.00
19.7800      246.00
19.8000      208.00
19.8200      180.00
19.8400      176.00
19.8600      142.00
19.8800      114.00
19.9000      114.00
19.9200      123.00
19.9400      121.00
19.9600      117.00
19.9800      102.00
20.0000      115.00
20.0200      118.00
20.0400      133.00
20.0600      119.00
20.0800      142.00
20.1000      148.00
20.1200      184.00
20.1400      179.00
20.1600      238.00
20.1800      266.00
20.2000      301.00
20.2200      288.00
20.2400      299.00
20.2600      318.00
20.2800      317.00
20.3000      315.00
20.3200      275.00
20.3400      249.00
20.3600      245.00
20.3800      220.00
20.4000      277.00
20.4200      257.00
20.4400      283.00
20.4600      324.00
20.4800      372.00
20.5000      376.00
20.5200      403.00
20.5400      421.00
20.5600      437.00
20.5800      436.00
20.6000      426.00
20.6200      336.00
20.6400      387.00
20.6600      326.00
20.6800      334.00
20.7000      282.00
20.7200      233.00
20.7400      210.00
20.7600      194.00
20.7800      224.00
20.8000      204.00
20.8200      200.00
20.8400      236.00
20.8600      269.00
20.8800      309.00
20.9000      388.00
20.9200      423.00
20.9400      599.00
20.9600      568.00
20.9800      751.00
21.0000      809.00
21.0200      867.00
21.0400      935.00
21.0600      932.00
21.0800      960.00
21.1000      984.00
21.1200      925.00
21.1400      923.00
21.1600      919.00
21.1800      852.00
21.2000      918.00
21.2200     1032.00
21.2400     1012.00
21.2600     1093.00
21.2800     1214.00
21.3000     1150.00
21.3200     1198.00
21.3400     1185.00
21.3600     1143.00
21.3800     1038.00
21.4000      930.00
21.4200      804.00
21.4400      678.00
21.4600      590.00
21.4800      411.00
21.5000      322.00
21.5200      259.00
21.5400      215.00
21.5600      202.00
21.5800      148.00
21.6000      144.00
21.6200      141.00
21.6400      136.00
21.6600      118.00
21.6800      118.00
21.7000      137.00
21.7200      144.00
21.7400      138.00
21.7600      146.00
21.7800      139.00
21.8000      157.00
21.8200      172.00
21.8400      173.00
21.8600      188.00
21.8800      221.00
21.9000      191.00
21.9200      199.00
21.9400      236.00
21.9600      220.00
21.9800      205.00
22.0000      162.00
22.0200      167.00
22.0400      158.00
22.0600      136.00
22.0800      118.00
22.1000      123.00
22.1200      120.00
22.1400      121.00
22.1600       95.00
22.1800      107.00
22.2000       91.00
22.2200      110.00
22.2400       93.00
22.2600       95.00
22.2800       83.00
22.3000      108.00
22.3200       82.00
22.3400       81.00
22.3600       93.00
22.3800       99.00
22.4000       91.00
22.4200       98.00
22.4400       96.00
22.4600       99.00
22.4800       94.00
22.5000      104.00
22.5200       92.00
22.5400       96.00
22.5600       92.00
22.5800      110.00
22.6000      105.00
22.6200      110.00
22.6400      117.00
22.6600      110.00
22.6800      118.00
22.7000      106.00
22.7200      109.00
22.7400      107.00
22.7600      103.00
22.7800      115.00
22.8000      120.00
22.8200      106.00
22.8400      104.00
22.8600       83.00
22.8800      123.00
22.9000      113.00
22.9200      100.00
22.9400      120.00
22.9600      102.00
22.9800      118.00
23.0000      128.00
23.0200      114.00
23.0400      103.00
23.0600      120.00
23.0800      124.00
23.1000      102.00
23.1200      110.00
23.1400      113.00
23.1600      106.00
23.1800       96.00
23.2000      100.00
23.2200      113.00
23.2400      103.00
23.2600      105.00
23.2800      101.00
23.3000      104.00
23.3200      138.00
23.3400      111.00
23.3600      109.00
23.3800       92.00
23.4000      127.00
23.4200      131.00
23.4400      138.00
23.4600      139.00
23.4800      136.00
23.5000      111.00
23.5200      133.00
23.5400      145.00
23.5600      126.00
23.5800      104.00
23.6000      117.00
23.6200       82.00
23.6400       86.00
23.6600       93.00
23.6800       80.00
23.7000       76.00
23.7200       92.00
23.7400       92.00
23.7600       92.00
23.7800       81.00
23.8000      101.00
23.8200       77.00
23.8400       93.00
23.8600       71.00
23.8800       72.00
23.9000       91.00
23.9200       74.00
23.9400       86.00
23.9600       87.00
23.9800       78.00
24.0000       61.00
24.0200       73.00
24.0400       94.00
24.0600       86.00
24.0800       98.00
24.1000      102.00
24.1200       96.00
24.1400      104.00
24.1600       97.00
24.1800       92.00
24.2000      125.00
24.2200      112.00
24.2400       96.00
24.2600      103.00
24.2800      107.00
24.3000      102.00
24.3200      111.00
24.3400      106.00
24.3600       94.00
24.3800       94.00
24.4000      111.00
24.4200      110.00
24.4400       92.00
24.4600      105.00
24.4800      102.00
24.5000       84.00
24.5200       87.00
24.5400       96.00
24.5600       88.00
24.5800       82.00
24.6000       77.00
24.6200       76.00
24.6400       73.00
24.6600       84.00
24.6800       74.00
24.7000       86.00
24.7200      102.00
24.7400       84.00
24.7600       84.00
24.7800       80.00
24.8000       82.00
24.8200       97.00
24.8400       95.00
24.8600       92.00
24.8800       99.00
24.9000      111.00
24.9200      118.00
24.9400      107.00
24.9600      111.00
24.9800      151.00
25.0000      135.00
25.0200      157.00
25.0400      176.00
25.0600      166.00
25.0800      233.00
25.1000      238.00
25.1200      267.00
25.1400      275.00
25.1600      276.00
25.1800      271.00
25.2000      297.00
25.2200      263.00
25.2400      278.00
25.2600      223.00
25.2800      246.00
25.3000      195.00
25.3200      158.00
25.3400      147.00
25.3600      154.00
25.3800      123.00
25.4000      113.00
25.4200      122.00
25.4400      117.00
25.4600      120.00
25.4800      116.00
25.5000      138.00
25.5200      171.00
25.5400      164.00
25.5600      152.00
25.5800      207.00
25.6000      174.00
25.6200      189.00
25.6400      190.00
25.6600      163.00
25.6800      159.00
25.7000      148.00
25.7200      130.00
25.7400      130.00
25.7600      158.00
25.7800      148.00
25.8000      128.00
25.8200      128.00
25.8400      128.00
25.8600      173.00
25.8800      186.00
25.9000      170.00
25.9200      189.00
25.9400      166.00
25.9600      175.00
25.9800      153.00
26.0000      139.00
26.0200      101.00
26.0400      124.00
26.0600      118.00
26.0800      118.00
26.1000       85.00
26.1200      112.00
26.1400      121.00
26.1600       92.00
26.1800      125.00
26.2000      152.00
26.2200      156.00
26.2400      186.00
26.2600      178.00
26.2800      222.00
26.3000      231.00
26.3200      241.00
26.3400      253.00
26.3600      293.00
26.3800      291.00
26.4000      311.00
26.4200      261.00
26.4400      262.00
26.4600      252.00
26.4800      229.00
26.5000      225.00
26.5200      219.00
26.5400      194.00
26.5600      191.00
26.5800      169.00
26.6000      160.00
26.6200      154.00
26.6400      132.00
26.6600      123.00
26.6800       89.00
26.7000       94.00
26.7200      106.00
26.7400      112.00
26.7600       89.00
26.7800      104.00
26.8000       91.00
26.8200       89.00
26.8400       87.00
26.8600       90.00
26.8800       78.00
26.9000       90.00
26.9200       88.00
26.9400       85.00
26.9600       95.00
26.9800      102.00
27.0000      113.00
27.0200      115.00
27.0400      139.00
27.0600      139.00
27.0800      155.00
27.1000      144.00
27.1200      155.00
27.1400      161.00
27.1600      151.00
27.1800      134.00
27.2000      159.00
27.2200      132.00
27.2400      119.00
27.2600      120.00
27.2800      113.00
27.3000      109.00
27.3200      115.00
27.3400       94.00
27.3600       89.00
27.3800      111.00
27.4000      101.00
27.4200       97.00
27.4400      100.00
27.4600       82.00
27.4800       94.00
27.5000      114.00
27.5200      107.00
27.5400      117.00
27.5600       96.00
27.5800      145.00
27.6000      152.00
27.6200      129.00
27.6400      186.00
27.6600      144.00
27.6800      158.00
27.7000      169.00
27.7200      154.00
27.7400      124.00
27.7600      170.00
27.7800      148.00
27.8000      147.00
27.8200      172.00
27.8400      174.00
27.8600      162.00
27.8800      134.00
27.9000      130.00
27.9200      134.00
27.9400      118.00
27.9600      107.00
27.9800      104.00
28.0000       93.00
28.0200       87.00
28.0400       88.00
28.0600       93.00
28.0800       87.00
28.1000       93.00
28.1200       96.00
28.1400       90.00
28.1600       75.00
28.1800       85.00
28.2000       84.00
28.2200       88.00
28.2400       92.00
28.2600      101.00
28.2800      121.00
28.3000      105.00
28.3200      112.00
28.3400      117.00
28.3600       98.00
28.3800      121.00
28.4000      122.00
28.4200      119.00
28.4400      128.00
28.4600      142.00
28.4800      119.00
28.5000      104.00
28.5200       91.00
28.5400       99.00
28.5600      101.00
28.5800      107.00
28.6000       87.00
28.6200       94.00
28.6400       85.00
28.6600      103.00
28.6800       93.00
28.7000       79.00
28.7200       71.00
28.7400       95.00
28.7600      104.00
28.7800       84.00
28.8000      101.00
28.8200      101.00
28.8400      122.00
28.8600      126.00
28.8800      134.00
28.9000      133.00
28.9200      158.00
28.9400      161.00
28.9600      176.00
28.9800      183.00
29.0000      164.00
29.0200      139.00
29.0400      167.00
29.0600      200.00
29.0800      162.00
29.1000      200.00
29.1200      172.00
29.1400      170.00
29.1600      168.00
29.1800      154.00
29.2000      151.00
29.2200      120.00
29.2400      117.00
29.2600      114.00
29.2800      120.00
29.3000       98.00
29.3200      102.00
29.3400      110.00
29.3600      102.00
29.3800      115.00
29.4000      146.00
29.4200      142.00
29.4400      154.00
29.4600      146.00
29.4800      154.00
29.5000      160.00
29.5200      164.00
29.5400      194.00
29.5600      164.00
29.5800      161.00
29.6000      158.00
29.6200      122.00
29.6400      113.00
29.6600      129.00
29.6800      123.00
29.7000      127.00
29.7200      122.00
29.7400      114.00
29.7600      118.00
29.7800      111.00
29.8000      103.00
29.8200      111.00
29.8400       98.00
29.8600       75.00
29.8800      115.00
29.9000       88.00
29.9200       79.00
29.9400       95.00
29.9600       57.00
29.9800       64.00
30.0000       74.00
30.0200       72.00
30.0400       69.00
30.0600       81.00
30.0800       97.00
30.1000       79.00
30.1200       81.00
30.1400       96.00
30.1600       75.00
30.1800       97.00
30.2000       91.00
30.2200       82.00
30.2400       90.00
30.2600       78.00
30.2800       77.00
30.3000       72.00
30.3200       71.00
30.3400       62.00
30.3600       67.00
30.3800       66.00
30.4000       74.00
30.4200       58.00
30.4400       55.00
30.4600       67.00
30.4800       63.00
30.5000       60.00
30.5200       65.00
30.5400       72.00
30.5600       59.00
30.5800       70.00
30.6000       70.00
30.6200       65.00
30.6400       68.00
30.6600       81.00
30.6800       66.00
30.7000       79.00
30.7200       78.00
30.7400       84.00
30.7600       87.00
30.7800       98.00
30.8000       95.00
30.8200      103.00
30.8400       90.00
30.8600       98.00
30.8800      100.00
30.9000      102.00
30.9200       93.00
30.9400      104.00
30.9600      101.00
30.9800      100.00
31.0000      104.00
31.0200       78.00
31.0400       87.00
31.0600       83.00
31.0800       82.00
31.1000       66.00
31.1200       83.00
31.1400       69.00
31.1600       57.00
31.1800       64.00
31.2000       87.00
31.2200       72.00
31.2400       89.00
31.2600       95.00
31.2800       97.00
31.3000       96.00
31.3200      100.00
31.3400      126.00
31.3600      108.00
31.3800      135.00
31.4000      144.00
31.4200      140.00
31.4400      161.00
31.4600      164.00
31.4800      149.00
31.5000      129.00
31.5200      145.00
31.5400      143.00
31.5600      148.00
31.5800      116.00
31.6000      140.00
31.6200      112.00
31.6400       97.00
31.6600      103.00
31.6800       93.00
31.7000      112.00
31.7200      107.00
31.7400      147.00
31.7600      106.00
31.7800      120.00
31.8000      116.00
31.8200      112.00
31.8400      101.00
31.8600      103.00
31.8800       84.00
31.9000       98.00
31.9200       86.00
31.9400       94.00
31.9600       91.00
31.9800       67.00
32.0000       65.00
32.0200       84.00
32.0400       72.00
32.0600       84.00
32.0800       67.00
32.1000       71.00
32.1200       68.00
32.1400       84.00
32.1600       73.00
32.1800       59.00
32.2000       73.00
32.2200       63.00
32.2400       64.00
32.2600       56.00
32.2800       58.00
32.3000       70.00
32.3200       80.00
32.3400       74.00
32.3600       78.00
32.3800       66.00
32.4000       76.00
32.4200       80.00
32.4400       78.00
32.4600       96.00
32.4800      102.00
32.5000      107.00
32.5200      126.00
32.5400      101.00
32.5600      128.00
32.5800      147.00
32.6000      124.00
32.6200      126.00
32.6400      132.00
32.6600       97.00
32.6800       83.00
32.7000      112.00
32.7200       87.00
32.7400       74.00
32.7600       80.00
32.7800       84.00
32.8000       83.00
32.8200       87.00
32.8400       84.00
32.8600       73.00
32.8800       83.00
32.9000       77.00
32.9200      105.00
32.9400      102.00
32.9600       94.00
32.9800       96.00
33.0000       97.00
33.0200       86.00
33.0400       83.00
33.0600       95.00
33.0800      103.00
33.1000       99.00
33.1200       85.00
33.1400       72.00
33.1600       81.00
33.1800       70.00
33.2000       76.00
33.2200       92.00
33.2400       90.00
33.2600       83.00
33.2800       92.00
33.3000       76.00
33.3200       77.00
33.3400       83.00
33.3600       85.00
33.3800       99.00
33.4000       96.00
33.4200       89.00
33.4400      104.00
33.4600       63.00
33.4800       87.00
33.5000      105.00
33.5200      101.00
33.5400      116.00
33.5600      129.00
33.5800      142.00
33.6000      139.00
33.6200      134.00
33.6400      157.00
33.6600      146.00
33.6800      130.00
33.7000      111.00
33.7200      126.00
33.7400      114.00
33.7600       88.00
33.7800       88.00
33.8000       77.00
33.8200       63.00
33.8400       69.00
33.8600       90.00
33.8800       74.00
33.9000       77.00
33.9200       88.00
33.9400       62.00
33.9600       63.00
33.9800       66.00
34.0000       54.00
34.0200       63.00
34.0400       61.00
34.0600       66.00
34.0800       58.00
34.1000       72.00
34.1200       60.00
34.1400       71.00
34.1600       66.00
34.1800       49.00
34.2000       70.00
34.2200       62.00
34.2400       60.00
34.2600       53.00
34.2800       63.00
34.3000       69.00
34.3200       74.00
34.3400       66.00
34.3600       57.00
34.3800       69.00
34.4000       73.00
34.4200       76.00
34.4400       46.00
34.4600       70.00
34.4800       53.00
34.5000       60.00
34.5200       58.00
34.5400       64.00
34.5600       56.00
34.5800       60.00
34.6000       60.00
34.6200       67.00
34.6400       70.00
34.6600       72.00
34.6800       65.00
34.7000       73.00
34.7200       58.00
34.7400       64.00
34.7600       76.00
34.7800       54.00
34.8000       80.00
34.8200       62.00
34.8400       60.00
34.8600       81.00
34.8800       77.00
34.9000       73.00
34.9200       67.00
34.9400       60.00
34.9600       52.00
34.9800       68.00
35.0000       67.00
