 3.0000      282.00
 3.0200      241.00
 3.0400      290.00
 3.0600      240.00
 3.0800      237.00
 3.1000      259.00
 3.1200      251.00
 3.1400      215.00
 3.1600      249.00
 3.1800      248.00
 3.2000      214.00
 3.2200      219.00
 3.2400      235.00
 3.2600      234.00
 3.2800      224.00
 3.3000      234.00
 3.3200      225.00
 3.3400      240.00
 3.3600      235.00
 3.3800      222.00
 3.4000      230.00
 3.4200      214.00
 3.4400      213.00
 3.4600      225.00
 3.4800      218.00
 3.5000      227.00
 3.5200      230.00
 3.5400      203.00
 3.5600      215.00
 3.5800      226.00
 3.6000      211.00
 3.6200      215.00
 3.6400      205.00
 3.6600      196.00
 3.6800      197.00
 3.7000      210.00
 3.7200      181.00
 3.7400      189.00
 3.7600      172.00
 3.7800      175.00
 3.8000      186.00
 3.8200      190.00
 3.8400      209.00
 3.8600      198.00
 3.8800      178.00
 3.9000      151.00
 3.9200      185.00
 3.9400      202.00
 3.9600      181.00
 3.9800      198.00
 4.0000      185.00
 4.0200      194.00
 4.0400      173.00
 4.0600      185.00
 4.0800      204.00
 4.1000      206.00
 4.1200      181.00
 4.1400      191.00
 4.1600      179.00
 4.1800      173.00
 4.2000      144.00
 4.2200      131.00
 4.2400      176.00
 4.2600      171.00
 4.2800      147.00
 4.3000      160.00
 4.3200      173.00
 4.3400      155.00
 4.3600      159.00
 4.3800      149.00
 4.4000      169.00
 4.4200      184.00
 4.4400      145.00
 4.4600      148.00
 4.4800      149.00
 4.5000      160.00
 4.5200      140.00
 4.5400      161.00
 4.5600      186.00
 4.5800      151.00
 4.6000      163.00
 4.6200      157.00
 4.6400      141.00
 4.6600      155.00
 4.6800      142.00
 4.7000      141.00
 4.7200      130.00
 4.7400      125.00
 4.7600      147.00
 4.7800      127.00
 4.8000      149.00
 4.8200      134.00
 4.8400      138.00
 4.8600      122.00
 4.8800      124.00
 4.9000      166.00
 4.9200      145.00
 4.9400      139.00
 4.9600      121.00
 4.9800      137.00
 5.0000      146.00
 5.0200      138.00
 5.0400      139.00
 5.0600      116.00
 5.0800      132.00
 5.1000      138.00
 5.1200      146.00
 5.1400      132.00
 5.1600      138.00
 5.1800      151.00
 5.2000      147.00
 5.2200      115.00
 5.2400      140.00
 5.2600      141.00
 5.2800      132.00
 5.3000      150.00
 5.3200      150.00
 5.3400      147.00
 5.3600      166.00
 5.3800      150.00
 5.4000      114.00
 5.4200      122.00
 5.4400      135.00
 5.4600      137.00
 5.4800      140.00
 5.5000      132.00
 5.5200      153.00
 5.5400      152.00
 5.5600      132.00
 5.5800      149.00
 5.6000      151.00
 5.6200      148.00
 5.6400      145.00
 5.6600      127.00
 5.6800      148.00
 5.7000      113.00
 5.7200      135.00
 5.7400      143.00
 5.7600      129.00
 5.7800      130.00
 5.8000      135.00
 5.8200      157.00
 5.8400      143.00
 5.8600      150.00
 5.8800      157.00
 5.9000      156.00
 5.9200      151.00
 5.9400      153.00
 5.9600      128.00
 5.9800      123.00
 6.0000      160.00
 6.0200      150.00
 6.0400      128.00
 6.0600      128.00
 6.0800      133.00
 6.1000      138.00
 6.1200      151.00
 6.1400      164.00
 6.1600      130.00
 6.1800      135.00
 6.2000      123.00
 6.2200      132.00
 6.2400      134.00
 6.2600      123.00
 6.2800      134.00
 6.3000      158.00
 6.3200      111.00
 6.3400      146.00
 6.3600      146.00
 6.3800      157.00
 6.4000      139.00
 6.4200      132.00
 6.4400      149.00
 6.4600      140.00
 6.4800      122.00
 6.5000      141.00
 6.5200      121.00
 6.5400      143.00
 6.5600      139.00
 6.5800      135.00
 6.6000      156.00
 6.6200      131.00
 6.6400      143.00
 6.6600      160.00
 6.6800      150.00
 6.7000      165.00
 6.7200      160.00
 6.7400      175.00
 6.7600      164.00
 6.7800      176.00
 6.8000      187.00
 6.8200      191.00
 6.8400      177.00
 6.8600      208.00
 6.8800      187.00
 6.9000      179.00
 6.9200      197.00
 6.9400      186.00
 6.9600      178.00
 6.9800      188.00
 7.0000      221.00
 7.0200      193.00
 7.0400      172.00
 7.0600      188.00
 7.0800      164.00
 7.1000      146.00
 7.1200      131.00
 7.1400      140.00
 7.1600      141.00
 7.1800      130.00
 7.2000      143.00
 7.2200      154.00
 7.2400      109.00
 7.2600      146.00
 7.2800      151.00
 7.3000      132.00
 7.3200      152.00
 7.3400      118.00
 7.3600      144.00
 7.3800      129.00
 7.4000      133.00
 7.4200      156.00
 7.4400      136.00
 7.4600      162.00
 7.4800      140.00
 7.5000      136.00
 7.5200      135.00
 7.5400      141.00
 7.5600      158.00
 7.5800      134.00
 7.6000      135.00
 7.6200      154.00
 7.6400      114.00
 7.6600      113.00
 7.6800      150.00
 7.7000      130.00
 7.7200      133.00
 7.7400      142.00
 7.7600      133.00
 7.7800      136.00
 7.8000      127.00
 7.8200      136.00
 7.8400      149.00
 7.8600      137.00
 7.8800      140.00
 7.9000      153.00
 7.9200      137.00
 7.9400      156.00
 7.9600      137.00
 7.9800      121.00
 8.0000      124.00
 8.0200      149.00
 8.0400      150.00
 8.0600      152.00
 8.0800      131.00
 8.1000      149.00
 8.1200      151.00
 8.1400      126.00
 8.1600      152.00
 8.1800      145.00
 8.2000      149.00
 8.2200      141.00
 8.2400      135.00
 8.2600      141.00
 8.2800      144.00
 8.3000      114.00
 8.3200      142.00
 8.3400      134.00
 8.3600      165.00
 8.3800      143.00
 8.4000      145.00
 8.4200      144.00
 8.4400      146.00
 8.4600      137.00
 8.4800      162.00
 8.5000      123.00
 8.5200      147.00
 8.5400      148.00
 8.5600      117.00
 8.5800      124.00
 8.6000      148.00
 8.6200      138.00
 8.6400      147.00
 8.6600      141.00
 8.6800      175.00
 8.7000      147.00
 8.7200      147.00
 8.7400      174.00
 8.7600      164.00
 8.7800      167.00
 8.8000      158.00
 8.8200      172.00
 8.8400      165.00
 8.8600      174.00
 8.8800      176.00
 8.9000      169.00
 8.9200      161.00
 8.9400      163.00
 8.9600      153.00
 8.9800      153.00
 9.0000      154.00
 9.0200      144.00
 9.0400      164.00
 9.0600      157.00
 9.0800      158.00
 9.1000      146.00
 9.1200      122.00
 9.1400      160.00
 9.1600      130.00
 9.1800      147.00
 9.2000      135.00
 9.2200      150.00
 9.2400      150.00
 9.2600      125.00
 9.2800      157.00
 9.3000      156.00
 9.3200      145.00
 9.3400      143.00
 9.3600      152.00
 9.3800      140.00
 9.4000      147.00
 9.4200      164.00
 9.4400      147.00
 9.4600      140.00
 9.4800      137.00
 9.5000      176.00
 9.5200      147.00
 9.5400      145.00
 9.5600      167.00
 9.5800      140.00
 9.6000      164.00
 9.6200      150.00
 9.6400      162.00
 9.6600      156.00
 9.6800      161.00
 9.7000      128.00
 9.7200      160.00
 9.7400      147.00
 9.7600      150.00
 9.7800      156.00
 9.8000      158.00
 9.8200      145.00
 9.8400      145.00
 9.8600      143.00
 9.8800      163.00
 9.9000      157.00
 9.9200      171.00
 9.9400      165.00
 9.9600      168.00
 9.9800      143.00
10.0000      174.00
10.0200      173.00
10.0400      178.00
10.0600      189.00
10.0800      152.00
10.1000      182.00
10.1200      164.00
10.1400      153.00
10.1600      190.00
10.1800      159.00
10.2000      154.00
10.2200      148.00
10.2400      153.00
10.2600      153.00
10.2800      164.00
10.3000      151.00
10.3200      136.00
10.3400      162.00
10.3600      167.00
10.3800      142.00
10.4000      157.00
10.4200      159.00
10.4400      150.00
10.4600      162.00
10.4800      159.00
10.5000      172.00
10.5200      152.00
10.5400      155.00
10.5600      150.00
10.5800      152.00
10.6000      154.00
10.6200      183.00
10.6400      147.00
10.6600      129.00
10.6800      157.00
10.7000      169.00
10.7200      192.00
10.7400      175.00
10.7600      195.00
10.7800      181.00
10.8000      195.00
10.8200      206.00
10.8400      237.00
10.8600      220.00
10.8800      254.00
10.9000      263.00
10.9200      266.00
10.9400      276.00
10.9600      319.00
10.9800      329.00
11.0000      339.00
11.0200      420.00
11.0400      437.00
11.0600      422.00
11.0800      430.00
11.1000      476.00
11.1200      445.00
11.1400      461.00
11.1600      466.00
11.1800      482.00
11.2000      461.00
11.2200      465.00
11.2400      426.00
11.2600      402.00
11.2800      456.00
11.3000      423.00
11.3200      415.00
11.3400      397.00
11.3600      382.00
11.3800      335.00
11.4000      302.00
11.4200      300.00
11.4400      270.00
11.4600      213.00
11.4800      196.00
11.5000      218.00
11.5200      204.00
11.5400      210.00
11.5600      195.00
11.5800      184.00
11.6000      178.00
11.6200      173.00
11.6400      173.00
11.6600      167.00
11.6800      214.00
11.7000      178.00
11.7200      186.00
11.7400      188.00
11.7600      201.00
11.7800      176.00
11.8000      222.00
11.8200      198.00
11.8400      210.00
11.8600      199.00
11.8800      175.00
11.9000      232.00
11.9200      251.00
11.9400      233.00
11.9600      258.00
11.9800      296.00
12.0000      291.00
12.0200      325.00
12.0400      333.00
12.0600      369.00
12.0800      457.00
12.1000      426.00
12.1200      487.00
12.1400      487.00
12.1600      462.00
12.1800      470.00
12.2000      448.00
12.2200      468.00
12.2400      387.00
12.2600      394.00
12.2800      367.00
12.3000      363.00
12.3200      327.00
12.3400      325.00
12.3600      283.00
12.3800      284.00
12.4000      309.00
12.4200      325.00
12.4400      337.00
12.4600      390.00
12.4800      411.00
12.5000      399.00
12.5200      451.00
12.5400      500.00
12.5600      524.00
12.5800      470.00
12.6000      504.00
12.6200      438.00
12.6400      441.00
12.6600      419.00
12.6800      335.00
12.7000      310.00
12.7200      268.00
12.7400      235.00
12.7600      218.00
12.7800      196.00
12.8000      222.00
12.8200      200.00
12.8400      168.00
12.8600      186.00
12.8800      159.00
12.9000      174.00
12.9200      173.00
12.9400      172.00
12.9600      183.00
12.9800      158.00
13.0000      162.00
13.0200      187.00
13.0400      171.00
13.0600      166.00
13.0800      181.00
13.1000      163.00
13.1200      177.00
13.1400      174.00
13.1600      155.00
13.1800      190.00
13.2000      160.00
13.2200      190.00
13.2400      164.00
13.2600      166.00
13.2800      152.00
13.3000      176.00
13.3200      162.00
13.3400      157.00
13.3600      187.00
13.3800      176.00
13.4000      159.00
13.4200      172.00
13.4400      170.00
13.4600      130.00
13.4800      162.00
13.5000      182.00
13.5200      185.00
13.5400      181.00
13.5600      167.00
13.5800      156.00
13.6000      182.00
13.6200      207.00
13.6400      165.00
13.6600      196.00
13.6800      165.00
13.7000      157.00
13.7200      170.00
13.7400      180.00
13.7600      169.00
13.7800      194.00
13.8000      172.00
13.8200      234.00
13.8400      182.00
13.8600      179.00
13.8800      181.00
13.9000      186.00
13.9200      221.00
13.9400      206.00
13.9600      193.00
13.9800      237.00
14.0000      224.00
14.0200      245.00
14.0400      291.00
14.0600      281.00
14.0800      344.00
14.1000      359.00
14.1200      429.00
14.1400      486.00
14.1600      537.00
14.1800      602.00
14.2000      637.00
14.2200      631.00
14.2400      666.00
14.2600      639.00
14.2800      674.00
14.3000      672.00
14.3200      619.00
14.3400      554.00
14.3600      573.00
14.3800      473.00
14.4000      499.00
14.4200      431.00
14.4400      410.00
14.4600      359.00
14.4800      318.00
14.5000      286.00
14.5200      298.00
14.5400      276.00
14.5600      244.00
14.5800      214.00
14.6000      214.00
14.6200      197.00
14.6400      193.00
14.6600      208.00
14.6800      181.00
14.7000      177.00
14.7200      196.00
14.7400      173.00
14.7600      177.00
14.7800      145.00
14.8000      183.00
14.8200      195.00
14.8400      156.00
14.8600      177.00
14.8800      177.00
14.9000      147.00
14.9200      175.00
14.9400      186.00
14.9600      175.00
14.9800      179.00
15.0000      151.00
15.0200      177.00
15.0400      175.00
15.0600      181.00
15.0800      171.00
15.1000      186.00
15.1200      173.00
15.1400      156.00
15.1600      189.00
15.1800      158.00
15.2000      159.00
15.2200      178.00
15.2400      178.00
15.2600      166.00
15.2800      164.00
15.3000      166.00
15.3200      157.00
15.3400      140.00
15.3600      148.00
15.3800      173.00
15.4000      188.00
15.4200      162.00
15.4400      160.00
15.4600      187.00
15.4800      168.00
15.5000      153.00
15.5200      167.00
15.5400      194.00
15.5600      166.00
15.5800      155.00
15.6000      157.00
15.6200      175.00
15.6400      172.00
15.6600      175.00
15.6800      185.00
15.7000      165.00
15.7200      200.00
15.7400      185.00
15.7600      186.00
15.7800      201.00
15.8000      221.00
15.8200      234.00
15.8400      248.00
15.8600      269.00
15.8800      265.00
15.9000      289.00
15.9200      307.00
15.9400      330.00
15.9600      337.00
15.9800      345.00
16.0000      343.00
16.0200      334.00
16.0400      343.00
16.0600      335.00
16.0800      353.00
16.1000      324.00
16.1200      347.00
16.1400      385.00
16.1600      374.00
16.1800      408.00
16.2000      414.00
16.2200      474.00
16.2400      441.00
16.2600      483.00
16.2800      463.00
16.3000      415.00
16.3200      432.00
16.3400      413.00
16.3600      364.00
16.3800      408.00
16.4000      411.00
16.4200      408.00
16.4400      404.00
16.4600      452.00
16.4800      501.00
16.5000      527.00
16.5200      525.00
16.5400      484.00
16.5600      476.00
16.5800      453.00
16.6000      404.00
16.6200      411.00
16.6400      370.00
16.6600      314.00
16.6800      292.00
16.7000      258.00
16.7200      240.00
16.7400      218.00
16.7600      204.00
16.7800      183.00
16.8000      204.00
16.8200      221.00
16.8400      218.00
16.8600      238.00
16.8800      233.00
16.9000      243.00
16.9200      287.00
16.9400      272.00
16.9600      321.00
16.9800      372.00
17.0000      398.00
17.0200      439.00
17.0400      500.00
17.0600      523.00
17.0800      521.00
17.1000      541.00
17.1200      533.00
17.1400      504.00
17.1600      523.00
17.1800      502.00
17.2000      468.00
17.2200      446.00
17.2400      409.00
17.2600      369.00
17.2800      402.00
17.3000      352.00
17.3200      355.00
17.3400      406.00
17.3600      439.00
17.3800      545.00
17.4000      579.00
17.4200      681.00
17.4400      797.00
17.4600      860.00
17.4800      964.00
17.5000     1149.00
17.5200     1212.00
17.5400     1352.00
17.5600     1439.00
17.5800     1534.00
17.6000     1501.00
17.6200     1460.00
17.6400     1451.00
17.6600     1376.00
17.6800     1238.00
17.7000     1079.00
17.7200     1011.00
17.7400      878.00
17.7600      796.00
17.7800      714.00
17.8000      651.00
17.8200      616.00
17.8400      565.00
17.8600      510.00
17.8800      460.00
17.9000      392.00
17.9200      344.00
17.9400      294.00
17.9600      280.00
17.9800      243.00
18.0000      263.00
18.0200      256.00
18.0400      243.00
18.0600      226.00
18.0800      228.00
18.1000      224.00
18.1200      239.00
18.1400      230.00
18.1600      203.00
18.1800      219.00
18.2000      201.00
18.2200      218.00
18.2400      231.00
18.2600      239.00
18.2800      260.00
18.3000      285.00
18.3200      321.00
18.3400      331.00
18.3600      356.00
18.3800      427.00
18.4000      458.00
18.4200      541.00
18.4400      516.00
18.4600      536.00
18.4800      514.00
18.5000      539.00
18.5200      530.00
18.5400      475.00
18.5600      413.00
18.5800      384.00
18.6000      355.00
18.6200      332.00
18.6400      321.00
18.6600      263.00
18.6800      275.00
18.7000      264.00
18.7200      277.00
18.7400      286.00
18.7600      262.00
18.7800      268.00
18.8000      311.00
18.8200      277.00
18.8400      318.00
18.8600      291.00
18.8800      289.00
18.9000      265.00
18.9200      229.00
18.9400      238.00
18.9600      227.00
18.9800      208.00
19.0000      244.00
19.0200      225.00
19.0400      237.00
19.0600      241.00
19.0800      230.00
19.1000      243.00
19.1200      270.00
19.1400      275.00
19.1600      287.00
19.1800      228.00
19.2000      279.00
19.2200      249.00
19.2400      258.00
19.2600      239.00
19.2800      266.00
19.3000      262.00
19.3200      271.00
19.3400      247.00
19.3600      277.00
19.3800      215.00
19.4000      284.00
19.4200      260.00
19.4400      279.00
19.4600      298.00
19.4800      302.00
19.5000      337.00
19.5200      404.00
19.5400      460.00
19.5600      509.00
19.5800      580.00
19.6000      666.00
19.6200      820.00
19.6400      889.00
19.6600      997.00
19.6800     1075.00
19.7000     1066.00
19.7200     1006.00
19.7400     1055.00
19.7600      956.00
19.7800      880.00
19.8000      821.00
19.8200      719.00
19.8400      640.00
19.8600      537.00
19.8800      499.00
19.9000      434.00
19.9200      388.00
19.9400      354.00
19.9600      334.00
19.9800      293.00
20.0000      302.00
20.0200      297.00
20.0400      266.00
20.0600      256.00
20.0800      232.00
20.1000      225.00
20.1200      212.00
20.1400      234.00
20.1600      219.00
20.1800      212.00
20.2000      200.00
20.2200      219.00
20.2400      234.00
20.2600      237.00
20.2800      216.00
20.3000      248.00
20.3200      246.00
20.3400      250.00
20.3600      257.00
20.3800      281.00
20.4000      259.00
20.4200      282.00
20.4400      305.00
20.4600      369.00
20.4800      432.00
20.5000      459.00
20.5200      562.00
20.5400      781.00
20.5600     1078.00
20.5800     1317.00
20.6000     1591.00
20.6200     1841.00
20.6400     1875.00
20.6600     1864.00
20.6800     1807.00
20.7000     1753.00
20.7200     1668.00
20.7400     1492.00
20.7600     1364.00
20.7800     1325.00
20.8000     1234.00
20.8200     1193.00
20.8400     1131.00
20.8600     1108.00
20.8800      991.00
20.9000     1054.00
20.9200     1124.00
20.9400     1223.00
20.9600     1344.00
20.9800     1452.00
21.0000     1570.00
21.0200     1680.00
21.0400     1857.00
21.0600     2022.00
21.0800     1989.00
21.1000     1951.00
21.1200     1857.00
21.1400     1678.00
21.1600     1559.00
21.1800     1283.00
21.2000     1155.00
21.2200     1003.00
21.2400      802.00
21.2600      675.00
21.2800      526.00
21.3000      438.00
21.3200      356.00
21.3400      325.00
21.3600      277.00
21.3800      277.00
21.4000      261.00
21.4200      260.00
21.4400      242.00
21.4600      228.00
21.4800      211.00
21.5000      247.00
21.5200      176.00
21.5400      205.00
21.5600      198.00
21.5800      209.00
21.6000      214.00
21.6200      203.00
21.6400      191.00
21.6600      205.00
21.6800      201.00
21.7000      210.00
21.7200      174.00
21.7400      216.00
21.7600      213.00
21.7800      205.00
21.8000      186.00
21.8200      208.00
21.8400      187.00
21.8600      203.00
21.8800      217.00
21.9000      199.00
21.9200      210.00
21.9400      202.00
21.9600      213.00
21.9800      219.00
22.0000      227.00
22.0200      245.00
22.0400      249.00
22.0600      244.00
22.0800      258.00
22.1000      307.00
22.1200      275.00
22.1400      311.00
22.1600      302.00
22.1800      318.00
22.2000      349.00
22.2200      379.00
22.2400      422.00
22.2600      473.00
22.2800      467.00
22.3000      549.00
22.3200      565.00
22.3400      574.00
22.3600      625.00
22.3800      580.00
22.4000      633.00
22.4200      617.00
22.4400      648.00
22.4600      617.00
22.4800      619.00
22.5000      689.00
22.5200      681.00
22.5400      762.00
22.5600      780.00
22.5800      898.00
22.6000      977.00
22.6200     1025.00
22.6400     1079.00
22.6600     1000.00
22.6800      951.00
22.7000      953.00
22.7200      874.00
22.7400      775.00
22.7600      717.00
22.7800      609.00
22.8000      572.00
22.8200      518.00
22.8400      478.00
22.8600      479.00
22.8800      513.00
22.9000      528.00
22.9200      540.00
22.9400      539.00
22.9600      569.00
22.9800      581.00
23.0000      595.00
23.0200      579.00
23.0400      572.00
23.0600      603.00
23.0800      631.00
23.1000      609.00
23.1200      654.00
23.1400      667.00
23.1600      602.00
23.1800      542.00
23.2000      581.00
23.2200      479.00
23.2400      504.00
23.2600      486.00
23.2800      444.00
23.3000      479.00
23.3200      440.00
23.3400      471.00
23.3600      464.00
23.3800      470.00
23.4000      533.00
23.4200      502.00
23.4400      533.00
23.4600      496.00
23.4800      522.00
23.5000      474.00
23.5200      444.00
23.5400      422.00
23.5600      355.00
23.5800      358.00
23.6000      318.00
23.6200      265.00
23.6400      250.00
23.6600      241.00
23.6800      220.00
23.7000      243.00
23.7200      209.00
23.7400      242.00
23.7600      244.00
23.7800      249.00
23.8000      216.00
23.8200      286.00
23.8400      249.00
23.8600      293.00
23.8800      296.00
23.9000      324.00
23.9200      328.00
23.9400      388.00
23.9600      404.00
23.9800      452.00
24.0000      548.00
24.0200      585.00
24.0400      665.00
24.0600      746.00
24.0800      807.00
24.1000      871.00
24.1200      859.00
24.1400      834.00
24.1600      890.00
24.1800      887.00
24.2000      819.00
24.2200      849.00
24.2400      724.00
24.2600      677.00
24.2800      730.00
24.3000      712.00
24.3200      756.00
24.3400      841.00
24.3600      879.00
24.3800      952.00
24.4000      864.00
24.4200      901.00
24.4400      855.00
24.4600      769.00
24.4800      761.00
24.5000      696.00
24.5200      587.00
24.5400      544.00
24.5600      440.00
24.5800      383.00
24.6000      342.00
24.6200      313.00
24.6400      288.00
24.6600      261.00
24.6800      250.00
24.7000      256.00
24.7200      269.00
24.7400      285.00
24.7600      289.00
24.7800      305.00
24.8000      308.00
24.8200      379.00
24.8400      392.00
24.8600      461.00
24.8800      505.00
24.9000      577.00
24.9200      609.00
24.9400      624.00
24.9600      608.00
24.9800      629.00
25.0000      636.00
25.0200      534.00
25.0400      503.00
25.0600      487.00
25.0800      430.00
25.1000      419.00
25.1200      340.00
25.1400      286.00
25.1600      290.00
25.1800      232.00
25.2000      235.00
25.2200      218.00
25.2400      188.00
25.2600      208.00
25.2800      202.00
25.3000      235.00
25.3200      191.00
25.3400      224.00
25.3600      185.00
25.3800      178.00
25.4000      173.00
25.4200      178.00
25.4400      170.00
25.4600      176.00
25.4800      167.00
25.5000      188.00
25.5200      186.00
25.5400      182.00
25.5600      159.00
25.5800      187.00
25.6000      174.00
25.6200      165.00
25.6400      188.00
25.6600      171.00
25.6800      165.00
25.7000      178.00
25.7200      202.00
25.7400      171.00
25.7600      169.00
25.7800      170.00
25.8000      192.00
25.8200      180.00
25.8400      162.00
25.8600      188.00
25.8800      189.00
25.9000      200.00
25.9200      243.00
25.9400      277.00
25.9600      284.00
25.9800      276.00
26.0000      316.00
26.0200      307.00
26.0400      357.00
26.0600      376.00
26.0800      378.00
26.1000      361.00
26.1200      339.00
26.1400      388.00
26.1600      405.00
26.1800      401.00
26.2000      466.00
26.2200      388.00
26.2400      396.00
26.2600      438.00
26.2800      434.00
26.3000      457.00
26.3200      402.00
26.3400      365.00
26.3600      384.00
26.3800      374.00
26.4000      371.00
26.4200      367.00
26.4400      350.00
26.4600      361.00
26.4800      377.00
26.5000      394.00
26.5200      407.00
26.5400      365.00
26.5600      368.00
26.5800      324.00
26.6000      304.00
26.6200      299.00
26.6400      256.00
26.6600      300.00
26.6800      263.00
26.7000      235.00
26.7200      253.00
26.7400      242.00
26.7600      245.00
26.7800      200.00
26.8000      187.00
26.8200      194.00
26.8400      181.00
26.8600      159.00
26.8800      226.00
26.9000      219.00
26.9200      194.00
26.9400      188.00
26.9600      204.00
26.9800      216.00
27.0000      234.00
27.0200      225.00
27.0400      247.00
27.0600      220.00
27.0800      240.00
27.1000      201.00
27.1200      245.00
27.1400      207.00
27.1600      224.00
27.1800      230.00
27.2000      246.00
27.2200      263.00
27.2400      246.00
27.2600      278.00
27.2800      280.00
27.3000      312.00
27.3200      335.00
27.3400      321.00
27.3600      284.00
27.3800      337.00
27.4000      286.00
27.4200      332.00
27.4400      366.00
27.4600      409.00
27.4800      414.00
27.5000      483.00
27.5200      554.00
27.5400      729.00
27.5600      898.00
27.5800     1158.00
27.6000     1443.00
27.6200     1486.00
27.6400     1582.00
27.6600     1687.00
27.6800     1647.00
27.7000     1560.00
27.7200     1346.00
27.7400     1203.00
27.7600     1129.00
27.7800      949.00
27.8000      908.00
27.8200      796.00
27.8400      673.00
27.8600      613.00
27.8800      531.00
27.9000      450.00
27.9200      363.00
27.9400      366.00
27.9600      320.00
27.9800      328.00
28.0000      261.00
28.0200      269.00
28.0400      252.00
28.0600      259.00
28.0800      232.00
28.1000      247.00
28.1200      247.00
28.1400      253.00
28.1600      251.00
28.1800      257.00
28.2000      226.00
28.2200      240.00
28.2400      225.00
28.2600      218.00
28.2800      265.00
28.3000      252.00
28.3200      253.00
28.3400      327.00
28.3600      368.00
28.3800      418.00
28.4000      453.00
28.4200      543.00
28.4400      654.00
28.4600      668.00
28.4800      741.00
28.5000      831.00
28.5200      842.00
28.5400      871.00
28.5600      861.00
28.5800      840.00
28.6000      768.00
28.6200      778.00
28.6400      731.00
28.6600      596.00
28.6800      596.00
28.7000      541.00
28.7200      576.00
28.7400      496.00
28.7600      451.00
28.7800      390.00
28.8000      401.00
28.8200      392.00
28.8400      364.00
28.8600      374.00
28.8800      384.00
28.9000      340.00
28.9200      327.00
28.9400      325.00
28.9600      337.00
28.9800      294.00
29.0000      297.00
29.0200      292.00
29.0400      311.00
29.0600      310.00
29.0800      316.00
29.1000      286.00
29.1200      294.00
29.1400      325.00
29.1600      303.00
29.1800      350.00
29.2000      371.00
29.2200      344.00
29.2400      352.00
29.2600      398.00
29.2800      387.00
29.3000      375.00
29.3200      373.00
29.3400      381.00
29.3600      331.00
29.3800      406.00
29.4000      385.00
29.4200      395.00
29.4400      382.00
29.4600      436.00
29.4800      463.00
29.5000      419.00
29.5200      435.00
29.5400      453.00
29.5600      392.00
29.5800      379.00
29.6000      365.00
29.6200      316.00
29.6400      266.00
29.6600      245.00
29.6800      263.00
29.7000      202.00
29.7200      205.00
29.7400      162.00
29.7600      182.00
29.7800      149.00
29.8000      159.00
29.8200      182.00
29.8400      170.00
29.8600      162.00
29.8800      167.00
29.9000      176.00
29.9200      173.00
29.9400      180.00
29.9600      202.00
29.9800      195.00
30.0000      198.00
30.0200      215.00
30.0400      247.00
30.0600      254.00
30.0800      282.00
30.1000      246.00
30.1200      306.00
30.1400      304.00
30.1600      326.00
30.1800      318.00
30.2000      312.00
30.2200      342.00
30.2400      311.00
30.2600      279.00
30.2800      260.00
30.3000      311.00
30.3200      280.00
30.3400      285.00
30.3600      267.00
30.3800      275.00
30.4000      270.00
30.4200      242.00
30.4400      228.00
30.4600      228.00
30.4800      203.00
30.5000      191.00
30.5200      187.00
30.5400      206.00
30.5600      190.00
30.5800      194.00
30.6000      197.00
30.6200      235.00
30.6400      241.00
30.6600      234.00
30.6800      248.00
30.7000      231.00
30.7200      223.00
30.7400      249.00
30.7600      235.00
30.7800      182.00
30.8000      204.00
30.8200      201.00
30.8400      184.00
30.8600      189.00
30.8800      179.00
30.9000      168.00
30.9200      183.00
30.9400      152.00
30.9600      174.00
30.9800      182.00
31.0000      165.00
31.0200      200.00
31.0400      173.00
31.0600      190.00
31.0800      182.00
31.1000      175.00
31.1200      177.00
31.1400      156.00
31.1600      172.00
31.1800      154.00
31.2000      150.00
31.2200      157.00
31.2400      159.00
31.2600      146.00
31.2800      156.00
31.3000      130.00
31.3200      138.00
31.3400      156.00
31.3600      162.00
31.3800      140.00
31.4000      160.00
31.4200      149.00
31.4400      159.00
31.4600      178.00
31.4800      163.00
31.5000      168.00
31.5200      172.00
31.5400      197.00
31.5600      178.00
31.5800      210.00
31.6000      182.00
31.6200      179.00
31.6400      197.00
31.6600      225.00
31.6800      185.00
31.7000      182.00
31.7200      182.00
31.7400      174.00
31.7600      171.00
31.7800      180.00
31.8000      174.00
31.8200      183.00
31.8400      180.00
31.8600      174.00
31.8800      173.00
31.9000      184.00
31.9200      174.00
31.9400      191.00
31.9600      192.00
31.9800      207.00
32.0000      223.00
32.0200      229.00
32.0400      200.00
32.0600      235.00
32.0800      227.00
32.1000      248.00
32.1200      255.00
32.1400      215.00
32.1600      244.00
32.1800      228.00
32.2000      230.00
32.2200      229.00
32.2400      277.00
32.2600      222.00
32.2800      244.00
32.3000      251.00
32.3200      264.00
32.3400      258.00
32.3600      207.00
32.3800      239.00
32.4000      259.00
32.4200      254.00
32.4400      243.00
32.4600      227.00
32.4800      284.00
32.5000      248.00
32.5200      309.00
32.5400      277.00
32.5600      338.00
32.5800      352.00
32.6000      362.00
32.6200      338.00
32.6400      373.00
32.6600      404.00
32.6800      333.00
32.7000      339.00
32.7200      382.00
32.7400      351.00
32.7600      323.00
32.7800      316.00
32.8000      285.00
32.8200      255.00
32.8400      263.00
32.8600      276.00
32.8800      235.00
32.9000      234.00
32.9200      219.00
32.9400      190.00
32.9600      226.00
32.9800      181.00
33.0000      210.00
33.0200      207.00
33.0400      212.00
33.0600      189.00
33.0800      217.00
33.1000      207.00
33.1200      201.00
33.1400      215.00
33.1600      220.00
33.1800      228.00
33.2000      258.00
33.2200      277.00
33.2400      255.00
33.2600      287.00
33.2800      263.00
33.3000      268.00
33.3200      303.00
33.3400      296.00
33.3600      272.00
33.3800      298.00
33.4000      279.00
33.4200      270.00
33.4400      280.00
33.4600      279.00
33.4800      246.00
33.5000      253.00
33.5200      269.00
33.5400      276.00
33.5600      235.00
33.5800      244.00
33.6000      239.00
33.6200      260.00
33.6400      206.00
33.6600      192.00
33.6800      210.00
33.7000      190.00
33.7200      169.00
33.7400      166.00
33.7600      165.00
33.7800      160.00
33.8000      144.00
33.8200      142.00
33.8400      174.00
33.8600      173.00
33.8800      170.00
33.9000      163.00
33.9200      182.00
33.9400      182.00
33.9600      192.00
33.9800      156.00
34.0000      184.00
34.0200      182.00
34.0400      173.00
34.0600      199.00
34.0800      194.00
34.1000      203.00
34.1200      223.00
34.1400      236.00
34.1600      260.00
34.1800      297.00
34.2000      301.00
34.2200      327.00
34.2400      356.00
34.2600      318.00
34.2800      379.00
34.3000      303.00
34.3200      286.00
34.3400      280.00
34.3600      278.00
34.3800      245.00
34.4000      245.00
34.4200      190.00
34.4400      183.00
34.4600      190.00
34.4800      168.00
34.5000      171.00
34.5200      173.00
34.5400      162.00
34.5600      139.00
34.5800      159.00
34.6000      172.00
34.6200      138.00
34.6400      164.00
34.6600      181.00
34.6800      203.00
34.7000      203.00
34.7200      226.00
34.7400      189.00
34.7600      226.00
34.7800      256.00
34.8000      215.00
34.8200      228.00
34.8400      239.00
34.8600      210.00
34.8800      190.00
34.9000      184.00
34.9200      214.00
34.9400      195.00
34.9600      190.00
34.9800      170.00
35.0000      227.00
