 3.0000      274.00
 3.0200      276.00
 3.0400      277.00
 3.0600      260.00
 3.0800      283.00
 3.1000      293.00
 3.1200      266.00
 3.1400      255.00
 3.1600      281.00
 3.1800      267.00
 3.2000      267.00
 3.2200      237.00
 3.2400      254.00
 3.2600      287.00
 3.2800      250.00
 3.3000      273.00
 3.3200      231.00
 3.3400      236.00
 3.3600      229.00
 3.3800      257.00
 3.4000      245.00
 3.4200      240.00
 3.4400      234.00
 3.4600      228.00
 3.4800      238.00
 3.5000      220.00
 3.5200      225.00
 3.5400      237.00
 3.5600      237.00
 3.5800      222.00
 3.6000      228.00
 3.6200      235.00
 3.6400      226.00
 3.6600      249.00
 3.6800      202.00
 3.7000      225.00
 3.7200      210.00
 3.7400      214.00
 3.7600      210.00
 3.7800      198.00
 3.8000      216.00
 3.8200      210.00
 3.8400      218.00
 3.8600      193.00
 3.8800      199.00
 3.9000      207.00
 3.9200      202.00
 3.9400      188.00
 3.9600      206.00
 3.9800      205.00
 4.0000      207.00
 4.0200      196.00
 4.0400      188.00
 4.0600      168.00
 4.0800      190.00
 4.1000      199.00
 4.1200      206.00
 4.1400      193.00
 4.1600      192.00
 4.1800      193.00
 4.2000      146.00
 4.2200      158.00
 4.2400      194.00
 4.2600      154.00
 4.2800      171.00
 4.3000      191.00
 4.3200      185.00
 4.3400      161.00
 4.3600      160.00
 4.3800      190.00
 4.4000      165.00
 4.4200      173.00
 4.4400      149.00
 4.4600      163.00
 4.4800      193.00
 4.5000      148.00
 4.5200      152.00
 4.5400      164.00
 4.5600      159.00
 4.5800      155.00
 4.6000      144.00
 4.6200      157.00
 4.6400      167.00
 4.6600      142.00
 4.6800      138.00
 4.7000      169.00
 4.7200      159.00
 4.7400      151.00
 4.7600      176.00
 4.7800      159.00
 4.8000      154.00
 4.8200      137.00
 4.8400      155.00
 4.8600      157.00
 4.8800      166.00
 4.9000      144.00
 4.9200      152.00
 4.9400      161.00
 4.9600      146.00
 4.9800      150.00
 5.0000      130.00
 5.0200      136.00
 5.0400      140.00
 5.0600      158.00
 5.0800      141.00
 5.1000      143.00
 5.1200      157.00
 5.1400      151.00
 5.1600      140.00
 5.1800      144.00
 5.2000      136.00
 5.2200      136.00
 5.2400      144.00
 5.2600      153.00
 5.2800      149.00
 5.3000      120.00
 5.3200      154.00
 5.3400      151.00
 5.3600      157.00
 5.3800      131.00
 5.4000      146.00
 5.4200      159.00
 5.4400      138.00
 5.4600      177.00
 5.4800      143.00
 5.5000      144.00
 5.5200      168.00
 5.5400      158.00
 5.5600      153.00
 5.5800      166.00
 5.6000      168.00
 5.6200      149.00
 5.6400      161.00
 5.6600      129.00
 5.6800      137.00
 5.7000      137.00
 5.7200      146.00
 5.7400      130.00
 5.7600      140.00
 5.7800      128.00
 5.8000      134.00
 5.8200      141.00
 5.8400      140.00
 5.8600      145.00
 5.8800      136.00
 5.9000      127.00
 5.9200      130.00
 5.9400      125.00
 5.9600      133.00
 5.9800      143.00
 6.0000      153.00
 6.0200      153.00
 6.0400      151.00
 6.0600      158.00
 6.0800      147.00
 6.1000      156.00
 6.1200      144.00
 6.1400      156.00
 6.1600      143.00
 6.1800      152.00
 6.2000      142.00
 6.2200      138.00
 6.2400      148.00
 6.2600      147.00
 6.2800      154.00
 6.3000      115.00
 6.3200      166.00
 6.3400      132.00
 6.3600      155.00
 6.3800      134.00
 6.4000      134.00
 6.4200      150.00
 6.4400      133.00
 6.4600      173.00
 6.4800      150.00
 6.5000      154.00
 6.5200      141.00
 6.5400      151.00
 6.5600      137.00
 6.5800      162.00
 6.6000      166.00
 6.6200      153.00
 6.6400      138.00
 6.6600      187.00
 6.6800      141.00
 6.7000      141.00
 6.7200      143.00
 6.7400      148.00
 6.7600      157.00
 6.7800      142.00
 6.8000      157.00
 6.8200      159.00
 6.8400      165.00
 6.8600      174.00
 6.8800      176.00
 6.9000      180.00
 6.9200      154.00
 6.9400      152.00
 6.9600      153.00
 6.9800      155.00
 7.0000      144.00
 7.0200      171.00
 7.0400      150.00
 7.0600      153.00
 7.0800      163.00
 7.1000      141.00
 7.1200      154.00
 7.1400      168.00
 7.1600      157.00
 7.1800      117.00
 7.2000      145.00
 7.2200      163.00
 7.2400      141.00
 7.2600      130.00
 7.2800      142.00
 7.3000      154.00
 7.3200      158.00
 7.3400      172.00
 7.3600      145.00
 7.3800      137.00
 7.4000      167.00
 7.4200      173.00
 7.4400      153.00
 7.4600      151.00
 7.4800      159.00
 7.5000      155.00
 7.5200      137.00
 7.5400      122.00
 7.5600      137.00
 7.5800      145.00
 7.6000      166.00
 7.6200      119.00
 7.6400      151.00
 7.6600      142.00
 7.6800      151.00
 7.7000      129.00
 7.7200      161.00
 7.7400      130.00
 7.7600      144.00
 7.7800      140.00
 7.8000      128.00
 7.8200      146.00
 7.8400      172.00
 7.8600      131.00
 7.8800      116.00
 7.9000      152.00
 7.9200      152.00
 7.9400      130.00
 7.9600      151.00
 7.9800      171.00
 8.0000      160.00
 8.0200      167.00
 8.0400      131.00
 8.0600      124.00
 8.0800      130.00
 8.1000      150.00
 8.1200      154.00
 8.1400      144.00
 8.1600      148.00
 8.1800      157.00
 8.2000      154.00
 8.2200      148.00
 8.2400      150.00
 8.2600      156.00
 8.2800      138.00
 8.3000      157.00
 8.3200      176.00
 8.3400      164.00
 8.3600      172.00
 8.3800      154.00
 8.4000      143.00
 8.4200      168.00
 8.4400      163.00
 8.4600      162.00
 8.4800      141.00
 8.5000      153.00
 8.5200      135.00
 8.5400      181.00
 8.5600      146.00
 8.5800      152.00
 8.6000      149.00
 8.6200      158.00
 8.6400      155.00
 8.6600      154.00
 8.6800      172.00
 8.7000      180.00
 8.7200      167.00
 8.7400      180.00
 8.7600      174.00
 8.7800      179.00
 8.8000      189.00
 8.8200      201.00
 8.8400      156.00
 8.8600      181.00
 8.8800      183.00
 8.9000      152.00
 8.9200      174.00
 8.9400      191.00
 8.9600      148.00
 8.9800      148.00
 9.0000      155.00
 9.0200      144.00
 9.0400      158.00
 9.0600      165.00
 9.0800      149.00
 9.1000      177.00
 9.1200      170.00
 9.1400      154.00
 9.1600      134.00
 9.1800      145.00
 9.2000      144.00
 9.2200      165.00
 9.2400      142.00
 9.2600      135.00
 9.2800      131.00
 9.3000      143.00
 9.3200      165.00
 9.3400      147.00
 9.3600      130.00
 9.3800      147.00
 9.4000      147.00
 9.4200      136.00
 9.4400      152.00
 9.4600      138.00
 9.4800      157.00
 9.5000      139.00
 9.5200      177.00
 9.5400      142.00
 9.5600      193.00
 9.5800      146.00
 9.6000      166.00
 9.6200      130.00
 9.6400      159.00
 9.6600      160.00
 9.6800      143.00
 9.7000      165.00
 9.7200      156.00
 9.7400      147.00
 9.7600      163.00
 9.7800      136.00
 9.8000      157.00
 9.8200      152.00
 9.8400      159.00
 9.8600      183.00
 9.8800      166.00
 9.9000      181.00
 9.9200      175.00
 9.9400      168.00
 9.9600      179.00
 9.9800      183.00
10.0000      174.00
10.0200      166.00
10.0400      194.00
10.0600      156.00
10.0800      150.00
10.1000      175.00
10.1200      162.00
10.1400      148.00
10.1600      163.00
10.1800      157.00
10.2000      146.00
10.2200      169.00
10.2400      166.00
10.2600      167.00
10.2800      164.00
10.3000      176.00
10.3200      170.00
10.3400      155.00
10.3600      146.00
10.3800      164.00
10.4000      166.00
10.4200      184.00
10.4400      157.00
10.4600      149.00
10.4800      147.00
10.5000      162.00
10.5200      148.00
10.5400      145.00
10.5600      143.00
10.5800      165.00
10.6000      181.00
10.6200      156.00
10.6400      179.00
10.6600      207.00
10.6800      181.00
10.7000      164.00
10.7200      196.00
10.7400      180.00
10.7600      175.00
10.7800      212.00
10.8000      208.00
10.8200      198.00
10.8400      218.00
10.8600      196.00
10.8800      228.00
10.9000      233.00
10.9200      269.00
10.9400      295.00
10.9600      317.00
10.9800      333.00
11.0000      364.00
11.0200      386.00
11.0400      444.00
11.0600      456.00
11.0800      448.00
11.1000      460.00
11.1200      453.00
11.1400      426.00
11.1600      441.00
11.1800      404.00
11.2000      362.00
11.2200      374.00
11.2400      409.00
11.2600      468.00
11.2800      408.00
11.3000      456.00
11.3200      439.00
11.3400      400.00
11.3600      403.00
11.3800      313.00
11.4000      342.00
11.4200      253.00
11.4400      290.00
11.4600      182.00
11.4800      195.00
11.5000      183.00
11.5200      184.00
11.5400      182.00
11.5600      179.00
11.5800      169.00
11.6000      187.00
11.6200      168.00
11.6400      182.00
11.6600      188.00
11.6800      188.00
11.7000      159.00
11.7200      179.00
11.7400      169.00
11.7600      185.00
11.7800      173.00
11.8000      188.00
11.8200      184.00
11.8400      196.00
11.8600      209.00
11.8800      216.00
11.9000      239.00
11.9200      277.00
11.9400      289.00
11.9600      277.00
11.9800      317.00
12.0000      357.00
12.0200      353.00
12.0400      387.00
12.0600      419.00
12.0800      438.00
12.1000      473.00
12.1200      462.00
12.1400      520.00
12.1600      463.00
12.1800      504.00
12.2000      474.00
12.2200      485.00
12.2400      425.00
12.2600      378.00
12.2800      329.00
12.3000      305.00
12.3200      333.00
12.3400      272.00
12.3600      306.00
12.3800      288.00
12.4000      386.00
12.4200      399.00
12.4400      406.00
12.4600      460.00
12.4800      469.00
12.5000      545.00
12.5200      602.00
12.5400      576.00
12.5600      582.00
12.5800      523.00
12.6000      521.00
12.6200      456.00
12.6400      394.00
12.6600      322.00
12.6800      305.00
12.7000      254.00
12.7200      204.00
12.7400      209.00
12.7600      188.00
12.7800      184.00
12.8000      176.00
12.8200      192.00
12.8400      176.00
12.8600      174.00
12.8800      181.00
12.9000      207.00
12.9200      183.00
12.9400      154.00
12.9600      173.00
12.9800      183.00
13.0000      152.00
13.0200      202.00
13.0400      174.00
13.0600      174.00
13.0800      175.00
13.1000      151.00
13.1200      189.00
13.1400      182.00
13.1600      189.00
13.1800      169.00
13.2000      162.00
13.2200      162.00
13.2400      181.00
13.2600      188.00
13.2800      160.00
13.3000      177.00
13.3200      173.00
13.3400      190.00
13.3600      172.00
13.3800      176.00
13.4000      178.00
13.4200      164.00
13.4400      171.00
13.4600      178.00
13.4800      162.00
13.5000      171.00
13.5200      168.00
13.5400      179.00
13.5600      180.00
13.5800      173.00
13.6000      181.00
13.6200      170.00
13.6400      183.00
13.6600      169.00
13.6800      192.00
13.7000      208.00
13.7200      172.00
13.7400      197.00
13.7600      182.00
13.7800      175.00
13.8000      188.00
13.8200      178.00
13.8400      178.00
13.8600      202.00
13.8800      195.00
13.9000      225.00
13.9200      213.00
13.9400      214.00
13.9600      237.00
13.9800      233.00
14.0000      254.00
14.0200      277.00
14.0400      323.00
14.0600      311.00
14.0800      340.00
14.1000      447.00
14.1200      495.00
14.1400      502.00
14.1600      611.00
14.1800      629.00
14.2000      648.00
14.2200      655.00
14.2400      663.00
14.2600      687.00
14.2800      674.00
14.3000      621.00
14.3200      539.00
14.3400      512.00
14.3600      425.00
14.3800      473.00
14.4000      435.00
14.4200      389.00
14.4400      338.00
14.4600      391.00
14.4800      328.00
14.5000      301.00
14.5200      247.00
14.5400      237.00
14.5600      229.00
14.5800      191.00
14.6000      185.00
14.6200      209.00
14.6400      157.00
14.6600      150.00
14.6800      194.00
14.7000      173.00
14.7200      181.00
14.7400      167.00
14.7600      198.00
14.7800      207.00
14.8000      180.00
14.8200      196.00
14.8400      197.00
14.8600      173.00
14.8800      187.00
14.9000      163.00
14.9200      194.00
14.9400      179.00
14.9600      189.00
14.9800      205.00
15.0000      168.00
15.0200      160.00
15.0400      176.00
15.0600      163.00
15.0800      182.00
15.1000      187.00
15.1200      167.00
15.1400      153.00
15.1600      167.00
15.1800      189.00
15.2000      187.00
15.2200      160.00
15.2400      175.00
15.2600      152.00
15.2800      163.00
15.3000      145.00
15.3200      156.00
15.3400      170.00
15.3600      153.00
15.3800      171.00
15.4000      172.00
15.4200      183.00
15.4400      167.00
15.4600      156.00
15.4800      175.00
15.5000      188.00
15.5200      154.00
15.5400      206.00
15.5600      182.00
15.5800      172.00
15.6000      201.00
15.6200      158.00
15.6400      194.00
15.6600      198.00
15.6800      189.00
15.7000      191.00
15.7200      188.00
15.7400      186.00
15.7600      225.00
15.7800      192.00
15.8000      247.00
15.8200      244.00
15.8400      274.00
15.8600      264.00
15.8800      309.00
15.9000      308.00
15.9200      300.00
15.9400      287.00
15.9600      275.00
15.9800      338.00
16.0000      324.00
16.0200      280.00
16.0400      286.00
16.0600      278.00
16.0800      273.00
16.1000      285.00
16.1200      273.00
16.1400      295.00
16.1600      343.00
16.1800      352.00
16.2000      368.00
16.2200      361.00
16.2400      334.00
16.2600      355.00
16.2800      383.00
16.3000      313.00
16.3200      272.00
16.3400      308.00
16.3600      262.00
16.3800      266.00
16.4000      305.00
16.4200      306.00
16.4400      312.00
16.4600      364.00
16.4800      414.00
16.5000      406.00
16.5200      453.00
16.5400      449.00
16.5600      424.00
16.5800      403.00
16.6000      435.00
16.6200      346.00
16.6400      317.00
16.6600      270.00
16.6800      258.00
16.7000      260.00
16.7200      201.00
16.7400      211.00
16.7600      208.00
16.7800      219.00
16.8000      201.00
16.8200      199.00
16.8400      207.00
16.8600      220.00
16.8800      233.00
16.9000      231.00
16.9200      272.00
16.9400      257.00
16.9600      276.00
16.9800      317.00
17.0000      365.00
17.0200      333.00
17.0400      387.00
17.0600      400.00
17.0800      457.00
17.1000      452.00
17.1200      434.00
17.1400      462.00
17.1600      512.00
17.1800      460.00
17.2000      391.00
17.2200      389.00
17.2400      370.00
17.2600      350.00
17.2800      383.00
17.3000      394.00
17.3200      410.00
17.3400      447.00
17.3600      526.00
17.3800      573.00
17.4000      643.00
17.4200      755.00
17.4400      825.00
17.4600      940.00
17.4800     1111.00
17.5000     1212.00
17.5200     1357.00
17.5400     1387.00
17.5600     1519.00
17.5800     1579.00
17.6000     1617.00
17.6200     1579.00
17.6400     1396.00
17.6600     1299.00
17.6800     1129.00
17.7000      942.00
17.7200      812.00
17.7400      656.00
17.7600      543.00
17.7800      442.00
17.8000      386.00
17.8200      318.00
17.8400      339.00
17.8600      293.00
17.8800      288.00
17.9000      295.00
17.9200      290.00
17.9400      269.00
17.9600      271.00
17.9800      286.00
18.0000      252.00
18.0200      237.00
18.0400      226.00
18.0600      214.00
18.0800      224.00
18.1000      209.00
18.1200      223.00
18.1400      247.00
18.1600      232.00
18.1800      234.00
18.2000      269.00
18.2200      273.00
18.2400      314.00
18.2600      331.00
18.2800      380.00
18.3000      394.00
18.3200      448.00
18.3400      461.00
18.3600      562.00
18.3800      615.00
18.4000      636.00
18.4200      668.00
18.4400      612.00
18.4600      577.00
18.4800      500.00
18.5000      461.00
18.5200      425.00
18.5400      400.00
18.5600      304.00
18.5800      290.00
18.6000      249.00
18.6200      248.00
18.6400      257.00
18.6600      255.00
18.6800      213.00
18.7000      256.00
18.7200      259.00
18.7400      274.00
18.7600      272.00
18.7800      262.00
18.8000      297.00
18.8200      306.00
18.8400      289.00
18.8600      280.00
18.8800      257.00
18.9000      248.00
18.9200      247.00
18.9400      255.00
18.9600      251.00
18.9800      254.00
19.0000      247.00
19.0200      298.00
19.0400      272.00
19.0600      274.00
19.0800      292.00
19.1000      295.00
19.1200      284.00
19.1400      288.00
19.1600      295.00
19.1800      278.00
19.2000      301.00
19.2200      310.00
19.2400      265.00
19.2600      263.00
19.2800      265.00
19.3000      253.00
19.3200      256.00
19.3400      256.00
19.3600      267.00
19.3800      268.00
19.4000      301.00
19.4200      322.00
19.4400      334.00
19.4600      378.00
19.4800      414.00
19.5000      494.00
19.5200      634.00
19.5400      713.00
19.5600      813.00
19.5800      888.00
19.6000      997.00
19.6200     1132.00
19.6400     1202.00
19.6600     1148.00
19.6800     1185.00
19.7000     1118.00
19.7200     1105.00
19.7400      979.00
19.7600      912.00
19.7800      715.00
19.8000      639.00
19.8200      597.00
19.8400      492.00
19.8600      445.00
19.8800      367.00
19.9000      365.00
19.9200      309.00
19.9400      327.00
19.9600      268.00
19.9800      255.00
20.0000      252.00
20.0200      257.00
20.0400      234.00
20.0600      224.00
20.0800      219.00
20.1000      217.00
20.1200      220.00
20.1400      210.00
20.1600      214.00
20.1800      238.00
20.2000      231.00
20.2200      221.00
20.2400      217.00
20.2600      224.00
20.2800      243.00
20.3000      230.00
20.3200      204.00
20.3400      227.00
20.3600      262.00
20.3800      217.00
20.4000      229.00
20.4200      240.00
20.4400      261.00
20.4600      233.00
20.4800      242.00
20.5000      297.00
20.5200      268.00
20.5400      301.00
20.5600      278.00
20.5800      341.00
20.6000      339.00
20.6200      417.00
20.6400      446.00
20.6600      545.00
20.6800      554.00
20.7000      594.00
20.7200      673.00
20.7400      755.00
20.7600      758.00
20.7800      765.00
20.8000      736.00
20.8200      841.00
20.8400      797.00
20.8600      889.00
20.8800      948.00
20.9000     1103.00
20.9200     1236.00
20.9400     1331.00
20.9600     1436.00
20.9800     1630.00
21.0000     1755.00
21.0200     1919.00
21.0400     1910.00
21.0600     1973.00
21.0800     2005.00
21.1000     1811.00
21.1200     1640.00
21.1400     1487.00
21.1600     1263.00
21.1800     1054.00
21.2000      797.00
21.2200      655.00
21.2400      528.00
21.2600      402.00
21.2800      378.00
21.3000      298.00
21.3200      264.00
21.3400      261.00
21.3600      254.00
21.3800      219.00
21.4000      236.00
21.4200      221.00
21.4400      238.00
21.4600      246.00
21.4800      230.00
21.5000      220.00
21.5200      207.00
21.5400      199.00
21.5600      219.00
21.5800      214.00
21.6000      232.00
21.6200      208.00
21.6400      195.00
21.6600      205.00
21.6800      199.00
21.7000      194.00
21.7200      217.00
21.7400      210.00
21.7600      182.00
21.7800      233.00
21.8000      187.00
21.8200      178.00
21.8400      180.00
21.8600      208.00
21.8800      204.00
21.9000      209.00
21.9200      228.00
21.9400      215.00
21.9600      205.00
21.9800      216.00
22.0000      224.00
22.0200      243.00
22.0400      231.00
22.0600      239.00
22.0800      260.00
22.1000      267.00
22.1200      238.00
22.1400      266.00
22.1600      294.00
22.1800      323.00
22.2000      321.00
22.2200      339.00
22.2400      350.00
22.2600      353.00
22.2800      387.00
22.3000      369.00
22.3200      432.00
22.3400      421.00
22.3600      423.00
22.3800      435.00
22.4000      456.00
22.4200      432.00
22.4400      397.00
22.4600      415.00
22.4800      447.00
22.5000      529.00
22.5200      506.00
22.5400      584.00
22.5600      683.00
22.5800      701.00
22.6000      832.00
22.6200      853.00
22.6400      887.00
22.6600      831.00
22.6800      816.00
22.7000      759.00
22.7200      659.00
22.7400      586.00
22.7600      460.00
22.7800      384.00
22.8000      376.00
22.8200      355.00
22.8400      303.00
22.8600      321.00
22.8800      346.00
22.9000      345.00
22.9200      398.00
22.9400      409.00
22.9600      425.00
22.9800      443.00
23.0000      463.00
23.0200      511.00
23.0400      514.00
23.0600      519.00
23.0800      526.00
23.1000      525.00
23.1200      591.00
23.1400      615.00
23.1600      576.00
23.1800      548.00
23.2000      508.00
23.2200      478.00
23.2400      492.00
23.2600      433.00
23.2800      425.00
23.3000      453.00
23.3200      465.00
23.3400      487.00
23.3600      480.00
23.3800      507.00
23.4000      548.00
23.4200      542.00
23.4400      527.00
23.4600      505.00
23.4800      476.00
23.5000      428.00
23.5200      382.00
23.5400      341.00
23.5600      309.00
23.5800      285.00
23.6000      259.00
23.6200      222.00
23.6400      274.00
23.6600      205.00
23.6800      210.00
23.7000      229.00
23.7200      231.00
23.7400      219.00
23.7600      226.00
23.7800      235.00
23.8000      206.00
23.8200      267.00
23.8400      218.00
23.8600      283.00
23.8800      255.00
23.9000      261.00
23.9200      284.00
23.9400      320.00
23.9600      294.00
23.9800      331.00
24.0000      365.00
24.0200      418.00
24.0400      417.00
24.0600      467.00
24.0800      564.00
24.1000      566.00
24.1200      628.00
24.1400      593.00
24.1600      581.00
24.1800      547.00
24.2000      554.00
24.2200      462.00
24.2400      492.00
24.2600      516.00
24.2800      504.00
24.3000      536.00
24.3200      567.00
24.3400      687.00
24.3600      725.00
24.3800      773.00
24.4000      806.00
24.4200      794.00
24.4400      781.00
24.4600      785.00
24.4800      714.00
24.5000      606.00
24.5200      498.00
24.5400      510.00
24.5600      388.00
24.5800      353.00
24.6000      316.00
24.6200      251.00
24.6400      260.00
24.6600      268.00
24.6800      249.00
24.7000      238.00
24.7200      271.00
24.7400      286.00
24.7600      258.00
24.7800      275.00
24.8000      293.00
24.8200      344.00
24.8400      429.00
24.8600      460.00
24.8800      515.00
24.9000      498.00
24.9200      607.00
24.9400      619.00
24.9600      623.00
24.9800      603.00
25.0000      568.00
25.0200      511.00
25.0400      456.00
25.0600      404.00
25.0800      373.00
25.1000      328.00
25.1200      279.00
25.1400      248.00
25.1600      243.00
25.1800      212.00
25.2000      215.00
25.2200      198.00
25.2400      204.00
25.2600      203.00
25.2800      183.00
25.3000      208.00
25.3200      186.00
25.3400      194.00
25.3600      175.00
25.3800      167.00
25.4000      183.00
25.4200      183.00
25.4400      177.00
25.4600      171.00
25.4800      162.00
25.5000      145.00
25.5200      169.00
25.5400      152.00
25.5600      179.00
25.5800      186.00
25.6000      194.00
25.6200      148.00
25.6400      168.00
25.6600      176.00
25.6800      187.00
25.7000      180.00
25.7200      161.00
25.7400      174.00
25.7600      197.00
25.7800      198.00
25.8000      212.00
25.8200      160.00
25.8400      212.00
25.8600      200.00
25.8800      203.00
25.9000      204.00
25.9200      245.00
25.9400      242.00
25.9600      280.00
25.9800      266.00
26.0000      311.00
26.0200      302.00
26.0400      302.00
26.0600      329.00
26.0800      324.00
26.1000      379.00
26.1200      374.00
26.1400      363.00
26.1600      407.00
26.1800      382.00
26.2000      383.00
26.2200      420.00
26.2400      410.00
26.2600      410.00
26.2800      380.00
26.3000      434.00
26.3200      364.00
26.3400      376.00
26.3600      372.00
26.3800      332.00
26.4000      335.00
26.4200      351.00
26.4400      342.00
26.4600      402.00
26.4800      351.00
26.5000      372.00
26.5200      346.00
26.5400      351.00
26.5600      326.00
26.5800      311.00
26.6000      308.00
26.6200      265.00
26.6400      224.00
26.6600      212.00
26.6800      229.00
26.7000      174.00
26.7200      167.00
26.7400      181.00
26.7600      178.00
26.7800      194.00
26.8000      160.00
26.8200      165.00
26.8400      157.00
26.8600      190.00
26.8800      175.00
26.9000      156.00
26.9200      191.00
26.9400      163.00
26.9600      182.00
26.9800      189.00
27.0000      193.00
27.0200      198.00
27.0400      205.00
27.0600      198.00
27.0800      201.00
27.1000      225.00
27.1200      204.00
27.1400      213.00
27.1600      218.00
27.1800      201.00
27.2000      232.00
27.2200      228.00
27.2400      260.00
27.2600      269.00
27.2800      256.00
27.3000      268.00
27.3200      267.00
27.3400      243.00
27.3600      249.00
27.3800      251.00
27.4000      243.00
27.4200      250.00
27.4400      228.00
27.4600      252.00
27.4800      267.00
27.5000      238.00
27.5200      267.00
27.5400      240.00
27.5600      277.00
27.5800      253.00
27.6000      357.00
27.6200      323.00
27.6400      341.00
27.6600      382.00
27.6800      423.00
27.7000      432.00
27.7200      454.00
27.7400      468.00
27.7600      483.00
27.7800      432.00
27.8000      405.00
27.8200      452.00
27.8400      408.00
27.8600      339.00
27.8800      344.00
27.9000      318.00
27.9200      285.00
27.9400      263.00
27.9600      252.00
27.9800      239.00
28.0000      249.00
28.0200      222.00
28.0400      239.00
28.0600      224.00
28.0800      233.00
28.1000      227.00
28.1200      240.00
28.1400      216.00
28.1600      225.00
28.1800      219.00
28.2000      236.00
28.2200      225.00
28.2400      255.00
28.2600      284.00
28.2800      293.00
28.3000      300.00
28.3200      348.00
28.3400      384.00
28.3600      481.00
28.3800      499.00
28.4000      560.00
28.4200      622.00
28.4400      663.00
28.4600      744.00
28.4800      735.00
28.5000      742.00
28.5200      728.00
28.5400      718.00
28.5600      686.00
28.5800      661.00
28.6000      596.00
28.6200      560.00
28.6400      569.00
28.6600      425.00
28.6800      405.00
28.7000      377.00
28.7200      401.00
28.7400      360.00
28.7600      397.00
28.7800      308.00
28.8000      313.00
28.8200      307.00
28.8400      305.00
28.8600      268.00
28.8800      265.00
28.9000      287.00
28.9200      227.00
28.9400      262.00
28.9600      277.00
28.9800      272.00
29.0000      264.00
29.0200      299.00
29.0400      306.00
29.0600      292.00
29.0800      320.00
29.1000      329.00
29.1200      329.00
29.1400      306.00
29.1600      342.00
29.1800      330.00
29.2000      383.00
29.2200      346.00
29.2400      320.00
29.2600      322.00
29.2800      264.00
29.3000      291.00
29.3200      312.00
29.3400      329.00
29.3600      341.00
29.3800      339.00
29.4000      322.00
29.4200      355.00
29.4400      387.00
29.4600      432.00
29.4800      364.00
29.5000      408.00
29.5200      397.00
29.5400      352.00
29.5600      335.00
29.5800      323.00
29.6000      266.00
29.6200      259.00
29.6400      218.00
29.6600      197.00
29.6800      194.00
29.7000      179.00
29.7200      171.00
29.7400      173.00
29.7600      167.00
29.7800      187.00
29.8000      181.00
29.8200      151.00
29.8400      144.00
29.8600      184.00
29.8800      154.00
29.9000      193.00
29.9200      188.00
29.9400      187.00
29.9600      223.00
29.9800      205.00
30.0000      242.00
30.0200      242.00
30.0400      228.00
30.0600      232.00
30.0800      245.00
30.1000      206.00
30.1200      269.00
30.1400      254.00
30.1600      272.00
30.1800      249.00
30.2000      237.00
30.2200      244.00
30.2400      257.00
30.2600      294.00
30.2800      264.00
30.3000      255.00
30.3200      227.00
30.3400      258.00
30.3600      225.00
30.3800      215.00
30.4000      226.00
30.4200      212.00
30.4400      183.00
30.4600      167.00
30.4800      180.00
30.5000      171.00
30.5200      157.00
30.5400      171.00
30.5600      146.00
30.5800      172.00
30.6000      171.00
30.6200      168.00
30.6400      170.00
30.6600      208.00
30.6800      181.00
30.7000      185.00
30.7200      191.00
30.7400      191.00
30.7600      160.00
30.7800      179.00
30.8000      188.00
30.8200      175.00
30.8400      171.00
30.8600      176.00
30.8800      167.00
30.9000      158.00
30.9200      166.00
30.9400      171.00
30.9600      179.00
30.9800      159.00
31.0000      163.00
31.0200      186.00
31.0400      149.00
31.0600      143.00
31.0800      172.00
31.1000      169.00
31.1200      177.00
31.1400      135.00
31.1600      145.00
31.1800      128.00
31.2000      151.00
31.2200      115.00
31.2400      142.00
31.2600      130.00
31.2800      120.00
31.3000      128.00
31.3200      134.00
31.3400      152.00
31.3600      157.00
31.3800      140.00
31.4000      134.00
31.4200      133.00
31.4400      156.00
31.4600      161.00
31.4800      153.00
31.5000      175.00
31.5200      180.00
31.5400      173.00
31.5600      181.00
31.5800      178.00
31.6000      204.00
31.6200      178.00
31.6400      149.00
31.6600      181.00
31.6800      175.00
31.7000      141.00
31.7200      145.00
31.7400      147.00
31.7600      133.00
31.7800      155.00
31.8000      141.00
31.8200      169.00
31.8400      157.00
31.8600      143.00
31.8800      151.00
31.9000      174.00
31.9200      155.00
31.9400      197.00
31.9600      190.00
31.9800      208.00
32.0000      225.00
32.0200      229.00
32.0400      227.00
32.0600      221.00
32.0800      211.00
32.1000      198.00
32.1200      224.00
32.1400      231.00
32.1600      244.00
32.1800      241.00
32.2000      228.00
32.2200      236.00
32.2400      237.00
32.2600      208.00
32.2800      225.00
32.3000      199.00
32.3200      227.00
32.3400      201.00
32.3600      229.00
32.3800      211.00
32.4000      213.00
32.4200      217.00
32.4400      225.00
32.4600      262.00
32.4800      254.00
32.5000      248.00
32.5200      228.00
32.5400      253.00
32.5600      247.00
32.5800      248.00
32.6000      261.00
32.6200      255.00
32.6400      237.00
32.6600      267.00
32.6800      263.00
32.7000      261.00
32.7200      231.00
32.7400      250.00
32.7600      227.00
32.7800      229.00
32.8000      235.00
32.8200      228.00
32.8400      211.00
32.8600      184.00
32.8800      199.00
32.9000      192.00
32.9200      201.00
32.9400      204.00
32.9600      193.00
32.9800      202.00
33.0000      188.00
33.0200      172.00
33.0400      195.00
33.0600      205.00
33.0800      187.00
33.1000      190.00
33.1200      212.00
33.1400      188.00
33.1600      223.00
33.1800      232.00
33.2000      238.00
33.2200      221.00
33.2400      252.00
33.2600      260.00
33.2800      273.00
33.3000      248.00
33.3200      235.00
33.3400      282.00
33.3600      228.00
33.3800      223.00
33.4000      222.00
33.4200      195.00
33.4400      194.00
33.4600      216.00
33.4800      187.00
33.5000      185.00
33.5200      217.00
33.5400      177.00
33.5600      201.00
33.5800      183.00
33.6000      190.00
33.6200      159.00
33.6400      165.00
33.6600      168.00
33.6800      148.00
33.7000      136.00
33.7200      145.00
33.7400      139.00
33.7600      128.00
33.7800      122.00
33.8000      119.00
33.8200      142.00
33.8400      134.00
33.8600      137.00
33.8800      124.00
33.9000      129.00
33.9200      160.00
33.9400      136.00
33.9600      140.00
33.9800      130.00
34.0000      109.00
34.0200      173.00
34.0400      156.00
34.0600      159.00
34.0800      178.00
34.1000      157.00
34.1200      213.00
34.1400      186.00
34.1600      238.00
34.1800      238.00
34.2000      240.00
34.2200      237.00
34.2400      239.00
34.2600      267.00
34.2800      236.00
34.3000      181.00
34.3200      208.00
34.3400      184.00
34.3600      170.00
34.3800      156.00
34.4000      157.00
34.4200      155.00
34.4400      148.00
34.4600      157.00
34.4800      148.00
34.5000      145.00
34.5200      136.00
34.5400      140.00
34.5600      139.00
34.5800      119.00
34.6000      134.00
34.6200      128.00
34.6400      158.00
34.6600      106.00
34.6800      126.00
34.7000      111.00
34.7200      139.00
34.7400      122.00
34.7600      145.00
34.7800      157.00
34.8000      143.00
34.8200      148.00
34.8400      144.00
34.8600      159.00
34.8800      167.00
34.9000      128.00
34.9200      130.00
34.9400      166.00
34.9600      155.00
34.9800      191.00
35.0000      168.00
