 3.0000      270.00
 3.0200      277.00
 3.0400      287.00
 3.0600      290.00
 3.0800      261.00
 3.1000      270.00
 3.1200      256.00
 3.1400      256.00
 3.1600      231.00
 3.1800      271.00
 3.2000      269.00
 3.2200      245.00
 3.2400      244.00
 3.2600      222.00
 3.2800      224.00
 3.3000      222.00
 3.3200      241.00
 3.3400      219.00
 3.3600      258.00
 3.3800      228.00
 3.4000      224.00
 3.4200      232.00
 3.4400      234.00
 3.4600      233.00
 3.4800      220.00
 3.5000      210.00
 3.5200      225.00
 3.5400      215.00
 3.5600      221.00
 3.5800      221.00
 3.6000      213.00
 3.6200      183.00
 3.6400      231.00
 3.6600      206.00
 3.6800      212.00
 3.7000      222.00
 3.7200      219.00
 3.7400      206.00
 3.7600      211.00
 3.7800      189.00
 3.8000      179.00
 3.8200      210.00
 3.8400      186.00
 3.8600      199.00
 3.8800      203.00
 3.9000      185.00
 3.9200      211.00
 3.9400      193.00
 3.9600      203.00
 3.9800      194.00
 4.0000      169.00
 4.0200      179.00
 4.0400      136.00
 4.0600      190.00
 4.0800      206.00
 4.1000      171.00
 4.1200      170.00
 4.1400      161.00
 4.1600      176.00
 4.1800      178.00
 4.2000      174.00
 4.2200      174.00
 4.2400      183.00
 4.2600      179.00
 4.2800      182.00
 4.3000      167.00
 4.3200      154.00
 4.3400      159.00
 4.3600      187.00
 4.3800      169.00
 4.4000      160.00
 4.4200      147.00
 4.4400      172.00
 4.4600      149.00
 4.4800      161.00
 4.5000      168.00
 4.5200      151.00
 4.5400      159.00
 4.5600      148.00
 4.5800      126.00
 4.6000      144.00
 4.6200      151.00
 4.6400      123.00
 4.6600      149.00
 4.6800      144.00
 4.7000      149.00
 4.7200      150.00
 4.7400      133.00
 4.7600      124.00
 4.7800      166.00
 4.8000      152.00
 4.8200      134.00
 4.8400      153.00
 4.8600      151.00
 4.8800      160.00
 4.9000      149.00
 4.9200      164.00
 4.9400      123.00
 4.9600      138.00
 4.9800      133.00
 5.0000      145.00
 5.0200      162.00
 5.0400      124.00
 5.0600      157.00
 5.0800      135.00
 5.1000      143.00
 5.1200      159.00
 5.1400      155.00
 5.1600      140.00
 5.1800      144.00
 5.2000      142.00
 5.2200      152.00
 5.2400      153.00
 5.2600      163.00
 5.2800      151.00
 5.3000      154.00
 5.3200      131.00
 5.3400      160.00
 5.3600      130.00
 5.3800      129.00
 5.4000      144.00
 5.4200      119.00
 5.4400      149.00
 5.4600      143.00
 5.4800      156.00
 5.5000      143.00
 5.5200      163.00
 5.5400      155.00
 5.5600      123.00
 5.5800      149.00
 5.6000      141.00
 5.6200      140.00
 5.6400      180.00
 5.6600      128.00
 5.6800      142.00
 5.7000      138.00
 5.7200      142.00
 5.7400      143.00
 5.7600      149.00
 5.7800      148.00
 5.8000      151.00
 5.8200      170.00
 5.8400      147.00
 5.8600      143.00
 5.8800      136.00
 5.9000      157.00
 5.9200      146.00
 5.9400      161.00
 5.9600      162.00
 5.9800      141.00
 6.0000      139.00
 6.0200      134.00
 6.0400      141.00
 6.0600      140.00
 6.0800      164.00
 6.1000      149.00
 6.1200      155.00
 6.1400      137.00
 6.1600      148.00
 6.1800      137.00
 6.2000      145.00
 6.2200      131.00
 6.2400      172.00
 6.2600      149.00
 6.2800      140.00
 6.3000      153.00
 6.3200      160.00
 6.3400      160.00
 6.3600      142.00
 6.3800      136.00
 6.4000      146.00
 6.4200      137.00
 6.4400      140.00
 6.4600      160.00
 6.4800      140.00
 6.5000      149.00
 6.5200      154.00
 6.5400      156.00
 6.5600      140.00
 6.5800      157.00
 6.6000      177.00
 6.6200      153.00
 6.6400      132.00
 6.6600      134.00
 6.6800      167.00
 6.7000      144.00
 6.7200      151.00
 6.7400      168.00
 6.7600      158.00
 6.7800      148.00
 6.8000      156.00
 6.8200      145.00
 6.8400      169.00
 6.8600      178.00
 6.8800      162.00
 6.9000      161.00
 6.9200      183.00
 6.9400      168.00
 6.9600      187.00
 6.9800      185.00
 7.0000      163.00
 7.0200      166.00
 7.0400      154.00
 7.0600      162.00
 7.0800      186.00
 7.1000      134.00
 7.1200      143.00
 7.1400      162.00
 7.1600      123.00
 7.1800      131.00
 7.2000      130.00
 7.2200      148.00
 7.2400      133.00
 7.2600      153.00
 7.2800      151.00
 7.3000      147.00
 7.3200      134.00
 7.3400      134.00
 7.3600      120.00
 7.3800      146.00
 7.4000      155.00
 7.4200      146.00
 7.4400      147.00
 7.4600      148.00
 7.4800      162.00
 7.5000      158.00
 7.5200      157.00
 7.5400      155.00
 7.5600      152.00
 7.5800      142.00
 7.6000      126.00
 7.6200      148.00
 7.6400      151.00
 7.6600      172.00
 7.6800      143.00
 7.7000      149.00
 7.7200      141.00
 7.7400      136.00
 7.7600      154.00
 7.7800      150.00
 7.8000      160.00
 7.8200      122.00
 7.8400      175.00
 7.8600      150.00
 7.8800      151.00
 7.9000      145.00
 7.9200      156.00
 7.9400      135.00
 7.9600      145.00
 7.9800      138.00
 8.0000      141.00
 8.0200      159.00
 8.0400      159.00
 8.0600      151.00
 8.0800      150.00
 8.1000      160.00
 8.1200      159.00
 8.1400      131.00
 8.1600      142.00
 8.1800      127.00
 8.2000      145.00
 8.2200      152.00
 8.2400      151.00
 8.2600      154.00
 8.2800      151.00
 8.3000      157.00
 8.3200      172.00
 8.3400      159.00
 8.3600      172.00
 8.3800      146.00
 8.4000      149.00
 8.4200      157.00
 8.4400      133.00
 8.4600      161.00
 8.4800      160.00
 8.5000      154.00
 8.5200      172.00
 8.5400      160.00
 8.5600      165.00
 8.5800      151.00
 8.6000      178.00
 8.6200      150.00
 8.6400      159.00
 8.6600      151.00
 8.6800      180.00
 8.7000      177.00
 8.7200      190.00
 8.7400      190.00
 8.7600      199.00
 8.7800      180.00
 8.8000      192.00
 8.8200      180.00
 8.8400      156.00
 8.8600      193.00
 8.8800      192.00
 8.9000      170.00
 8.9200      175.00
 8.9400      179.00
 8.9600      159.00
 8.9800      154.00
 9.0000      154.00
 9.0200      163.00
 9.0400      165.00
 9.0600      153.00
 9.0800      161.00
 9.1000      145.00
 9.1200      167.00
 9.1400      172.00
 9.1600      166.00
 9.1800      155.00
 9.2000      158.00
 9.2200      155.00
 9.2400      181.00
 9.2600      157.00
 9.2800      143.00
 9.3000      180.00
 9.3200      165.00
 9.3400      152.00
 9.3600      160.00
 9.3800      134.00
 9.4000      165.00
 9.4200      159.00
 9.4400      154.00
 9.4600      154.00
 9.4800      149.00
 9.5000      162.00
 9.5200      143.00
 9.5400      160.00
 9.5600      179.00
 9.5800      152.00
 9.6000      157.00
 9.6200      161.00
 9.6400      172.00
 9.6600      152.00
 9.6800      170.00
 9.7000      175.00
 9.7200      173.00
 9.7400      158.00
 9.7600      137.00
 9.7800      173.00
 9.8000      174.00
 9.8200      179.00
 9.8400      171.00
 9.8600      184.00
 9.8800      183.00
 9.9000      181.00
 9.9200      185.00
 9.9400      182.00
 9.9600      189.00
 9.9800      194.00
10.0000      172.00
10.0200      209.00
10.0400      165.00
10.0600      190.00
10.0800      168.00
10.1000      166.00
10.1200      178.00
10.1400      153.00
10.1600      152.00
10.1800      186.00
10.2000      160.00
10.2200      169.00
10.2400      156.00
10.2600      175.00
10.2800      183.00
10.3000      182.00
10.3200      172.00
10.3400      179.00
10.3600      196.00
10.3800      181.00
10.4000      164.00
10.4200      152.00
10.4400      172.00
10.4600      173.00
10.4800      162.00
10.5000      168.00
10.5200      165.00
10.5400      174.00
10.5600      187.00
10.5800      160.00
10.6000      193.00
10.6200      208.00
10.6400      182.00
10.6600      200.00
10.6800      181.00
10.7000      192.00
10.7200      205.00
10.7400      186.00
10.7600      229.00
10.7800      225.00
10.8000      239.00
10.8200      209.00
10.8400      240.00
10.8600      257.00
10.8800      285.00
10.9000      320.00
10.9200      353.00
10.9400      370.00
10.9600      364.00
10.9800      428.00
11.0000      467.00
11.0200      450.00
11.0400      470.00
11.0600      497.00
11.0800      537.00
11.1000      509.00
11.1200      514.00
11.1400      521.00
11.1600      438.00
11.1800      497.00
11.2000      470.00
11.2200      464.00
11.2400      461.00
11.2600      481.00
11.2800      492.00
11.3000      505.00
11.3200      448.00
11.3400      410.00
11.3600      410.00
11.3800      399.00
11.4000      335.00
11.4200      295.00
11.4400      262.00
11.4600      238.00
11.4800      203.00
11.5000      189.00
11.5200      208.00
11.5400      171.00
11.5600      205.00
11.5800      178.00
11.6000      184.00
11.6200      219.00
11.6400      188.00
11.6600      190.00
11.6800      187.00
11.7000      210.00
11.7200      184.00
11.7400      225.00
11.7600      208.00
11.7800      234.00
11.8000      215.00
11.8200      248.00
11.8400      236.00
11.8600      255.00
11.8800      275.00
11.9000      294.00
11.9200      307.00
11.9400      313.00
11.9600      301.00
11.9800      351.00
12.0000      414.00
12.0200      433.00
12.0400      448.00
12.0600      483.00
12.0800      518.00
12.1000      546.00
12.1200      564.00
12.1400      560.00
12.1600      591.00
12.1800      580.00
12.2000      567.00
12.2200      530.00
12.2400      482.00
12.2600      445.00
12.2800      423.00
12.3000      394.00
12.3200      411.00
12.3400      405.00
12.3600      366.00
12.3800      380.00
12.4000      386.00
12.4200      463.00
12.4400      544.00
12.4600      497.00
12.4800      650.00
12.5000      637.00
12.5200      700.00
12.5400      603.00
12.5600      647.00
12.5800      629.00
12.6000      566.00
12.6200      535.00
12.6400      484.00
12.6600      420.00
12.6800      322.00
12.7000      324.00
12.7200      262.00
12.7400      211.00
12.7600      186.00
12.7800      220.00
12.8000      197.00
12.8200      200.00
12.8400      209.00
12.8600      199.00
12.8800      219.00
12.9000      192.00
12.9200      186.00
12.9400      212.00
12.9600      201.00
12.9800      181.00
13.0000      179.00
13.0200      188.00
13.0400      195.00
13.0600      196.00
13.0800      183.00
13.1000      177.00
13.1200      200.00
13.1400      212.00
13.1600      222.00
13.1800      199.00
13.2000      185.00
13.2200      191.00
13.2400      199.00
13.2600      200.00
13.2800      188.00
13.3000      190.00
13.3200      192.00
13.3400      183.00
13.3600      179.00
13.3800      181.00
13.4000      179.00
13.4200      185.00
13.4400      185.00
13.4600      206.00
13.4800      138.00
13.5000      165.00
13.5200      195.00
13.5400      198.00
13.5600      165.00
13.5800      175.00
13.6000      175.00
13.6200      188.00
13.6400      179.00
13.6600      173.00
13.6800      224.00
13.7000      206.00
13.7200      203.00
13.7400      187.00
13.7600      204.00
13.7800      203.00
13.8000      219.00
13.8200      187.00
13.8400      243.00
13.8600      236.00
13.8800      245.00
13.9000      258.00
13.9200      259.00
13.9400      264.00
13.9600      302.00
13.9800      329.00
14.0000      305.00
14.0200      376.00
14.0400      375.00
14.0600      452.00
14.0800      479.00
14.1000      524.00
14.1200      618.00
14.1400      656.00
14.1600      745.00
14.1800      777.00
14.2000      808.00
14.2200      818.00
14.2400      833.00
14.2600      845.00
14.2800      764.00
14.3000      749.00
14.3200      692.00
14.3400      615.00
14.3600      546.00
14.3800      512.00
14.4000      495.00
14.4200      417.00
14.4400      442.00
14.4600      361.00
14.4800      386.00
14.5000      332.00
14.5200      267.00
14.5400      305.00
14.5600      231.00
14.5800      238.00
14.6000      224.00
14.6200      222.00
14.6400      208.00
14.6600      194.00
14.6800      212.00
14.7000      220.00
14.7200      201.00
14.7400      235.00
14.7600      205.00
14.7800      192.00
14.8000      212.00
14.8200      196.00
14.8400      172.00
14.8600      178.00
14.8800      197.00
14.9000      182.00
14.9200      191.00
14.9400      187.00
14.9600      204.00
14.9800      193.00
15.0000      209.00
15.0200      193.00
15.0400      177.00
15.0600      189.00
15.0800      219.00
15.1000      159.00
15.1200      185.00
15.1400      208.00
15.1600      176.00
15.1800      178.00
15.2000      220.00
15.2200      190.00
15.2400      169.00
15.2600      175.00
15.2800      157.00
15.3000      169.00
15.3200      162.00
15.3400      165.00
15.3600      195.00
15.3800      214.00
15.4000      177.00
15.4200      191.00
15.4400      186.00
15.4600      158.00
15.4800      194.00
15.5000      179.00
15.5200      208.00
15.5400      208.00
15.5600      209.00
15.5800      202.00
15.6000      207.00
15.6200      194.00
15.6400      199.00
15.6600      212.00
15.6800      227.00
15.7000      193.00
15.7200      226.00
15.7400      236.00
15.7600      246.00
15.7800      277.00
15.8000      292.00
15.8200      313.00
15.8400      300.00
15.8600      342.00
15.8800      364.00
15.9000      377.00
15.9200      400.00
15.9400      372.00
15.9600      370.00
15.9800      376.00
16.0000      380.00
16.0200      347.00
16.0400      365.00
16.0600      324.00
16.0800      322.00
16.1000      367.00
16.1200      320.00
16.1400      388.00
16.1600      355.00
16.1800      393.00
16.2000      400.00
16.2200      412.00
16.2400      428.00
16.2600      408.00
16.2800      412.00
16.3000      358.00
16.3200      352.00
16.3400      328.00
16.3600      360.00
16.3800      378.00
16.4000      370.00
16.4200      365.00
16.4400      440.00
16.4600      461.00
16.4800      487.00
16.5000      456.00
16.5200      472.00
16.5400      476.00
16.5600      484.00
16.5800      454.00
16.6000      418.00
16.6200      409.00
16.6400      353.00
16.6600      302.00
16.6800      257.00
16.7000      271.00
16.7200      274.00
16.7400      250.00
16.7600      220.00
16.7800      259.00
16.8000      228.00
16.8200      265.00
16.8400      232.00
16.8600      287.00
16.8800      271.00
16.9000      315.00
16.9200      341.00
16.9400      329.00
16.9600      343.00
16.9800      361.00
17.0000      414.00
17.0200      440.00
17.0400      488.00
17.0600      573.00
17.0800      560.00
17.1000      574.00
17.1200      631.00
17.1400      533.00
17.1600      561.00
17.1800      572.00
17.2000      542.00
17.2200      477.00
17.2400      464.00
17.2600      446.00
17.2800      506.00
17.3000      473.00
17.3200      554.00
17.3400      594.00
17.3600      683.00
17.3800      726.00
17.4000      900.00
17.4200     1027.00
17.4400     1186.00
17.4600     1269.00
17.4800     1398.00
17.5000     1544.00
17.5200     1642.00
17.5400     1659.00
17.5600     1688.00
17.5800     1746.00
17.6000     1691.00
17.6200     1528.00
17.6400     1431.00
17.6600     1299.00
17.6800     1118.00
17.7000     1008.00
17.7200      900.00
17.7400      723.00
17.7600      616.00
17.7800      496.00
17.8000      450.00
17.8200      437.00
17.8400      412.00
17.8600      405.00
17.8800      369.00
17.9000      354.00
17.9200      322.00
17.9400      379.00
17.9600      338.00
17.9800      362.00
18.0000      344.00
18.0200      325.00
18.0400      305.00
18.0600      288.00
18.0800      311.00
18.1000      320.00
18.1200      311.00
18.1400      278.00
18.1600      335.00
18.1800      328.00
18.2000      335.00
18.2200      328.00
18.2400      371.00
18.2600      393.00
18.2800      414.00
18.3000      524.00
18.3200      511.00
18.3400      612.00
18.3600      619.00
18.3800      710.00
18.4000      765.00
18.4200      750.00
18.4400      756.00
18.4600      745.00
18.4800      726.00
18.5000      652.00
18.5200      618.00
18.5400      527.00
18.5600      482.00
18.5800      412.00
18.6000      431.00
18.6200      334.00
18.6400      374.00
18.6600      302.00
18.6800      304.00
18.7000      318.00
18.7200      286.00
18.7400      302.00
18.7600      353.00
18.7800      309.00
18.8000      314.00
18.8200      324.00
18.8400      344.00
18.8600      313.00
18.8800      317.00
18.9000      303.00
18.9200      273.00
18.9400      316.00
18.9600      284.00
18.9800      282.00
19.0000      282.00
19.0200      284.00
19.0400      287.00
19.0600      316.00
19.0800      327.00
19.1000      327.00
19.1200      295.00
19.1400      361.00
19.1600      372.00
19.1800      346.00
19.2000      353.00
19.2200      342.00
19.2400      349.00
19.2600      355.00
19.2800      362.00
19.3000      307.00
19.3200      304.00
19.3400      329.00
19.3600      334.00
19.3800      309.00
19.4000      375.00
19.4200      397.00
19.4400      411.00
19.4600      494.00
19.4800      527.00
19.5000      644.00
19.5200      721.00
19.5400      840.00
19.5600     1003.00
19.5800     1149.00
19.6000     1229.00
19.6200     1371.00
19.6400     1444.00
19.6600     1456.00
19.6800     1489.00
19.7000     1441.00
19.7200     1448.00
19.7400     1315.00
19.7600     1190.00
19.7800     1070.00
19.8000      917.00
19.8200      790.00
19.8400      683.00
19.8600      600.00
19.8800      472.00
19.9000      428.00
19.9200      413.00
19.9400      370.00
19.9600      319.00
19.9800      325.00
20.0000      293.00
20.0200      320.00
20.0400      280.00
20.0600      298.00
20.0800      238.00
20.1000      254.00
20.1200      275.00
20.1400      274.00
20.1600      233.00
20.1800      238.00
20.2000      240.00
20.2200      247.00
20.2400      258.00
20.2600      268.00
20.2800      277.00
20.3000      270.00
20.3200      253.00
20.3400      285.00
20.3600      267.00
20.3800      285.00
20.4000      290.00
20.4200      320.00
20.4400      289.00
20.4600      279.00
20.4800      305.00
20.5000      320.00
20.5200      329.00
20.5400      355.00
20.5600      380.00
20.5800      455.00
20.6000      528.00
20.6200      580.00
20.6400      670.00
20.6600      705.00
20.6800      785.00
20.7000      835.00
20.7200      863.00
20.7400      916.00
20.7600      987.00
20.7800      959.00
20.8000     1012.00
20.8200     1046.00
20.8400     1069.00
20.8600     1264.00
20.8800     1310.00
20.9000     1406.00
20.9200     1547.00
20.9400     1770.00
20.9600     2004.00
20.9800     2056.00
21.0000     2251.00
21.0200     2362.00
21.0400     2411.00
21.0600     2420.00
21.0800     2390.00
21.1000     2162.00
21.1200     2062.00
21.1400     1810.00
21.1600     1669.00
21.1800     1349.00
21.2000     1094.00
21.2200      932.00
21.2400      689.00
21.2600      576.00
21.2800      488.00
21.3000      408.00
21.3200      347.00
21.3400      340.00
21.3600      281.00
21.3800      271.00
21.4000      274.00
21.4200      282.00
21.4400      279.00
21.4600      275.00
21.4800      248.00
21.5000      281.00
21.5200      251.00
21.5400      223.00
21.5600      237.00
21.5800      223.00
21.6000      223.00
21.6200      227.00
21.6400      233.00
21.6600      245.00
21.6800      232.00
21.7000      226.00
21.7200      237.00
21.7400      240.00
21.7600      242.00
21.7800      246.00
21.8000      244.00
21.8200      273.00
21.8400      258.00
21.8600      242.00
21.8800      280.00
21.9000      232.00
21.9200      262.00
21.9400      268.00
21.9600      236.00
21.9800      278.00
22.0000      253.00
22.0200      249.00
22.0400      271.00
22.0600      286.00
22.0800      336.00
22.1000      299.00
22.1200      348.00
22.1400      340.00
22.1600      361.00
22.1800      410.00
22.2000      376.00
22.2200      443.00
22.2400      445.00
22.2600      468.00
22.2800      451.00
22.3000      494.00
22.3200      550.00
22.3400      558.00
22.3600      552.00
22.3800      552.00
22.4000      517.00
22.4200      579.00
22.4400      569.00
22.4600      609.00
22.4800      630.00
22.5000      671.00
22.5200      760.00
22.5400      865.00
22.5600      868.00
22.5800      960.00
22.6000     1023.00
22.6200     1022.00
22.6400     1069.00
22.6600     1089.00
22.6800     1037.00
22.7000      967.00
22.7200      904.00
22.7400      831.00
22.7600      723.00
22.7800      609.00
22.8000      606.00
22.8200      522.00
22.8400      497.00
22.8600      457.00
22.8800      499.00
22.9000      492.00
22.9200      493.00
22.9400      529.00
22.9600      591.00
22.9800      567.00
23.0000      650.00
23.0200      640.00
23.0400      672.00
23.0600      702.00
23.0800      757.00
23.1000      711.00
23.1200      737.00
23.1400      818.00
23.1600      739.00
23.1800      766.00
23.2000      660.00
23.2200      657.00
23.2400      637.00
23.2600      609.00
23.2800      539.00
23.3000      608.00
23.3200      585.00
23.3400      603.00
23.3600      628.00
23.3800      613.00
23.4000      642.00
23.4200      635.00
23.4400      670.00
23.4600      643.00
23.4800      573.00
23.5000      545.00
23.5200      517.00
23.5400      429.00
23.5600      398.00
23.5800      376.00
23.6000      330.00
23.6200      285.00
23.6400      289.00
23.6600      289.00
23.6800      281.00
23.7000      242.00
23.7200      248.00
23.7400      290.00
23.7600      277.00
23.7800      294.00
23.8000      313.00
23.8200      344.00
23.8400      293.00
23.8600      316.00
23.8800      348.00
23.9000      353.00
23.9200      386.00
23.9400      407.00
23.9600      461.00
23.9800      466.00
24.0000      544.00
24.0200      570.00
24.0400      643.00
24.0600      693.00
24.0800      739.00
24.1000      749.00
24.1200      798.00
24.1400      752.00
24.1600      805.00
24.1800      767.00
24.2000      718.00
24.2200      681.00
24.2400      661.00
24.2600      709.00
24.2800      759.00
24.3000      769.00
24.3200      837.00
24.3400      885.00
24.3600      917.00
24.3800      983.00
24.4000      993.00
24.4200      954.00
24.4400      952.00
24.4600      913.00
24.4800      824.00
24.5000      719.00
24.5200      647.00
24.5400      567.00
24.5600      560.00
24.5800      423.00
24.6000      390.00
24.6200      337.00
24.6400      338.00
24.6600      322.00
24.6800      326.00
24.7000      341.00
24.7200      322.00
24.7400      317.00
24.7600      396.00
24.7800      403.00
24.8000      453.00
24.8200      515.00
24.8400      564.00
24.8600      643.00
24.8800      646.00
24.9000      758.00
24.9200      724.00
24.9400      723.00
24.9600      734.00
24.9800      694.00
25.0000      610.00
25.0200      625.00
25.0400      564.00
25.0600      462.00
25.0800      419.00
25.1000      344.00
25.1200      309.00
25.1400      285.00
25.1600      291.00
25.1800      278.00
25.2000      266.00
25.2200      237.00
25.2400      232.00
25.2600      217.00
25.2800      196.00
25.3000      213.00
25.3200      215.00
25.3400      241.00
25.3600      218.00
25.3800      197.00
25.4000      203.00
25.4200      205.00
25.4400      202.00
25.4600      202.00
25.4800      207.00
25.5000      199.00
25.5200      205.00
25.5400      175.00
25.5600      205.00
25.5800      201.00
25.6000      189.00
25.6200      202.00
25.6400      229.00
25.6600      216.00
25.6800      214.00
25.7000      236.00
25.7200      217.00
25.7400      197.00
25.7600      225.00
25.7800      254.00
25.8000      231.00
25.8200      245.00
25.8400      236.00
25.8600      236.00
25.8800      246.00
25.9000      253.00
25.9200      299.00
25.9400      303.00
25.9600      356.00
25.9800      339.00
26.0000      385.00
26.0200      383.00
26.0400      405.00
26.0600      406.00
26.0800      402.00
26.1000      446.00
26.1200      480.00
26.1400      492.00
26.1600      498.00
26.1800      486.00
26.2000      539.00
26.2200      514.00
26.2400      513.00
26.2600      524.00
26.2800      544.00
26.3000      489.00
26.3200      503.00
26.3400      503.00
26.3600      439.00
26.3800      470.00
26.4000      453.00
26.4200      455.00
26.4400      473.00
26.4600      452.00
26.4800      441.00
26.5000      398.00
26.5200      398.00
26.5400      416.00
26.5600      393.00
26.5800      334.00
26.6000      321.00
26.6200      324.00
26.6400      287.00
26.6600      286.00
26.6800      248.00
26.7000      255.00
26.7200      213.00
26.7400      200.00
26.7600      215.00
26.7800      218.00
26.8000      208.00
26.8200      217.00
26.8400      198.00
26.8600      193.00
26.8800      271.00
26.9000      211.00
26.9200      213.00
26.9400      242.00
26.9600      226.00
26.9800      258.00
27.0000      251.00
27.0200      233.00
27.0400      265.00
27.0600      229.00
27.0800      269.00
27.1000      267.00
27.1200      267.00
27.1400      255.00
27.1600      292.00
27.1800      290.00
27.2000      298.00
27.2200      288.00
27.2400      309.00
27.2600      322.00
27.2800      320.00
27.3000      328.00
27.3200      316.00
27.3400      315.00
27.3600      293.00
27.3800      342.00
27.4000      294.00
27.4200      288.00
27.4400      315.00
27.4600      324.00
27.4800      328.00
27.5000      347.00
27.5200      350.00
27.5400      367.00
27.5600      399.00
27.5800      368.00
27.6000      459.00
27.6200      459.00
27.6400      513.00
27.6600      532.00
27.6800      557.00
27.7000      621.00
27.7200      609.00
27.7400      587.00
27.7600      670.00
27.7800      658.00
27.8000      594.00
27.8200      524.00
27.8400      488.00
27.8600      459.00
27.8800      446.00
27.9000      392.00
27.9200      383.00
27.9400      343.00
27.9600      347.00
27.9800      334.00
28.0000      304.00
28.0200      272.00
28.0400      300.00
28.0600      273.00
28.0800      258.00
28.1000      259.00
28.1200      269.00
28.1400      248.00
28.1600      265.00
28.1800      265.00
28.2000      270.00
28.2200      297.00
28.2400      350.00
28.2600      354.00
28.2800      401.00
28.3000      444.00
28.3200      549.00
28.3400      533.00
28.3600      616.00
28.3800      732.00
28.4000      751.00
28.4200      839.00
28.4400      887.00
28.4600      931.00
28.4800     1042.00
28.5000      989.00
28.5200     1015.00
28.5400     1017.00
28.5600      972.00
28.5800      822.00
28.6000      810.00
28.6200      775.00
28.6400      707.00
28.6600      614.00
28.6800      587.00
28.7000      548.00
28.7200      509.00
28.7400      531.00
28.7600      509.00
28.7800      494.00
28.8000      442.00
28.8200      414.00
28.8400      432.00
28.8600      385.00
28.8800      384.00
28.9000      365.00
28.9200      382.00
28.9400      385.00
28.9600      378.00
28.9800      365.00
29.0000      389.00
29.0200      394.00
29.0400      395.00
29.0600      397.00
29.0800      379.00
29.1000      393.00
29.1200      430.00
29.1400      431.00
29.1600      448.00
29.1800      431.00
29.2000      456.00
29.2200      493.00
29.2400      448.00
29.2600      492.00
29.2800      474.00
29.3000      402.00
29.3200      457.00
29.3400      455.00
29.3600      439.00
29.3800      475.00
29.4000      512.00
29.4200      474.00
29.4400      476.00
29.4600      513.00
29.4800      536.00
29.5000      482.00
29.5200      487.00
29.5400      428.00
29.5600      406.00
29.5800      376.00
29.6000      342.00
29.6200      314.00
29.6400      286.00
29.6600      229.00
29.6800      267.00
29.7000      219.00
29.7200      204.00
29.7400      181.00
29.7600      193.00
29.7800      208.00
29.8000      177.00
29.8200      174.00
29.8400      192.00
29.8600      204.00
29.8800      207.00
29.9000      235.00
29.9200      214.00
29.9400      238.00
29.9600      257.00
29.9800      280.00
30.0000      261.00
30.0200      291.00
30.0400      325.00
30.0600      310.00
30.0800      348.00
30.1000      351.00
30.1200      354.00
30.1400      384.00
30.1600      356.00
30.1800      376.00
30.2000      360.00
30.2200      348.00
30.2400      319.00
30.2600      303.00
30.2800      320.00
30.3000      313.00
30.3200      287.00
30.3400      297.00
30.3600      279.00
30.3800      236.00
30.4000      288.00
30.4200      271.00
30.4400      248.00
30.4600      222.00
30.4800      202.00
30.5000      217.00
30.5200      210.00
30.5400      213.00
30.5600      221.00
30.5800      229.00
30.6000      211.00
30.6200      231.00
30.6400      237.00
30.6600      235.00
30.6800      209.00
30.7000      215.00
30.7200      221.00
30.7400      212.00
30.7600      235.00
30.7800      228.00
30.8000      210.00
30.8200      195.00
30.8400      225.00
30.8600      202.00
30.8800      226.00
30.9000      213.00
30.9200      216.00
30.9400      191.00
30.9600      211.00
30.9800      217.00
31.0000      251.00
31.0200      217.00
31.0400      236.00
31.0600      200.00
31.0800      185.00
31.1000      187.00
31.1200      190.00
31.1400      185.00
31.1600      177.00
31.1800      199.00
31.2000      182.00
31.2200      170.00
31.2400      157.00
31.2600      156.00
31.2800      185.00
31.3000      180.00
31.3200      148.00
31.3400      172.00
31.3600      190.00
31.3800      196.00
31.4000      182.00
31.4200      180.00
31.4400      189.00
31.4600      190.00
31.4800      218.00
31.5000      188.00
31.5200      196.00
31.5400      218.00
31.5600      222.00
31.5800      235.00
31.6000      225.00
31.6200      230.00
31.6400      208.00
31.6600      218.00
31.6800      208.00
31.7000      195.00
31.7200      198.00
31.7400      187.00
31.7600      188.00
31.7800      216.00
31.8000      194.00
31.8200      198.00
31.8400      204.00
31.8600      188.00
31.8800      207.00
31.9000      219.00
31.9200      223.00
31.9400      222.00
31.9600      247.00
31.9800      287.00
32.0000      269.00
32.0200      281.00
32.0400      278.00
32.0600      261.00
32.0800      283.00
32.1000      302.00
32.1200      261.00
32.1400      315.00
32.1600      293.00
32.1800      296.00
32.2000      286.00
32.2200      309.00
32.2400      291.00
32.2600      285.00
32.2800      272.00
32.3000      270.00
32.3200      283.00
32.3400      309.00
32.3600      278.00
32.3800      297.00
32.4000      282.00
32.4200      298.00
32.4400      264.00
32.4600      323.00
32.4800      307.00
32.5000      333.00
32.5200      335.00
32.5400      328.00
32.5600      350.00
32.5800      364.00
32.6000      375.00
32.6200      392.00
32.6400      367.00
32.6600      340.00
32.6800      348.00
32.7000      340.00
32.7200      311.00
32.7400      327.00
32.7600      300.00
32.7800      314.00
32.8000      288.00
32.8200      256.00
32.8400      274.00
32.8600      261.00
32.8800      252.00
32.9000      242.00
32.9200      251.00
32.9400      216.00
32.9600      216.00
32.9800      249.00
33.0000      252.00
33.0200      265.00
33.0400      280.00
33.0600      229.00
33.0800      251.00
33.1000      258.00
33.1200      267.00
33.1400      254.00
33.1600      260.00
33.1800      307.00
33.2000      303.00
33.2200      264.00
33.2400      326.00
33.2600      311.00
33.2800      307.00
33.3000      327.00
33.3200      303.00
33.3400      302.00
33.3600      316.00
33.3800      288.00
33.4000      315.00
33.4200      289.00
33.4400      287.00
33.4600      299.00
33.4800      295.00
33.5000      298.00
33.5200      259.00
33.5400      252.00
33.5600      259.00
33.5800      266.00
33.6000      233.00
33.6200      216.00
33.6400      220.00
33.6600      236.00
33.6800      182.00
33.7000      199.00
33.7200      192.00
33.7400      198.00
33.7600      182.00
33.7800      185.00
33.8000      175.00
33.8200      175.00
33.8400      159.00
33.8600      170.00
33.8800      194.00
33.9000      171.00
33.9200      194.00
33.9400      166.00
33.9600      176.00
33.9800      191.00
34.0000      204.00
34.0200      185.00
34.0400      210.00
34.0600      207.00
34.0800      230.00
34.1000      240.00
34.1200      242.00
34.1400      257.00
34.1600      291.00
34.1800      284.00
34.2000      320.00
34.2200      369.00
34.2400      341.00
34.2600      313.00
34.2800      321.00
34.3000      299.00
34.3200      257.00
34.3400      245.00
34.3600      271.00
34.3800      231.00
34.4000      219.00
34.4200      213.00
34.4400      189.00
34.4600      193.00
34.4800      187.00
34.5000      224.00
34.5200      174.00
34.5400      174.00
34.5600      167.00
34.5800      165.00
34.6000      175.00
34.6200      188.00
34.6400      172.00
34.6600      156.00
34.6800      186.00
34.7000      171.00
34.7200      176.00
34.7400      182.00
34.7600      152.00
34.7800      170.00
34.8000      169.00
34.8200      166.00
34.8400      198.00
34.8600      185.00
34.8800      203.00
34.9000      214.00
34.9200      223.00
34.9400      204.00
34.9600      189.00
34.9800      213.00
35.0000      207.00
