 3.0000      270.00
 3.0200      277.00
 3.0400      270.00
 3.0600      248.00
 3.0800      268.00
 3.1000      261.00
 3.1200      272.00
 3.1400      270.00
 3.1600      258.00
 3.1800      257.00
 3.2000      254.00
 3.2200      246.00
 3.2400      223.00
 3.2600      231.00
 3.2800      261.00
 3.3000      225.00
 3.3200      233.00
 3.3400      247.00
 3.3600      260.00
 3.3800      236.00
 3.4000      233.00
 3.4200      226.00
 3.4400      247.00
 3.4600      249.00
 3.4800      260.00
 3.5000      229.00
 3.5200      232.00
 3.5400      230.00
 3.5600      213.00
 3.5800      210.00
 3.6000      243.00
 3.6200      217.00
 3.6400      223.00
 3.6600      197.00
 3.6800      201.00
 3.7000      217.00
 3.7200      219.00
 3.7400      219.00
 3.7600      225.00
 3.7800      213.00
 3.8000      222.00
 3.8200      227.00
 3.8400      201.00
 3.8600      235.00
 3.8800      216.00
 3.9000      200.00
 3.9200      208.00
 3.9400      179.00
 3.9600      193.00
 3.9800      205.00
 4.0000      208.00
 4.0200      209.00
 4.0400      201.00
 4.0600      202.00
 4.0800      173.00
 4.1000      206.00
 4.1200      192.00
 4.1400      179.00
 4.1600      172.00
 4.1800      168.00
 4.2000      174.00
 4.2200      157.00
 4.2400      176.00
 4.2600      167.00
 4.2800      191.00
 4.3000      183.00
 4.3200      162.00
 4.3400      188.00
 4.3600      185.00
 4.3800      184.00
 4.4000      167.00
 4.4200      172.00
 4.4400      165.00
 4.4600      170.00
 4.4800      161.00
 4.5000      159.00
 4.5200      158.00
 4.5400      162.00
 4.5600      153.00
 4.5800      151.00
 4.6000      149.00
 4.6200      163.00
 4.6400      165.00
 4.6600      147.00
 4.6800      156.00
 4.7000      158.00
 4.7200      151.00
 4.7400      173.00
 4.7600      175.00
 4.7800      143.00
 4.8000      141.00
 4.8200      127.00
 4.8400      155.00
 4.8600      148.00
 4.8800      166.00
 4.9000      159.00
 4.9200      146.00
 4.9400      128.00
 4.9600      136.00
 4.9800      145.00
 5.0000      133.00
 5.0200      149.00
 5.0400      139.00
 5.0600      128.00
 5.0800      147.00
 5.1000      155.00
 5.1200      153.00
 5.1400      153.00
 5.1600      174.00
 5.1800      139.00
 5.2000      148.00
 5.2200      150.00
 5.2400      145.00
 5.2600      149.00
 5.2800      145.00
 5.3000      156.00
 5.3200      148.00
 5.3400      141.00
 5.3600      192.00
 5.3800      138.00
 5.4000      142.00
 5.4200      156.00
 5.4400      155.00
 5.4600      146.00
 5.4800      169.00
 5.5000      130.00
 5.5200      165.00
 5.5400      134.00
 5.5600      149.00
 5.5800      149.00
 5.6000      165.00
 5.6200      145.00
 5.6400      141.00
 5.6600      147.00
 5.6800      150.00
 5.7000      145.00
 5.7200      144.00
 5.7400      152.00
 5.7600      156.00
 5.7800      127.00
 5.8000      129.00
 5.8200      144.00
 5.8400      122.00
 5.8600      140.00
 5.8800      134.00
 5.9000      142.00
 5.9200      147.00
 5.9400      150.00
 5.9600      132.00
 5.9800      146.00
 6.0000      132.00
 6.0200      164.00
 6.0400      149.00
 6.0600      138.00
 6.0800      134.00
 6.1000      159.00
 6.1200      138.00
 6.1400      140.00
 6.1600      150.00
 6.1800      154.00
 6.2000      130.00
 6.2200      133.00
 6.2400      138.00
 6.2600      128.00
 6.2800      132.00
 6.3000      148.00
 6.3200      159.00
 6.3400      142.00
 6.3600      152.00
 6.3800      183.00
 6.4000      129.00
 6.4200      143.00
 6.4400      156.00
 6.4600      150.00
 6.4800      155.00
 6.5000      160.00
 6.5200      169.00
 6.5400      134.00
 6.5600      140.00
 6.5800      164.00
 6.6000      167.00
 6.6200      162.00
 6.6400      160.00
 6.6600      143.00
 6.6800      157.00
 6.7000      172.00
 6.7200      163.00
 6.7400      170.00
 6.7600      189.00
 6.7800      191.00
 6.8000      194.00
 6.8200      183.00
 6.8400      169.00
 6.8600      151.00
 6.8800      140.00
 6.9000      141.00
 6.9200      157.00
 6.9400      142.00
 6.9600      159.00
 6.9800      140.00
 7.0000      150.00
 7.0200      153.00
 7.0400      158.00
 7.0600      140.00
 7.0800      161.00
 7.1000      152.00
 7.1200      150.00
 7.1400      148.00
 7.1600      150.00
 7.1800      149.00
 7.2000      143.00
 7.2200      141.00
 7.2400      145.00
 7.2600      145.00
 7.2800      128.00
 7.3000      123.00
 7.3200      167.00
 7.3400      133.00
 7.3600      142.00
 7.3800      140.00
 7.4000      151.00
 7.4200      148.00
 7.4400      155.00
 7.4600      147.00
 7.4800      144.00
 7.5000      155.00
 7.5200      147.00
 7.5400      133.00
 7.5600      135.00
 7.5800      158.00
 7.6000      145.00
 7.6200      141.00
 7.6400      149.00
 7.6600      153.00
 7.6800      149.00
 7.7000      127.00
 7.7200      148.00
 7.7400      147.00
 7.7600      137.00
 7.7800      134.00
 7.8000      141.00
 7.8200      152.00
 7.8400      139.00
 7.8600      152.00
 7.8800      167.00
 7.9000      139.00
 7.9200      111.00
 7.9400      150.00
 7.9600      136.00
 7.9800      139.00
 8.0000      146.00
 8.0200      158.00
 8.0400      134.00
 8.0600      138.00
 8.0800      148.00
 8.1000      143.00
 8.1200      137.00
 8.1400      135.00
 8.1600      141.00
 8.1800      140.00
 8.2000      118.00
 8.2200      132.00
 8.2400      141.00
 8.2600      167.00
 8.2800      144.00
 8.3000      142.00
 8.3200      162.00
 8.3400      141.00
 8.3600      122.00
 8.3800      123.00
 8.4000      145.00
 8.4200      145.00
 8.4400      171.00
 8.4600      153.00
 8.4800      149.00
 8.5000      167.00
 8.5200      169.00
 8.5400      140.00
 8.5600      178.00
 8.5800      152.00
 8.6000      156.00
 8.6200      173.00
 8.6400      175.00
 8.6600      187.00
 8.6800      173.00
 8.7000      180.00
 8.7200      194.00
 8.7400      171.00
 8.7600      176.00
 8.7800      155.00
 8.8000      149.00
 8.8200      149.00
 8.8400      138.00
 8.8600      148.00
 8.8800      140.00
 8.9000      148.00
 8.9200      139.00
 8.9400      149.00
 8.9600      143.00
 8.9800      141.00
 9.0000      148.00
 9.0200      150.00
 9.0400      144.00
 9.0600      149.00
 9.0800      158.00
 9.1000      145.00
 9.1200      141.00
 9.1400      158.00
 9.1600      151.00
 9.1800      158.00
 9.2000      158.00
 9.2200      154.00
 9.2400      164.00
 9.2600      134.00
 9.2800      126.00
 9.3000      124.00
 9.3200      141.00
 9.3400      146.00
 9.3600      154.00
 9.3800      144.00
 9.4000      151.00
 9.4200      167.00
 9.4400      158.00
 9.4600      175.00
 9.4800      154.00
 9.5000      177.00
 9.5200      147.00
 9.5400      142.00
 9.5600      152.00
 9.5800      140.00
 9.6000      155.00
 9.6200      155.00
 9.6400      149.00
 9.6600      152.00
 9.6800      172.00
 9.7000      153.00
 9.7200      168.00
 9.7400      164.00
 9.7600      183.00
 9.7800      159.00
 9.8000      165.00
 9.8200      153.00
 9.8400      175.00
 9.8600      182.00
 9.8800      188.00
 9.9000      169.00
 9.9200      148.00
 9.9400      153.00
 9.9600      163.00
 9.9800      170.00
10.0000      158.00
10.0200      147.00
10.0400      157.00
10.0600      156.00
10.0800      158.00
10.1000      156.00
10.1200      160.00
10.1400      142.00
10.1600      136.00
10.1800      131.00
10.2000      148.00
10.2200      135.00
10.2400      167.00
10.2600      140.00
10.2800      147.00
10.3000      149.00
10.3200      158.00
10.3400      155.00
10.3600      166.00
10.3800      145.00
10.4000      145.00
10.4200      138.00
10.4400      155.00
10.4600      161.00
10.4800      192.00
10.5000      167.00
10.5200      150.00
10.5400      187.00
10.5600      172.00
10.5800      148.00
10.6000      190.00
10.6200      192.00
10.6400      173.00
10.6600      180.00
10.6800      206.00
10.7000      211.00
10.7200      214.00
10.7400      246.00
10.7600      264.00
10.7800      267.00
10.8000      262.00
10.8200      283.00
10.8400      352.00
10.8600      398.00
10.8800      389.00
10.9000      427.00
10.9200      437.00
10.9400      419.00
10.9600      415.00
10.9800      410.00
11.0000      422.00
11.0200      376.00
11.0400      377.00
11.0600      408.00
11.0800      397.00
11.1000      398.00
11.1200      420.00
11.1400      424.00
11.1600      363.00
11.1800      437.00
11.2000      377.00
11.2200      333.00
11.2400      292.00
11.2600      273.00
11.2800      239.00
11.3000      229.00
11.3200      200.00
11.3400      186.00
11.3600      164.00
11.3800      178.00
11.4000      163.00
11.4200      151.00
11.4400      165.00
11.4600      155.00
11.4800      164.00
11.5000      165.00
11.5200      161.00
11.5400      189.00
11.5600      138.00
11.5800      175.00
11.6000      175.00
11.6200      194.00
11.6400      191.00
11.6600      191.00
11.6800      182.00
11.7000      191.00
11.7200      217.00
11.7400      209.00
11.7600      233.00
11.7800      253.00
11.8000      257.00
11.8200      260.00
11.8400      295.00
11.8600      268.00
11.8800      296.00
11.9000      352.00
11.9200      370.00
11.9400      398.00
11.9600      434.00
11.9800      427.00
12.0000      513.00
12.0200      429.00
12.0400      439.00
12.0600      455.00
12.0800      398.00
12.1000      352.00
12.1200      365.00
12.1400      324.00
12.1600      350.00
12.1800      299.00
12.2000      276.00
12.2200      284.00
12.2400      277.00
12.2600      317.00
12.2800      312.00
12.3000      341.00
12.3200      404.00
12.3400      414.00
12.3600      518.00
12.3800      579.00
12.4000      540.00
12.4200      513.00
12.4400      532.00
12.4600      521.00
12.4800      448.00
12.5000      375.00
12.5200      340.00
12.5400      296.00
12.5600      297.00
12.5800      225.00
12.6000      192.00
12.6200      201.00
12.6400      172.00
12.6600      191.00
12.6800      189.00
12.7000      193.00
12.7200      176.00
12.7400      145.00
12.7600      180.00
12.7800      161.00
12.8000      178.00
12.8200      159.00
12.8400      149.00
12.8600      185.00
12.8800      179.00
12.9000      164.00
12.9200      164.00
12.9400      165.00
12.9600      155.00
12.9800      168.00
13.0000      169.00
13.0200      159.00
13.0400      169.00
13.0600      170.00
13.0800      172.00
13.1000      173.00
13.1200      164.00
13.1400      153.00
13.1600      167.00
13.1800      176.00
13.2000      144.00
13.2200      147.00
13.2400      183.00
13.2600      148.00
13.2800      167.00
13.3000      155.00
13.3200      142.00
13.3400      164.00
13.3600      173.00
13.3800      163.00
13.4000      164.00
13.4200      150.00
13.4400      155.00
13.4600      159.00
13.4800      159.00
13.5000      161.00
13.5200      179.00
13.5400      165.00
13.5600      169.00
13.5800      165.00
13.6000      158.00
13.6200      170.00
13.6400      175.00
13.6600      174.00
13.6800      169.00
13.7000      176.00
13.7200      183.00
13.7400      194.00
13.7600      188.00
13.7800      203.00
13.8000      212.00
13.8200      201.00
13.8400      204.00
13.8600      246.00
13.8800      248.00
13.9000      262.00
13.9200      295.00
13.9400      291.00
13.9600      358.00
13.9800      377.00
14.0000      446.00
14.0200      497.00
14.0400      513.00
14.0600      623.00
14.0800      633.00
14.1000      642.00
14.1200      633.00
14.1400      649.00
14.1600      566.00
14.1800      564.00
14.2000      556.00
14.2200      449.00
14.2400      415.00
14.2600      409.00
14.2800      361.00
14.3000      320.00
14.3200      335.00
14.3400      286.00
14.3600      245.00
14.3800      223.00
14.4000      212.00
14.4200      193.00
14.4400      197.00
14.4600      190.00
14.4800      171.00
14.5000      170.00
14.5200      162.00
14.5400      176.00
14.5600      162.00
14.5800      178.00
14.6000      170.00
14.6200      157.00
14.6400      164.00
14.6600      143.00
14.6800      171.00
14.7000      182.00
14.7200      169.00
14.7400      181.00
14.7600      152.00
14.7800      170.00
14.8000      156.00
14.8200      183.00
14.8400      170.00
14.8600      162.00
14.8800      186.00
14.9000      164.00
14.9200      164.00
14.9400      157.00
14.9600      164.00
14.9800      166.00
15.0000      168.00
15.0200      161.00
15.0400      172.00
15.0600      155.00
15.0800      162.00
15.1000      166.00
15.1200      144.00
15.1400      133.00
15.1600      163.00
15.1800      174.00
15.2000      152.00
15.2200      148.00
15.2400      153.00
15.2600      142.00
15.2800      158.00
15.3000      176.00
15.3200      162.00
15.3400      166.00
15.3600      154.00
15.3800      158.00
15.4000      178.00
15.4200      156.00
15.4400      155.00
15.4600      166.00
15.4800      159.00
15.5000      174.00
15.5200      161.00
15.5400      179.00
15.5600      185.00
15.5800      180.00
15.6000      181.00
15.6200      183.00
15.6400      192.00
15.6600      207.00
15.6800      215.00
15.7000      191.00
15.7200      254.00
15.7400      242.00
15.7600      267.00
15.7800      265.00
15.8000      304.00
15.8200      299.00
15.8400      288.00
15.8600      287.00
15.8800      281.00
15.9000      283.00
15.9200      273.00
15.9400      246.00
15.9600      280.00
15.9800      245.00
16.0000      259.00
16.0200      295.00
16.0400      292.00
16.0600      344.00
16.0800      338.00
16.1000      309.00
16.1200      308.00
16.1400      312.00
16.1600      299.00
16.1800      296.00
16.2000      261.00
16.2200      281.00
16.2400      274.00
16.2600      300.00
16.2800      324.00
16.3000      350.00
16.3200      380.00
16.3400      420.00
16.3600      414.00
16.3800      397.00
16.4000      406.00
16.4200      392.00
16.4400      362.00
16.4600      358.00
16.4800      314.00
16.5000      310.00
16.5200      214.00
16.5400      191.00
16.5600      201.00
16.5800      185.00
16.6000      206.00
16.6200      195.00
16.6400      193.00
16.6600      209.00
16.6800      170.00
16.7000      188.00
16.7200      194.00
16.7400      188.00
16.7600      226.00
16.7800      213.00
16.8000      251.00
16.8200      268.00
16.8400      289.00
16.8600      306.00
16.8800      347.00
16.9000      379.00
16.9200      381.00
16.9400      398.00
16.9600      406.00
16.9800      431.00
17.0000      423.00
17.0200      380.00
17.0400      364.00
17.0600      395.00
17.0800      332.00
17.1000      261.00
17.1200      318.00
17.1400      334.00
17.1600      327.00
17.1800      352.00
17.2000      382.00
17.2200      437.00
17.2400      457.00
17.2600      543.00
17.2800      623.00
17.3000      759.00
17.3200      831.00
17.3400      925.00
17.3600      989.00
17.3800     1152.00
17.4000     1250.00
17.4200     1265.00
17.4400     1346.00
17.4600     1382.00
17.4800     1428.00
17.5000     1314.00
17.5200     1114.00
17.5400     1065.00
17.5600      842.00
17.5800      773.00
17.6000      636.00
17.6200      485.00
17.6400      450.00
17.6600      372.00
17.6800      333.00
17.7000      269.00
17.7200      279.00
17.7400      277.00
17.7600      289.00
17.7800      237.00
17.8000      255.00
17.8200      270.00
17.8400      230.00
17.8600      253.00
17.8800      226.00
17.9000      210.00
17.9200      222.00
17.9400      198.00
17.9600      205.00
17.9800      225.00
18.0000      211.00
18.0200      219.00
18.0400      189.00
18.0600      211.00
18.0800      218.00
18.1000      222.00
18.1200      208.00
18.1400      253.00
18.1600      288.00
18.1800      283.00
18.2000      326.00
18.2200      393.00
18.2400      437.00
18.2600      474.00
18.2800      532.00
18.3000      538.00
18.3200      553.00
18.3400      576.00
18.3600      537.00
18.3800      467.00
18.4000      438.00
18.4200      339.00
18.4400      370.00
18.4600      310.00
18.4800      248.00
18.5000      239.00
18.5200      230.00
18.5400      217.00
18.5600      199.00
18.5800      231.00
18.6000      234.00
18.6200      260.00
18.6400      223.00
18.6600      250.00
18.6800      233.00
18.7000      224.00
18.7200      255.00
18.7400      259.00
18.7600      247.00
18.7800      248.00
18.8000      232.00
18.8200      212.00
18.8400      202.00
18.8600      197.00
18.8800      229.00
18.9000      227.00
18.9200      207.00
18.9400      228.00
18.9600      236.00
18.9800      255.00
19.0000      235.00
19.0200      249.00
19.0400      246.00
19.0600      246.00
19.0800      247.00
19.1000      228.00
19.1200      260.00
19.1400      243.00
19.1600      237.00
19.1800      227.00
19.2000      192.00
19.2200      218.00
19.2400      230.00
19.2600      249.00
19.2800      243.00
19.3000      241.00
19.3200      256.00
19.3400      276.00
19.3600      316.00
19.3800      391.00
19.4000      419.00
19.4200      524.00
19.4400      635.00
19.4600      718.00
19.4800      818.00
19.5000      882.00
19.5200      963.00
19.5400     1045.00
19.5600      962.00
19.5800     1017.00
19.6000      993.00
19.6200      986.00
19.6400      805.00
19.6600      662.00
19.6800      584.00
19.7000      523.00
19.7200      446.00
19.7400      379.00
19.7600      334.00
19.7800      349.00
19.8000      293.00
19.8200      275.00
19.8400      245.00
19.8600      223.00
19.8800      246.00
19.9000      230.00
19.9200      224.00
19.9400      215.00
19.9600      189.00
19.9800      189.00
20.0000      184.00
20.0200      192.00
20.0400      185.00
20.0600      171.00
20.0800      172.00
20.1000      153.00
20.1200      182.00
20.1400      186.00
20.1600      185.00
20.1800      189.00
20.2000      217.00
20.2200      190.00
20.2400      210.00
20.2600      218.00
20.2800      228.00
20.3000      228.00
20.3200      214.00
20.3400      219.00
20.3600      260.00
20.3800      234.00
20.4000      288.00
20.4200      348.00
20.4400      375.00
20.4600      469.00
20.4800      527.00
20.5000      624.00
20.5200      645.00
20.5400      719.00
20.5600      671.00
20.5800      719.00
20.6000      688.00
20.6200      626.00
20.6400      596.00
20.6600      593.00
20.6800      587.00
20.7000      643.00
20.7200      685.00
20.7400      709.00
20.7600      748.00
20.7800      854.00
20.8000      933.00
20.8200     1099.00
20.8400     1175.00
20.8600     1383.00
20.8800     1579.00
20.9000     1659.00
20.9200     1696.00
20.9400     1787.00
20.9600     1704.00
20.9800     1605.00
21.0000     1424.00
21.0200     1312.00
21.0400     1064.00
21.0600      879.00
21.0800      724.00
21.1000      590.00
21.1200      433.00
21.1400      369.00
21.1600      334.00
21.1800      303.00
21.2000      264.00
21.2200      226.00
21.2400      223.00
21.2600      208.00
21.2800      207.00
21.3000      179.00
21.3200      211.00
21.3400      182.00
21.3600      175.00
21.3800      179.00
21.4000      180.00
21.4200      174.00
21.4400      183.00
21.4600      166.00
21.4800      171.00
21.5000      165.00
21.5200      164.00
21.5400      181.00
21.5600      177.00
21.5800      178.00
21.6000      177.00
21.6200      163.00
21.6400      147.00
21.6600      170.00
21.6800      178.00
21.7000      188.00
21.7200      175.00
21.7400      169.00
21.7600      179.00
21.7800      190.00
21.8000      172.00
21.8200      183.00
21.8400      175.00
21.8600      186.00
21.8800      204.00
21.9000      199.00
21.9200      198.00
21.9400      204.00
21.9600      196.00
21.9800      217.00
22.0000      226.00
22.0200      277.00
22.0400      231.00
22.0600      246.00
22.0800      258.00
22.1000      307.00
22.1200      330.00
22.1400      338.00
22.1600      369.00
22.1800      378.00
22.2000      378.00
22.2200      390.00
22.2400      396.00
22.2600      366.00
22.2800      403.00
22.3000      369.00
22.3200      372.00
22.3400      374.00
22.3600      400.00
22.3800      445.00
22.4000      501.00
22.4200      536.00
22.4400      672.00
22.4600      685.00
22.4800      695.00
22.5000      729.00
22.5200      776.00
22.5400      740.00
22.5600      703.00
22.5800      586.00
22.6000      509.00
22.6200      475.00
22.6400      420.00
22.6600      370.00
22.6800      325.00
22.7000      321.00
22.7200      320.00
22.7400      328.00
22.7600      347.00
22.7800      343.00
22.8000      343.00
22.8200      349.00
22.8400      379.00
22.8600      344.00
22.8800      415.00
22.9000      444.00
22.9200      421.00
22.9400      460.00
22.9600      476.00
22.9800      491.00
23.0000      510.00
23.0200      524.00
23.0400      477.00
23.0600      463.00
23.0800      474.00
23.1000      413.00
23.1200      395.00
23.1400      362.00
23.1600      341.00
23.1800      329.00
23.2000      411.00
23.2200      388.00
23.2400      420.00
23.2600      451.00
23.2800      443.00
23.3000      463.00
23.3200      506.00
23.3400      410.00
23.3600      408.00
23.3800      372.00
23.4000      315.00
23.4200      294.00
23.4400      252.00
23.4600      255.00
23.4800      184.00
23.5000      203.00
23.5200      202.00
23.5400      191.00
23.5600      181.00
23.5800      212.00
23.6000      194.00
23.6200      183.00
23.6400      208.00
23.6600      212.00
23.6800      203.00
23.7000      231.00
23.7200      229.00
23.7400      227.00
23.7600      237.00
23.7800      254.00
23.8000      252.00
23.8200      267.00
23.8400      327.00
23.8600      358.00
23.8800      387.00
23.9000      455.00
23.9200      466.00
23.9400      488.00
23.9600      530.00
23.9800      528.00
24.0000      503.00
24.0200      509.00
24.0400      506.00
24.0600      477.00
24.0800      451.00
24.1000      452.00
24.1200      441.00
24.1400      455.00
24.1600      495.00
24.1800      518.00
24.2000      586.00
24.2200      674.00
24.2400      723.00
24.2600      758.00
24.2800      678.00
24.3000      650.00
24.3200      640.00
24.3400      571.00
24.3600      539.00
24.3800      470.00
24.4000      423.00
24.4200      300.00
24.4400      327.00
24.4600      245.00
24.4800      242.00
24.5000      220.00
24.5200      240.00
24.5400      195.00
24.5600      213.00
24.5800      213.00
24.6000      217.00
24.6200      231.00
24.6400      244.00
24.6600      251.00
24.6800      267.00
24.7000      319.00
24.7200      345.00
24.7400      443.00
24.7600      458.00
24.7800      479.00
24.8000      512.00
24.8200      560.00
24.8400      525.00
24.8600      527.00
24.8800      482.00
24.9000      433.00
24.9200      389.00
24.9400      318.00
24.9600      293.00
24.9800      241.00
25.0000      243.00
25.0200      186.00
25.0400      190.00
25.0600      179.00
25.0800      194.00
25.1000      171.00
25.1200      155.00
25.1400      171.00
25.1600      142.00
25.1800      147.00
25.2000      142.00
25.2200      152.00
25.2400      158.00
25.2600      150.00
25.2800      158.00
25.3000      130.00
25.3200      158.00
25.3400      169.00
25.3600      142.00
25.3800      143.00
25.4000      124.00
25.4200      174.00
25.4400      158.00
25.4600      133.00
25.4800      152.00
25.5000      146.00
25.5200      163.00
25.5400      150.00
25.5600      160.00
25.5800      143.00
25.6000      140.00
25.6200      156.00
25.6400      147.00
25.6600      139.00
25.6800      148.00
25.7000      171.00
25.7200      137.00
25.7400      163.00
25.7600      152.00
25.7800      193.00
25.8000      207.00
25.8200      215.00
25.8400      218.00
25.8600      247.00
25.8800      269.00
25.9000      268.00
25.9200      273.00
25.9400      280.00
25.9600      288.00
25.9800      286.00
26.0000      291.00
26.0200      319.00
26.0400      336.00
26.0600      342.00
26.0800      338.00
26.1000      393.00
26.1200      361.00
26.1400      367.00
26.1600      338.00
26.1800      338.00
26.2000      339.00
26.2200      319.00
26.2400      314.00
26.2600      308.00
26.2800      302.00
26.3000      320.00
26.3200      323.00
26.3400      310.00
26.3600      300.00
26.3800      306.00
26.4000      295.00
26.4200      247.00
26.4400      311.00
26.4600      233.00
26.4800      242.00
26.5000      220.00
26.5200      194.00
26.5400      212.00
26.5600      172.00
26.5800      133.00
26.6000      179.00
26.6200      154.00
26.6400      145.00
26.6600      139.00
26.6800      133.00
26.7000      139.00
26.7200      141.00
26.7400      149.00
26.7600      160.00
26.7800      170.00
26.8000      156.00
26.8200      156.00
26.8400      161.00
26.8600      174.00
26.8800      156.00
26.9000      197.00
26.9200      162.00
26.9400      167.00
26.9600      151.00
26.9800      153.00
27.0000      179.00
27.0200      163.00
27.0400      197.00
27.0600      174.00
27.0800      205.00
27.1000      201.00
27.1200      206.00
27.1400      236.00
27.1600      240.00
27.1800      226.00
27.2000      239.00
27.2200      236.00
27.2400      219.00
27.2600      256.00
27.2800      216.00
27.3000      236.00
27.3200      232.00
27.3400      233.00
27.3600      270.00
27.3800      219.00
27.4000      281.00
27.4200      297.00
27.4400      323.00
27.4600      345.00
27.4800      398.00
27.5000      503.00
27.5200      472.00
27.5400      507.00
27.5600      557.00
27.5800      543.00
27.6000      506.00
27.6200      455.00
27.6400      450.00
27.6600      398.00
27.6800      362.00
27.7000      329.00
27.7200      318.00
27.7400      255.00
27.7600      247.00
27.7800      221.00
27.8000      234.00
27.8200      217.00
27.8400      226.00
27.8600      221.00
27.8800      205.00
27.9000      178.00
27.9200      178.00
27.9400      207.00
27.9600      174.00
27.9800      186.00
28.0000      178.00
28.0200      174.00
28.0400      171.00
28.0600      156.00
28.0800      178.00
28.1000      162.00
28.1200      192.00
28.1400      208.00
28.1600      206.00
28.1800      217.00
28.2000      237.00
28.2200      258.00
28.2400      334.00
28.2600      366.00
28.2800      451.00
28.3000      517.00
28.3200      567.00
28.3400      605.00
28.3600      682.00
28.3800      702.00
28.4000      732.00
28.4200      643.00
28.4400      663.00
28.4600      580.00
28.4800      539.00
28.5000      517.00
28.5200      414.00
28.5400      433.00
28.5600      412.00
28.5800      375.00
28.6000      366.00
28.6200      327.00
28.6400      337.00
28.6600      313.00
28.6800      276.00
28.7000      271.00
28.7200      276.00
28.7400      254.00
28.7600      228.00
28.7800      194.00
28.8000      223.00
28.8200      228.00
28.8400      221.00
28.8600      209.00
28.8800      226.00
28.9000      225.00
28.9200      250.00
28.9400      208.00
28.9600      238.00
28.9800      229.00
29.0000      243.00
29.0200      275.00
29.0400      280.00
29.0600      274.00
29.0800      274.00
29.1000      344.00
29.1200      289.00
29.1400      313.00
29.1600      268.00
29.1800      265.00
29.2000      272.00
29.2200      287.00
29.2400      272.00
29.2600      319.00
29.2800      295.00
29.3000      335.00
29.3200      344.00
29.3400      367.00
29.3600      392.00
29.3800      354.00
29.4000      330.00
29.4200      334.00
29.4400      277.00
29.4600      270.00
29.4800      223.00
29.5000      191.00
29.5200      176.00
29.5400      186.00
29.5600      173.00
29.5800      139.00
29.6000      142.00
29.6200      142.00
29.6400      124.00
29.6600      138.00
29.6800      153.00
29.7000      121.00
29.7200      119.00
29.7400      127.00
29.7600      138.00
29.7800      136.00
29.8000      135.00
29.8200      140.00
29.8400      159.00
29.8600      169.00
29.8800      165.00
29.9000      194.00
29.9200      190.00
29.9400      203.00
29.9600      202.00
29.9800      245.00
30.0000      257.00
30.0200      246.00
30.0400      242.00
30.0600      224.00
30.0800      249.00
30.1000      240.00
30.1200      221.00
30.1400      214.00
30.1600      210.00
30.1800      198.00
30.2000      193.00
30.2200      218.00
30.2400      206.00
30.2600      175.00
30.2800      176.00
30.3000      176.00
30.3200      164.00
30.3400      175.00
30.3600      155.00
30.3800      144.00
30.4000      154.00
30.4200      151.00
30.4400      152.00
30.4600      146.00
30.4800      153.00
30.5000      146.00
30.5200      175.00
30.5400      179.00
30.5600      160.00
30.5800      162.00
30.6000      171.00
30.6200      167.00
30.6400      152.00
30.6600      164.00
30.6800      139.00
30.7000      152.00
30.7200      129.00
30.7400      134.00
30.7600      148.00
30.7800      154.00
30.8000      130.00
30.8200      145.00
30.8400      150.00
30.8600      160.00
30.8800      158.00
30.9000      152.00
30.9200      147.00
30.9400      134.00
30.9600      138.00
30.9800      130.00
31.0000      121.00
31.0200      148.00
31.0400      122.00
31.0600      132.00
31.0800      127.00
31.1000      146.00
31.1200      120.00
31.1400      110.00
31.1600      114.00
31.1800      116.00
31.2000      111.00
31.2200      117.00
31.2400      113.00
31.2600      111.00
31.2800      139.00
31.3000      124.00
31.3200      102.00
31.3400      128.00
31.3600      134.00
31.3800      120.00
31.4000      164.00
31.4200      148.00
31.4400      171.00
31.4600      173.00
31.4800      177.00
31.5000      152.00
31.5200      171.00
31.5400      144.00
31.5600      151.00
31.5800      172.00
31.6000      143.00
31.6200      137.00
31.6400      159.00
31.6600      121.00
31.6800      125.00
31.7000      134.00
31.7200      137.00
31.7400      148.00
31.7600      150.00
31.7800      131.00
31.8000      158.00
31.8200      153.00
31.8400      174.00
31.8600      170.00
31.8800      182.00
31.9000      172.00
31.9200      194.00
31.9400      193.00
31.9600      184.00
31.9800      225.00
32.0000      196.00
32.0200      191.00
32.0400      184.00
32.0600      209.00
32.0800      191.00
32.1000      193.00
32.1200      207.00
32.1400      164.00
32.1600      166.00
32.1800      190.00
32.2000      183.00
32.2200      209.00
32.2400      175.00
32.2600      190.00
32.2800      204.00
32.3000      187.00
32.3200      192.00
32.3400      208.00
32.3600      218.00
32.3800      189.00
32.4000      217.00
32.4200      234.00
32.4400      217.00
32.4600      237.00
32.4800      249.00
32.5000      269.00
32.5200      251.00
32.5400      237.00
32.5600      212.00
32.5800      223.00
32.6000      226.00
32.6200      170.00
32.6400      197.00
32.6600      179.00
32.6800      181.00
32.7000      164.00
32.7200      195.00
32.7400      169.00
32.7600      177.00
32.7800      173.00
32.8000      166.00
32.8200      148.00
32.8400      179.00
32.8600      156.00
32.8800      145.00
32.9000      153.00
32.9200      157.00
32.9400      184.00
32.9600      157.00
32.9800      162.00
33.0000      181.00
33.0200      184.00
33.0400      163.00
33.0600      200.00
33.0800      206.00
33.1000      201.00
33.1200      226.00
33.1400      211.00
33.1600      223.00
33.1800      211.00
33.2000      254.00
33.2200      239.00
33.2400      224.00
33.2600      211.00
33.2800      190.00
33.3000      214.00
33.3200      199.00
33.3400      191.00
33.3600      173.00
33.3800      203.00
33.4000      172.00
33.4200      183.00
33.4400      156.00
33.4600      150.00
33.4800      154.00
33.5000      161.00
33.5200      156.00
33.5400      144.00
33.5600      118.00
33.5800      133.00
33.6000      117.00
33.6200      106.00
33.6400      116.00
33.6600       93.00
33.6800      104.00
33.7000      118.00
33.7200      106.00
33.7400      127.00
33.7600      123.00
33.7800      121.00
33.8000      145.00
33.8200      130.00
33.8400      118.00
33.8600      122.00
33.8800      123.00
33.9000      140.00
33.9200      119.00
33.9400      131.00
33.9600      135.00
33.9800      153.00
34.0000      154.00
34.0200      184.00
34.0400      184.00
34.0600      220.00
34.0800      221.00
34.1000      235.00
34.1200      230.00
34.1400      206.00
34.1600      211.00
34.1800      177.00
34.2000      166.00
34.2200      153.00
34.2400      178.00
34.2600      134.00
34.2800      124.00
34.3000      117.00
34.3200      125.00
34.3400      149.00
34.3600      119.00
34.3800      128.00
34.4000      122.00
34.4200      134.00
34.4400      112.00
34.4600      107.00
34.4800      106.00
34.5000      118.00
34.5200      121.00
34.5400      116.00
34.5600      116.00
34.5800      130.00
34.6000      100.00
34.6200      118.00
34.6400      108.00
34.6600      140.00
34.6800      126.00
34.7000      137.00
34.7200      131.00
34.7400      127.00
34.7600      121.00
34.7800      152.00
34.8000      128.00
34.8200      158.00
34.8400      133.00
34.8600      143.00
34.8800      125.00
34.9000      143.00
34.9200      121.00
34.9400      144.00
34.9600      141.00
34.9800      127.00
35.0000      120.00
