 3.0000      291.00
 3.0200      266.00
 3.0400      283.00
 3.0600      271.00
 3.0800      280.00
 3.1000      271.00
 3.1200      280.00
 3.1400      255.00
 3.1600      268.00
 3.1800      260.00
 3.2000      281.00
 3.2200      252.00
 3.2400      258.00
 3.2600      241.00
 3.2800      283.00
 3.3000      238.00
 3.3200      229.00
 3.3400      231.00
 3.3600      221.00
 3.3800      229.00
 3.4000      239.00
 3.4200      263.00
 3.4400      253.00
 3.4600      251.00
 3.4800      245.00
 3.5000      211.00
 3.5200      265.00
 3.5400      230.00
 3.5600      211.00
 3.5800      224.00
 3.6000      197.00
 3.6200      202.00
 3.6400      230.00
 3.6600      212.00
 3.6800      218.00
 3.7000      216.00
 3.7200      219.00
 3.7400      214.00
 3.7600      220.00
 3.7800      205.00
 3.8000      251.00
 3.8200      209.00
 3.8400      224.00
 3.8600      203.00
 3.8800      225.00
 3.9000      192.00
 3.9200      217.00
 3.9400      206.00
 3.9600      203.00
 3.9800      174.00
 4.0000      213.00
 4.0200      200.00
 4.0400      207.00
 4.0600      191.00
 4.0800      195.00
 4.1000      186.00
 4.1200      188.00
 4.1400      178.00
 4.1600      187.00
 4.1800      179.00
 4.2000      184.00
 4.2200      176.00
 4.2400      176.00
 4.2600      167.00
 4.2800      196.00
 4.3000      191.00
 4.3200      175.00
 4.3400      169.00
 4.3600      166.00
 4.3800      178.00
 4.4000      187.00
 4.4200      163.00
 4.4400      174.00
 4.4600      197.00
 4.4800      158.00
 4.5000      175.00
 4.5200      167.00
 4.5400      145.00
 4.5600      135.00
 4.5800      199.00
 4.6000      173.00
 4.6200      138.00
 4.6400      180.00
 4.6600      122.00
 4.6800      153.00
 4.7000      156.00
 4.7200      142.00
 4.7400      177.00
 4.7600      156.00
 4.7800      166.00
 4.8000      181.00
 4.8200      163.00
 4.8400      152.00
 4.8600      165.00
 4.8800      163.00
 4.9000      164.00
 4.9200      130.00
 4.9400      165.00
 4.9600      149.00
 4.9800      192.00
 5.0000      159.00
 5.0200      165.00
 5.0400      193.00
 5.0600      174.00
 5.0800      169.00
 5.1000      174.00
 5.1200      173.00
 5.1400      155.00
 5.1600      131.00
 5.1800      162.00
 5.2000      163.00
 5.2200      157.00
 5.2400      160.00
 5.2600      150.00
 5.2800      175.00
 5.3000      152.00
 5.3200      150.00
 5.3400      149.00
 5.3600      166.00
 5.3800      157.00
 5.4000      149.00
 5.4200      164.00
 5.4400      164.00
 5.4600      134.00
 5.4800      140.00
 5.5000      167.00
 5.5200      169.00
 5.5400      152.00
 5.5600      135.00
 5.5800      153.00
 5.6000      163.00
 5.6200      171.00
 5.6400      153.00
 5.6600      140.00
 5.6800      148.00
 5.7000      167.00
 5.7200      147.00
 5.7400      166.00
 5.7600      162.00
 5.7800      175.00
 5.8000      141.00
 5.8200      141.00
 5.8400      129.00
 5.8600      174.00
 5.8800      151.00
 5.9000      157.00
 5.9200      142.00
 5.9400      150.00
 5.9600      158.00
 5.9800      145.00
 6.0000      180.00
 6.0200      154.00
 6.0400      157.00
 6.0600      142.00
 6.0800      173.00
 6.1000      147.00
 6.1200      160.00
 6.1400      169.00
 6.1600      155.00
 6.1800      170.00
 6.2000      162.00
 6.2200      157.00
 6.2400      164.00
 6.2600      169.00
 6.2800      166.00
 6.3000      154.00
 6.3200      164.00
 6.3400      163.00
 6.3600      174.00
 6.3800      149.00
 6.4000      174.00
 6.4200      187.00
 6.4400      151.00
 6.4600      150.00
 6.4800      138.00
 6.5000      156.00
 6.5200      174.00
 6.5400      176.00
 6.5600      169.00
 6.5800      151.00
 6.6000      157.00
 6.6200      179.00
 6.6400      180.00
 6.6600      180.00
 6.6800      173.00
 6.7000      156.00
 6.7200      201.00
 6.7400      175.00
 6.7600      150.00
 6.7800      164.00
 6.8000      150.00
 6.8200      159.00
 6.8400      212.00
 6.8600      167.00
 6.8800      182.00
 6.9000      180.00
 6.9200      172.00
 6.9400      163.00
 6.9600      167.00
 6.9800      181.00
 7.0000      158.00
 7.0200      166.00
 7.0400      181.00
 7.0600      170.00
 7.0800      180.00
 7.1000      165.00
 7.1200      162.00
 7.1400      153.00
 7.1600      178.00
 7.1800      142.00
 7.2000      164.00
 7.2200      148.00
 7.2400      146.00
 7.2600      152.00
 7.2800      150.00
 7.3000      165.00
 7.3200      152.00
 7.3400      182.00
 7.3600      156.00
 7.3800      170.00
 7.4000      153.00
 7.4200      159.00
 7.4400      162.00
 7.4600      157.00
 7.4800      162.00
 7.5000      177.00
 7.5200      138.00
 7.5400      143.00
 7.5600      173.00
 7.5800      137.00
 7.6000      160.00
 7.6200      157.00
 7.6400      149.00
 7.6600      137.00
 7.6800      174.00
 7.7000      169.00
 7.7200      182.00
 7.7400      156.00
 7.7600      173.00
 7.7800      158.00
 7.8000      163.00
 7.8200      168.00
 7.8400      149.00
 7.8600      158.00
 7.8800      164.00
 7.9000      163.00
 7.9200      161.00
 7.9400      142.00
 7.9600      155.00
 7.9800      149.00
 8.0000      175.00
 8.0200      166.00
 8.0400      180.00
 8.0600      168.00
 8.0800      161.00
 8.1000      165.00
 8.1200      174.00
 8.1400      171.00
 8.1600      173.00
 8.1800      149.00
 8.2000      165.00
 8.2200      176.00
 8.2400      172.00
 8.2600      163.00
 8.2800      193.00
 8.3000      176.00
 8.3200      204.00
 8.3400      166.00
 8.3600      191.00
 8.3800      162.00
 8.4000      194.00
 8.4200      174.00
 8.4400      166.00
 8.4600      160.00
 8.4800      166.00
 8.5000      195.00
 8.5200      186.00
 8.5400      198.00
 8.5600      163.00
 8.5800      205.00
 8.6000      187.00
 8.6200      197.00
 8.6400      183.00
 8.6600      207.00
 8.6800      194.00
 8.7000      219.00
 8.7200      203.00
 8.7400      189.00
 8.7600      187.00
 8.7800      200.00
 8.8000      218.00
 8.8200      203.00
 8.8400      222.00
 8.8600      180.00
 8.8800      204.00
 8.9000      223.00
 8.9200      217.00
 8.9400      177.00
 8.9600      160.00
 8.9800      186.00
 9.0000      188.00
 9.0200      179.00
 9.0400      164.00
 9.0600      154.00
 9.0800      173.00
 9.1000      167.00
 9.1200      202.00
 9.1400      181.00
 9.1600      179.00
 9.1800      179.00
 9.2000      176.00
 9.2200      169.00
 9.2400      161.00
 9.2600      181.00
 9.2800      186.00
 9.3000      183.00
 9.3200      184.00
 9.3400      169.00
 9.3600      190.00
 9.3800      178.00
 9.4000      166.00
 9.4200      182.00
 9.4400      171.00
 9.4600      179.00
 9.4800      187.00
 9.5000      164.00
 9.5200      163.00
 9.5400      160.00
 9.5600      174.00
 9.5800      169.00
 9.6000      175.00
 9.6200      183.00
 9.6400      164.00
 9.6600      156.00
 9.6800      188.00
 9.7000      185.00
 9.7200      158.00
 9.7400      163.00
 9.7600      193.00
 9.7800      176.00
 9.8000      185.00
 9.8200      173.00
 9.8400      167.00
 9.8600      207.00
 9.8800      190.00
 9.9000      195.00
 9.9200      191.00
 9.9400      206.00
 9.9600      221.00
 9.9800      179.00
10.0000      190.00
10.0200      186.00
10.0400      226.00
10.0600      195.00
10.0800      192.00
10.1000      190.00
10.1200      201.00
10.1400      209.00
10.1600      193.00
10.1800      173.00
10.2000      163.00
10.2200      173.00
10.2400      180.00
10.2600      203.00
10.2800      186.00
10.3000      177.00
10.3200      192.00
10.3400      178.00
10.3600      174.00
10.3800      156.00
10.4000      192.00
10.4200      203.00
10.4400      178.00
10.4600      189.00
10.4800      194.00
10.5000      201.00
10.5200      183.00
10.5400      213.00
10.5600      212.00
10.5800      198.00
10.6000      198.00
10.6200      194.00
10.6400      197.00
10.6600      213.00
10.6800      254.00
10.7000      234.00
10.7200      210.00
10.7400      220.00
10.7600      221.00
10.7800      269.00
10.8000      241.00
10.8200      253.00
10.8400      260.00
10.8600      303.00
10.8800      325.00
10.9000      370.00
10.9200      356.00
10.9400      436.00
10.9600      430.00
10.9800      458.00
11.0000      461.00
11.0200      472.00
11.0400      509.00
11.0600      567.00
11.0800      501.00
11.1000      502.00
11.1200      561.00
11.1400      521.00
11.1600      493.00
11.1800      493.00
11.2000      536.00
11.2200      511.00
11.2400      491.00
11.2600      474.00
11.2800      470.00
11.3000      483.00
11.3200      457.00
11.3400      427.00
11.3600      413.00
11.3800      379.00
11.4000      349.00
11.4200      334.00
11.4400      300.00
11.4600      257.00
11.4800      251.00
11.5000      245.00
11.5200      214.00
11.5400      229.00
11.5600      238.00
11.5800      222.00
11.6000      222.00
11.6200      196.00
11.6400      225.00
11.6600      216.00
11.6800      209.00
11.7000      214.00
11.7200      231.00
11.7400      220.00
11.7600      257.00
11.7800      233.00
11.8000      258.00
11.8200      245.00
11.8400      257.00
11.8600      253.00
11.8800      357.00
11.9000      310.00
11.9200      352.00
11.9400      376.00
11.9600      383.00
11.9800      402.00
12.0000      386.00
12.0200      466.00
12.0400      497.00
12.0600      542.00
12.0800      578.00
12.1000      554.00
12.1200      562.00
12.1400      571.00
12.1600      563.00
12.1800      591.00
12.2000      526.00
12.2200      481.00
12.2400      520.00
12.2600      453.00
12.2800      481.00
12.3000      403.00
12.3200      453.00
12.3400      477.00
12.3600      412.00
12.3800      462.00
12.4000      512.00
12.4200      576.00
12.4400      566.00
12.4600      640.00
12.4800      688.00
12.5000      620.00
12.5200      718.00
12.5400      679.00
12.5600      692.00
12.5800      634.00
12.6000      573.00
12.6200      520.00
12.6400      486.00
12.6600      413.00
12.6800      410.00
12.7000      352.00
12.7200      273.00
12.7400      265.00
12.7600      241.00
12.7800      270.00
12.8000      231.00
12.8200      214.00
12.8400      236.00
12.8600      220.00
12.8800      243.00
12.9000      216.00
12.9200      201.00
12.9400      210.00
12.9600      215.00
12.9800      226.00
13.0000      230.00
13.0200      200.00
13.0400      209.00
13.0600      223.00
13.0800      230.00
13.1000      210.00
13.1200      217.00
13.1400      225.00
13.1600      204.00
13.1800      197.00
13.2000      201.00
13.2200      231.00
13.2400      214.00
13.2600      207.00
13.2800      197.00
13.3000      220.00
13.3200      218.00
13.3400      187.00
13.3600      189.00
13.3800      192.00
13.4000      254.00
13.4200      210.00
13.4400      202.00
13.4600      184.00
13.4800      210.00
13.5000      190.00
13.5200      214.00
13.5400      198.00
13.5600      205.00
13.5800      202.00
13.6000      223.00
13.6200      207.00
13.6400      210.00
13.6600      194.00
13.6800      224.00
13.7000      216.00
13.7200      206.00
13.7400      230.00
13.7600      232.00
13.7800      236.00
13.8000      233.00
13.8200      227.00
13.8400      230.00
13.8600      242.00
13.8800      261.00
13.9000      286.00
13.9200      309.00
13.9400      310.00
13.9600      351.00
13.9800      312.00
14.0000      335.00
14.0200      413.00
14.0400      414.00
14.0600      457.00
14.0800      522.00
14.1000      586.00
14.1200      656.00
14.1400      690.00
14.1600      700.00
14.1800      801.00
14.2000      803.00
14.2200      806.00
14.2400      804.00
14.2600      768.00
14.2800      757.00
14.3000      739.00
14.3200      688.00
14.3400      655.00
14.3600      594.00
14.3800      559.00
14.4000      488.00
14.4200      497.00
14.4400      472.00
14.4600      392.00
14.4800      360.00
14.5000      335.00
14.5200      300.00
14.5400      312.00
14.5600      278.00
14.5800      280.00
14.6000      254.00
14.6200      226.00
14.6400      233.00
14.6600      248.00
14.6800      214.00
14.7000      242.00
14.7200      201.00
14.7400      225.00
14.7600      212.00
14.7800      233.00
14.8000      230.00
14.8200      208.00
14.8400      192.00
14.8600      234.00
14.8800      217.00
14.9000      274.00
14.9200      246.00
14.9400      223.00
14.9600      219.00
14.9800      216.00
15.0000      215.00
15.0200      193.00
15.0400      241.00
15.0600      235.00
15.0800      219.00
15.1000      214.00
15.1200      216.00
15.1400      191.00
15.1600      205.00
15.1800      213.00
15.2000      225.00
15.2200      220.00
15.2400      244.00
15.2600      208.00
15.2800      197.00
15.3000      208.00
15.3200      229.00
15.3400      223.00
15.3600      219.00
15.3800      205.00
15.4000      250.00
15.4200      233.00
15.4400      199.00
15.4600      205.00
15.4800      218.00
15.5000      224.00
15.5200      203.00
15.5400      216.00
15.5600      246.00
15.5800      248.00
15.6000      227.00
15.6200      226.00
15.6400      235.00
15.6600      256.00
15.6800      257.00
15.7000      260.00
15.7200      279.00
15.7400      282.00
15.7600      284.00
15.7800      303.00
15.8000      350.00
15.8200      334.00
15.8400      359.00
15.8600      381.00
15.8800      398.00
15.9000      430.00
15.9200      434.00
15.9400      403.00
15.9600      441.00
15.9800      420.00
16.0000      363.00
16.0200      395.00
16.0400      426.00
16.0600      398.00
16.0800      408.00
16.1000      376.00
16.1200      400.00
16.1400      427.00
16.1600      418.00
16.1800      447.00
16.2000      430.00
16.2200      413.00
16.2400      429.00
16.2600      405.00
16.2800      395.00
16.3000      427.00
16.3200      417.00
16.3400      402.00
16.3600      418.00
16.3800      384.00
16.4000      427.00
16.4200      424.00
16.4400      501.00
16.4600      533.00
16.4800      479.00
16.5000      453.00
16.5200      527.00
16.5400      486.00
16.5600      489.00
16.5800      435.00
16.6000      448.00
16.6200      402.00
16.6400      359.00
16.6600      386.00
16.6800      316.00
16.7000      297.00
16.7200      312.00
16.7400      287.00
16.7600      296.00
16.7800      285.00
16.8000      265.00
16.8200      294.00
16.8400      304.00
16.8600      297.00
16.8800      311.00
16.9000      338.00
16.9200      366.00
16.9400      399.00
16.9600      449.00
16.9800      452.00
17.0000      510.00
17.0200      524.00
17.0400      525.00
17.0600      524.00
17.0800      526.00
17.1000      552.00
17.1200      600.00
17.1400      582.00
17.1600      577.00
17.1800      558.00
17.2000      575.00
17.2200      558.00
17.2400      581.00
17.2600      547.00
17.2800      564.00
17.3000      653.00
17.3200      719.00
17.3400      775.00
17.3600      846.00
17.3800      941.00
17.4000      989.00
17.4200     1219.00
17.4400     1329.00
17.4600     1468.00
17.4800     1695.00
17.5000     1770.00
17.5200     1864.00
17.5400     1943.00
17.5600     1961.00
17.5800     1996.00
17.6000     1950.00
17.6200     1846.00
17.6400     1715.00
17.6600     1604.00
17.6800     1368.00
17.7000     1141.00
17.7200     1073.00
17.7400      935.00
17.7600      784.00
17.7800      661.00
17.8000      622.00
17.8200      539.00
17.8400      471.00
17.8600      430.00
17.8800      438.00
17.9000      380.00
17.9200      367.00
17.9400      369.00
17.9600      374.00
17.9800      356.00
18.0000      346.00
18.0200      336.00
18.0400      353.00
18.0600      328.00
18.0800      312.00
18.1000      329.00
18.1200      315.00
18.1400      329.00
18.1600      336.00
18.1800      336.00
18.2000      347.00
18.2200      425.00
18.2400      418.00
18.2600      444.00
18.2800      499.00
18.3000      535.00
18.3200      610.00
18.3400      635.00
18.3600      738.00
18.3800      751.00
18.4000      735.00
18.4200      767.00
18.4400      750.00
18.4600      743.00
18.4800      702.00
18.5000      629.00
18.5200      615.00
18.5400      556.00
18.5600      487.00
18.5800      475.00
18.6000      450.00
18.6200      389.00
18.6400      351.00
18.6600      354.00
18.6800      340.00
18.7000      349.00
18.7200      413.00
18.7400      345.00
18.7600      373.00
18.7800      358.00
18.8000      340.00
18.8200      378.00
18.8400      342.00
18.8600      350.00
18.8800      376.00
18.9000      322.00
18.9200      365.00
18.9400      337.00
18.9600      334.00
18.9800      344.00
19.0000      348.00
19.0200      333.00
19.0400      295.00
19.0600      346.00
19.0800      371.00
19.1000      377.00
19.1200      373.00
19.1400      364.00
19.1600      387.00
19.1800      371.00
19.2000      350.00
19.2200      413.00
19.2400      367.00
19.2600      374.00
19.2800      336.00
19.3000      377.00
19.3200      405.00
19.3400      366.00
19.3600      373.00
19.3800      387.00
19.4000      440.00
19.4200      454.00
19.4400      521.00
19.4600      554.00
19.4800      664.00
19.5000      713.00
19.5200      903.00
19.5400     1004.00
19.5600     1158.00
19.5800     1278.00
19.6000     1352.00
19.6200     1425.00
19.6400     1494.00
19.6600     1567.00
19.6800     1460.00
19.7000     1482.00
19.7200     1438.00
19.7400     1250.00
19.7600     1145.00
19.7800     1032.00
19.8000      942.00
19.8200      816.00
19.8400      707.00
19.8600      658.00
19.8800      591.00
19.9000      502.00
19.9200      481.00
19.9400      408.00
19.9600      403.00
19.9800      385.00
20.0000      328.00
20.0200      337.00
20.0400      309.00
20.0600      278.00
20.0800      326.00
20.1000      311.00
20.1200      267.00
20.1400      274.00
20.1600      278.00
20.1800      267.00
20.2000      280.00
20.2200      281.00
20.2400      268.00
20.2600      296.00
20.2800      263.00
20.3000      293.00
20.3200      286.00
20.3400      308.00
20.3600      306.00
20.3800      337.00
20.4000      313.00
20.4200      298.00
20.4400      309.00
20.4600      341.00
20.4800      354.00
20.5000      355.00
20.5200      377.00
20.5400      421.00
20.5600      452.00
20.5800      472.00
20.6000      542.00
20.6200      619.00
20.6400      638.00
20.6600      744.00
20.6800      709.00
20.7000      776.00
20.7200      829.00
20.7400      839.00
20.7600      942.00
20.7800      943.00
20.8000     1007.00
20.8200     1073.00
20.8400     1162.00
20.8600     1229.00
20.8800     1454.00
20.9000     1577.00
20.9200     1754.00
20.9400     1969.00
20.9600     2194.00
20.9800     2271.00
21.0000     2478.00
21.0200     2431.00
21.0400     2487.00
21.0600     2509.00
21.0800     2416.00
21.1000     2330.00
21.1200     2076.00
21.1400     1813.00
21.1600     1570.00
21.1800     1331.00
21.2000     1084.00
21.2200      943.00
21.2400      771.00
21.2600      665.00
21.2800      538.00
21.3000      485.00
21.3200      441.00
21.3400      380.00
21.3600      347.00
21.3800      287.00
21.4000      282.00
21.4200      278.00
21.4400      306.00
21.4600      302.00
21.4800      275.00
21.5000      285.00
21.5200      255.00
21.5400      285.00
21.5600      289.00
21.5800      223.00
21.6000      277.00
21.6200      250.00
21.6400      244.00
21.6600      241.00
21.6800      243.00
21.7000      221.00
21.7200      284.00
21.7400      256.00
21.7600      260.00
21.7800      261.00
21.8000      251.00
21.8200      244.00
21.8400      263.00
21.8600      297.00
21.8800      257.00
21.9000      251.00
21.9200      272.00
21.9400      287.00
21.9600      283.00
21.9800      277.00
22.0000      268.00
22.0200      312.00
22.0400      305.00
22.0600      342.00
22.0800      346.00
22.1000      345.00
22.1200      389.00
22.1400      387.00
22.1600      371.00
22.1800      385.00
22.2000      443.00
22.2200      411.00
22.2400      468.00
22.2600      470.00
22.2800      473.00
22.3000      477.00
22.3200      507.00
22.3400      497.00
22.3600      505.00
22.3800      508.00
22.4000      536.00
22.4200      546.00
22.4400      568.00
22.4600      593.00
22.4800      667.00
22.5000      772.00
22.5200      798.00
22.5400      857.00
22.5600      924.00
22.5800      972.00
22.6000     1046.00
22.6200      979.00
22.6400     1064.00
22.6600      953.00
22.6800      935.00
22.7000      818.00
22.7200      793.00
22.7400      744.00
22.7600      656.00
22.7800      609.00
22.8000      583.00
22.8200      571.00
22.8400      482.00
22.8600      458.00
22.8800      530.00
22.9000      512.00
22.9200      521.00
22.9400      535.00
22.9600      571.00
22.9800      598.00
23.0000      627.00
23.0200      623.00
23.0400      718.00
23.0600      720.00
23.0800      747.00
23.1000      703.00
23.1200      740.00
23.1400      702.00
23.1600      731.00
23.1800      700.00
23.2000      683.00
23.2200      651.00
23.2400      659.00
23.2600      615.00
23.2800      649.00
23.3000      651.00
23.3200      666.00
23.3400      716.00
23.3600      676.00
23.3800      679.00
23.4000      689.00
23.4200      722.00
23.4400      673.00
23.4600      592.00
23.4800      565.00
23.5000      541.00
23.5200      499.00
23.5400      459.00
23.5600      435.00
23.5800      378.00
23.6000      340.00
23.6200      334.00
23.6400      300.00
23.6600      269.00
23.6800      322.00
23.7000      273.00
23.7200      285.00
23.7400      289.00
23.7600      329.00
23.7800      310.00
23.8000      329.00
23.8200      295.00
23.8400      361.00
23.8600      351.00
23.8800      358.00
23.9000      367.00
23.9200      417.00
23.9400      406.00
23.9600      464.00
23.9800      479.00
24.0000      532.00
24.0200      565.00
24.0400      591.00
24.0600      704.00
24.0800      673.00
24.1000      693.00
24.1200      644.00
24.1400      714.00
24.1600      744.00
24.1800      680.00
24.2000      732.00
24.2200      703.00
24.2400      723.00
24.2600      774.00
24.2800      813.00
24.3000      856.00
24.3200      908.00
24.3400      935.00
24.3600      899.00
24.3800      947.00
24.4000      994.00
24.4200      970.00
24.4400      990.00
24.4600      910.00
24.4800      799.00
24.5000      702.00
24.5200      639.00
24.5400      603.00
24.5600      536.00
24.5800      455.00
24.6000      387.00
24.6200      395.00
24.6400      375.00
24.6600      379.00
24.6800      373.00
24.7000      335.00
24.7200      347.00
24.7400      408.00
24.7600      405.00
24.7800      426.00
24.8000      536.00
24.8200      579.00
24.8400      597.00
24.8600      636.00
24.8800      718.00
24.9000      761.00
24.9200      784.00
24.9400      748.00
24.9600      753.00
24.9800      782.00
25.0000      740.00
25.0200      627.00
25.0400      600.00
25.0600      534.00
25.0800      441.00
25.1000      414.00
25.1200      405.00
25.1400      334.00
25.1600      315.00
25.1800      255.00
25.2000      252.00
25.2200      297.00
25.2400      243.00
25.2600      253.00
25.2800      243.00
25.3000      252.00
25.3200      221.00
25.3400      231.00
25.3600      242.00
25.3800      207.00
25.4000      202.00
25.4200      210.00
25.4400      219.00
25.4600      218.00
25.4800      191.00
25.5000      212.00
25.5200      219.00
25.5400      227.00
25.5600      229.00
25.5800      221.00
25.6000      236.00
25.6200      204.00
25.6400      232.00
25.6600      218.00
25.6800      215.00
25.7000      244.00
25.7200      227.00
25.7400      209.00
25.7600      228.00
25.7800      226.00
25.8000      237.00
25.8200      232.00
25.8400      260.00
25.8600      246.00
25.8800      272.00
25.9000      305.00
25.9200      305.00
25.9400      321.00
25.9600      334.00
25.9800      382.00
26.0000      430.00
26.0200      398.00
26.0400      452.00
26.0600      433.00
26.0800      490.00
26.1000      457.00
26.1200      509.00
26.1400      510.00
26.1600      553.00
26.1800      552.00
26.2000      557.00
26.2200      580.00
26.2400      555.00
26.2600      559.00
26.2800      508.00
26.3000      554.00
26.3200      555.00
26.3400      505.00
26.3600      536.00
26.3800      504.00
26.4000      461.00
26.4200      454.00
26.4400      516.00
26.4600      491.00
26.4800      475.00
26.5000      491.00
26.5200      437.00
26.5400      428.00
26.5600      420.00
26.5800      371.00
26.6000      380.00
26.6200      317.00
26.6400      272.00
26.6600      297.00
26.6800      282.00
26.7000      232.00
26.7200      252.00
26.7400      219.00
26.7600      217.00
26.7800      249.00
26.8000      223.00
26.8200      203.00
26.8400      228.00
26.8600      227.00
26.8800      227.00
26.9000      229.00
26.9200      209.00
26.9400      267.00
26.9600      210.00
26.9800      238.00
27.0000      234.00
27.0200      275.00
27.0400      239.00
27.0600      245.00
27.0800      278.00
27.1000      257.00
27.1200      280.00
27.1400      270.00
27.1600      285.00
27.1800      278.00
27.2000      297.00
27.2200      326.00
27.2400      331.00
27.2600      316.00
27.2800      330.00
27.3000      334.00
27.3200      310.00
27.3400      334.00
27.3600      332.00
27.3800      312.00
27.4000      321.00
27.4200      352.00
27.4400      325.00
27.4600      347.00
27.4800      320.00
27.5000      365.00
27.5200      387.00
27.5400      385.00
27.5600      384.00
27.5800      416.00
27.6000      444.00
27.6200      497.00
27.6400      519.00
27.6600      563.00
27.6800      532.00
27.7000      570.00
27.7200      528.00
27.7400      587.00
27.7600      557.00
27.7800      500.00
27.8000      484.00
27.8200      481.00
27.8400      452.00
27.8600      415.00
27.8800      447.00
27.9000      366.00
27.9200      369.00
27.9400      380.00
27.9600      356.00
27.9800      326.00
28.0000      325.00
28.0200      313.00
28.0400      333.00
28.0600      281.00
28.0800      290.00
28.1000      278.00
28.1200      281.00
28.1400      312.00
28.1600      276.00
28.1800      288.00
28.2000      296.00
28.2200      324.00
28.2400      321.00
28.2600      355.00
28.2800      388.00
28.3000      473.00
28.3200      474.00
28.3400      562.00
28.3600      606.00
28.3800      718.00
28.4000      811.00
28.4200      921.00
28.4400      975.00
28.4600      999.00
28.4800     1055.00
28.5000     1056.00
28.5200     1079.00
28.5400     1028.00
28.5600      927.00
28.5800      887.00
28.6000      818.00
28.6200      748.00
28.6400      711.00
28.6600      665.00
28.6800      590.00
28.7000      569.00
28.7200      511.00
28.7400      467.00
28.7600      492.00
28.7800      485.00
28.8000      406.00
28.8200      430.00
28.8400      391.00
28.8600      364.00
28.8800      411.00
28.9000      363.00
28.9200      380.00
28.9400      380.00
28.9600      354.00
28.9800      378.00
29.0000      382.00
29.0200      361.00
29.0400      397.00
29.0600      413.00
29.0800      440.00
29.1000      420.00
29.1200      423.00
29.1400      434.00
29.1600      440.00
29.1800      476.00
29.2000      440.00
29.2200      437.00
29.2400      443.00
29.2600      439.00
29.2800      420.00
29.3000      445.00
29.3200      449.00
29.3400      463.00
29.3600      527.00
29.3800      481.00
29.4000      526.00
29.4200      536.00
29.4400      582.00
29.4600      595.00
29.4800      536.00
29.5000      490.00
29.5200      535.00
29.5400      485.00
29.5600      434.00
29.5800      402.00
29.6000      356.00
29.6200      305.00
29.6400      276.00
29.6600      261.00
29.6800      248.00
29.7000      246.00
29.7200      203.00
29.7400      219.00
29.7600      210.00
29.7800      214.00
29.8000      211.00
29.8200      188.00
29.8400      193.00
29.8600      215.00
29.8800      237.00
29.9000      231.00
29.9200      229.00
29.9400      232.00
29.9600      300.00
29.9800      238.00
30.0000      274.00
30.0200      293.00
30.0400      345.00
30.0600      330.00
30.0800      365.00
30.1000      393.00
30.1200      367.00
30.1400      350.00
30.1600      369.00
30.1800      363.00
30.2000      357.00
30.2200      350.00
30.2400      338.00
30.2600      314.00
30.2800      332.00
30.3000      325.00
30.3200      308.00
30.3400      300.00
30.3600      272.00
30.3800      278.00
30.4000      256.00
30.4200      248.00
30.4400      260.00
30.4600      232.00
30.4800      227.00
30.5000      200.00
30.5200      188.00
30.5400      202.00
30.5600      224.00
30.5800      221.00
30.6000      224.00
30.6200      227.00
30.6400      222.00
30.6600      218.00
30.6800      246.00
30.7000      237.00
30.7200      244.00
30.7400      200.00
30.7600      255.00
30.7800      214.00
30.8000      226.00
30.8200      227.00
30.8400      211.00
30.8600      218.00
30.8800      229.00
30.9000      228.00
30.9200      236.00
30.9400      251.00
30.9600      231.00
30.9800      214.00
31.0000      230.00
31.0200      210.00
31.0400      193.00
31.0600      224.00
31.0800      197.00
31.1000      172.00
31.1200      184.00
31.1400      209.00
31.1600      164.00
31.1800      189.00
31.2000      175.00
31.2200      184.00
31.2400      163.00
31.2600      174.00
31.2800      155.00
31.3000      181.00
31.3200      192.00
31.3400      170.00
31.3600      164.00
31.3800      202.00
31.4000      176.00
31.4200      189.00
31.4400      193.00
31.4600      206.00
31.4800      202.00
31.5000      216.00
31.5200      197.00
31.5400      250.00
31.5600      225.00
31.5800      248.00
31.6000      234.00
31.6200      228.00
31.6400      236.00
31.6600      214.00
31.6800      237.00
31.7000      195.00
31.7200      207.00
31.7400      208.00
31.7600      198.00
31.7800      185.00
31.8000      201.00
31.8200      202.00
31.8400      223.00
31.8600      209.00
31.8800      222.00
31.9000      244.00
31.9200      239.00
31.9400      236.00
31.9600      268.00
31.9800      293.00
32.0000      264.00
32.0200      279.00
32.0400      313.00
32.0600      320.00
32.0800      313.00
32.1000      344.00
32.1200      313.00
32.1400      355.00
32.1600      321.00
32.1800      353.00
32.2000      339.00
32.2200      313.00
32.2400      308.00
32.2600      297.00
32.2800      297.00
32.3000      311.00
32.3200      271.00
32.3400      302.00
32.3600      294.00
32.3800      311.00
32.4000      283.00
32.4200      286.00
32.4400      296.00
32.4600      303.00
32.4800      327.00
32.5000      313.00
32.5200      330.00
32.5400      363.00
32.5600      374.00
32.5800      382.00
32.6000      352.00
32.6200      327.00
32.6400      344.00
32.6600      362.00
32.6800      329.00
32.7000      347.00
32.7200      338.00
32.7400      310.00
32.7600      340.00
32.7800      320.00
32.8000      300.00
32.8200      288.00
32.8400      278.00
32.8600      262.00
32.8800      255.00
32.9000      256.00
32.9200      234.00
32.9400      251.00
32.9600      251.00
32.9800      242.00
33.0000      225.00
33.0200      241.00
33.0400      259.00
33.0600      262.00
33.0800      273.00
33.1000      306.00
33.1200      276.00
33.1400      300.00
33.1600      296.00
33.1800      331.00
33.2000      306.00
33.2200      308.00
33.2400      355.00
33.2600      370.00
33.2800      342.00
33.3000      329.00
33.3200      330.00
33.3400      318.00
33.3600      347.00
33.3800      306.00
33.4000      310.00
33.4200      306.00
33.4400      286.00
33.4600      302.00
33.4800      324.00
33.5000      281.00
33.5200      256.00
33.5400      256.00
33.5600      253.00
33.5800      244.00
33.6000      224.00
33.6200      240.00
33.6400      226.00
33.6600      202.00
33.6800      184.00
33.7000      196.00
33.7200      214.00
33.7400      174.00
33.7600      187.00
33.7800      188.00
33.8000      178.00
33.8200      178.00
33.8400      188.00
33.8600      198.00
33.8800      175.00
33.9000      170.00
33.9200      167.00
33.9400      200.00
33.9600      181.00
33.9800      167.00
34.0000      181.00
34.0200      203.00
34.0400      191.00
34.0600      205.00
34.0800      231.00
34.1000      228.00
34.1200      253.00
34.1400      281.00
34.1600      262.00
34.1800      308.00
34.2000      315.00
34.2200      290.00
34.2400      310.00
34.2600      284.00
34.2800      271.00
34.3000      287.00
34.3200      243.00
34.3400      221.00
34.3600      220.00
34.3800      243.00
34.4000      219.00
34.4200      187.00
34.4400      165.00
34.4600      206.00
34.4800      200.00
34.5000      177.00
34.5200      179.00
34.5400      176.00
34.5600      183.00
34.5800      181.00
34.6000      189.00
34.6200      206.00
34.6400      185.00
34.6600      145.00
34.6800      169.00
34.7000      186.00
34.7200      192.00
34.7400      193.00
34.7600      162.00
34.7800      190.00
34.8000      188.00
34.8200      192.00
34.8400      215.00
34.8600      183.00
34.8800      194.00
34.9000      196.00
34.9200      223.00
34.9400      209.00
34.9600      208.00
34.9800      247.00
35.0000      195.00
