 2.2000      276.00
 2.2200      318.00
 2.2400      293.00
 2.2600      312.00
 2.2800      288.00
 2.3000      309.00
 2.3200      293.00
 2.3400      299.00
 2.3600      295.00
 2.3800      279.00
 2.4000      276.00
 2.4200      252.00
 2.4400      267.00
 2.4600      279.00
 2.4800      248.00
 2.5000      261.00
 2.5200      250.00
 2.5400      261.00
 2.5600      248.00
 2.5800      255.00
 2.6000      242.00
 2.6200      255.00
 2.6400      249.00
 2.6600      256.00
 2.6800      224.00
 2.7000      252.00
 2.7200      243.00
 2.7400      238.00
 2.7600      281.00
 2.7800      270.00
 2.8000      264.00
 2.8200      256.00
 2.8400      252.00
 2.8600      259.00
 2.8800      235.00
 2.9000      255.00
 2.9200      239.00
 2.9400      253.00
 2.9600      201.00
 2.9800      244.00
 3.0000      240.00
 3.0200      253.00
 3.0400      233.00
 3.0600      235.00
 3.0800      247.00
 3.1000      227.00
 3.1200      231.00
 3.1400      217.00
 3.1600      236.00
 3.1800      234.00
 3.2000      219.00
 3.2200      221.00
 3.2400      210.00
 3.2600      236.00
 3.2800      207.00
 3.3000      207.00
 3.3200      228.00
 3.3400      233.00
 3.3600      204.00
 3.3800      216.00
 3.4000      222.00
 3.4200      207.00
 3.4400      208.00
 3.4600      227.00
 3.4800      170.00
 3.5000      207.00
 3.5200      187.00
 3.5400      227.00
 3.5600      199.00
 3.5800      207.00
 3.6000      192.00
 3.6200      199.00
 3.6400      186.00
 3.6600      208.00
 3.6800      168.00
 3.7000      183.00
 3.7200      195.00
 3.7400      193.00
 3.7600      164.00
 3.7800      194.00
 3.8000      181.00
 3.8200      200.00
 3.8400      182.00
 3.8600      166.00
 3.8800      178.00
 3.9000      199.00
 3.9200      190.00
 3.9400      161.00
 3.9600      178.00
 3.9800      188.00
 4.0000      164.00
 4.0200      176.00
 4.0400      159.00
 4.0600      173.00
 4.0800      162.00
 4.1000      166.00
 4.1200      196.00
 4.1400      166.00
 4.1600      161.00
 4.1800      170.00
 4.2000      165.00
 4.2200      159.00
 4.2400      149.00
 4.2600      145.00
 4.2800      178.00
 4.3000      146.00
 4.3200      145.00
 4.3400      177.00
 4.3600      166.00
 4.3800      146.00
 4.4000      151.00
 4.4200      162.00
 4.4400      149.00
 4.4600      164.00
 4.4800      156.00
 4.5000      124.00
 4.5200      143.00
 4.5400      138.00
 4.5600      143.00
 4.5800      162.00
 4.6000      130.00
 4.6200      159.00
 4.6400      143.00
 4.6600      150.00
 4.6800      162.00
 4.7000      152.00
 4.7200      139.00
 4.7400      142.00
 4.7600      140.00
 4.7800      130.00
 4.8000      130.00
 4.8200      134.00
 4.8400      154.00
 4.8600      143.00
 4.8800      135.00
 4.9000      148.00
 4.9200      148.00
 4.9400      146.00
 4.9600      155.00
 4.9800      146.00
 5.0000      141.00
 5.0200      139.00
 5.0400      161.00
 5.0600      150.00
 5.0800      162.00
 5.1000      123.00
 5.1200      140.00
 5.1400      142.00
 5.1600      160.00
 5.1800      168.00
 5.2000      146.00
 5.2200      155.00
 5.2400      165.00
 5.2600      144.00
 5.2800      150.00
 5.3000      143.00
 5.3200      149.00
 5.3400      148.00
 5.3600      138.00
 5.3800      136.00
 5.4000      130.00
 5.4200      125.00
 5.4400      172.00
 5.4600      157.00
 5.4800      132.00
 5.5000      149.00
 5.5200      121.00
 5.5400      163.00
 5.5600      145.00
 5.5800      161.00
 5.6000      147.00
 5.6200      164.00
 5.6400      156.00
 5.6600      155.00
 5.6800      135.00
 5.7000      157.00
 5.7200      144.00
 5.7400      147.00
 5.7600      129.00
 5.7800      168.00
 5.8000      128.00
 5.8200      136.00
 5.8400      144.00
 5.8600      148.00
 5.8800      147.00
 5.9000      172.00
 5.9200      168.00
 5.9400      138.00
 5.9600      154.00
 5.9800      155.00
 6.0000      178.00
 6.0200      163.00
 6.0400      143.00
 6.0600      154.00
 6.0800      174.00
 6.1000      160.00
 6.1200      175.00
 6.1400      161.00
 6.1600      187.00
 6.1800      181.00
 6.2000      152.00
 6.2200      160.00
 6.2400      159.00
 6.2600      162.00
 6.2800      169.00
 6.3000      159.00
 6.3200      153.00
 6.3400      167.00
 6.3600      171.00
 6.3800      173.00
 6.4000      160.00
 6.4200      177.00
 6.4400      157.00
 6.4600      115.00
 6.4800      162.00
 6.5000      165.00
 6.5200      176.00
 6.5400      175.00
 6.5600      172.00
 6.5800      163.00
 6.6000      143.00
 6.6200      145.00
 6.6400      173.00
 6.6600      154.00
 6.6800      168.00
 6.7000      188.00
 6.7200      214.00
 6.7400      193.00
 6.7600      196.00
 6.7800      206.00
 6.8000      202.00
 6.8200      224.00
 6.8400      216.00
 6.8600      196.00
 6.8800      225.00
 6.9000      244.00
 6.9200      247.00
 6.9400      237.00
 6.9600      236.00
 6.9800      240.00
 7.0000      250.00
 7.0200      215.00
 7.0400      199.00
 7.0600      206.00
 7.0800      186.00
 7.1000      202.00
 7.1200      163.00
 7.1400      181.00
 7.1600      195.00
 7.1800      160.00
 7.2000      178.00
 7.2200      168.00
 7.2400      179.00
 7.2600      187.00
 7.2800      182.00
 7.3000      180.00
 7.3200      170.00
 7.3400      172.00
 7.3600      170.00
 7.3800      176.00
 7.4000      158.00
 7.4200      188.00
 7.4400      180.00
 7.4600      172.00
 7.4800      184.00
 7.5000      172.00
 7.5200      173.00
 7.5400      164.00
 7.5600      172.00
 7.5800      185.00
 7.6000      151.00
 7.6200      188.00
 7.6400      207.00
 7.6600      189.00
 7.6800      167.00
 7.7000      203.00
 7.7200      179.00
 7.7400      177.00
 7.7600      208.00
 7.7800      196.00
 7.8000      183.00
 7.8200      204.00
 7.8400      189.00
 7.8600      179.00
 7.8800      178.00
 7.9000      172.00
 7.9200      186.00
 7.9400      165.00
 7.9600      187.00
 7.9800      187.00
 8.0000      198.00
 8.0200      160.00
 8.0400      152.00
 8.0600      212.00
 8.0800      194.00
 8.1000      182.00
 8.1200      181.00
 8.1400      182.00
 8.1600      180.00
 8.1800      199.00
 8.2000      160.00
 8.2200      186.00
 8.2400      172.00
 8.2600      199.00
 8.2800      198.00
 8.3000      188.00
 8.3200      188.00
 8.3400      202.00
 8.3600      199.00
 8.3800      200.00
 8.4000      179.00
 8.4200      197.00
 8.4400      175.00
 8.4600      167.00
 8.4800      205.00
 8.5000      226.00
 8.5200      200.00
 8.5400      212.00
 8.5600      218.00
 8.5800      188.00
 8.6000      215.00
 8.6200      214.00
 8.6400      238.00
 8.6600      201.00
 8.6800      224.00
 8.7000      242.00
 8.7200      236.00
 8.7400      247.00
 8.7600      249.00
 8.7800      237.00
 8.8000      262.00
 8.8200      276.00
 8.8400      252.00
 8.8600      275.00
 8.8800      270.00
 8.9000      263.00
 8.9200      232.00
 8.9400      239.00
 8.9600      256.00
 8.9800      198.00
 9.0000      215.00
 9.0200      209.00
 9.0400      197.00
 9.0600      192.00
 9.0800      210.00
 9.1000      206.00
 9.1200      195.00
 9.1400      231.00
 9.1600      201.00
 9.1800      197.00
 9.2000      198.00
 9.2200      189.00
 9.2400      215.00
 9.2600      223.00
 9.2800      216.00
 9.3000      217.00
 9.3200      200.00
 9.3400      187.00
 9.3600      210.00
 9.3800      219.00
 9.4000      213.00
 9.4200      228.00
 9.4400      202.00
 9.4600      214.00
 9.4800      197.00
 9.5000      231.00
 9.5200      223.00
 9.5400      203.00
 9.5600      196.00
 9.5800      209.00
 9.6000      226.00
 9.6200      226.00
 9.6400      198.00
 9.6600      243.00
 9.6800      214.00
 9.7000      259.00
 9.7200      197.00
 9.7400      219.00
 9.7600      217.00
 9.7800      215.00
 9.8000      233.00
 9.8200      271.00
 9.8400      238.00
 9.8600      251.00
 9.8800      240.00
 9.9000      254.00
 9.9200      254.00
 9.9400      272.00
 9.9600      280.00
 9.9800      255.00
10.0000      298.00
10.0200      273.00
10.0400      302.00
10.0600      288.00
10.0800      273.00
10.1000      254.00
10.1200      247.00
10.1400      246.00
10.1600      263.00
10.1800      235.00
10.2000      232.00
10.2200      245.00
10.2400      239.00
10.2600      235.00
10.2800      245.00
10.3000      256.00
10.3200      222.00
10.3400      238.00
10.3600      251.00
10.3800      219.00
10.4000      264.00
10.4200      240.00
10.4400      226.00
10.4600      242.00
10.4800      214.00
10.5000      255.00
10.5200      249.00
10.5400      262.00
10.5600      255.00
10.5800      273.00
10.6000      259.00
10.6200      290.00
10.6400      280.00
10.6600      276.00
10.6800      271.00
10.7000      281.00
10.7200      297.00
10.7400      296.00
10.7600      323.00
10.7800      356.00
10.8000      357.00
10.8200      387.00
10.8400      435.00
10.8600      406.00
10.8800      434.00
10.9000      477.00
10.9200      471.00
10.9400      566.00
10.9600      610.00
10.9800      654.00
11.0000      695.00
11.0200      762.00
11.0400      799.00
11.0600      878.00
11.0800      924.00
11.1000      969.00
11.1200      991.00
11.1400     1010.00
11.1600      929.00
11.1800      858.00
11.2000      936.00
11.2200      837.00
11.2400      773.00
11.2600      816.00
11.2800      848.00
11.3000      827.00
11.3200      864.00
11.3400      849.00
11.3600      800.00
11.3800      727.00
11.4000      681.00
11.4200      590.00
11.4400      524.00
11.4600      417.00
11.4800      358.00
11.5000      357.00
11.5200      308.00
11.5400      308.00
11.5600      294.00
11.5800      319.00
11.6000      288.00
11.6200      304.00
11.6400      298.00
11.6600      338.00
11.6800      294.00
11.7000      302.00
11.7200      299.00
11.7400      329.00
11.7600      354.00
11.7800      344.00
11.8000      345.00
11.8200      372.00
11.8400      403.00
11.8600      382.00
11.8800      416.00
11.9000      398.00
11.9200      469.00
11.9400      468.00
11.9600      556.00
11.9800      599.00
12.0000      668.00
12.0200      649.00
12.0400      725.00
12.0600      836.00
12.0800      860.00
12.1000      996.00
12.1200      983.00
12.1400     1024.00
12.1600     1066.00
12.1800     1092.00
12.2000      979.00
12.2200      963.00
12.2400      936.00
12.2600      895.00
12.2800      758.00
12.3000      700.00
12.3200      652.00
12.3400      579.00
12.3600      604.00
12.3800      597.00
12.4000      625.00
12.4200      650.00
12.4400      712.00
12.4600      784.00
12.4800      825.00
12.5000      905.00
12.5200      961.00
12.5400      995.00
12.5600     1068.00
12.5800     1063.00
12.6000     1101.00
12.6200     1071.00
12.6400      965.00
12.6600      812.00
12.6800      656.00
12.7000      575.00
12.7200      471.00
12.7400      404.00
12.7600      380.00
12.7800      335.00
12.8000      315.00
12.8200      313.00
12.8400      314.00
12.8600      314.00
12.8800      332.00
12.9000      315.00
12.9200      301.00
12.9400      286.00
12.9600      329.00
12.9800      297.00
13.0000      322.00
13.0200      315.00
13.0400      312.00
13.0600      294.00
13.0800      313.00
13.1000      327.00
13.1200      284.00
13.1400      290.00
13.1600      331.00
13.1800      295.00
13.2000      317.00
13.2200      329.00
13.2400      280.00
13.2600      294.00
13.2800      302.00
13.3000      296.00
13.3200      264.00
13.3400      299.00
13.3600      289.00
13.3800      280.00
13.4000      305.00
13.4200      327.00
13.4400      294.00
13.4600      279.00
13.4800      276.00
13.5000      298.00
13.5200      276.00
13.5400      268.00
13.5600      317.00
13.5800      315.00
13.6000      301.00
13.6200      279.00
13.6400      293.00
13.6600      296.00
13.6800      275.00
13.7000      314.00
13.7200      294.00
13.7400      295.00
13.7600      308.00
13.7800      324.00
13.8000      298.00
13.8200      355.00
13.8400      365.00
13.8600      360.00
13.8800      359.00
13.9000      402.00
13.9200      426.00
13.9400      433.00
13.9600      416.00
13.9800      452.00
14.0000      477.00
14.0200      525.00
14.0400      605.00
14.0600      651.00
14.0800      690.00
14.1000      813.00
14.1200      898.00
14.1400     1001.00
14.1600     1036.00
14.1800     1152.00
14.2000     1304.00
14.2200     1375.00
14.2400     1419.00
14.2600     1453.00
14.2800     1590.00
14.3000     1397.00
14.3200     1321.00
14.3400     1249.00
14.3600     1064.00
14.3800     1020.00
14.4000      901.00
14.4200      844.00
14.4400      744.00
14.4600      761.00
14.4800      664.00
14.5000      632.00
14.5200      588.00
14.5400      493.00
14.5600      499.00
14.5800      440.00
14.6000      365.00
14.6200      392.00
14.6400      349.00
14.6600      341.00
14.6800      335.00
14.7000      335.00
14.7200      296.00
14.7400      342.00
14.7600      297.00
14.7800      288.00
14.8000      296.00
14.8200      315.00
14.8400      346.00
14.8600      338.00
14.8800      330.00
14.9000      327.00
14.9200      308.00
14.9400      304.00
14.9600      319.00
14.9800      330.00
15.0000      305.00
15.0200      321.00
15.0400      313.00
15.0600      307.00
15.0800      321.00
15.1000      338.00
15.1200      303.00
15.1400      320.00
15.1600      279.00
15.1800      275.00
15.2000      284.00
15.2200      292.00
15.2400      303.00
15.2600      310.00
15.2800      285.00
15.3000      288.00
15.3200      318.00
15.3400      302.00
15.3600      275.00
15.3800      302.00
15.4000      297.00
15.4200      298.00
15.4400      336.00
15.4600      309.00
15.4800      335.00
15.5000      308.00
15.5200      313.00
15.5400      310.00
15.5600      336.00
15.5800      333.00
15.6000      337.00
15.6200      364.00
15.6400      338.00
15.6600      361.00
15.6800      336.00
15.7000      351.00
15.7200      411.00
15.7400      392.00
15.7600      395.00
15.7800      428.00
15.8000      460.00
15.8200      468.00
15.8400      520.00
15.8600      521.00
15.8800      560.00
15.9000      597.00
15.9200      654.00
15.9400      627.00
15.9600      674.00
15.9800      673.00
16.0000      710.00
16.0200      685.00
16.0400      676.00
16.0600      714.00
16.0800      712.00
16.1000      657.00
16.1200      635.00
16.1400      714.00
16.1600      698.00
16.1800      719.00
16.2000      764.00
16.2200      792.00
16.2400      785.00
16.2600      817.00
16.2800      777.00
16.3000      726.00
16.3200      760.00
16.3400      700.00
16.3600      695.00
16.3800      729.00
16.4000      707.00
16.4200      752.00
16.4400      846.00
16.4600      891.00
16.4800      972.00
16.5000      946.00
16.5200     1034.00
16.5400     1073.00
16.5600     1013.00
16.5800      913.00
16.6000      878.00
16.6200      793.00
16.6400      762.00
16.6600      628.00
16.6800      502.00
16.7000      504.00
16.7200      433.00
16.7400      421.00
16.7600      429.00
16.7800      437.00
16.8000      430.00
16.8200      420.00
16.8400      458.00
16.8600      499.00
16.8800      521.00
16.9000      535.00
16.9200      567.00
16.9400      647.00
16.9600      716.00
16.9800      746.00
17.0000      765.00
17.0200      898.00
17.0400      933.00
17.0600     1017.00
17.0800     1018.00
17.1000     1163.00
17.1200     1128.00
17.1400     1127.00
17.1600     1052.00
17.1800     1029.00
17.2000     1032.00
17.2200      929.00
17.2400      928.00
17.2600      802.00
17.2800      882.00
17.3000      888.00
17.3200      957.00
17.3400     1073.00
17.3600     1146.00
17.3800     1300.00
17.4000     1568.00
17.4200     1715.00
17.4400     1936.00
17.4600     2191.00
17.4800     2380.00
17.5000     2707.00
17.5200     2836.00
17.5400     3068.00
17.5600     3057.00
17.5800     3227.00
17.6000     3245.00
17.6200     3159.00
17.6400     3148.00
17.6600     2968.00
17.6800     2764.00
17.7000     2567.00
17.7200     2217.00
17.7400     1836.00
17.7600     1549.00
17.7800     1171.00
17.8000      976.00
17.8200      851.00
17.8400      769.00
17.8600      693.00
17.8800      644.00
17.9000      620.00
17.9200      581.00
17.9400      592.00
17.9600      630.00
17.9800      579.00
18.0000      525.00
18.0200      536.00
18.0400      499.00
18.0600      512.00
18.0800      461.00
18.1000      425.00
18.1200      463.00
18.1400      491.00
18.1600      462.00
18.1800      508.00
18.2000      489.00
18.2200      506.00
18.2400      558.00
18.2600      641.00
18.2800      678.00
18.3000      736.00
18.3200      847.00
18.3400      902.00
18.3600      986.00
18.3800     1086.00
18.4000     1231.00
18.4200     1274.00
18.4400     1270.00
18.4600     1303.00
18.4800     1330.00
18.5000     1277.00
18.5200     1167.00
18.5400     1060.00
18.5600      930.00
18.5800      862.00
18.6000      737.00
18.6200      688.00
18.6400      553.00
18.6600      596.00
18.6800      534.00
18.7000      536.00
18.7200      545.00
18.7400      532.00
18.7600      582.00
18.7800      567.00
18.8000      578.00
18.8200      583.00
18.8400      605.00
18.8600      614.00
18.8800      573.00
18.9000      569.00
18.9200      614.00
18.9400      557.00
18.9600      525.00
18.9800      514.00
19.0000      473.00
19.0200      499.00
19.0400      501.00
19.0600      498.00
19.0800      536.00
19.1000      532.00
19.1200      524.00
19.1400      560.00
19.1600      570.00
19.1800      573.00
19.2000      624.00
19.2200      590.00
19.2400      595.00
19.2600      563.00
19.2800      608.00
19.3000      572.00
19.3200      560.00
19.3400      560.00
19.3600      596.00
19.3800      633.00
19.4000      624.00
19.4200      659.00
19.4400      767.00
19.4600      827.00
19.4800      902.00
19.5000     1037.00
19.5200     1232.00
19.5400     1385.00
19.5600     1501.00
19.5800     1836.00
19.6000     1999.00
19.6200     2231.00
19.6400     2362.00
19.6600     2529.00
19.6800     2653.00
19.7000     2601.00
19.7200     2620.00
19.7400     2478.00
19.7600     2277.00
19.7800     2109.00
19.8000     1878.00
19.8200     1596.00
19.8400     1394.00
19.8600     1196.00
19.8800      981.00
19.9000      874.00
19.9200      799.00
19.9400      649.00
19.9600      633.00
19.9800      549.00
20.0000      545.00
20.0200      479.00
20.0400      504.00
20.0600      490.00
20.0800      455.00
20.1000      435.00
20.1200      447.00
20.1400      411.00
20.1600      445.00
20.1800      417.00
20.2000      426.00
20.2200      411.00
20.2400      395.00
20.2600      432.00
20.2800      440.00
20.3000      447.00
20.3200      449.00
20.3400      406.00
20.3600      483.00
20.3800      490.00
20.4000      456.00
20.4200      528.00
20.4400      527.00
20.4600      562.00
20.4800      582.00
20.5000      670.00
20.5200      701.00
20.5400      849.00
20.5600      849.00
20.5800     1043.00
20.6000     1221.00
20.6200     1281.00
20.6400     1371.00
20.6600     1435.00
20.6800     1707.00
20.7000     1733.00
20.7200     1840.00
20.7400     1869.00
20.7600     1996.00
20.7800     2142.00
20.8000     2075.00
20.8200     2108.00
20.8400     2172.00
20.8600     2240.00
20.8800     2381.00
20.9000     2578.00
20.9200     2907.00
20.9400     3255.00
20.9600     3461.00
20.9800     3770.00
21.0000     3902.00
21.0200     4237.00
21.0400     4356.00
21.0600     4429.00
21.0800     4458.00
21.1000     4477.00
21.1200     4298.00
21.1400     3932.00
21.1600     3466.00
21.1800     2980.00
21.2000     2584.00
21.2200     1963.00
21.2400     1643.00
21.2600     1191.00
21.2800      941.00
21.3000      736.00
21.3200      608.00
21.3400      627.00
21.3600      535.00
21.3800      468.00
21.4000      497.00
21.4200      439.00
21.4400      455.00
21.4600      443.00
21.4800      396.00
21.5000      422.00
21.5200      420.00
21.5400      392.00
21.5600      405.00
21.5800      403.00
21.6000      432.00
21.6200      368.00
21.6400      388.00
21.6600      393.00
21.6800      402.00
21.7000      380.00
21.7200      351.00
21.7400      384.00
21.7600      372.00
21.7800      409.00
21.8000      373.00
21.8200      417.00
21.8400      401.00
21.8600      409.00
21.8800      361.00
21.9000      393.00
21.9200      424.00
21.9400      387.00
21.9600      443.00
21.9800      438.00
22.0000      501.00
22.0200      452.00
22.0400      482.00
22.0600      514.00
22.0800      492.00
22.1000      579.00
22.1200      587.00
22.1400      596.00
22.1600      675.00
22.1800      745.00
22.2000      755.00
22.2200      788.00
22.2400      849.00
22.2600      913.00
22.2800      983.00
22.3000      980.00
22.3200     1094.00
22.3400     1092.00
22.3600     1120.00
22.3800     1155.00
22.4000     1220.00
22.4200     1190.00
22.4400     1196.00
22.4600     1259.00
22.4800     1299.00
22.5000     1357.00
22.5200     1492.00
22.5400     1656.00
22.5600     1771.00
22.5800     1907.00
22.6000     2076.00
22.6200     2112.00
22.6400     2138.00
22.6600     2172.00
22.6800     2096.00
22.7000     2013.00
22.7200     1816.00
22.7400     1608.00
22.7600     1477.00
22.7800     1283.00
22.8000     1123.00
22.8200     1048.00
22.8400      998.00
22.8600      958.00
22.8800      952.00
22.9000      972.00
22.9200     1039.00
22.9400     1062.00
22.9600     1130.00
22.9800     1221.00
23.0000     1270.00
23.0200     1309.00
23.0400     1391.00
23.0600     1341.00
23.0800     1372.00
23.1000     1341.00
23.1200     1425.00
23.1400     1499.00
23.1600     1420.00
23.1800     1312.00
23.2000     1339.00
23.2200     1295.00
23.2400     1264.00
23.2600     1118.00
23.2800     1158.00
23.3000     1090.00
23.3200     1039.00
23.3400     1121.00
23.3600     1067.00
23.3800     1151.00
23.4000     1172.00
23.4200     1209.00
23.4400     1194.00
23.4600     1176.00
23.4800     1096.00
23.5000     1060.00
23.5200      957.00
23.5400      870.00
23.5600      792.00
23.5800      763.00
23.6000      626.00
23.6200      606.00
23.6400      483.00
23.6600      491.00
23.6800      455.00
23.7000      477.00
23.7200      469.00
23.7400      491.00
23.7600      496.00
23.7800      522.00
23.8000      519.00
23.8200      577.00
23.8400      615.00
23.8600      612.00
23.8800      634.00
23.9000      743.00
23.9200      761.00
23.9400      879.00
23.9600      978.00
23.9800     1056.00
24.0000     1133.00
24.0200     1318.00
24.0400     1386.00
24.0600     1398.00
24.0800     1614.00
24.1000     1611.00
24.1200     1642.00
24.1400     1765.00
24.1600     1652.00
24.1800     1652.00
24.2000     1598.00
24.2200     1549.00
24.2400     1516.00
24.2600     1492.00
24.2800     1561.00
24.3000     1564.00
24.3200     1658.00
24.3400     1818.00
24.3600     1929.00
24.3800     2017.00
24.4000     1958.00
24.4200     1961.00
24.4400     1984.00
24.4600     1871.00
24.4800     1795.00
24.5000     1601.00
24.5200     1359.00
24.5400     1208.00
24.5600     1072.00
24.5800      884.00
24.6000      755.00
24.6200      652.00
24.6400      609.00
24.6600      566.00
24.6800      549.00
24.7000      592.00
24.7200      619.00
24.7400      632.00
24.7600      678.00
24.7800      726.00
24.8000      787.00
24.8200      841.00
24.8400      977.00
24.8600     1041.00
24.8800     1137.00
24.9000     1271.00
24.9200     1279.00
24.9400     1389.00
24.9600     1387.00
24.9800     1344.00
25.0000     1362.00
25.0200     1280.00
25.0400     1188.00
25.0600     1031.00
25.0800      981.00
25.1000      790.00
25.1200      672.00
25.1400      629.00
25.1600      504.00
25.1800      513.00
25.2000      424.00
25.2200      422.00
25.2400      406.00
25.2600      405.00
25.2800      396.00
25.3000      407.00
25.3200      384.00
25.3400      404.00
25.3600      351.00
25.3800      353.00
25.4000      390.00
25.4200      346.00
25.4400      324.00
25.4600      345.00
25.4800      328.00
25.5000      305.00
25.5200      335.00
25.5400      342.00
25.5600      352.00
25.5800      380.00
25.6000      371.00
25.6200      366.00
25.6400      380.00
25.6600      345.00
25.6800      344.00
25.7000      329.00
25.7200      384.00
25.7400      334.00
25.7600      371.00
25.7800      378.00
25.8000      396.00
25.8200      419.00
25.8400      428.00
25.8600      423.00
25.8800      434.00
25.9000      518.00
25.9200      515.00
25.9400      514.00
25.9600      596.00
25.9800      633.00
26.0000      676.00
26.0200      689.00
26.0400      773.00
26.0600      783.00
26.0800      797.00
26.1000      852.00
26.1200      869.00
26.1400      894.00
26.1600      954.00
26.1800      967.00
26.2000      946.00
26.2200      989.00
26.2400      976.00
26.2600     1031.00
26.2800      941.00
26.3000      942.00
26.3200      917.00
26.3400      875.00
26.3600      885.00
26.3800      889.00
26.4000      844.00
26.4200      810.00
26.4400      777.00
26.4600      835.00
26.4800      873.00
26.5000      795.00
26.5200      763.00
26.5400      756.00
26.5600      718.00
26.5800      732.00
26.6000      679.00
26.6200      621.00
26.6400      574.00
26.6600      537.00
26.6800      467.00
26.7000      452.00
26.7200      422.00
26.7400      382.00
26.7600      398.00
26.7800      398.00
26.8000      348.00
26.8200      344.00
26.8400      366.00
26.8600      393.00
26.8800      369.00
26.9000      413.00
26.9200      421.00
26.9400      455.00
26.9600      447.00
26.9800      421.00
27.0000      424.00
27.0200      454.00
27.0400      415.00
27.0600      405.00
27.0800      450.00
27.1000      446.00
27.1200      455.00
27.1400      462.00
27.1600      482.00
27.1800      482.00
27.2000      491.00
27.2200      505.00
27.2400      574.00
27.2600      569.00
27.2800      618.00
27.3000      642.00
27.3200      594.00
27.3400      679.00
27.3600      719.00
27.3800      686.00
27.4000      695.00
27.4200      658.00
27.4400      672.00
27.4600      700.00
27.4800      675.00
27.5000      723.00
27.5200      778.00
27.5400      911.00
27.5600      939.00
27.5800     1002.00
27.6000     1111.00
27.6200     1175.00
27.6400     1217.00
27.6600     1273.00
27.6800     1329.00
27.7000     1383.00
27.7200     1403.00
27.7400     1378.00
27.7600     1325.00
27.7800     1270.00
27.8000     1214.00
27.8200     1132.00
27.8400     1047.00
27.8600      949.00
27.8800      789.00
27.9000      706.00
27.9200      677.00
27.9400      641.00
27.9600      613.00
27.9800      544.00
28.0000      564.00
28.0200      499.00
28.0400      538.00
28.0600      522.00
28.0800      554.00
28.1000      443.00
28.1200      482.00
28.1400      510.00
28.1600      462.00
28.1800      517.00
28.2000      490.00
28.2200      553.00
28.2400      577.00
28.2600      609.00
28.2800      674.00
28.3000      735.00
28.3200      796.00
28.3400      957.00
28.3600     1024.00
28.3800     1202.00
28.4000     1373.00
28.4200     1541.00
28.4400     1635.00
28.4600     1761.00
28.4800     1849.00
28.5000     1943.00
28.5200     2041.00
28.5400     1934.00
28.5600     1938.00
28.5800     1804.00
28.6000     1760.00
28.6200     1652.00
28.6400     1558.00
28.6600     1412.00
28.6800     1226.00
28.7000     1196.00
28.7200     1165.00
28.7400     1071.00
28.7600      985.00
28.7800      902.00
28.8000      870.00
28.8200      867.00
28.8400      852.00
28.8600      787.00
28.8800      741.00
28.9000      688.00
28.9200      673.00
28.9400      669.00
28.9600      646.00
28.9800      633.00
29.0000      618.00
29.0200      716.00
29.0400      745.00
29.0600      729.00
29.0800      723.00
29.1000      767.00
29.1200      814.00
29.1400      800.00
29.1600      822.00
29.1800      859.00
29.2000      847.00
29.2200      843.00
29.2400      823.00
29.2600      903.00
29.2800      873.00
29.3000      925.00
29.3200      886.00
29.3400      860.00
29.3600      897.00
29.3800      834.00
29.4000      908.00
29.4200      867.00
29.4400      988.00
29.4600      986.00
29.4800      955.00
29.5000      966.00
29.5200      925.00
29.5400      912.00
29.5600      889.00
29.5800      841.00
29.6000      740.00
29.6200      642.00
29.6400      598.00
29.6600      529.00
29.6800      494.00
29.7000      460.00
29.7200      378.00
29.7400      370.00
29.7600      371.00
29.7800      368.00
29.8000      333.00
29.8200      343.00
29.8400      323.00
29.8600      362.00
29.8800      381.00
29.9000      401.00
29.9200      393.00
29.9400      389.00
29.9600      419.00
29.9800      444.00
30.0000      498.00
30.0200      492.00
30.0400      522.00
30.0600      524.00
30.0800      575.00
30.1000      645.00
30.1200      655.00
30.1400      647.00
30.1600      713.00
30.1800      651.00
30.2000      699.00
30.2200      687.00
30.2400      662.00
30.2600      667.00
30.2800      648.00
30.3000      603.00
30.3200      560.00
30.3400      558.00
30.3600      556.00
30.3800      526.00
30.4000      516.00
30.4200      492.00
30.4400      434.00
30.4600      422.00
30.4800      419.00
30.5000      399.00
30.5200      415.00
30.5400      389.00
30.5600      392.00
30.5800      390.00
30.6000      432.00
30.6200      398.00
30.6400      414.00
30.6600      441.00
30.6800      466.00
30.7000      479.00
30.7200      470.00
30.7400      474.00
30.7600      440.00
30.7800      412.00
30.8000      408.00
30.8200      405.00
30.8400      407.00
30.8600      427.00
30.8800      377.00
30.9000      402.00
30.9200      369.00
30.9400      356.00
30.9600      381.00
30.9800      384.00
31.0000      387.00
31.0200      397.00
31.0400      392.00
31.0600      386.00
31.0800      343.00
31.1000      371.00
31.1200      340.00
31.1400      335.00
31.1600      325.00
31.1800      304.00
31.2000      340.00
31.2200      306.00
31.2400      295.00
31.2600      299.00
31.2800      295.00
31.3000      272.00
31.3200      304.00
31.3400      310.00
31.3600      289.00
31.3800      319.00
31.4000      325.00
31.4200      322.00
31.4400      341.00
31.4600      313.00
31.4800      378.00
31.5000      353.00
31.5200      382.00
31.5400      388.00
31.5600      372.00
31.5800      407.00
31.6000      385.00
31.6200      409.00
31.6400      432.00
31.6600      411.00
31.6800      397.00
31.7000      378.00
31.7200      371.00
31.7400      342.00
31.7600      333.00
31.7800      329.00
31.8000      319.00
31.8200      361.00
31.8400      358.00
31.8600      349.00
31.8800      357.00
31.9000      416.00
31.9200      407.00
31.9400      434.00
31.9600      455.00
31.9800      491.00
32.0000      519.00
32.0200      456.00
32.0400      497.00
32.0600      510.00
32.0800      506.00
32.1000      525.00
32.1200      581.00
32.1400      579.00
32.1600      539.00
32.1800      534.00
32.2000      553.00
32.2200      563.00
32.2400      563.00
32.2600      548.00
32.2800      557.00
32.3000      580.00
32.3200      567.00
32.3400      546.00
32.3600      534.00
32.3800      537.00
32.4000      540.00
32.4200      548.00
32.4400      604.00
32.4600      616.00
32.4800      585.00
32.5000      634.00
32.5200      681.00
32.5400      734.00
32.5600      705.00
32.5800      773.00
32.6000      741.00
32.6200      689.00
32.6400      706.00
32.6600      699.00
32.6800      668.00
32.7000      710.00
32.7200      655.00
32.7400      600.00
32.7600      611.00
32.7800      586.00
32.8000      513.00
32.8200      513.00
32.8400      542.00
32.8600      489.00
32.8800      486.00
32.9000      466.00
32.9200      449.00
32.9400      481.00
32.9600      452.00
32.9800      437.00
33.0000      427.00
33.0200      460.00
33.0400      435.00
33.0600      461.00
33.0800      510.00
33.1000      462.00
33.1200      523.00
33.1400      496.00
33.1600      551.00
33.1800      535.00
33.2000      573.00
33.2200      579.00
33.2400      606.00
33.2600      629.00
33.2800      663.00
33.3000      667.00
33.3200      709.00
33.3400      682.00
33.3600      654.00
33.3800      658.00
33.4000      657.00
33.4200      615.00
33.4400      634.00
33.4600      597.00
33.4800      579.00
33.5000      546.00
33.5200      525.00
33.5400      535.00
33.5600      491.00
33.5800      463.00
33.6000      463.00
33.6200      425.00
33.6400      451.00
33.6600      398.00
33.6800      382.00
33.7000      342.00
33.7200      360.00
33.7400      308.00
33.7600      299.00
33.7800      306.00
33.8000      297.00
33.8200      320.00
33.8400      351.00
33.8600      323.00
33.8800      341.00
33.9000      328.00
33.9200      322.00
33.9400      331.00
33.9600      354.00
33.9800      358.00
34.0000      308.00
34.0200      342.00
34.0400      419.00
34.0600      385.00
34.0800      489.00
34.1000      492.00
34.1200      545.00
34.1400      574.00
34.1600      611.00
34.1800      658.00
34.2000      645.00
34.2200      660.00
34.2400      703.00
34.2600      673.00
34.2800      647.00
34.3000      593.00
34.3200      560.00
34.3400      520.00
34.3600      473.00
34.3800      414.00
34.4000      444.00
34.4200      382.00
34.4400      362.00
34.4600      338.00
34.4800      341.00
34.5000      345.00
34.5200      316.00
34.5400      323.00
34.5600      314.00
34.5800      306.00
34.6000      298.00
34.6200      300.00
34.6400      310.00
34.6600      303.00
34.6800      289.00
34.7000      310.00
34.7200      282.00
34.7400      332.00
34.7600      314.00
34.7800      328.00
34.8000      342.00
34.8200      343.00
34.8400      363.00
34.8600      345.00
34.8800      374.00
34.9000      362.00
34.9200      368.00
34.9400      351.00
34.9600      364.00
34.9800      371.00
35.0000      368.00
