 3.0000      295.00
 3.0200      277.00
 3.0400      253.00
 3.0600      272.00
 3.0800      242.00
 3.1000      243.00
 3.1200      286.00
 3.1400      243.00
 3.1600      248.00
 3.1800      264.00
 3.2000      251.00
 3.2200      261.00
 3.2400      277.00
 3.2600      261.00
 3.2800      238.00
 3.3000      241.00
 3.3200      244.00
 3.3400      238.00
 3.3600      235.00
 3.3800      234.00
 3.4000      222.00
 3.4200      226.00
 3.4400      235.00
 3.4600      216.00
 3.4800      237.00
 3.5000      208.00
 3.5200      229.00
 3.5400      224.00
 3.5600      197.00
 3.5800      239.00
 3.6000      231.00
 3.6200      212.00
 3.6400      184.00
 3.6600      236.00
 3.6800      202.00
 3.7000      208.00
 3.7200      210.00
 3.7400      251.00
 3.7600      226.00
 3.7800      228.00
 3.8000      216.00
 3.8200      215.00
 3.8400      196.00
 3.8600      223.00
 3.8800      204.00
 3.9000      212.00
 3.9200      204.00
 3.9400      196.00
 3.9600      194.00
 3.9800      205.00
 4.0000      180.00
 4.0200      199.00
 4.0400      200.00
 4.0600      170.00
 4.0800      199.00
 4.1000      211.00
 4.1200      199.00
 4.1400      157.00
 4.1600      182.00
 4.1800      165.00
 4.2000      162.00
 4.2200      188.00
 4.2400      186.00
 4.2600      181.00
 4.2800      191.00
 4.3000      182.00
 4.3200      172.00
 4.3400      190.00
 4.3600      204.00
 4.3800      186.00
 4.4000      166.00
 4.4200      168.00
 4.4400      191.00
 4.4600      170.00
 4.4800      165.00
 4.5000      154.00
 4.5200      198.00
 4.5400      166.00
 4.5600      164.00
 4.5800      170.00
 4.6000      151.00
 4.6200      156.00
 4.6400      162.00
 4.6600      155.00
 4.6800      142.00
 4.7000      161.00
 4.7200      181.00
 4.7400      147.00
 4.7600      153.00
 4.7800      134.00
 4.8000      137.00
 4.8200      150.00
 4.8400      171.00
 4.8600      136.00
 4.8800      170.00
 4.9000      154.00
 4.9200      166.00
 4.9400      150.00
 4.9600      159.00
 4.9800      153.00
 5.0000      165.00
 5.0200      159.00
 5.0400      145.00
 5.0600      152.00
 5.0800      136.00
 5.1000      164.00
 5.1200      161.00
 5.1400      163.00
 5.1600      149.00
 5.1800      148.00
 5.2000      171.00
 5.2200      167.00
 5.2400      173.00
 5.2600      189.00
 5.2800      162.00
 5.3000      181.00
 5.3200      157.00
 5.3400      143.00
 5.3600      126.00
 5.3800      165.00
 5.4000      123.00
 5.4200      152.00
 5.4400      164.00
 5.4600      126.00
 5.4800      136.00
 5.5000      149.00
 5.5200      153.00
 5.5400      169.00
 5.5600      151.00
 5.5800      146.00
 5.6000      161.00
 5.6200      153.00
 5.6400      172.00
 5.6600      149.00
 5.6800      164.00
 5.7000      143.00
 5.7200      150.00
 5.7400      154.00
 5.7600      149.00
 5.7800      167.00
 5.8000      154.00
 5.8200      137.00
 5.8400      144.00
 5.8600      141.00
 5.8800      150.00
 5.9000      157.00
 5.9200      168.00
 5.9400      157.00
 5.9600      139.00
 5.9800      178.00
 6.0000      139.00
 6.0200      149.00
 6.0400      171.00
 6.0600      148.00
 6.0800      140.00
 6.1000      166.00
 6.1200      145.00
 6.1400      168.00
 6.1600      148.00
 6.1800      156.00
 6.2000      153.00
 6.2200      156.00
 6.2400      180.00
 6.2600      160.00
 6.2800      158.00
 6.3000      166.00
 6.3200      164.00
 6.3400      159.00
 6.3600      151.00
 6.3800      151.00
 6.4000      129.00
 6.4200      150.00
 6.4400      170.00
 6.4600      155.00
 6.4800      143.00
 6.5000      149.00
 6.5200      161.00
 6.5400      167.00
 6.5600      161.00
 6.5800      164.00
 6.6000      172.00
 6.6200      173.00
 6.6400      152.00
 6.6600      177.00
 6.6800      140.00
 6.7000      150.00
 6.7200      171.00
 6.7400      174.00
 6.7600      162.00
 6.7800      177.00
 6.8000      172.00
 6.8200      154.00
 6.8400      168.00
 6.8600      177.00
 6.8800      194.00
 6.9000      169.00
 6.9200      162.00
 6.9400      188.00
 6.9600      162.00
 6.9800      171.00
 7.0000      169.00
 7.0200      156.00
 7.0400      147.00
 7.0600      144.00
 7.0800      136.00
 7.1000      156.00
 7.1200      159.00
 7.1400      150.00
 7.1600      153.00
 7.1800      157.00
 7.2000      163.00
 7.2200      167.00
 7.2400      156.00
 7.2600      161.00
 7.2800      134.00
 7.3000      143.00
 7.3200      142.00
 7.3400      152.00
 7.3600      147.00
 7.3800      134.00
 7.4000      145.00
 7.4200      163.00
 7.4400      141.00
 7.4600      156.00
 7.4800      141.00
 7.5000      149.00
 7.5200      155.00
 7.5400      141.00
 7.5600      156.00
 7.5800      154.00
 7.6000      146.00
 7.6200      143.00
 7.6400      163.00
 7.6600      175.00
 7.6800      142.00
 7.7000      137.00
 7.7200      162.00
 7.7400      159.00
 7.7600      154.00
 7.7800      146.00
 7.8000      149.00
 7.8200      182.00
 7.8400      174.00
 7.8600      151.00
 7.8800      149.00
 7.9000      141.00
 7.9200      148.00
 7.9400      165.00
 7.9600      167.00
 7.9800      155.00
 8.0000      178.00
 8.0200      143.00
 8.0400      156.00
 8.0600      154.00
 8.0800      134.00
 8.1000      155.00
 8.1200      139.00
 8.1400      154.00
 8.1600      150.00
 8.1800      171.00
 8.2000      166.00
 8.2200      167.00
 8.2400      156.00
 8.2600      129.00
 8.2800      156.00
 8.3000      155.00
 8.3200      185.00
 8.3400      146.00
 8.3600      177.00
 8.3800      158.00
 8.4000      153.00
 8.4200      156.00
 8.4400      162.00
 8.4600      143.00
 8.4800      169.00
 8.5000      171.00
 8.5200      151.00
 8.5400      187.00
 8.5600      166.00
 8.5800      171.00
 8.6000      178.00
 8.6200      190.00
 8.6400      181.00
 8.6600      166.00
 8.6800      174.00
 8.7000      186.00
 8.7200      189.00
 8.7400      180.00
 8.7600      222.00
 8.7800      208.00
 8.8000      206.00
 8.8200      206.00
 8.8400      193.00
 8.8600      161.00
 8.8800      178.00
 8.9000      197.00
 8.9200      185.00
 8.9400      182.00
 8.9600      156.00
 8.9800      171.00
 9.0000      147.00
 9.0200      165.00
 9.0400      145.00
 9.0600      157.00
 9.0800      169.00
 9.1000      155.00
 9.1200      169.00
 9.1400      167.00
 9.1600      133.00
 9.1800      167.00
 9.2000      151.00
 9.2200      168.00
 9.2400      123.00
 9.2600      167.00
 9.2800      152.00
 9.3000      180.00
 9.3200      163.00
 9.3400      137.00
 9.3600      164.00
 9.3800      164.00
 9.4000      164.00
 9.4200      177.00
 9.4400      170.00
 9.4600      168.00
 9.4800      180.00
 9.5000      177.00
 9.5200      151.00
 9.5400      137.00
 9.5600      160.00
 9.5800      181.00
 9.6000      173.00
 9.6200      146.00
 9.6400      155.00
 9.6600      147.00
 9.6800      163.00
 9.7000      166.00
 9.7200      160.00
 9.7400      191.00
 9.7600      170.00
 9.7800      151.00
 9.8000      144.00
 9.8200      145.00
 9.8400      186.00
 9.8600      183.00
 9.8800      184.00
 9.9000      170.00
 9.9200      181.00
 9.9400      203.00
 9.9600      184.00
 9.9800      205.00
10.0000      208.00
10.0200      185.00
10.0400      177.00
10.0600      191.00
10.0800      186.00
10.1000      183.00
10.1200      197.00
10.1400      174.00
10.1600      186.00
10.1800      166.00
10.2000      173.00
10.2200      183.00
10.2400      171.00
10.2600      181.00
10.2800      175.00
10.3000      178.00
10.3200      165.00
10.3400      162.00
10.3600      187.00
10.3800      193.00
10.4000      172.00
10.4200      180.00
10.4400      170.00
10.4600      182.00
10.4800      181.00
10.5000      155.00
10.5200      179.00
10.5400      164.00
10.5600      181.00
10.5800      184.00
10.6000      179.00
10.6200      190.00
10.6400      201.00
10.6600      187.00
10.6800      219.00
10.7000      183.00
10.7200      190.00
10.7400      203.00
10.7600      213.00
10.7800      195.00
10.8000      235.00
10.8200      221.00
10.8400      249.00
10.8600      249.00
10.8800      287.00
10.9000      304.00
10.9200      354.00
10.9400      423.00
10.9600      407.00
10.9800      429.00
11.0000      479.00
11.0200      478.00
11.0400      536.00
11.0600      524.00
11.0800      548.00
11.1000      550.00
11.1200      541.00
11.1400      527.00
11.1600      454.00
11.1800      471.00
11.2000      518.00
11.2200      502.00
11.2400      490.00
11.2600      536.00
11.2800      502.00
11.3000      451.00
11.3200      507.00
11.3400      471.00
11.3600      431.00
11.3800      374.00
11.4000      311.00
11.4200      292.00
11.4400      218.00
11.4600      235.00
11.4800      212.00
11.5000      183.00
11.5200      181.00
11.5400      194.00
11.5600      196.00
11.5800      209.00
11.6000      185.00
11.6200      186.00
11.6400      197.00
11.6600      187.00
11.6800      194.00
11.7000      230.00
11.7200      212.00
11.7400      217.00
11.7600      212.00
11.7800      242.00
11.8000      225.00
11.8200      242.00
11.8400      234.00
11.8600      254.00
11.8800      250.00
11.9000      288.00
11.9200      335.00
11.9400      314.00
11.9600      358.00
11.9800      377.00
12.0000      447.00
12.0200      456.00
12.0400      492.00
12.0600      526.00
12.0800      578.00
12.1000      571.00
12.1200      575.00
12.1400      606.00
12.1600      575.00
12.1800      600.00
12.2000      558.00
12.2200      552.00
12.2400      465.00
12.2600      461.00
12.2800      411.00
12.3000      378.00
12.3200      387.00
12.3400      393.00
12.3600      398.00
12.3800      436.00
12.4000      432.00
12.4200      487.00
12.4400      592.00
12.4600      592.00
12.4800      701.00
12.5000      657.00
12.5200      746.00
12.5400      734.00
12.5600      684.00
12.5800      641.00
12.6000      602.00
12.6200      533.00
12.6400      485.00
12.6600      421.00
12.6800      329.00
12.7000      255.00
12.7200      258.00
12.7400      249.00
12.7600      213.00
12.7800      204.00
12.8000      256.00
12.8200      201.00
12.8400      207.00
12.8600      191.00
12.8800      198.00
12.9000      196.00
12.9200      184.00
12.9400      154.00
12.9600      179.00
12.9800      199.00
13.0000      211.00
13.0200      176.00
13.0400      195.00
13.0600      203.00
13.0800      223.00
13.1000      208.00
13.1200      207.00
13.1400      190.00
13.1600      191.00
13.1800      188.00
13.2000      189.00
13.2200      171.00
13.2400      190.00
13.2600      190.00
13.2800      182.00
13.3000      199.00
13.3200      186.00
13.3400      202.00
13.3600      188.00
13.3800      183.00
13.4000      194.00
13.4200      196.00
13.4400      160.00
13.4600      165.00
13.4800      193.00
13.5000      179.00
13.5200      179.00
13.5400      176.00
13.5600      205.00
13.5800      218.00
13.6000      180.00
13.6200      218.00
13.6400      161.00
13.6600      176.00
13.6800      183.00
13.7000      195.00
13.7200      189.00
13.7400      215.00
13.7600      194.00
13.7800      218.00
13.8000      224.00
13.8200      208.00
13.8400      215.00
13.8600      242.00
13.8800      231.00
13.9000      239.00
13.9200      238.00
13.9400      260.00
13.9600      305.00
13.9800      294.00
14.0000      317.00
14.0200      334.00
14.0400      366.00
14.0600      449.00
14.0800      510.00
14.1000      572.00
14.1200      590.00
14.1400      669.00
14.1600      713.00
14.1800      754.00
14.2000      814.00
14.2200      834.00
14.2400      825.00
14.2600      777.00
14.2800      761.00
14.3000      738.00
14.3200      645.00
14.3400      612.00
14.3600      583.00
14.3800      488.00
14.4000      475.00
14.4200      435.00
14.4400      397.00
14.4600      340.00
14.4800      351.00
14.5000      303.00
14.5200      294.00
14.5400      261.00
14.5600      217.00
14.5800      217.00
14.6000      187.00
14.6200      192.00
14.6400      232.00
14.6600      201.00
14.6800      209.00
14.7000      192.00
14.7200      201.00
14.7400      180.00
14.7600      175.00
14.7800      177.00
14.8000      187.00
14.8200      183.00
14.8400      201.00
14.8600      187.00
14.8800      202.00
14.9000      201.00
14.9200      200.00
14.9400      212.00
14.9600      198.00
14.9800      195.00
15.0000      180.00
15.0200      193.00
15.0400      192.00
15.0600      198.00
15.0800      197.00
15.1000      227.00
15.1200      188.00
15.1400      207.00
15.1600      210.00
15.1800      175.00
15.2000      177.00
15.2200      189.00
15.2400      191.00
15.2600      177.00
15.2800      171.00
15.3000      184.00
15.3200      186.00
15.3400      176.00
15.3600      196.00
15.3800      191.00
15.4000      212.00
15.4200      193.00
15.4400      197.00
15.4600      196.00
15.4800      191.00
15.5000      197.00
15.5200      200.00
15.5400      196.00
15.5600      221.00
15.5800      197.00
15.6000      223.00
15.6200      230.00
15.6400      200.00
15.6600      232.00
15.6800      220.00
15.7000      240.00
15.7200      225.00
15.7400      207.00
15.7600      269.00
15.7800      240.00
15.8000      303.00
15.8200      316.00
15.8400      341.00
15.8600      378.00
15.8800      396.00
15.9000      404.00
15.9200      417.00
15.9400      420.00
15.9600      411.00
15.9800      388.00
16.0000      391.00
16.0200      350.00
16.0400      330.00
16.0600      306.00
16.0800      348.00
16.1000      312.00
16.1200      337.00
16.1400      361.00
16.1600      381.00
16.1800      380.00
16.2000      404.00
16.2200      415.00
16.2400      355.00
16.2600      373.00
16.2800      353.00
16.3000      352.00
16.3200      329.00
16.3400      323.00
16.3600      328.00
16.3800      367.00
16.4000      370.00
16.4200      392.00
16.4400      431.00
16.4600      434.00
16.4800      473.00
16.5000      487.00
16.5200      524.00
16.5400      440.00
16.5600      464.00
16.5800      427.00
16.6000      383.00
16.6200      376.00
16.6400      315.00
16.6600      280.00
16.6800      265.00
16.7000      252.00
16.7200      208.00
16.7400      240.00
16.7600      215.00
16.7800      246.00
16.8000      201.00
16.8200      228.00
16.8400      236.00
16.8600      240.00
16.8800      312.00
16.9000      299.00
16.9200      329.00
16.9400      324.00
16.9600      394.00
16.9800      400.00
17.0000      401.00
17.0200      444.00
17.0400      529.00
17.0600      492.00
17.0800      569.00
17.1000      580.00
17.1200      561.00
17.1400      560.00
17.1600      546.00
17.1800      503.00
17.2000      472.00
17.2200      524.00
17.2400      501.00
17.2600      476.00
17.2800      471.00
17.3000      539.00
17.3200      640.00
17.3400      692.00
17.3600      750.00
17.3800      927.00
17.4000     1044.00
17.4200     1182.00
17.4400     1361.00
17.4600     1485.00
17.4800     1695.00
17.5000     1882.00
17.5200     1910.00
17.5400     2032.00
17.5600     1949.00
17.5800     1905.00
17.6000     1846.00
17.6200     1683.00
17.6400     1558.00
17.6600     1309.00
17.6800     1120.00
17.7000      904.00
17.7200      731.00
17.7400      612.00
17.7600      533.00
17.7800      458.00
17.8000      403.00
17.8200      414.00
17.8400      380.00
17.8600      350.00
17.8800      357.00
17.9000      341.00
17.9200      353.00
17.9400      320.00
17.9600      311.00
17.9800      333.00
18.0000      280.00
18.0200      299.00
18.0400      269.00
18.0600      247.00
18.0800      253.00
18.1000      258.00
18.1200      276.00
18.1400      247.00
18.1600      270.00
18.1800      279.00
18.2000      303.00
18.2200      326.00
18.2400      361.00
18.2600      403.00
18.2800      410.00
18.3000      494.00
18.3200      516.00
18.3400      583.00
18.3600      641.00
18.3800      792.00
18.4000      724.00
18.4200      840.00
18.4400      814.00
18.4600      804.00
18.4800      707.00
18.5000      674.00
18.5200      585.00
18.5400      449.00
18.5600      424.00
18.5800      386.00
18.6000      319.00
18.6200      322.00
18.6400      317.00
18.6600      289.00
18.6800      292.00
18.7000      304.00
18.7200      297.00
18.7400      376.00
18.7600      308.00
18.7800      342.00
18.8000      342.00
18.8200      301.00
18.8400      320.00
18.8600      299.00
18.8800      312.00
18.9000      330.00
18.9200      303.00
18.9400      257.00
18.9600      286.00
18.9800      262.00
19.0000      267.00
19.0200      282.00
19.0400      310.00
19.0600      302.00
19.0800      303.00
19.1000      327.00
19.1200      297.00
19.1400      344.00
19.1600      355.00
19.1800      343.00
19.2000      336.00
19.2200      349.00
19.2400      312.00
19.2600      336.00
19.2800      318.00
19.3000      305.00
19.3200      305.00
19.3400      311.00
19.3600      354.00
19.3800      335.00
19.4000      380.00
19.4200      393.00
19.4400      425.00
19.4600      508.00
19.4800      583.00
19.5000      646.00
19.5200      769.00
19.5400      842.00
19.5600      963.00
19.5800     1235.00
19.6000     1259.00
19.6200     1447.00
19.6400     1540.00
19.6600     1598.00
19.6800     1572.00
19.7000     1455.00
19.7200     1411.00
19.7400     1288.00
19.7600     1141.00
19.7800      956.00
19.8000      843.00
19.8200      707.00
19.8400      582.00
19.8600      494.00
19.8800      426.00
19.9000      416.00
19.9200      345.00
19.9400      339.00
19.9600      295.00
19.9800      300.00
20.0000      317.00
20.0200      307.00
20.0400      290.00
20.0600      267.00
20.0800      252.00
20.1000      255.00
20.1200      249.00
20.1400      231.00
20.1600      251.00
20.1800      263.00
20.2000      241.00
20.2200      225.00
20.2400      239.00
20.2600      233.00
20.2800      233.00
20.3000      239.00
20.3200      262.00
20.3400      272.00
20.3600      284.00
20.3800      265.00
20.4000      232.00
20.4200      229.00
20.4400      276.00
20.4600      289.00
20.4800      280.00
20.5000      308.00
20.5200      320.00
20.5400      348.00
20.5600      386.00
20.5800      451.00
20.6000      511.00
20.6200      579.00
20.6400      665.00
20.6600      660.00
20.6800      732.00
20.7000      805.00
20.7200      794.00
20.7400      858.00
20.7600      918.00
20.7800      884.00
20.8000      976.00
20.8200      985.00
20.8400     1108.00
20.8600     1251.00
20.8800     1382.00
20.9000     1530.00
20.9200     1658.00
20.9400     1938.00
20.9600     2133.00
20.9800     2327.00
21.0000     2576.00
21.0200     2610.00
21.0400     2652.00
21.0600     2530.00
21.0800     2398.00
21.1000     2154.00
21.1200     1994.00
21.1400     1630.00
21.1600     1346.00
21.1800     1083.00
21.2000      851.00
21.2200      768.00
21.2400      569.00
21.2600      459.00
21.2800      359.00
21.3000      335.00
21.3200      311.00
21.3400      289.00
21.3600      300.00
21.3800      275.00
21.4000      245.00
21.4200      252.00
21.4400      269.00
21.4600      248.00
21.4800      236.00
21.5000      252.00
21.5200      249.00
21.5400      214.00
21.5600      220.00
21.5800      248.00
21.6000      220.00
21.6200      221.00
21.6400      248.00
21.6600      243.00
21.6800      218.00
21.7000      234.00
21.7200      206.00
21.7400      233.00
21.7600      252.00
21.7800      201.00
21.8000      226.00
21.8200      236.00
21.8400      239.00
21.8600      255.00
21.8800      231.00
21.9000      257.00
21.9200      257.00
21.9400      252.00
21.9600      266.00
21.9800      279.00
22.0000      251.00
22.0200      280.00
22.0400      280.00
22.0600      338.00
22.0800      312.00
22.1000      321.00
22.1200      349.00
22.1400      311.00
22.1600      343.00
22.1800      377.00
22.2000      354.00
22.2200      444.00
22.2400      420.00
22.2600      441.00
22.2800      416.00
22.3000      522.00
22.3200      497.00
22.3400      526.00
22.3600      458.00
22.3800      475.00
22.4000      506.00
22.4200      530.00
22.4400      522.00
22.4600      560.00
22.4800      565.00
22.5000      607.00
22.5200      660.00
22.5400      785.00
22.5600      859.00
22.5800      892.00
22.6000      959.00
22.6200      974.00
22.6400     1046.00
22.6600     1006.00
22.6800      954.00
22.7000      828.00
22.7200      776.00
22.7400      698.00
22.7600      616.00
22.7800      501.00
22.8000      484.00
22.8200      449.00
22.8400      382.00
22.8600      425.00
22.8800      455.00
22.9000      444.00
22.9200      465.00
22.9400      510.00
22.9600      552.00
22.9800      525.00
23.0000      570.00
23.0200      615.00
23.0400      635.00
23.0600      646.00
23.0800      637.00
23.1000      712.00
23.1200      662.00
23.1400      726.00
23.1600      671.00
23.1800      633.00
23.2000      691.00
23.2200      657.00
23.2400      594.00
23.2600      557.00
23.2800      560.00
23.3000      601.00
23.3200      672.00
23.3400      676.00
23.3600      657.00
23.3800      704.00
23.4000      707.00
23.4200      647.00
23.4400      624.00
23.4600      604.00
23.4800      540.00
23.5000      485.00
23.5200      468.00
23.5400      382.00
23.5600      341.00
23.5800      332.00
23.6000      283.00
23.6200      265.00
23.6400      305.00
23.6600      263.00
23.6800      272.00
23.7000      267.00
23.7200      299.00
23.7400      272.00
23.7600      299.00
23.7800      275.00
23.8000      283.00
23.8200      313.00
23.8400      305.00
23.8600      321.00
23.8800      315.00
23.9000      334.00
23.9200      331.00
23.9400      388.00
23.9600      389.00
23.9800      434.00
24.0000      479.00
24.0200      512.00
24.0400      556.00
24.0600      628.00
24.0800      663.00
24.1000      695.00
24.1200      683.00
24.1400      709.00
24.1600      664.00
24.1800      659.00
24.2000      660.00
24.2200      624.00
24.2400      685.00
24.2600      737.00
24.2800      732.00
24.3000      771.00
24.3200      921.00
24.3400      943.00
24.3600      947.00
24.3800      986.00
24.4000      938.00
24.4200      898.00
24.4400      885.00
24.4600      836.00
24.4800      645.00
24.5000      684.00
24.5200      561.00
24.5400      491.00
24.5600      418.00
24.5800      374.00
24.6000      356.00
24.6200      326.00
24.6400      311.00
24.6600      321.00
24.6800      323.00
24.7000      335.00
24.7200      356.00
24.7400      401.00
24.7600      437.00
24.7800      432.00
24.8000      503.00
24.8200      586.00
24.8400      686.00
24.8600      669.00
24.8800      773.00
24.9000      789.00
24.9200      743.00
24.9400      719.00
24.9600      743.00
24.9800      713.00
25.0000      616.00
25.0200      536.00
25.0400      472.00
25.0600      380.00
25.0800      343.00
25.1000      337.00
25.1200      328.00
25.1400      277.00
25.1600      252.00
25.1800      246.00
25.2000      227.00
25.2200      236.00
25.2400      243.00
25.2600      210.00
25.2800      230.00
25.3000      222.00
25.3200      214.00
25.3400      206.00
25.3600      209.00
25.3800      206.00
25.4000      222.00
25.4200      211.00
25.4400      189.00
25.4600      206.00
25.4800      195.00
25.5000      224.00
25.5200      232.00
25.5400      195.00
25.5600      221.00
25.5800      203.00
25.6000      233.00
25.6200      191.00
25.6400      214.00
25.6600      220.00
25.6800      178.00
25.7000      199.00
25.7200      219.00
25.7400      201.00
25.7600      191.00
25.7800      224.00
25.8000      228.00
25.8200      220.00
25.8400      232.00
25.8600      230.00
25.8800      252.00
25.9000      276.00
25.9200      308.00
25.9400      322.00
25.9600      326.00
25.9800      403.00
26.0000      385.00
26.0200      420.00
26.0400      437.00
26.0600      413.00
26.0800      461.00
26.1000      464.00
26.1200      490.00
26.1400      520.00
26.1600      535.00
26.1800      505.00
26.2000      548.00
26.2200      526.00
26.2400      542.00
26.2600      486.00
26.2800      542.00
26.3000      480.00
26.3200      466.00
26.3400      497.00
26.3600      462.00
26.3800      433.00
26.4000      428.00
26.4200      455.00
26.4400      445.00
26.4600      458.00
26.4800      457.00
26.5000      439.00
26.5200      391.00
26.5400      352.00
26.5600      346.00
26.5800      350.00
26.6000      292.00
26.6200      252.00
26.6400      248.00
26.6600      230.00
26.6800      221.00
26.7000      193.00
26.7200      216.00
26.7400      194.00
26.7600      188.00
26.7800      212.00
26.8000      207.00
26.8200      194.00
26.8400      210.00
26.8600      193.00
26.8800      209.00
26.9000      216.00
26.9200      223.00
26.9400      202.00
26.9600      225.00
26.9800      256.00
27.0000      234.00
27.0200      265.00
27.0400      264.00
27.0600      283.00
27.0800      246.00
27.1000      238.00
27.1200      241.00
27.1400      274.00
27.1600      245.00
27.1800      317.00
27.2000      301.00
27.2200      262.00
27.2400      295.00
27.2600      318.00
27.2800      335.00
27.3000      327.00
27.3200      318.00
27.3400      309.00
27.3600      307.00
27.3800      277.00
27.4000      289.00
27.4200      292.00
27.4400      337.00
27.4600      316.00
27.4800      299.00
27.5000      321.00
27.5200      365.00
27.5400      334.00
27.5600      388.00
27.5800      414.00
27.6000      437.00
27.6200      442.00
27.6400      486.00
27.6600      520.00
27.6800      529.00
27.7000      523.00
27.7200      534.00
27.7400      536.00
27.7600      537.00
27.7800      508.00
27.8000      467.00
27.8200      453.00
27.8400      444.00
27.8600      382.00
27.8800      407.00
27.9000      355.00
27.9200      325.00
27.9400      319.00
27.9600      324.00
27.9800      316.00
28.0000      303.00
28.0200      324.00
28.0400      267.00
28.0600      291.00
28.0800      247.00
28.1000      246.00
28.1200      234.00
28.1400      249.00
28.1600      252.00
28.1800      256.00
28.2000      260.00
28.2200      289.00
28.2400      310.00
28.2600      388.00
28.2800      419.00
28.3000      436.00
28.3200      467.00
28.3400      626.00
28.3600      673.00
28.3800      758.00
28.4000      875.00
28.4200      939.00
28.4400     1027.00
28.4600     1063.00
28.4800     1044.00
28.5000     1034.00
28.5200      976.00
28.5400      904.00
28.5600      793.00
28.5800      758.00
28.6000      725.00
28.6200      650.00
28.6400      591.00
28.6600      537.00
28.6800      473.00
28.7000      458.00
28.7200      413.00
28.7400      444.00
28.7600      416.00
28.7800      393.00
28.8000      368.00
28.8200      359.00
28.8400      334.00
28.8600      334.00
28.8800      332.00
28.9000      359.00
28.9200      353.00
28.9400      349.00
28.9600      337.00
28.9800      340.00
29.0000      351.00
29.0200      331.00
29.0400      377.00
29.0600      383.00
29.0800      392.00
29.1000      422.00
29.1200      410.00
29.1400      401.00
29.1600      405.00
29.1800      449.00
29.2000      446.00
29.2200      478.00
29.2400      433.00
29.2600      436.00
29.2800      430.00
29.3000      479.00
29.3200      512.00
29.3400      441.00
29.3600      493.00
29.3800      515.00
29.4000      518.00
29.4200      527.00
29.4400      566.00
29.4600      560.00
29.4800      539.00
29.5000      480.00
29.5200      403.00
29.5400      405.00
29.5600      365.00
29.5800      333.00
29.6000      304.00
29.6200      263.00
29.6400      226.00
29.6600      231.00
29.6800      217.00
29.7000      193.00
29.7200      188.00
29.7400      208.00
29.7600      161.00
29.7800      184.00
29.8000      189.00
29.8200      180.00
29.8400      212.00
29.8600      200.00
29.8800      183.00
29.9000      186.00
29.9200      204.00
29.9400      252.00
29.9600      263.00
29.9800      282.00
30.0000      285.00
30.0200      313.00
30.0400      315.00
30.0600      339.00
30.0800      363.00
30.1000      346.00
30.1200      359.00
30.1400      345.00
30.1600      354.00
30.1800      351.00
30.2000      355.00
30.2200      336.00
30.2400      298.00
30.2600      294.00
30.2800      261.00
30.3000      297.00
30.3200      280.00
30.3400      290.00
30.3600      253.00
30.3800      247.00
30.4000      249.00
30.4200      188.00
30.4400      223.00
30.4600      216.00
30.4800      183.00
30.5000      184.00
30.5200      183.00
30.5400      183.00
30.5600      167.00
30.5800      207.00
30.6000      232.00
30.6200      238.00
30.6400      228.00
30.6600      248.00
30.6800      204.00
30.7000      232.00
30.7200      219.00
30.7400      214.00
30.7600      208.00
30.7800      206.00
30.8000      213.00
30.8200      219.00
30.8400      217.00
30.8600      177.00
30.8800      208.00
30.9000      212.00
30.9200      214.00
30.9400      214.00
30.9600      188.00
30.9800      191.00
31.0000      216.00
31.0200      198.00
31.0400      208.00
31.0600      195.00
31.0800      198.00
31.1000      187.00
31.1200      181.00
31.1400      174.00
31.1600      191.00
31.1800      176.00
31.2000      156.00
31.2200      179.00
31.2400      164.00
31.2600      149.00
31.2800      144.00
31.3000      156.00
31.3200      163.00
31.3400      163.00
31.3600      146.00
31.3800      142.00
31.4000      213.00
31.4200      191.00
31.4400      184.00
31.4600      184.00
31.4800      238.00
31.5000      217.00
31.5200      233.00
31.5400      217.00
31.5600      225.00
31.5800      232.00
31.6000      206.00
31.6200      191.00
31.6400      223.00
31.6600      193.00
31.6800      193.00
31.7000      225.00
31.7200      174.00
31.7400      189.00
31.7600      173.00
31.7800      184.00
31.8000      166.00
31.8200      190.00
31.8400      204.00
31.8600      215.00
31.8800      197.00
31.9000      232.00
31.9200      229.00
31.9400      255.00
31.9600      236.00
31.9800      261.00
32.0000      281.00
32.0200      288.00
32.0400      285.00
32.0600      295.00
32.0800      268.00
32.1000      301.00
32.1200      297.00
32.1400      289.00
32.1600      300.00
32.1800      287.00
32.2000      294.00
32.2200      301.00
32.2400      286.00
32.2600      298.00
32.2800      255.00
32.3000      253.00
32.3200      260.00
32.3400      279.00
32.3600      263.00
32.3800      265.00
32.4000      263.00
32.4200      263.00
32.4400      281.00
32.4600      282.00
32.4800      327.00
32.5000      341.00
32.5200      278.00
32.5400      330.00
32.5600      325.00
32.5800      301.00
32.6000      360.00
32.6200      327.00
32.6400      329.00
32.6600      327.00
32.6800      334.00
32.7000      346.00
32.7200      287.00
32.7400      305.00
32.7600      284.00
32.7800      248.00
32.8000      298.00
32.8200      257.00
32.8400      227.00
32.8600      239.00
32.8800      263.00
32.9000      228.00
32.9200      212.00
32.9400      212.00
32.9600      238.00
32.9800      241.00
33.0000      237.00
33.0200      231.00
33.0400      258.00
33.0600      236.00
33.0800      259.00
33.1000      282.00
33.1200      267.00
33.1400      276.00
33.1600      309.00
33.1800      319.00
33.2000      284.00
33.2200      316.00
33.2400      307.00
33.2600      357.00
33.2800      331.00
33.3000      291.00
33.3200      328.00
33.3400      273.00
33.3600      272.00
33.3800      307.00
33.4000      256.00
33.4200      261.00
33.4400      241.00
33.4600      254.00
33.4800      259.00
33.5000      237.00
33.5200      247.00
33.5400      214.00
33.5600      226.00
33.5800      226.00
33.6000      221.00
33.6200      212.00
33.6400      192.00
33.6600      199.00
33.6800      181.00
33.7000      179.00
33.7200      185.00
33.7400      156.00
33.7600      158.00
33.7800      160.00
33.8000      147.00
33.8200      160.00
33.8400      164.00
33.8600      151.00
33.8800      151.00
33.9000      179.00
33.9200      156.00
33.9400      180.00
33.9600      179.00
33.9800      147.00
34.0000      187.00
34.0200      193.00
34.0400      187.00
34.0600      180.00
34.0800      215.00
34.1000      205.00
34.1200      223.00
34.1400      239.00
34.1600      262.00
34.1800      296.00
34.2000      276.00
34.2200      298.00
34.2400      299.00
34.2600      303.00
34.2800      281.00
34.3000      247.00
34.3200      254.00
34.3400      231.00
34.3600      206.00
34.3800      191.00
34.4000      211.00
34.4200      186.00
34.4400      182.00
34.4600      162.00
34.4800      161.00
34.5000      183.00
34.5200      137.00
34.5400      178.00
34.5600      163.00
34.5800      145.00
34.6000      160.00
34.6200      148.00
34.6400      160.00
34.6600      147.00
34.6800      170.00
34.7000      152.00
34.7200      138.00
34.7400      157.00
34.7600      173.00
34.7800      202.00
34.8000      186.00
34.8200      213.00
34.8400      189.00
34.8600      188.00
34.8800      173.00
34.9000      164.00
34.9200      200.00
34.9400      215.00
34.9600      199.00
34.9800      197.00
35.0000      206.00
