 3.0000      235.00
 3.0200      287.00
 3.0400      255.00
 3.0600      282.00
 3.0800      249.00
 3.1000      241.00
 3.1200      280.00
 3.1400      267.00
 3.1600      237.00
 3.1800      253.00
 3.2000      234.00
 3.2200      241.00
 3.2400      207.00
 3.2600      231.00
 3.2800      227.00
 3.3000      234.00
 3.3200      226.00
 3.3400      244.00
 3.3600      235.00
 3.3800      200.00
 3.4000      243.00
 3.4200      218.00
 3.4400      199.00
 3.4600      215.00
 3.4800      202.00
 3.5000      226.00
 3.5200      207.00
 3.5400      204.00
 3.5600      208.00
 3.5800      167.00
 3.6000      191.00
 3.6200      231.00
 3.6400      216.00
 3.6600      215.00
 3.6800      204.00
 3.7000      205.00
 3.7200      196.00
 3.7400      191.00
 3.7600      209.00
 3.7800      174.00
 3.8000      195.00
 3.8200      218.00
 3.8400      211.00
 3.8600      188.00
 3.8800      172.00
 3.9000      201.00
 3.9200      178.00
 3.9400      190.00
 3.9600      192.00
 3.9800      168.00
 4.0000      178.00
 4.0200      185.00
 4.0400      186.00
 4.0600      191.00
 4.0800      197.00
 4.1000      168.00
 4.1200      179.00
 4.1400      177.00
 4.1600      168.00
 4.1800      182.00
 4.2000      205.00
 4.2200      152.00
 4.2400      167.00
 4.2600      185.00
 4.2800      162.00
 4.3000      171.00
 4.3200      174.00
 4.3400      154.00
 4.3600      181.00
 4.3800      154.00
 4.4000      149.00
 4.4200      180.00
 4.4400      130.00
 4.4600      199.00
 4.4800      161.00
 4.5000      161.00
 4.5200      152.00
 4.5400      141.00
 4.5600      171.00
 4.5800      154.00
 4.6000      129.00
 4.6200      148.00
 4.6400      147.00
 4.6600      152.00
 4.6800      175.00
 4.7000      138.00
 4.7200      125.00
 4.7400      147.00
 4.7600      141.00
 4.7800      154.00
 4.8000      139.00
 4.8200      147.00
 4.8400      141.00
 4.8600      147.00
 4.8800      136.00
 4.9000      138.00
 4.9200      144.00
 4.9400      135.00
 4.9600      135.00
 4.9800      141.00
 5.0000      147.00
 5.0200      130.00
 5.0400      135.00
 5.0600      115.00
 5.0800      144.00
 5.1000      161.00
 5.1200      118.00
 5.1400      146.00
 5.1600      147.00
 5.1800      150.00
 5.2000      158.00
 5.2200      142.00
 5.2400      154.00
 5.2600      136.00
 5.2800      127.00
 5.3000      160.00
 5.3200      151.00
 5.3400      137.00
 5.3600      134.00
 5.3800      145.00
 5.4000      146.00
 5.4200      134.00
 5.4400      157.00
 5.4600      150.00
 5.4800      157.00
 5.5000      122.00
 5.5200      141.00
 5.5400      147.00
 5.5600      130.00
 5.5800      152.00
 5.6000      144.00
 5.6200      136.00
 5.6400      158.00
 5.6600      142.00
 5.6800      158.00
 5.7000      151.00
 5.7200      149.00
 5.7400      140.00
 5.7600      165.00
 5.7800      150.00
 5.8000      163.00
 5.8200      130.00
 5.8400      137.00
 5.8600      137.00
 5.8800      148.00
 5.9000      137.00
 5.9200      153.00
 5.9400      148.00
 5.9600      134.00
 5.9800      156.00
 6.0000      163.00
 6.0200      161.00
 6.0400      149.00
 6.0600      135.00
 6.0800      131.00
 6.1000      153.00
 6.1200      143.00
 6.1400      135.00
 6.1600      141.00
 6.1800      147.00
 6.2000      164.00
 6.2200      158.00
 6.2400      138.00
 6.2600      152.00
 6.2800      137.00
 6.3000      147.00
 6.3200      161.00
 6.3400      149.00
 6.3600      144.00
 6.3800      145.00
 6.4000      171.00
 6.4200      157.00
 6.4400      174.00
 6.4600      164.00
 6.4800      171.00
 6.5000      144.00
 6.5200      148.00
 6.5400      127.00
 6.5600      152.00
 6.5800      140.00
 6.6000      160.00
 6.6200      182.00
 6.6400      174.00
 6.6600      180.00
 6.6800      183.00
 6.7000      171.00
 6.7200      187.00
 6.7400      175.00
 6.7600      191.00
 6.7800      182.00
 6.8000      214.00
 6.8200      202.00
 6.8400      215.00
 6.8600      217.00
 6.8800      259.00
 6.9000      220.00
 6.9200      221.00
 6.9400      197.00
 6.9600      192.00
 6.9800      212.00
 7.0000      174.00
 7.0200      200.00
 7.0400      172.00
 7.0600      178.00
 7.0800      171.00
 7.1000      153.00
 7.1200      167.00
 7.1400      167.00
 7.1600      163.00
 7.1800      146.00
 7.2000      143.00
 7.2200      151.00
 7.2400      141.00
 7.2600      139.00
 7.2800      166.00
 7.3000      146.00
 7.3200      150.00
 7.3400      164.00
 7.3600      170.00
 7.3800      163.00
 7.4000      148.00
 7.4200      155.00
 7.4400      172.00
 7.4600      168.00
 7.4800      168.00
 7.5000      163.00
 7.5200      153.00
 7.5400      169.00
 7.5600      147.00
 7.5800      155.00
 7.6000      182.00
 7.6200      166.00
 7.6400      150.00
 7.6600      161.00
 7.6800      159.00
 7.7000      158.00
 7.7200      166.00
 7.7400      159.00
 7.7600      149.00
 7.7800      164.00
 7.8000      189.00
 7.8200      124.00
 7.8400      135.00
 7.8600      166.00
 7.8800      164.00
 7.9000      165.00
 7.9200      163.00
 7.9400      157.00
 7.9600      155.00
 7.9800      190.00
 8.0000      168.00
 8.0200      182.00
 8.0400      143.00
 8.0600      141.00
 8.0800      142.00
 8.1000      170.00
 8.1200      147.00
 8.1400      161.00
 8.1600      161.00
 8.1800      153.00
 8.2000      155.00
 8.2200      170.00
 8.2400      136.00
 8.2600      175.00
 8.2800      178.00
 8.3000      159.00
 8.3200      152.00
 8.3400      174.00
 8.3600      150.00
 8.3800      158.00
 8.4000      171.00
 8.4200      153.00
 8.4400      173.00
 8.4600      199.00
 8.4800      169.00
 8.5000      185.00
 8.5200      196.00
 8.5400      168.00
 8.5600      180.00
 8.5800      153.00
 8.6000      196.00
 8.6200      187.00
 8.6400      156.00
 8.6600      175.00
 8.6800      216.00
 8.7000      203.00
 8.7200      195.00
 8.7400      211.00
 8.7600      191.00
 8.7800      203.00
 8.8000      214.00
 8.8200      207.00
 8.8400      193.00
 8.8600      200.00
 8.8800      197.00
 8.9000      179.00
 8.9200      173.00
 8.9400      179.00
 8.9600      168.00
 8.9800      152.00
 9.0000      170.00
 9.0200      167.00
 9.0400      175.00
 9.0600      186.00
 9.0800      163.00
 9.1000      168.00
 9.1200      162.00
 9.1400      168.00
 9.1600      161.00
 9.1800      178.00
 9.2000      152.00
 9.2200      168.00
 9.2400      181.00
 9.2600      163.00
 9.2800      168.00
 9.3000      169.00
 9.3200      182.00
 9.3400      179.00
 9.3600      172.00
 9.3800      155.00
 9.4000      155.00
 9.4200      193.00
 9.4400      185.00
 9.4600      180.00
 9.4800      184.00
 9.5000      156.00
 9.5200      152.00
 9.5400      186.00
 9.5600      185.00
 9.5800      176.00
 9.6000      182.00
 9.6200      153.00
 9.6400      192.00
 9.6600      197.00
 9.6800      180.00
 9.7000      189.00
 9.7200      178.00
 9.7400      162.00
 9.7600      167.00
 9.7800      160.00
 9.8000      185.00
 9.8200      192.00
 9.8400      215.00
 9.8600      192.00
 9.8800      207.00
 9.9000      215.00
 9.9200      229.00
 9.9400      193.00
 9.9600      210.00
 9.9800      198.00
10.0000      231.00
10.0200      256.00
10.0400      205.00
10.0600      192.00
10.0800      196.00
10.1000      203.00
10.1200      198.00
10.1400      187.00
10.1600      187.00
10.1800      201.00
10.2000      194.00
10.2200      191.00
10.2400      213.00
10.2600      202.00
10.2800      175.00
10.3000      174.00
10.3200      207.00
10.3400      207.00
10.3600      186.00
10.3800      206.00
10.4000      173.00
10.4200      178.00
10.4400      173.00
10.4600      200.00
10.4800      195.00
10.5000      176.00
10.5200      231.00
10.5400      209.00
10.5600      208.00
10.5800      208.00
10.6000      197.00
10.6200      205.00
10.6400      228.00
10.6600      226.00
10.6800      215.00
10.7000      208.00
10.7200      270.00
10.7400      236.00
10.7600      281.00
10.7800      275.00
10.8000      293.00
10.8200      307.00
10.8400      301.00
10.8600      343.00
10.8800      366.00
10.9000      408.00
10.9200      462.00
10.9400      477.00
10.9600      539.00
10.9800      542.00
11.0000      614.00
11.0200      696.00
11.0400      714.00
11.0600      698.00
11.0800      746.00
11.1000      728.00
11.1200      706.00
11.1400      715.00
11.1600      629.00
11.1800      654.00
11.2000      691.00
11.2200      626.00
11.2400      634.00
11.2600      650.00
11.2800      638.00
11.3000      658.00
11.3200      633.00
11.3400      564.00
11.3600      551.00
11.3800      447.00
11.4000      416.00
11.4200      394.00
11.4400      312.00
11.4600      273.00
11.4800      257.00
11.5000      254.00
11.5200      214.00
11.5400      212.00
11.5600      217.00
11.5800      215.00
11.6000      225.00
11.6200      238.00
11.6400      230.00
11.6600      239.00
11.6800      221.00
11.7000      254.00
11.7200      239.00
11.7400      254.00
11.7600      222.00
11.7800      251.00
11.8000      264.00
11.8200      267.00
11.8400      325.00
11.8600      270.00
11.8800      331.00
11.9000      371.00
11.9200      375.00
11.9400      407.00
11.9600      431.00
11.9800      455.00
12.0000      514.00
12.0200      585.00
12.0400      563.00
12.0600      636.00
12.0800      619.00
12.1000      673.00
12.1200      781.00
12.1400      741.00
12.1600      705.00
12.1800      706.00
12.2000      662.00
12.2200      586.00
12.2400      559.00
12.2600      467.00
12.2800      517.00
12.3000      447.00
12.3200      453.00
12.3400      387.00
12.3600      408.00
12.3800      425.00
12.4000      444.00
12.4200      518.00
12.4400      589.00
12.4600      642.00
12.4800      634.00
12.5000      702.00
12.5200      713.00
12.5400      741.00
12.5600      756.00
12.5800      706.00
12.6000      647.00
12.6200      591.00
12.6400      549.00
12.6600      418.00
12.6800      397.00
12.7000      345.00
12.7200      316.00
12.7400      301.00
12.7600      283.00
12.7800      259.00
12.8000      243.00
12.8200      206.00
12.8400      228.00
12.8600      255.00
12.8800      226.00
12.9000      210.00
12.9200      241.00
12.9400      227.00
12.9600      223.00
12.9800      226.00
13.0000      209.00
13.0200      216.00
13.0400      181.00
13.0600      186.00
13.0800      207.00
13.1000      203.00
13.1200      202.00
13.1400      228.00
13.1600      207.00
13.1800      217.00
13.2000      199.00
13.2200      246.00
13.2400      203.00
13.2600      190.00
13.2800      206.00
13.3000      230.00
13.3200      195.00
13.3400      194.00
13.3600      222.00
13.3800      213.00
13.4000      217.00
13.4200      222.00
13.4400      224.00
13.4600      223.00
13.4800      204.00
13.5000      203.00
13.5200      221.00
13.5400      189.00
13.5600      197.00
13.5800      222.00
13.6000      214.00
13.6200      254.00
13.6400      202.00
13.6600      225.00
13.6800      220.00
13.7000      235.00
13.7200      235.00
13.7400      223.00
13.7600      226.00
13.7800      242.00
13.8000      252.00
13.8200      262.00
13.8400      264.00
13.8600      258.00
13.8800      292.00
13.9000      275.00
13.9200      309.00
13.9400      294.00
13.9600      332.00
13.9800      355.00
14.0000      358.00
14.0200      395.00
14.0400      479.00
14.0600      486.00
14.0800      576.00
14.1000      676.00
14.1200      710.00
14.1400      755.00
14.1600      898.00
14.1800      964.00
14.2000     1027.00
14.2200     1055.00
14.2400     1060.00
14.2600      996.00
14.2800      997.00
14.3000      932.00
14.3200      856.00
14.3400      840.00
14.3600      747.00
14.3800      669.00
14.4000      643.00
14.4200      580.00
14.4400      518.00
14.4600      439.00
14.4800      448.00
14.5000      389.00
14.5200      372.00
14.5400      296.00
14.5600      315.00
14.5800      267.00
14.6000      266.00
14.6200      250.00
14.6400      287.00
14.6600      256.00
14.6800      217.00
14.7000      224.00
14.7200      199.00
14.7400      233.00
14.7600      215.00
14.7800      209.00
14.8000      225.00
14.8200      197.00
14.8400      233.00
14.8600      218.00
14.8800      181.00
14.9000      238.00
14.9200      229.00
14.9400      237.00
14.9600      240.00
14.9800      228.00
15.0000      242.00
15.0200      223.00
15.0400      211.00
15.0600      222.00
15.0800      236.00
15.1000      214.00
15.1200      202.00
15.1400      209.00
15.1600      232.00
15.1800      207.00
15.2000      212.00
15.2200      206.00
15.2400      179.00
15.2600      240.00
15.2800      211.00
15.3000      219.00
15.3200      215.00
15.3400      180.00
15.3600      212.00
15.3800      221.00
15.4000      253.00
15.4200      228.00
15.4400      234.00
15.4600      211.00
15.4800      207.00
15.5000      234.00
15.5200      176.00
15.5400      233.00
15.5600      216.00
15.5800      223.00
15.6000      245.00
15.6200      237.00
15.6400      224.00
15.6600      239.00
15.6800      229.00
15.7000      256.00
15.7200      261.00
15.7400      280.00
15.7600      284.00
15.7800      318.00
15.8000      310.00
15.8200      367.00
15.8400      382.00
15.8600      390.00
15.8800      452.00
15.9000      428.00
15.9200      482.00
15.9400      475.00
15.9600      516.00
15.9800      491.00
16.0000      479.00
16.0200      497.00
16.0400      462.00
16.0600      494.00
16.0800      534.00
16.1000      538.00
16.1200      549.00
16.1400      605.00
16.1600      641.00
16.1800      661.00
16.2000      679.00
16.2200      666.00
16.2400      636.00
16.2600      616.00
16.2800      574.00
16.3000      588.00
16.3200      543.00
16.3400      542.00
16.3600      530.00
16.3800      537.00
16.4000      576.00
16.4200      669.00
16.4400      643.00
16.4600      764.00
16.4800      723.00
16.5000      720.00
16.5200      741.00
16.5400      744.00
16.5600      711.00
16.5800      607.00
16.6000      517.00
16.6200      472.00
16.6400      421.00
16.6600      363.00
16.6800      347.00
16.7000      312.00
16.7200      298.00
16.7400      260.00
16.7600      263.00
16.7800      267.00
16.8000      336.00
16.8200      304.00
16.8400      356.00
16.8600      320.00
16.8800      357.00
16.9000      366.00
16.9200      399.00
16.9400      454.00
16.9600      536.00
16.9800      583.00
17.0000      557.00
17.0200      684.00
17.0400      757.00
17.0600      711.00
17.0800      762.00
17.1000      768.00
17.1200      726.00
17.1400      731.00
17.1600      727.00
17.1800      670.00
17.2000      624.00
17.2200      623.00
17.2400      628.00
17.2600      564.00
17.2800      554.00
17.3000      617.00
17.3200      660.00
17.3400      760.00
17.3600      892.00
17.3800      944.00
17.4000     1085.00
17.4200     1258.00
17.4400     1478.00
17.4600     1653.00
17.4800     1851.00
17.5000     1996.00
17.5200     2125.00
17.5400     2303.00
17.5600     2390.00
17.5800     2504.00
17.6000     2358.00
17.6200     2140.00
17.6400     1982.00
17.6600     1760.00
17.6800     1555.00
17.7000     1348.00
17.7200     1087.00
17.7400      912.00
17.7600      791.00
17.7800      663.00
17.8000      621.00
17.8200      520.00
17.8400      527.00
17.8600      464.00
17.8800      440.00
17.9000      419.00
17.9200      426.00
17.9400      370.00
17.9600      394.00
17.9800      330.00
18.0000      354.00
18.0200      296.00
18.0400      341.00
18.0600      288.00
18.0800      334.00
18.1000      310.00
18.1200      285.00
18.1400      328.00
18.1600      283.00
18.1800      313.00
18.2000      361.00
18.2200      340.00
18.2400      362.00
18.2600      390.00
18.2800      442.00
18.3000      486.00
18.3200      557.00
18.3400      639.00
18.3600      695.00
18.3800      798.00
18.4000      862.00
18.4200      868.00
18.4400      868.00
18.4600      887.00
18.4800      773.00
18.5000      773.00
18.5200      682.00
18.5400      654.00
18.5600      575.00
18.5800      501.00
18.6000      423.00
18.6200      389.00
18.6400      437.00
18.6600      393.00
18.6800      363.00
18.7000      398.00
18.7200      435.00
18.7400      447.00
18.7600      433.00
18.7800      382.00
18.8000      371.00
18.8200      362.00
18.8400      391.00
18.8600      388.00
18.8800      374.00
18.9000      356.00
18.9200      350.00
18.9400      347.00
18.9600      353.00
18.9800      358.00
19.0000      336.00
19.0200      322.00
19.0400      317.00
19.0600      348.00
19.0800      353.00
19.1000      339.00
19.1200      366.00
19.1400      379.00
19.1600      421.00
19.1800      389.00
19.2000      413.00
19.2200      360.00
19.2400      367.00
19.2600      406.00
19.2800      367.00
19.3000      357.00
19.3200      361.00
19.3400      356.00
19.3600      362.00
19.3800      336.00
19.4000      384.00
19.4200      423.00
19.4400      465.00
19.4600      496.00
19.4800      574.00
19.5000      700.00
19.5200      739.00
19.5400      930.00
19.5600     1116.00
19.5800     1261.00
19.6000     1466.00
19.6200     1556.00
19.6400     1711.00
19.6600     1801.00
19.6800     1866.00
19.7000     1741.00
19.7200     1706.00
19.7400     1665.00
19.7600     1395.00
19.7800     1316.00
19.8000     1123.00
19.8200      998.00
19.8400      794.00
19.8600      702.00
19.8800      632.00
19.9000      536.00
19.9200      492.00
19.9400      484.00
19.9600      412.00
19.9800      381.00
20.0000      409.00
20.0200      334.00
20.0400      325.00
20.0600      345.00
20.0800      293.00
20.1000      330.00
20.1200      292.00
20.1400      322.00
20.1600      311.00
20.1800      287.00
20.2000      334.00
20.2200      294.00
20.2400      313.00
20.2600      296.00
20.2800      322.00
20.3000      317.00
20.3200      340.00
20.3400      331.00
20.3600      343.00
20.3800      377.00
20.4000      392.00
20.4200      424.00
20.4400      404.00
20.4600      487.00
20.4800      542.00
20.5000      576.00
20.5200      683.00
20.5400      866.00
20.5600     1054.00
20.5800     1233.00
20.6000     1457.00
20.6200     1721.00
20.6400     1879.00
20.6600     1939.00
20.6800     1997.00
20.7000     1988.00
20.7200     2055.00
20.7400     1908.00
20.7600     1823.00
20.7800     1731.00
20.8000     1765.00
20.8200     1581.00
20.8400     1582.00
20.8600     1713.00
20.8800     1740.00
20.9000     2031.00
20.9200     2109.00
20.9400     2340.00
20.9600     2508.00
20.9800     2768.00
21.0000     3073.00
21.0200     3215.00
21.0400     3336.00
21.0600     3410.00
21.0800     3229.00
21.1000     2972.00
21.1200     2702.00
21.1400     2442.00
21.1600     1966.00
21.1800     1695.00
21.2000     1410.00
21.2200     1059.00
21.2400      919.00
21.2600      765.00
21.2800      665.00
21.3000      527.00
21.3200      456.00
21.3400      360.00
21.3600      399.00
21.3800      357.00
21.4000      356.00
21.4200      310.00
21.4400      306.00
21.4600      305.00
21.4800      302.00
21.5000      297.00
21.5200      286.00
21.5400      278.00
21.5600      276.00
21.5800      268.00
21.6000      279.00
21.6200      272.00
21.6400      284.00
21.6600      288.00
21.6800      279.00
21.7000      266.00
21.7200      294.00
21.7400      294.00
21.7600      281.00
21.7800      304.00
21.8000      261.00
21.8200      255.00
21.8400      316.00
21.8600      288.00
21.8800      305.00
21.9000      281.00
21.9200      300.00
21.9400      295.00
21.9600      335.00
21.9800      307.00
22.0000      340.00
22.0200      346.00
22.0400      359.00
22.0600      376.00
22.0800      424.00
22.1000      414.00
22.1200      431.00
22.1400      486.00
22.1600      522.00
22.1800      539.00
22.2000      578.00
22.2200      637.00
22.2400      691.00
22.2600      781.00
22.2800      876.00
22.3000      854.00
22.3200      860.00
22.3400      914.00
22.3600      896.00
22.3800      930.00
22.4000      958.00
22.4200      907.00
22.4400      917.00
22.4600      883.00
22.4800      975.00
22.5000     1023.00
22.5200     1200.00
22.5400     1336.00
22.5600     1374.00
22.5800     1481.00
22.6000     1627.00
22.6200     1565.00
22.6400     1602.00
22.6600     1515.00
22.6800     1445.00
22.7000     1335.00
22.7200     1151.00
22.7400     1093.00
22.7600      929.00
22.7800      862.00
22.8000      756.00
22.8200      774.00
22.8400      772.00
22.8600      719.00
22.8800      765.00
22.9000      768.00
22.9200      775.00
22.9400      873.00
22.9600      864.00
22.9800      852.00
23.0000      859.00
23.0200      915.00
23.0400      918.00
23.0600      899.00
23.0800      989.00
23.1000     1031.00
23.1200     1003.00
23.1400      930.00
23.1600      917.00
23.1800      919.00
23.2000      802.00
23.2200      761.00
23.2400      720.00
23.2600      732.00
23.2800      708.00
23.3000      702.00
23.3200      683.00
23.3400      774.00
23.3600      842.00
23.3800      789.00
23.4000      844.00
23.4200      857.00
23.4400      754.00
23.4600      784.00
23.4800      717.00
23.5000      662.00
23.5200      648.00
23.5400      573.00
23.5600      535.00
23.5800      452.00
23.6000      458.00
23.6200      407.00
23.6400      393.00
23.6600      321.00
23.6800      327.00
23.7000      324.00
23.7200      327.00
23.7400      316.00
23.7600      334.00
23.7800      354.00
23.8000      373.00
23.8200      409.00
23.8400      434.00
23.8600      447.00
23.8800      495.00
23.9000      559.00
23.9200      573.00
23.9400      647.00
23.9600      705.00
23.9800      801.00
24.0000      887.00
24.0200     1094.00
24.0400     1162.00
24.0600     1233.00
24.0800     1306.00
24.1000     1355.00
24.1200     1305.00
24.1400     1299.00
24.1600     1159.00
24.1800     1189.00
24.2000     1051.00
24.2200     1103.00
24.2400     1029.00
24.2600     1022.00
24.2800     1090.00
24.3000     1247.00
24.3200     1329.00
24.3400     1301.00
24.3600     1355.00
24.3800     1404.00
24.4000     1395.00
24.4200     1394.00
24.4400     1235.00
24.4600     1136.00
24.4800      972.00
24.5000      930.00
24.5200      762.00
24.5400      650.00
24.5600      615.00
24.5800      523.00
24.6000      487.00
24.6200      434.00
24.6400      408.00
24.6600      343.00
24.6800      423.00
24.7000      381.00
24.7200      398.00
24.7400      395.00
24.7600      437.00
24.7800      503.00
24.8000      552.00
24.8200      608.00
24.8400      658.00
24.8600      751.00
24.8800      872.00
24.9000      949.00
24.9200      864.00
24.9400      982.00
24.9600      922.00
24.9800      926.00
25.0000      815.00
25.0200      752.00
25.0400      685.00
25.0600      551.00
25.0800      568.00
25.1000      488.00
25.1200      458.00
25.1400      394.00
25.1600      362.00
25.1800      335.00
25.2000      340.00
25.2200      309.00
25.2400      298.00
25.2600      273.00
25.2800      304.00
25.3000      254.00
25.3200      256.00
25.3400      243.00
25.3600      262.00
25.3800      261.00
25.4000      249.00
25.4200      230.00
25.4400      264.00
25.4600      279.00
25.4800      225.00
25.5000      215.00
25.5200      270.00
25.5400      232.00
25.5600      230.00
25.5800      242.00
25.6000      279.00
25.6200      234.00
25.6400      262.00
25.6600      251.00
25.6800      265.00
25.7000      230.00
25.7200      261.00
25.7400      235.00
25.7600      265.00
25.7800      271.00
25.8000      272.00
25.8200      289.00
25.8400      281.00
25.8600      302.00
25.8800      336.00
25.9000      363.00
25.9200      399.00
25.9400      415.00
25.9600      423.00
25.9800      475.00
26.0000      476.00
26.0200      490.00
26.0400      470.00
26.0600      518.00
26.0800      516.00
26.1000      552.00
26.1200      580.00
26.1400      617.00
26.1600      619.00
26.1800      653.00
26.2000      716.00
26.2200      626.00
26.2400      680.00
26.2600      637.00
26.2800      621.00
26.3000      552.00
26.3200      602.00
26.3400      565.00
26.3600      561.00
26.3800      578.00
26.4000      580.00
26.4200      582.00
26.4400      530.00
26.4600      602.00
26.4800      571.00
26.5000      583.00
26.5200      548.00
26.5400      482.00
26.5600      501.00
26.5800      436.00
26.6000      436.00
26.6200      383.00
26.6400      361.00
26.6600      327.00
26.6800      363.00
26.7000      292.00
26.7200      275.00
26.7400      276.00
26.7600      252.00
26.7800      276.00
26.8000      226.00
26.8200      288.00
26.8400      261.00
26.8600      243.00
26.8800      277.00
26.9000      306.00
26.9200      310.00
26.9400      288.00
26.9600      327.00
26.9800      321.00
27.0000      318.00
27.0200      361.00
27.0400      338.00
27.0600      317.00
27.0800      331.00
27.1000      323.00
27.1200      274.00
27.1400      301.00
27.1600      309.00
27.1800      363.00
27.2000      357.00
27.2200      351.00
27.2400      416.00
27.2600      370.00
27.2800      432.00
27.3000      459.00
27.3200      437.00
27.3400      451.00
27.3600      415.00
27.3800      449.00
27.4000      468.00
27.4200      491.00
27.4400      486.00
27.4600      495.00
27.4800      564.00
27.5000      606.00
27.5200      692.00
27.5400      776.00
27.5600      859.00
27.5800     1009.00
27.6000     1234.00
27.6200     1340.00
27.6400     1444.00
27.6600     1507.00
27.6800     1596.00
27.7000     1553.00
27.7200     1578.00
27.7400     1545.00
27.7600     1373.00
27.7800     1247.00
27.8000     1092.00
27.8200      938.00
27.8400      838.00
27.8600      673.00
27.8800      586.00
27.9000      510.00
27.9200      512.00
27.9400      444.00
27.9600      405.00
27.9800      413.00
28.0000      359.00
28.0200      377.00
28.0400      338.00
28.0600      365.00
28.0800      341.00
28.1000      372.00
28.1200      323.00
28.1400      319.00
28.1600      328.00
28.1800      337.00
28.2000      342.00
28.2200      331.00
28.2400      337.00
28.2600      371.00
28.2800      417.00
28.3000      442.00
28.3200      495.00
28.3400      622.00
28.3600      684.00
28.3800      813.00
28.4000      925.00
28.4200     1023.00
28.4400     1142.00
28.4600     1249.00
28.4800     1291.00
28.5000     1292.00
28.5200     1386.00
28.5400     1368.00
28.5600     1279.00
28.5800     1222.00
28.6000     1131.00
28.6200      992.00
28.6400      949.00
28.6600      873.00
28.6800      825.00
28.7000      803.00
28.7200      794.00
28.7400      732.00
28.7600      676.00
28.7800      657.00
28.8000      609.00
28.8200      562.00
28.8400      506.00
28.8600      508.00
28.8800      505.00
28.9000      481.00
28.9200      475.00
28.9400      487.00
28.9600      500.00
28.9800      435.00
29.0000      442.00
29.0200      492.00
29.0400      453.00
29.0600      469.00
29.0800      478.00
29.1000      511.00
29.1200      492.00
29.1400      530.00
29.1600      539.00
29.1800      559.00
29.2000      537.00
29.2200      546.00
29.2400      568.00
29.2600      558.00
29.2800      563.00
29.3000      527.00
29.3200      570.00
29.3400      523.00
29.3600      551.00
29.3800      570.00
29.4000      589.00
29.4200      628.00
29.4400      654.00
29.4600      654.00
29.4800      646.00
29.5000      640.00
29.5200      618.00
29.5400      575.00
29.5600      568.00
29.5800      452.00
29.6000      424.00
29.6200      393.00
29.6400      350.00
29.6600      321.00
29.6800      320.00
29.7000      287.00
29.7200      270.00
29.7400      264.00
29.7600      245.00
29.7800      247.00
29.8000      230.00
29.8200      217.00
29.8400      267.00
29.8600      208.00
29.8800      226.00
29.9000      217.00
29.9200      251.00
29.9400      233.00
29.9600      262.00
29.9800      299.00
30.0000      324.00
30.0200      350.00
30.0400      380.00
30.0600      383.00
30.0800      403.00
30.1000      434.00
30.1200      438.00
30.1400      467.00
30.1600      456.00
30.1800      431.00
30.2000      465.00
30.2200      425.00
30.2400      437.00
30.2600      448.00
30.2800      411.00
30.3000      389.00
30.3200      403.00
30.3400      370.00
30.3600      383.00
30.3800      356.00
30.4000      359.00
30.4200      336.00
30.4400      273.00
30.4600      293.00
30.4800      272.00
30.5000      278.00
30.5200      307.00
30.5400      274.00
30.5600      293.00
30.5800      252.00
30.6000      354.00
30.6200      312.00
30.6400      321.00
30.6600      324.00
30.6800      315.00
30.7000      324.00
30.7200      310.00
30.7400      294.00
30.7600      265.00
30.7800      319.00
30.8000      256.00
30.8200      257.00
30.8400      255.00
30.8600      227.00
30.8800      256.00
30.9000      224.00
30.9200      267.00
30.9400      235.00
30.9600      252.00
30.9800      267.00
31.0000      263.00
31.0200      271.00
31.0400      245.00
31.0600      273.00
31.0800      241.00
31.1000      243.00
31.1200      218.00
31.1400      246.00
31.1600      217.00
31.1800      209.00
31.2000      226.00
31.2200      195.00
31.2400      183.00
31.2600      222.00
31.2800      192.00
31.3000      204.00
31.3200      195.00
31.3400      196.00
31.3600      194.00
31.3800      204.00
31.4000      232.00
31.4200      218.00
31.4400      213.00
31.4600      231.00
31.4800      262.00
31.5000      235.00
31.5200      277.00
31.5400      264.00
31.5600      279.00
31.5800      260.00
31.6000      276.00
31.6200      263.00
31.6400      260.00
31.6600      293.00
31.6800      253.00
31.7000      255.00
31.7200      234.00
31.7400      231.00
31.7600      201.00
31.7800      227.00
31.8000      226.00
31.8200      253.00
31.8400      244.00
31.8600      278.00
31.8800      285.00
31.9000      286.00
31.9200      304.00
31.9400      309.00
31.9600      305.00
31.9800      334.00
32.0000      300.00
32.0200      321.00
32.0400      331.00
32.0600      335.00
32.0800      386.00
32.1000      346.00
32.1200      332.00
32.1400      379.00
32.1600      355.00
32.1800      378.00
32.2000      352.00
32.2200      363.00
32.2400      368.00
32.2600      356.00
32.2800      348.00
32.3000      387.00
32.3200      336.00
32.3400      356.00
32.3600      369.00
32.3800      359.00
32.4000      362.00
32.4200      393.00
32.4400      370.00
32.4600      396.00
32.4800      387.00
32.5000      430.00
32.5200      404.00
32.5400      451.00
32.5600      499.00
32.5800      513.00
32.6000      546.00
32.6200      553.00
32.6400      490.00
32.6600      518.00
32.6800      547.00
32.7000      500.00
32.7200      476.00
32.7400      463.00
32.7600      439.00
32.7800      393.00
32.8000      402.00
32.8200      351.00
32.8400      335.00
32.8600      352.00
32.8800      332.00
32.9000      319.00
32.9200      285.00
32.9400      329.00
32.9600      311.00
32.9800      331.00
33.0000      287.00
33.0200      294.00
33.0400      330.00
33.0600      302.00
33.0800      293.00
33.1000      329.00
33.1200      297.00
33.1400      345.00
33.1600      374.00
33.1800      343.00
33.2000      404.00
33.2200      386.00
33.2400      380.00
33.2600      436.00
33.2800      419.00
33.3000      424.00
33.3200      423.00
33.3400      454.00
33.3600      454.00
33.3800      407.00
33.4000      392.00
33.4200      401.00
33.4400      354.00
33.4600      360.00
33.4800      376.00
33.5000      341.00
33.5200      354.00
33.5400      321.00
33.5600      336.00
33.5800      314.00
33.6000      318.00
33.6200      293.00
33.6400      250.00
33.6600      277.00
33.6800      233.00
33.7000      205.00
33.7200      240.00
33.7400      211.00
33.7600      204.00
33.7800      204.00
33.8000      198.00
33.8200      207.00
33.8400      215.00
33.8600      239.00
33.8800      230.00
33.9000      244.00
33.9200      227.00
33.9400      240.00
33.9600      250.00
33.9800      254.00
34.0000      258.00
34.0200      257.00
34.0400      251.00
34.0600      292.00
34.0800      305.00
34.1000      337.00
34.1200      327.00
34.1400      392.00
34.1600      410.00
34.1800      482.00
34.2000      474.00
34.2200      439.00
34.2400      455.00
34.2600      452.00
34.2800      439.00
34.3000      389.00
34.3200      378.00
34.3400      354.00
34.3600      305.00
34.3800      292.00
34.4000      284.00
34.4200      261.00
34.4400      258.00
34.4600      230.00
34.4800      222.00
34.5000      209.00
34.5200      252.00
34.5400      207.00
34.5600      245.00
34.5800      203.00
34.6000      215.00
34.6200      200.00
34.6400      198.00
34.6600      193.00
34.6800      218.00
34.7000      224.00
34.7200      248.00
34.7400      260.00
34.7600      225.00
34.7800      250.00
34.8000      282.00
34.8200      269.00
34.8400      274.00
34.8600      271.00
34.8800      269.00
34.9000      253.00
34.9200      276.00
34.9400      264.00
34.9600      280.00
34.9800      255.00
35.0000      277.00
