 3.0000      281.00
 3.0200      299.00
 3.0400      274.00
 3.0600      248.00
 3.0800      257.00
 3.1000      279.00
 3.1200      250.00
 3.1400      244.00
 3.1600      249.00
 3.1800      260.00
 3.2000      264.00
 3.2200      238.00
 3.2400      253.00
 3.2600      237.00
 3.2800      248.00
 3.3000      232.00
 3.3200      256.00
 3.3400      249.00
 3.3600      207.00
 3.3800      242.00
 3.4000      224.00
 3.4200      220.00
 3.4400      228.00
 3.4600      225.00
 3.4800      235.00
 3.5000      225.00
 3.5200      207.00
 3.5400      241.00
 3.5600      195.00
 3.5800      219.00
 3.6000      237.00
 3.6200      255.00
 3.6400      195.00
 3.6600      205.00
 3.6800      236.00
 3.7000      207.00
 3.7200      230.00
 3.7400      201.00
 3.7600      213.00
 3.7800      186.00
 3.8000      226.00
 3.8200      208.00
 3.8400      179.00
 3.8600      203.00
 3.8800      186.00
 3.9000      180.00
 3.9200      183.00
 3.9400      212.00
 3.9600      201.00
 3.9800      206.00
 4.0000      185.00
 4.0200      181.00
 4.0400      211.00
 4.0600      192.00
 4.0800      182.00
 4.1000      203.00
 4.1200      179.00
 4.1400      161.00
 4.1600      172.00
 4.1800      178.00
 4.2000      176.00
 4.2200      169.00
 4.2400      176.00
 4.2600      172.00
 4.2800      163.00
 4.3000      187.00
 4.3200      179.00
 4.3400      173.00
 4.3600      155.00
 4.3800      152.00
 4.4000      159.00
 4.4200      161.00
 4.4400      168.00
 4.4600      136.00
 4.4800      161.00
 4.5000      157.00
 4.5200      139.00
 4.5400      152.00
 4.5600      132.00
 4.5800      179.00
 4.6000      162.00
 4.6200      163.00
 4.6400      166.00
 4.6600      152.00
 4.6800      136.00
 4.7000      174.00
 4.7200      157.00
 4.7400      155.00
 4.7600      122.00
 4.7800      136.00
 4.8000      139.00
 4.8200      129.00
 4.8400      147.00
 4.8600      154.00
 4.8800      158.00
 4.9000      129.00
 4.9200      140.00
 4.9400      134.00
 4.9600      144.00
 4.9800      166.00
 5.0000      161.00
 5.0200      133.00
 5.0400      152.00
 5.0600      124.00
 5.0800      126.00
 5.1000      129.00
 5.1200      150.00
 5.1400      165.00
 5.1600      144.00
 5.1800      127.00
 5.2000      160.00
 5.2200      145.00
 5.2400      139.00
 5.2600      133.00
 5.2800      133.00
 5.3000      141.00
 5.3200      136.00
 5.3400      145.00
 5.3600      136.00
 5.3800      145.00
 5.4000      154.00
 5.4200      130.00
 5.4400      149.00
 5.4600      139.00
 5.4800      159.00
 5.5000      152.00
 5.5200      155.00
 5.5400      150.00
 5.5600      159.00
 5.5800      124.00
 5.6000      135.00
 5.6200      134.00
 5.6400      135.00
 5.6600      152.00
 5.6800      157.00
 5.7000      163.00
 5.7200      146.00
 5.7400      132.00
 5.7600      136.00
 5.7800      139.00
 5.8000      130.00
 5.8200      136.00
 5.8400      152.00
 5.8600      114.00
 5.8800      161.00
 5.9000      151.00
 5.9200      160.00
 5.9400      168.00
 5.9600      134.00
 5.9800      146.00
 6.0000      147.00
 6.0200      146.00
 6.0400      157.00
 6.0600      144.00
 6.0800      151.00
 6.1000      142.00
 6.1200      153.00
 6.1400      124.00
 6.1600      133.00
 6.1800      164.00
 6.2000      157.00
 6.2200      179.00
 6.2400      160.00
 6.2600      176.00
 6.2800      159.00
 6.3000      132.00
 6.3200      139.00
 6.3400      142.00
 6.3600      152.00
 6.3800      131.00
 6.4000      159.00
 6.4200      148.00
 6.4400      140.00
 6.4600      130.00
 6.4800      123.00
 6.5000      140.00
 6.5200      166.00
 6.5400      159.00
 6.5600      160.00
 6.5800      164.00
 6.6000      147.00
 6.6200      151.00
 6.6400      146.00
 6.6600      172.00
 6.6800      152.00
 6.7000      151.00
 6.7200      175.00
 6.7400      185.00
 6.7600      149.00
 6.7800      177.00
 6.8000      172.00
 6.8200      163.00
 6.8400      191.00
 6.8600      177.00
 6.8800      177.00
 6.9000      190.00
 6.9200      219.00
 6.9400      165.00
 6.9600      177.00
 6.9800      173.00
 7.0000      157.00
 7.0200      149.00
 7.0400      162.00
 7.0600      153.00
 7.0800      154.00
 7.1000      162.00
 7.1200      182.00
 7.1400      165.00
 7.1600      146.00
 7.1800      140.00
 7.2000      164.00
 7.2200      149.00
 7.2400      148.00
 7.2600      145.00
 7.2800      127.00
 7.3000      167.00
 7.3200      155.00
 7.3400      174.00
 7.3600      112.00
 7.3800      149.00
 7.4000      161.00
 7.4200      146.00
 7.4400      156.00
 7.4600      141.00
 7.4800      123.00
 7.5000      119.00
 7.5200      142.00
 7.5400      150.00
 7.5600      135.00
 7.5800      141.00
 7.6000      137.00
 7.6200      145.00
 7.6400      137.00
 7.6600      137.00
 7.6800      155.00
 7.7000      160.00
 7.7200      165.00
 7.7400      149.00
 7.7600      174.00
 7.7800      140.00
 7.8000      142.00
 7.8200      146.00
 7.8400      151.00
 7.8600      148.00
 7.8800      143.00
 7.9000      137.00
 7.9200      176.00
 7.9400      147.00
 7.9600      160.00
 7.9800      148.00
 8.0000      138.00
 8.0200      155.00
 8.0400      155.00
 8.0600      156.00
 8.0800      163.00
 8.1000      136.00
 8.1200      146.00
 8.1400      157.00
 8.1600      163.00
 8.1800      146.00
 8.2000      157.00
 8.2200      155.00
 8.2400      157.00
 8.2600      145.00
 8.2800      164.00
 8.3000      161.00
 8.3200      161.00
 8.3400      140.00
 8.3600      140.00
 8.3800      138.00
 8.4000      143.00
 8.4200      150.00
 8.4400      147.00
 8.4600      151.00
 8.4800      154.00
 8.5000      168.00
 8.5200      160.00
 8.5400      144.00
 8.5600      135.00
 8.5800      141.00
 8.6000      139.00
 8.6200      168.00
 8.6400      180.00
 8.6600      176.00
 8.6800      186.00
 8.7000      173.00
 8.7200      188.00
 8.7400      184.00
 8.7600      172.00
 8.7800      193.00
 8.8000      188.00
 8.8200      186.00
 8.8400      216.00
 8.8600      172.00
 8.8800      191.00
 8.9000      184.00
 8.9200      158.00
 8.9400      152.00
 8.9600      170.00
 8.9800      151.00
 9.0000      139.00
 9.0200      138.00
 9.0400      144.00
 9.0600      131.00
 9.0800      157.00
 9.1000      159.00
 9.1200      159.00
 9.1400      115.00
 9.1600      146.00
 9.1800      161.00
 9.2000      154.00
 9.2200      159.00
 9.2400      153.00
 9.2600      145.00
 9.2800      160.00
 9.3000      158.00
 9.3200      151.00
 9.3400      132.00
 9.3600      140.00
 9.3800      162.00
 9.4000      152.00
 9.4200      159.00
 9.4400      153.00
 9.4600      156.00
 9.4800      148.00
 9.5000      133.00
 9.5200      170.00
 9.5400      131.00
 9.5600      157.00
 9.5800      171.00
 9.6000      143.00
 9.6200      157.00
 9.6400      173.00
 9.6600      160.00
 9.6800      164.00
 9.7000      161.00
 9.7200      192.00
 9.7400      160.00
 9.7600      169.00
 9.7800      160.00
 9.8000      177.00
 9.8200      177.00
 9.8400      169.00
 9.8600      166.00
 9.8800      178.00
 9.9000      178.00
 9.9200      177.00
 9.9400      166.00
 9.9600      172.00
 9.9800      209.00
10.0000      176.00
10.0200      202.00
10.0400      184.00
10.0600      173.00
10.0800      180.00
10.1000      147.00
10.1200      169.00
10.1400      171.00
10.1600      175.00
10.1800      176.00
10.2000      161.00
10.2200      149.00
10.2400      156.00
10.2600      186.00
10.2800      159.00
10.3000      158.00
10.3200      155.00
10.3400      133.00
10.3600      140.00
10.3800      149.00
10.4000      159.00
10.4200      184.00
10.4400      159.00
10.4600      174.00
10.4800      154.00
10.5000      184.00
10.5200      139.00
10.5400      171.00
10.5600      163.00
10.5800      192.00
10.6000      186.00
10.6200      184.00
10.6400      183.00
10.6600      195.00
10.6800      187.00
10.7000      204.00
10.7200      215.00
10.7400      216.00
10.7600      215.00
10.7800      244.00
10.8000      233.00
10.8200      262.00
10.8400      277.00
10.8600      274.00
10.8800      317.00
10.9000      368.00
10.9200      351.00
10.9400      388.00
10.9600      439.00
10.9800      490.00
11.0000      508.00
11.0200      517.00
11.0400      566.00
11.0600      618.00
11.0800      625.00
11.1000      590.00
11.1200      563.00
11.1400      521.00
11.1600      547.00
11.1800      510.00
11.2000      505.00
11.2200      467.00
11.2400      447.00
11.2600      456.00
11.2800      442.00
11.3000      443.00
11.3200      406.00
11.3400      382.00
11.3600      379.00
11.3800      306.00
11.4000      306.00
11.4200      263.00
11.4400      225.00
11.4600      193.00
11.4800      185.00
11.5000      203.00
11.5200      192.00
11.5400      168.00
11.5600      171.00
11.5800      199.00
11.6000      193.00
11.6200      179.00
11.6400      186.00
11.6600      193.00
11.6800      181.00
11.7000      201.00
11.7200      199.00
11.7400      192.00
11.7600      217.00
11.7800      221.00
11.8000      227.00
11.8200      234.00
11.8400      221.00
11.8600      240.00
11.8800      272.00
11.9000      273.00
11.9200      267.00
11.9400      314.00
11.9600      320.00
11.9800      366.00
12.0000      385.00
12.0200      417.00
12.0400      451.00
12.0600      487.00
12.0800      467.00
12.1000      539.00
12.1200      542.00
12.1400      530.00
12.1600      508.00
12.1800      480.00
12.2000      475.00
12.2200      436.00
12.2400      423.00
12.2600      404.00
12.2800      364.00
12.3000      358.00
12.3200      370.00
12.3400      343.00
12.3600      374.00
12.3800      343.00
12.4000      370.00
12.4200      429.00
12.4400      433.00
12.4600      537.00
12.4800      551.00
12.5000      610.00
12.5200      567.00
12.5400      611.00
12.5600      579.00
12.5800      556.00
12.6000      543.00
12.6200      509.00
12.6400      418.00
12.6600      388.00
12.6800      331.00
12.7000      281.00
12.7200      250.00
12.7400      218.00
12.7600      203.00
12.7800      221.00
12.8000      179.00
12.8200      184.00
12.8400      200.00
12.8600      187.00
12.8800      210.00
12.9000      177.00
12.9200      200.00
12.9400      173.00
12.9600      178.00
12.9800      189.00
13.0000      193.00
13.0200      180.00
13.0400      165.00
13.0600      156.00
13.0800      188.00
13.1000      156.00
13.1200      186.00
13.1400      188.00
13.1600      177.00
13.1800      171.00
13.2000      179.00
13.2200      199.00
13.2400      191.00
13.2600      200.00
13.2800      182.00
13.3000      154.00
13.3200      199.00
13.3400      181.00
13.3600      180.00
13.3800      181.00
13.4000      180.00
13.4200      172.00
13.4400      186.00
13.4600      157.00
13.4800      180.00
13.5000      159.00
13.5200      193.00
13.5400      196.00
13.5600      181.00
13.5800      191.00
13.6000      182.00
13.6200      173.00
13.6400      176.00
13.6600      182.00
13.6800      178.00
13.7000      194.00
13.7200      194.00
13.7400      205.00
13.7600      203.00
13.7800      197.00
13.8000      213.00
13.8200      218.00
13.8400      208.00
13.8600      213.00
13.8800      218.00
13.9000      230.00
13.9200      235.00
13.9400      232.00
13.9600      260.00
13.9800      280.00
14.0000      344.00
14.0200      343.00
14.0400      366.00
14.0600      444.00
14.0800      451.00
14.1000      513.00
14.1200      568.00
14.1400      636.00
14.1600      701.00
14.1800      726.00
14.2000      785.00
14.2200      827.00
14.2400      836.00
14.2600      783.00
14.2800      785.00
14.3000      744.00
14.3200      686.00
14.3400      641.00
14.3600      528.00
14.3800      519.00
14.4000      459.00
14.4200      394.00
14.4400      367.00
14.4600      355.00
14.4800      318.00
14.5000      325.00
14.5200      279.00
14.5400      234.00
14.5600      232.00
14.5800      197.00
14.6000      207.00
14.6200      185.00
14.6400      182.00
14.6600      183.00
14.6800      176.00
14.7000      199.00
14.7200      183.00
14.7400      201.00
14.7600      209.00
14.7800      180.00
14.8000      198.00
14.8200      193.00
14.8400      203.00
14.8600      203.00
14.8800      164.00
14.9000      193.00
14.9200      174.00
14.9400      153.00
14.9600      179.00
14.9800      158.00
15.0000      185.00
15.0200      177.00
15.0400      181.00
15.0600      188.00
15.0800      157.00
15.1000      170.00
15.1200      167.00
15.1400      190.00
15.1600      162.00
15.1800      170.00
15.2000      161.00
15.2200      174.00
15.2400      182.00
15.2600      146.00
15.2800      189.00
15.3000      174.00
15.3200      186.00
15.3400      159.00
15.3600      176.00
15.3800      171.00
15.4000      188.00
15.4200      180.00
15.4400      185.00
15.4600      171.00
15.4800      173.00
15.5000      194.00
15.5200      196.00
15.5400      197.00
15.5600      171.00
15.5800      225.00
15.6000      179.00
15.6200      199.00
15.6400      187.00
15.6600      165.00
15.6800      197.00
15.7000      204.00
15.7200      223.00
15.7400      248.00
15.7600      252.00
15.7800      244.00
15.8000      259.00
15.8200      272.00
15.8400      296.00
15.8600      356.00
15.8800      363.00
15.9000      359.00
15.9200      414.00
15.9400      377.00
15.9600      422.00
15.9800      382.00
16.0000      408.00
16.0200      399.00
16.0400      379.00
16.0600      388.00
16.0800      415.00
16.1000      393.00
16.1200      477.00
16.1400      491.00
16.1600      488.00
16.1800      454.00
16.2000      477.00
16.2200      461.00
16.2400      453.00
16.2600      480.00
16.2800      435.00
16.3000      440.00
16.3200      404.00
16.3400      395.00
16.3600      390.00
16.3800      405.00
16.4000      435.00
16.4200      427.00
16.4400      468.00
16.4600      514.00
16.4800      481.00
16.5000      533.00
16.5200      486.00
16.5400      469.00
16.5600      450.00
16.5800      400.00
16.6000      363.00
16.6200      337.00
16.6400      317.00
16.6600      271.00
16.6800      233.00
16.7000      228.00
16.7200      221.00
16.7400      208.00
16.7600      221.00
16.7800      250.00
16.8000      224.00
16.8200      250.00
16.8400      211.00
16.8600      276.00
16.8800      279.00
16.9000      292.00
16.9200      334.00
16.9400      346.00
16.9600      390.00
16.9800      438.00
17.0000      484.00
17.0200      489.00
17.0400      519.00
17.0600      583.00
17.0800      553.00
17.1000      508.00
17.1200      514.00
17.1400      513.00
17.1600      526.00
17.1800      484.00
17.2000      469.00
17.2200      457.00
17.2400      435.00
17.2600      404.00
17.2800      408.00
17.3000      459.00
17.3200      517.00
17.3400      562.00
17.3600      665.00
17.3800      740.00
17.4000      882.00
17.4200      973.00
17.4400     1126.00
17.4600     1272.00
17.4800     1425.00
17.5000     1534.00
17.5200     1704.00
17.5400     1815.00
17.5600     1930.00
17.5800     1962.00
17.6000     1795.00
17.6200     1768.00
17.6400     1603.00
17.6600     1508.00
17.6800     1354.00
17.7000     1139.00
17.7200      949.00
17.7400      830.00
17.7600      640.00
17.7800      536.00
17.8000      435.00
17.8200      411.00
17.8400      368.00
17.8600      368.00
17.8800      357.00
17.9000      350.00
17.9200      347.00
17.9400      308.00
17.9600      301.00
17.9800      308.00
18.0000      281.00
18.0200      270.00
18.0400      249.00
18.0600      265.00
18.0800      224.00
18.1000      220.00
18.1200      204.00
18.1400      255.00
18.1600      237.00
18.1800      246.00
18.2000      265.00
18.2200      292.00
18.2400      332.00
18.2600      297.00
18.2800      334.00
18.3000      444.00
18.3200      462.00
18.3400      484.00
18.3600      564.00
18.3800      605.00
18.4000      626.00
18.4200      643.00
18.4400      652.00
18.4600      669.00
18.4800      659.00
18.5000      587.00
18.5200      551.00
18.5400      468.00
18.5600      465.00
18.5800      386.00
18.6000      378.00
18.6200      335.00
18.6400      311.00
18.6600      304.00
18.6800      259.00
18.7000      309.00
18.7200      304.00
18.7400      301.00
18.7600      288.00
18.7800      315.00
18.8000      319.00
18.8200      289.00
18.8400      267.00
18.8600      303.00
18.8800      308.00
18.9000      258.00
18.9200      249.00
18.9400      254.00
18.9600      262.00
18.9800      256.00
19.0000      273.00
19.0200      266.00
19.0400      267.00
19.0600      244.00
19.0800      296.00
19.1000      309.00
19.1200      316.00
19.1400      310.00
19.1600      305.00
19.1800      301.00
19.2000      321.00
19.2200      298.00
19.2400      302.00
19.2600      291.00
19.2800      276.00
19.3000      341.00
19.3200      288.00
19.3400      301.00
19.3600      322.00
19.3800      284.00
19.4000      326.00
19.4200      342.00
19.4400      368.00
19.4600      397.00
19.4800      445.00
19.5000      572.00
19.5200      610.00
19.5400      737.00
19.5600      881.00
19.5800      905.00
19.6000     1057.00
19.6200     1176.00
19.6400     1231.00
19.6600     1263.00
19.6800     1369.00
19.7000     1326.00
19.7200     1282.00
19.7400     1196.00
19.7600     1108.00
19.7800      959.00
19.8000      849.00
19.8200      758.00
19.8400      624.00
19.8600      547.00
19.8800      495.00
19.9000      444.00
19.9200      399.00
19.9400      318.00
19.9600      343.00
19.9800      278.00
20.0000      275.00
20.0200      292.00
20.0400      271.00
20.0600      272.00
20.0800      253.00
20.1000      243.00
20.1200      221.00
20.1400      257.00
20.1600      244.00
20.1800      268.00
20.2000      233.00
20.2200      224.00
20.2400      230.00
20.2600      220.00
20.2800      250.00
20.3000      218.00
20.3200      230.00
20.3400      255.00
20.3600      263.00
20.3800      270.00
20.4000      276.00
20.4200      301.00
20.4400      285.00
20.4600      312.00
20.4800      386.00
20.5000      351.00
20.5200      441.00
20.5400      520.00
20.5600      590.00
20.5800      708.00
20.6000      826.00
20.6200      927.00
20.6400      916.00
20.6600     1009.00
20.6800     1053.00
20.7000     1122.00
20.7200     1144.00
20.7400     1063.00
20.7600     1104.00
20.7800     1121.00
20.8000     1082.00
20.8200     1086.00
20.8400     1093.00
20.8600     1245.00
20.8800     1289.00
20.9000     1370.00
20.9200     1518.00
20.9400     1676.00
20.9600     1871.00
20.9800     1954.00
21.0000     2162.00
21.0200     2266.00
21.0400     2383.00
21.0600     2298.00
21.0800     2252.00
21.1000     2172.00
21.1200     1897.00
21.1400     1733.00
21.1600     1524.00
21.1800     1264.00
21.2000     1032.00
21.2200      838.00
21.2400      640.00
21.2600      532.00
21.2800      365.00
21.3000      324.00
21.3200      294.00
21.3400      260.00
21.3600      278.00
21.3800      257.00
21.4000      275.00
21.4200      274.00
21.4400      242.00
21.4600      254.00
21.4800      265.00
21.5000      218.00
21.5200      223.00
21.5400      218.00
21.5600      202.00
21.5800      241.00
21.6000      208.00
21.6200      201.00
21.6400      204.00
21.6600      224.00
21.6800      206.00
21.7000      209.00
21.7200      221.00
21.7400      235.00
21.7600      225.00
21.7800      220.00
21.8000      220.00
21.8200      224.00
21.8400      197.00
21.8600      208.00
21.8800      242.00
21.9000      228.00
21.9200      241.00
21.9400      234.00
21.9600      273.00
21.9800      265.00
22.0000      228.00
22.0200      262.00
22.0400      276.00
22.0600      261.00
22.0800      251.00
22.1000      320.00
22.1200      337.00
22.1400      334.00
22.1600      376.00
22.1800      404.00
22.2000      408.00
22.2200      502.00
22.2400      500.00
22.2600      571.00
22.2800      609.00
22.3000      584.00
22.3200      637.00
22.3400      628.00
22.3600      584.00
22.3800      627.00
22.4000      624.00
22.4200      653.00
22.4400      626.00
22.4600      671.00
22.4800      725.00
22.5000      715.00
22.5200      773.00
22.5400      844.00
22.5600      971.00
22.5800      992.00
22.6000     1021.00
22.6200     1086.00
22.6400     1057.00
22.6600     1015.00
22.6800      881.00
22.7000      890.00
22.7200      722.00
22.7400      713.00
22.7600      616.00
22.7800      579.00
22.8000      521.00
22.8200      540.00
22.8400      519.00
22.8600      514.00
22.8800      485.00
22.9000      535.00
22.9200      544.00
22.9400      599.00
22.9600      632.00
22.9800      560.00
23.0000      638.00
23.0200      660.00
23.0400      682.00
23.0600      677.00
23.0800      619.00
23.1000      683.00
23.1200      662.00
23.1400      665.00
23.1600      664.00
23.1800      625.00
23.2000      570.00
23.2200      562.00
23.2400      536.00
23.2600      572.00
23.2800      512.00
23.3000      496.00
23.3200      485.00
23.3400      513.00
23.3600      549.00
23.3800      608.00
23.4000      570.00
23.4200      559.00
23.4400      589.00
23.4600      539.00
23.4800      502.00
23.5000      499.00
23.5200      451.00
23.5400      393.00
23.5600      362.00
23.5800      319.00
23.6000      323.00
23.6200      270.00
23.6400      256.00
23.6600      260.00
23.6800      252.00
23.7000      284.00
23.7200      272.00
23.7400      310.00
23.7600      243.00
23.7800      268.00
23.8000      239.00
23.8200      339.00
23.8400      329.00
23.8600      343.00
23.8800      356.00
23.9000      382.00
23.9200      408.00
23.9400      467.00
23.9600      531.00
23.9800      592.00
24.0000      648.00
24.0200      755.00
24.0400      747.00
24.0600      855.00
24.0800      922.00
24.1000      872.00
24.1200      959.00
24.1400      947.00
24.1600      916.00
24.1800      826.00
24.2000      806.00
24.2200      754.00
24.2400      747.00
24.2600      787.00
24.2800      765.00
24.3000      858.00
24.3200      856.00
24.3400      871.00
24.3600      940.00
24.3800      976.00
24.4000      921.00
24.4200      892.00
24.4400      840.00
24.4600      812.00
24.4800      692.00
24.5000      595.00
24.5200      543.00
24.5400      459.00
24.5600      378.00
24.5800      353.00
24.6000      323.00
24.6200      268.00
24.6400      237.00
24.6600      279.00
24.6800      289.00
24.7000      301.00
24.7200      324.00
24.7400      285.00
24.7600      370.00
24.7800      384.00
24.8000      427.00
24.8200      489.00
24.8400      561.00
24.8600      623.00
24.8800      630.00
24.9000      643.00
24.9200      719.00
24.9400      728.00
24.9600      757.00
24.9800      630.00
25.0000      653.00
25.0200      561.00
25.0400      503.00
25.0600      423.00
25.0800      406.00
25.1000      346.00
25.1200      299.00
25.1400      287.00
25.1600      287.00
25.1800      255.00
25.2000      208.00
25.2200      213.00
25.2400      219.00
25.2600      214.00
25.2800      195.00
25.3000      226.00
25.3200      189.00
25.3400      209.00
25.3600      226.00
25.3800      199.00
25.4000      182.00
25.4200      188.00
25.4400      171.00
25.4600      185.00
25.4800      161.00
25.5000      172.00
25.5200      201.00
25.5400      200.00
25.5600      183.00
25.5800      221.00
25.6000      183.00
25.6200      185.00
25.6400      169.00
25.6600      198.00
25.6800      179.00
25.7000      175.00
25.7200      191.00
25.7400      187.00
25.7600      206.00
25.7800      181.00
25.8000      197.00
25.8200      225.00
25.8400      221.00
25.8600      237.00
25.8800      224.00
25.9000      245.00
25.9200      319.00
25.9400      301.00
25.9600      322.00
25.9800      375.00
26.0000      373.00
26.0200      411.00
26.0400      362.00
26.0600      437.00
26.0800      441.00
26.1000      471.00
26.1200      444.00
26.1400      431.00
26.1600      471.00
26.1800      515.00
26.2000      514.00
26.2200      478.00
26.2400      480.00
26.2600      454.00
26.2800      455.00
26.3000      484.00
26.3200      421.00
26.3400      431.00
26.3600      441.00
26.3800      449.00
26.4000      409.00
26.4200      411.00
26.4400      436.00
26.4600      436.00
26.4800      438.00
26.5000      467.00
26.5200      414.00
26.5400      388.00
26.5600      395.00
26.5800      344.00
26.6000      337.00
26.6200      360.00
26.6400      281.00
26.6600      255.00
26.6800      232.00
26.7000      211.00
26.7200      213.00
26.7400      214.00
26.7600      196.00
26.7800      192.00
26.8000      192.00
26.8200      203.00
26.8400      201.00
26.8600      226.00
26.8800      184.00
26.9000      222.00
26.9200      226.00
26.9400      234.00
26.9600      231.00
26.9800      233.00
27.0000      226.00
27.0200      240.00
27.0400      263.00
27.0600      239.00
27.0800      251.00
27.1000      248.00
27.1200      238.00
27.1400      247.00
27.1600      259.00
27.1800      265.00
27.2000      292.00
27.2200      294.00
27.2400      317.00
27.2600      310.00
27.2800      333.00
27.3000      345.00
27.3200      360.00
27.3400      363.00
27.3600      360.00
27.3800      344.00
27.4000      343.00
27.4200      331.00
27.4400      357.00
27.4600      364.00
27.4800      400.00
27.5000      416.00
27.5200      457.00
27.5400      447.00
27.5600      522.00
27.5800      623.00
27.6000      635.00
27.6200      724.00
27.6400      761.00
27.6600      792.00
27.6800      809.00
27.7000      854.00
27.7200      839.00
27.7400      812.00
27.7600      763.00
27.7800      742.00
27.8000      636.00
27.8200      552.00
27.8400      459.00
27.8600      439.00
27.8800      365.00
27.9000      366.00
27.9200      322.00
27.9400      338.00
27.9600      334.00
27.9800      310.00
28.0000      270.00
28.0200      287.00
28.0400      249.00
28.0600      258.00
28.0800      245.00
28.1000      269.00
28.1200      254.00
28.1400      249.00
28.1600      256.00
28.1800      240.00
28.2000      246.00
28.2200      253.00
28.2400      263.00
28.2600      302.00
28.2800      308.00
28.3000      337.00
28.3200      392.00
28.3400      480.00
28.3600      522.00
28.3800      603.00
28.4000      706.00
28.4200      812.00
28.4400      841.00
28.4600      919.00
28.4800     1023.00
28.5000     1048.00
28.5200     1032.00
28.5400     1044.00
28.5600     1007.00
28.5800      905.00
28.6000      883.00
28.6200      843.00
28.6400      738.00
28.6600      714.00
28.6800      643.00
28.7000      569.00
28.7200      584.00
28.7400      559.00
28.7600      475.00
28.7800      453.00
28.8000      445.00
28.8200      463.00
28.8400      397.00
28.8600      382.00
28.8800      378.00
28.9000      337.00
28.9200      319.00
28.9400      301.00
28.9600      294.00
28.9800      324.00
29.0000      328.00
29.0200      286.00
29.0400      296.00
29.0600      322.00
29.0800      343.00
29.1000      373.00
29.1200      346.00
29.1400      366.00
29.1600      415.00
29.1800      391.00
29.2000      416.00
29.2200      429.00
29.2400      430.00
29.2600      395.00
29.2800      437.00
29.3000      401.00
29.3200      388.00
29.3400      449.00
29.3600      396.00
29.3800      428.00
29.4000      451.00
29.4200      478.00
29.4400      449.00
29.4600      500.00
29.4800      506.00
29.5000      486.00
29.5200      477.00
29.5400      422.00
29.5600      399.00
29.5800      352.00
29.6000      323.00
29.6200      262.00
29.6400      250.00
29.6600      230.00
29.6800      216.00
29.7000      192.00
29.7200      204.00
29.7400      191.00
29.7600      201.00
29.7800      180.00
29.8000      177.00
29.8200      184.00
29.8400      163.00
29.8600      152.00
29.8800      198.00
29.9000      165.00
29.9200      187.00
29.9400      212.00
29.9600      180.00
29.9800      234.00
30.0000      245.00
30.0200      251.00
30.0400      289.00
30.0600      315.00
30.0800      343.00
30.1000      342.00
30.1200      343.00
30.1400      367.00
30.1600      348.00
30.1800      353.00
30.2000      381.00
30.2200      357.00
30.2400      351.00
30.2600      332.00
30.2800      308.00
30.3000      296.00
30.3200      281.00
30.3400      292.00
30.3600      249.00
30.3800      238.00
30.4000      231.00
30.4200      226.00
30.4400      259.00
30.4600      230.00
30.4800      212.00
30.5000      215.00
30.5200      236.00
30.5400      190.00
30.5600      230.00
30.5800      224.00
30.6000      213.00
30.6200      219.00
30.6400      258.00
30.6600      211.00
30.6800      220.00
30.7000      241.00
30.7200      214.00
30.7400      207.00
30.7600      230.00
30.7800      210.00
30.8000      196.00
30.8200      227.00
30.8400      219.00
30.8600      199.00
30.8800      182.00
30.9000      209.00
30.9200      201.00
30.9400      201.00
30.9600      213.00
30.9800      179.00
31.0000      196.00
31.0200      177.00
31.0400      193.00
31.0600      186.00
31.0800      192.00
31.1000      202.00
31.1200      178.00
31.1400      170.00
31.1600      171.00
31.1800      182.00
31.2000      172.00
31.2200      169.00
31.2400      158.00
31.2600      155.00
31.2800      185.00
31.3000      158.00
31.3200      170.00
31.3400      163.00
31.3600      154.00
31.3800      174.00
31.4000      174.00
31.4200      150.00
31.4400      181.00
31.4600      216.00
31.4800      168.00
31.5000      221.00
31.5200      191.00
31.5400      218.00
31.5600      205.00
31.5800      235.00
31.6000      193.00
31.6200      220.00
31.6400      199.00
31.6600      208.00
31.6800      190.00
31.7000      202.00
31.7200      203.00
31.7400      186.00
31.7600      207.00
31.7800      181.00
31.8000      149.00
31.8200      201.00
31.8400      179.00
31.8600      205.00
31.8800      193.00
31.9000      205.00
31.9200      177.00
31.9400      207.00
31.9600      241.00
31.9800      246.00
32.0000      252.00
32.0200      246.00
32.0400      251.00
32.0600      268.00
32.0800      243.00
32.1000      262.00
32.1200      292.00
32.1400      302.00
32.1600      263.00
32.1800      307.00
32.2000      291.00
32.2200      310.00
32.2400      255.00
32.2600      272.00
32.2800      292.00
32.3000      267.00
32.3200      258.00
32.3400      294.00
32.3600      275.00
32.3800      298.00
32.4000      293.00
32.4200      277.00
32.4400      291.00
32.4600      311.00
32.4800      312.00
32.5000      289.00
32.5200      348.00
32.5400      331.00
32.5600      387.00
32.5800      377.00
32.6000      399.00
32.6200      442.00
32.6400      440.00
32.6600      396.00
32.6800      394.00
32.7000      357.00
32.7200      371.00
32.7400      359.00
32.7600      280.00
32.7800      305.00
32.8000      293.00
32.8200      323.00
32.8400      284.00
32.8600      246.00
32.8800      266.00
32.9000      248.00
32.9200      237.00
32.9400      276.00
32.9600      223.00
32.9800      243.00
33.0000      265.00
33.0200      257.00
33.0400      236.00
33.0600      251.00
33.0800      228.00
33.1000      269.00
33.1200      254.00
33.1400      256.00
33.1600      260.00
33.1800      258.00
33.2000      281.00
33.2200      312.00
33.2400      292.00
33.2600      294.00
33.2800      325.00
33.3000      307.00
33.3200      309.00
33.3400      316.00
33.3600      317.00
33.3800      312.00
33.4000      286.00
33.4200      263.00
33.4400      258.00
33.4600      279.00
33.4800      282.00
33.5000      247.00
33.5200      262.00
33.5400      266.00
33.5600      270.00
33.5800      213.00
33.6000      235.00
33.6200      203.00
33.6400      208.00
33.6600      203.00
33.6800      195.00
33.7000      154.00
33.7200      157.00
33.7400      141.00
33.7600      162.00
33.7800      157.00
33.8000      154.00
33.8200      169.00
33.8400      172.00
33.8600      151.00
33.8800      174.00
33.9000      175.00
33.9200      166.00
33.9400      177.00
33.9600      172.00
33.9800      172.00
34.0000      189.00
34.0200      208.00
34.0400      204.00
34.0600      200.00
34.0800      233.00
34.1000      267.00
34.1200      290.00
34.1400      288.00
34.1600      287.00
34.1800      318.00
34.2000      318.00
34.2200      349.00
34.2400      363.00
34.2600      329.00
34.2800      333.00
34.3000      291.00
34.3200      268.00
34.3400      249.00
34.3600      234.00
34.3800      214.00
34.4000      193.00
34.4200      202.00
34.4400      191.00
34.4600      165.00
34.4800      163.00
34.5000      175.00
34.5200      180.00
34.5400      140.00
34.5600      151.00
34.5800      171.00
34.6000      188.00
34.6200      139.00
34.6400      156.00
34.6600      172.00
34.6800      170.00
34.7000      182.00
34.7200      163.00
34.7400      179.00
34.7600      183.00
34.7800      180.00
34.8000      181.00
34.8200      201.00
34.8400      202.00
34.8600      194.00
34.8800      190.00
34.9000      215.00
34.9200      204.00
34.9400      218.00
34.9600      217.00
34.9800      176.00
35.0000      203.00
