 3.0000      278.00
 3.0200      271.00
 3.0400      253.00
 3.0600      276.00
 3.0800      232.00
 3.1000      227.00
 3.1200      245.00
 3.1400      252.00
 3.1600      245.00
 3.1800      289.00
 3.2000      238.00
 3.2200      235.00
 3.2400      252.00
 3.2600      265.00
 3.2800      237.00
 3.3000      253.00
 3.3200      225.00
 3.3400      233.00
 3.3600      223.00
 3.3800      201.00
 3.4000      238.00
 3.4200      237.00
 3.4400      215.00
 3.4600      222.00
 3.4800      256.00
 3.5000      232.00
 3.5200      230.00
 3.5400      218.00
 3.5600      198.00
 3.5800      210.00
 3.6000      203.00
 3.6200      204.00
 3.6400      233.00
 3.6600      216.00
 3.6800      205.00
 3.7000      236.00
 3.7200      227.00
 3.7400      194.00
 3.7600      247.00
 3.7800      209.00
 3.8000      208.00
 3.8200      207.00
 3.8400      195.00
 3.8600      214.00
 3.8800      206.00
 3.9000      193.00
 3.9200      194.00
 3.9400      190.00
 3.9600      174.00
 3.9800      178.00
 4.0000      162.00
 4.0200      196.00
 4.0400      174.00
 4.0600      179.00
 4.0800      199.00
 4.1000      191.00
 4.1200      178.00
 4.1400      181.00
 4.1600      179.00
 4.1800      179.00
 4.2000      196.00
 4.2200      163.00
 4.2400      173.00
 4.2600      201.00
 4.2800      165.00
 4.3000      167.00
 4.3200      183.00
 4.3400      168.00
 4.3600      174.00
 4.3800      178.00
 4.4000      182.00
 4.4200      172.00
 4.4400      193.00
 4.4600      161.00
 4.4800      152.00
 4.5000      175.00
 4.5200      143.00
 4.5400      168.00
 4.5600      171.00
 4.5800      152.00
 4.6000      150.00
 4.6200      158.00
 4.6400      147.00
 4.6600      150.00
 4.6800      139.00
 4.7000      140.00
 4.7200      167.00
 4.7400      140.00
 4.7600      165.00
 4.7800      145.00
 4.8000      122.00
 4.8200      136.00
 4.8400      164.00
 4.8600      157.00
 4.8800      156.00
 4.9000      142.00
 4.9200      151.00
 4.9400      151.00
 4.9600      148.00
 4.9800      157.00
 5.0000      164.00
 5.0200      174.00
 5.0400      143.00
 5.0600      146.00
 5.0800      150.00
 5.1000      139.00
 5.1200      155.00
 5.1400      127.00
 5.1600      160.00
 5.1800      146.00
 5.2000      146.00
 5.2200      140.00
 5.2400      148.00
 5.2600      177.00
 5.2800      145.00
 5.3000      131.00
 5.3200      131.00
 5.3400      134.00
 5.3600      156.00
 5.3800      139.00
 5.4000      171.00
 5.4200      133.00
 5.4400      149.00
 5.4600      153.00
 5.4800      138.00
 5.5000      147.00
 5.5200      162.00
 5.5400      172.00
 5.5600      159.00
 5.5800      134.00
 5.6000      154.00
 5.6200      120.00
 5.6400      137.00
 5.6600      139.00
 5.6800      141.00
 5.7000      145.00
 5.7200      147.00
 5.7400      152.00
 5.7600      179.00
 5.7800      129.00
 5.8000      143.00
 5.8200      128.00
 5.8400      141.00
 5.8600      125.00
 5.8800      172.00
 5.9000      135.00
 5.9200      132.00
 5.9400      161.00
 5.9600      144.00
 5.9800      148.00
 6.0000      159.00
 6.0200      150.00
 6.0400      155.00
 6.0600      152.00
 6.0800      141.00
 6.1000      143.00
 6.1200      155.00
 6.1400      161.00
 6.1600      155.00
 6.1800      149.00
 6.2000      149.00
 6.2200      148.00
 6.2400      155.00
 6.2600      146.00
 6.2800      135.00
 6.3000      127.00
 6.3200      132.00
 6.3400      124.00
 6.3600      140.00
 6.3800      130.00
 6.4000      138.00
 6.4200      135.00
 6.4400      158.00
 6.4600      146.00
 6.4800      140.00
 6.5000      154.00
 6.5200      145.00
 6.5400      157.00
 6.5600      161.00
 6.5800      174.00
 6.6000      159.00
 6.6200      177.00
 6.6400      189.00
 6.6600      177.00
 6.6800      175.00
 6.7000      166.00
 6.7200      204.00
 6.7400      198.00
 6.7600      169.00
 6.7800      170.00
 6.8000      174.00
 6.8200      164.00
 6.8400      168.00
 6.8600      152.00
 6.8800      152.00
 6.9000      162.00
 6.9200      155.00
 6.9400      159.00
 6.9600      157.00
 6.9800      165.00
 7.0000      140.00
 7.0200      141.00
 7.0400      152.00
 7.0600      157.00
 7.0800      120.00
 7.1000      130.00
 7.1200      148.00
 7.1400      126.00
 7.1600      145.00
 7.1800      144.00
 7.2000      155.00
 7.2200      130.00
 7.2400      150.00
 7.2600      144.00
 7.2800      132.00
 7.3000      127.00
 7.3200      142.00
 7.3400      152.00
 7.3600      152.00
 7.3800      134.00
 7.4000      136.00
 7.4200      146.00
 7.4400      134.00
 7.4600      136.00
 7.4800      144.00
 7.5000      171.00
 7.5200      125.00
 7.5400      160.00
 7.5600      155.00
 7.5800      157.00
 7.6000      135.00
 7.6200      147.00
 7.6400      147.00
 7.6600      149.00
 7.6800      153.00
 7.7000      126.00
 7.7200      144.00
 7.7400      151.00
 7.7600      124.00
 7.7800      127.00
 7.8000      151.00
 7.8200      139.00
 7.8400      154.00
 7.8600      151.00
 7.8800      168.00
 7.9000      135.00
 7.9200      149.00
 7.9400      135.00
 7.9600      145.00
 7.9800      145.00
 8.0000      141.00
 8.0200      131.00
 8.0400      149.00
 8.0600      135.00
 8.0800      151.00
 8.1000      144.00
 8.1200      149.00
 8.1400      145.00
 8.1600      137.00
 8.1800      156.00
 8.2000      173.00
 8.2200      148.00
 8.2400      155.00
 8.2600      144.00
 8.2800      151.00
 8.3000      177.00
 8.3200      126.00
 8.3400      142.00
 8.3600      157.00
 8.3800      157.00
 8.4000      143.00
 8.4200      129.00
 8.4400      156.00
 8.4600      128.00
 8.4800      119.00
 8.5000      158.00
 8.5200      177.00
 8.5400      159.00
 8.5600      168.00
 8.5800      172.00
 8.6000      167.00
 8.6200      192.00
 8.6400      176.00
 8.6600      169.00
 8.6800      191.00
 8.7000      191.00
 8.7200      209.00
 8.7400      174.00
 8.7600      175.00
 8.7800      165.00
 8.8000      151.00
 8.8200      172.00
 8.8400      182.00
 8.8600      151.00
 8.8800      149.00
 8.9000      156.00
 8.9200      152.00
 8.9400      156.00
 8.9600      168.00
 8.9800      152.00
 9.0000      151.00
 9.0200      165.00
 9.0400      151.00
 9.0600      138.00
 9.0800      147.00
 9.1000      137.00
 9.1200      135.00
 9.1400      147.00
 9.1600      153.00
 9.1800      122.00
 9.2000      159.00
 9.2200      166.00
 9.2400      151.00
 9.2600      161.00
 9.2800      150.00
 9.3000      159.00
 9.3200      141.00
 9.3400      149.00
 9.3600      148.00
 9.3800      145.00
 9.4000      158.00
 9.4200      166.00
 9.4400      145.00
 9.4600      134.00
 9.4800      162.00
 9.5000      155.00
 9.5200      157.00
 9.5400      147.00
 9.5600      129.00
 9.5800      151.00
 9.6000      151.00
 9.6200      167.00
 9.6400      158.00
 9.6600      151.00
 9.6800      143.00
 9.7000      167.00
 9.7200      161.00
 9.7400      170.00
 9.7600      171.00
 9.7800      175.00
 9.8000      182.00
 9.8200      172.00
 9.8400      175.00
 9.8600      164.00
 9.8800      200.00
 9.9000      175.00
 9.9200      179.00
 9.9400      165.00
 9.9600      164.00
 9.9800      151.00
10.0000      156.00
10.0200      165.00
10.0400      152.00
10.0600      116.00
10.0800      158.00
10.1000      148.00
10.1200      158.00
10.1400      159.00
10.1600      165.00
10.1800      166.00
10.2000      135.00
10.2200      151.00
10.2400      170.00
10.2600      165.00
10.2800      151.00
10.3000      152.00
10.3200      135.00
10.3400      150.00
10.3600      141.00
10.3800      145.00
10.4000      161.00
10.4200      170.00
10.4400      169.00
10.4600      188.00
10.4800      174.00
10.5000      187.00
10.5200      169.00
10.5400      193.00
10.5600      181.00
10.5800      155.00
10.6000      210.00
10.6200      198.00
10.6400      194.00
10.6600      185.00
10.6800      264.00
10.7000      227.00
10.7200      215.00
10.7400      232.00
10.7600      284.00
10.7800      287.00
10.8000      314.00
10.8200      326.00
10.8400      364.00
10.8600      405.00
10.8800      435.00
10.9000      429.00
10.9200      479.00
10.9400      513.00
10.9600      466.00
10.9800      474.00
11.0000      523.00
11.0200      488.00
11.0400      441.00
11.0600      408.00
11.0800      423.00
11.1000      431.00
11.1200      447.00
11.1400      465.00
11.1600      473.00
11.1800      475.00
11.2000      518.00
11.2200      486.00
11.2400      436.00
11.2600      405.00
11.2800      382.00
11.3000      318.00
11.3200      260.00
11.3400      226.00
11.3600      179.00
11.3800      188.00
11.4000      213.00
11.4200      177.00
11.4400      171.00
11.4600      198.00
11.4800      182.00
11.5000      171.00
11.5200      180.00
11.5400      193.00
11.5600      203.00
11.5800      200.00
11.6000      198.00
11.6200      173.00
11.6400      200.00
11.6600      183.00
11.6800      198.00
11.7000      196.00
11.7200      219.00
11.7400      228.00
11.7600      231.00
11.7800      220.00
11.8000      261.00
11.8200      246.00
11.8400      256.00
11.8600      320.00
11.8800      305.00
11.9000      328.00
11.9200      375.00
11.9400      398.00
11.9600      451.00
11.9800      514.00
12.0000      519.00
12.0200      518.00
12.0400      506.00
12.0600      485.00
12.0800      465.00
12.1000      450.00
12.1200      421.00
12.1400      417.00
12.1600      352.00
12.1800      312.00
12.2000      315.00
12.2200      294.00
12.2400      274.00
12.2600      284.00
12.2800      330.00
12.3000      355.00
12.3200      397.00
12.3400      428.00
12.3600      507.00
12.3800      504.00
12.4000      503.00
12.4200      543.00
12.4400      556.00
12.4600      527.00
12.4800      542.00
12.5000      455.00
12.5200      415.00
12.5400      343.00
12.5600      310.00
12.5800      241.00
12.6000      238.00
12.6200      196.00
12.6400      194.00
12.6600      185.00
12.6800      179.00
12.7000      190.00
12.7200      165.00
12.7400      207.00
12.7600      177.00
12.7800      189.00
12.8000      194.00
12.8200      170.00
12.8400      151.00
12.8600      181.00
12.8800      175.00
12.9000      161.00
12.9200      175.00
12.9400      151.00
12.9600      165.00
12.9800      198.00
13.0000      177.00
13.0200      193.00
13.0400      170.00
13.0600      164.00
13.0800      145.00
13.1000      187.00
13.1200      161.00
13.1400      173.00
13.1600      176.00
13.1800      179.00
13.2000      150.00
13.2200      191.00
13.2400      166.00
13.2600      176.00
13.2800      173.00
13.3000      177.00
13.3200      186.00
13.3400      166.00
13.3600      196.00
13.3800      177.00
13.4000      186.00
13.4200      191.00
13.4400      167.00
13.4600      163.00
13.4800      180.00
13.5000      153.00
13.5200      174.00
13.5400      187.00
13.5600      189.00
13.5800      170.00
13.6000      176.00
13.6200      190.00
13.6400      188.00
13.6600      183.00
13.6800      206.00
13.7000      170.00
13.7200      214.00
13.7400      200.00
13.7600      188.00
13.7800      217.00
13.8000      236.00
13.8200      222.00
13.8400      229.00
13.8600      225.00
13.8800      227.00
13.9000      279.00
13.9200      290.00
13.9400      297.00
13.9600      374.00
13.9800      378.00
14.0000      416.00
14.0200      477.00
14.0400      548.00
14.0600      642.00
14.0800      660.00
14.1000      712.00
14.1200      660.00
14.1400      716.00
14.1600      693.00
14.1800      626.00
14.2000      538.00
14.2200      526.00
14.2400      481.00
14.2600      417.00
14.2800      393.00
14.3000      398.00
14.3200      383.00
14.3400      346.00
14.3600      311.00
14.3800      295.00
14.4000      256.00
14.4200      229.00
14.4400      199.00
14.4600      209.00
14.4800      195.00
14.5000      202.00
14.5200      175.00
14.5400      183.00
14.5600      197.00
14.5800      165.00
14.6000      179.00
14.6200      169.00
14.6400      195.00
14.6600      175.00
14.6800      190.00
14.7000      175.00
14.7200      186.00
14.7400      185.00
14.7600      199.00
14.7800      208.00
14.8000      163.00
14.8200      173.00
14.8400      188.00
14.8600      164.00
14.8800      178.00
14.9000      179.00
14.9200      188.00
14.9400      148.00
14.9600      175.00
14.9800      180.00
15.0000      158.00
15.0200      159.00
15.0400      164.00
15.0600      166.00
15.0800      141.00
15.1000      167.00
15.1200      156.00
15.1400      180.00
15.1600      160.00
15.1800      151.00
15.2000      211.00
15.2200      190.00
15.2400      164.00
15.2600      185.00
15.2800      171.00
15.3000      152.00
15.3200      183.00
15.3400      158.00
15.3600      160.00
15.3800      175.00
15.4000      173.00
15.4200      183.00
15.4400      178.00
15.4600      195.00
15.4800      173.00
15.5000      173.00
15.5200      175.00
15.5400      193.00
15.5600      191.00
15.5800      183.00
15.6000      185.00
15.6200      218.00
15.6400      191.00
15.6600      212.00
15.6800      259.00
15.7000      243.00
15.7200      270.00
15.7400      250.00
15.7600      294.00
15.7800      301.00
15.8000      337.00
15.8200      369.00
15.8400      340.00
15.8600      310.00
15.8800      357.00
15.9000      363.00
15.9200      310.00
15.9400      339.00
15.9600      349.00
15.9800      363.00
16.0000      328.00
16.0200      343.00
16.0400      399.00
16.0600      394.00
16.0800      452.00
16.1000      453.00
16.1200      409.00
16.1400      400.00
16.1600      402.00
16.1800      361.00
16.2000      344.00
16.2200      370.00
16.2400      314.00
16.2600      319.00
16.2800      387.00
16.3000      370.00
16.3200      365.00
16.3400      429.00
16.3600      484.00
16.3800      503.00
16.4000      504.00
16.4200      522.00
16.4400      538.00
16.4600      427.00
16.4800      414.00
16.5000      356.00
16.5200      307.00
16.5400      276.00
16.5600      240.00
16.5800      220.00
16.6000      220.00
16.6200      216.00
16.6400      222.00
16.6600      206.00
16.6800      213.00
16.7000      263.00
16.7200      195.00
16.7400      240.00
16.7600      231.00
16.7800      290.00
16.8000      264.00
16.8200      315.00
16.8400      310.00
16.8600      373.00
16.8800      363.00
16.9000      385.00
16.9200      458.00
16.9400      479.00
16.9600      529.00
16.9800      518.00
17.0000      529.00
17.0200      557.00
17.0400      517.00
17.0600      481.00
17.0800      446.00
17.1000      410.00
17.1200      395.00
17.1400      402.00
17.1600      368.00
17.1800      335.00
17.2000      445.00
17.2200      461.00
17.2400      505.00
17.2600      556.00
17.2800      625.00
17.3000      777.00
17.3200      846.00
17.3400     1037.00
17.3600     1112.00
17.3800     1301.00
17.4000     1456.00
17.4200     1588.00
17.4400     1670.00
17.4600     1763.00
17.4800     1760.00
17.5000     1669.00
17.5200     1597.00
17.5400     1417.00
17.5600     1150.00
17.5800      924.00
17.6000      745.00
17.6200      622.00
17.6400      476.00
17.6600      367.00
17.6800      336.00
17.7000      290.00
17.7200      281.00
17.7400      266.00
17.7600      336.00
17.7800      258.00
17.8000      277.00
17.8200      280.00
17.8400      284.00
17.8600      238.00
17.8800      257.00
17.9000      231.00
17.9200      236.00
17.9400      235.00
17.9600      198.00
17.9800      180.00
18.0000      213.00
18.0200      229.00
18.0400      216.00
18.0600      224.00
18.0800      225.00
18.1000      245.00
18.1200      237.00
18.1400      260.00
18.1600      281.00
18.1800      304.00
18.2000      380.00
18.2200      393.00
18.2400      454.00
18.2600      497.00
18.2800      566.00
18.3000      587.00
18.3200      575.00
18.3400      597.00
18.3600      583.00
18.3800      535.00
18.4000      535.00
18.4200      443.00
18.4400      436.00
18.4600      350.00
18.4800      291.00
18.5000      279.00
18.5200      257.00
18.5400      238.00
18.5600      250.00
18.5800      257.00
18.6000      247.00
18.6200      252.00
18.6400      293.00
18.6600      296.00
18.6800      274.00
18.7000      275.00
18.7200      269.00
18.7400      290.00
18.7600      302.00
18.7800      274.00
18.8000      230.00
18.8200      256.00
18.8400      230.00
18.8600      241.00
18.8800      235.00
18.9000      204.00
18.9200      264.00
18.9400      245.00
18.9600      234.00
18.9800      251.00
19.0000      256.00
19.0200      271.00
19.0400      285.00
19.0600      299.00
19.0800      306.00
19.1000      274.00
19.1200      277.00
19.1400      314.00
19.1600      270.00
19.1800      259.00
19.2000      260.00
19.2200      262.00
19.2400      253.00
19.2600      281.00
19.2800      242.00
19.3000      282.00
19.3200      294.00
19.3400      291.00
19.3600      339.00
19.3800      373.00
19.4000      427.00
19.4200      547.00
19.4400      607.00
19.4600      743.00
19.4800      866.00
19.5000      943.00
19.5200     1056.00
19.5400     1207.00
19.5600     1244.00
19.5800     1228.00
19.6000     1199.00
19.6200     1131.00
19.6400     1033.00
19.6600      910.00
19.6800      817.00
19.7000      646.00
19.7200      530.00
19.7400      448.00
19.7600      380.00
19.7800      380.00
19.8000      314.00
19.8200      275.00
19.8400      270.00
19.8600      264.00
19.8800      263.00
19.9000      236.00
19.9200      242.00
19.9400      230.00
19.9600      223.00
19.9800      279.00
20.0000      247.00
20.0200      244.00
20.0400      197.00
20.0600      230.00
20.0800      219.00
20.1000      230.00
20.1200      217.00
20.1400      215.00
20.1600      224.00
20.1800      248.00
20.2000      228.00
20.2200      248.00
20.2400      263.00
20.2600      216.00
20.2800      264.00
20.3000      269.00
20.3200      284.00
20.3400      312.00
20.3600      312.00
20.3800      369.00
20.4000      408.00
20.4200      510.00
20.4400      574.00
20.4600      768.00
20.4800      876.00
20.5000     1013.00
20.5200     1119.00
20.5400     1127.00
20.5600     1202.00
20.5800     1118.00
20.6000     1076.00
20.6200     1108.00
20.6400     1091.00
20.6600      955.00
20.6800      908.00
20.7000      934.00
20.7200      903.00
20.7400      884.00
20.7600      949.00
20.7800     1038.00
20.8000     1140.00
20.8200     1288.00
20.8400     1383.00
20.8600     1512.00
20.8800     1701.00
20.9000     1917.00
20.9200     1917.00
20.9400     2089.00
20.9600     2146.00
20.9800     2026.00
21.0000     1900.00
21.0200     1654.00
21.0400     1428.00
21.0600     1138.00
21.0800      945.00
21.1000      672.00
21.1200      566.00
21.1400      435.00
21.1600      337.00
21.1800      305.00
21.2000      291.00
21.2200      249.00
21.2400      228.00
21.2600      193.00
21.2800      252.00
21.3000      242.00
21.3200      220.00
21.3400      202.00
21.3600      210.00
21.3800      209.00
21.4000      222.00
21.4200      218.00
21.4400      203.00
21.4600      211.00
21.4800      198.00
21.5000      198.00
21.5200      211.00
21.5400      197.00
21.5600      195.00
21.5800      203.00
21.6000      197.00
21.6200      206.00
21.6400      182.00
21.6600      203.00
21.6800      221.00
21.7000      186.00
21.7200      182.00
21.7400      207.00
21.7600      219.00
21.7800      202.00
21.8000      221.00
21.8200      237.00
21.8400      238.00
21.8600      220.00
21.8800      223.00
21.9000      247.00
21.9200      246.00
21.9400      247.00
21.9600      283.00
21.9800      229.00
22.0000      290.00
22.0200      271.00
22.0400      296.00
22.0600      321.00
22.0800      344.00
22.1000      389.00
22.1200      376.00
22.1400      453.00
22.1600      444.00
22.1800      430.00
22.2000      465.00
22.2200      525.00
22.2400      534.00
22.2600      516.00
22.2800      507.00
22.3000      462.00
22.3200      503.00
22.3400      478.00
22.3600      527.00
22.3800      562.00
22.4000      559.00
22.4200      731.00
22.4400      792.00
22.4600      852.00
22.4800      954.00
22.5000      997.00
22.5200     1009.00
22.5400     1029.00
22.5600      985.00
22.5800      943.00
22.6000      840.00
22.6200      770.00
22.6400      603.00
22.6600      525.00
22.6800      492.00
22.7000      496.00
22.7200      407.00
22.7400      417.00
22.7600      423.00
22.7800      439.00
22.8000      471.00
22.8200      451.00
22.8400      508.00
22.8600      456.00
22.8800      524.00
22.9000      553.00
22.9200      548.00
22.9400      578.00
22.9600      578.00
22.9800      633.00
23.0000      621.00
23.0200      687.00
23.0400      572.00
23.0600      586.00
23.0800      591.00
23.1000      578.00
23.1200      506.00
23.1400      503.00
23.1600      427.00
23.1800      456.00
23.2000      446.00
23.2200      520.00
23.2400      518.00
23.2600      558.00
23.2800      564.00
23.3000      584.00
23.3200      576.00
23.3400      564.00
23.3600      540.00
23.3800      543.00
23.4000      457.00
23.4200      383.00
23.4400      370.00
23.4600      315.00
23.4800      269.00
23.5000      249.00
23.5200      226.00
23.5400      227.00
23.5600      225.00
23.5800      205.00
23.6000      238.00
23.6200      257.00
23.6400      233.00
23.6600      248.00
23.6800      241.00
23.7000      275.00
23.7200      244.00
23.7400      305.00
23.7600      285.00
23.7800      304.00
23.8000      322.00
23.8200      329.00
23.8400      399.00
23.8600      414.00
23.8800      474.00
23.9000      520.00
23.9200      584.00
23.9400      643.00
23.9600      698.00
23.9800      715.00
24.0000      735.00
24.0200      733.00
24.0400      731.00
24.0600      667.00
24.0800      642.00
24.1000      570.00
24.1200      551.00
24.1400      583.00
24.1600      597.00
24.1800      650.00
24.2000      671.00
24.2200      817.00
24.2400      890.00
24.2600      906.00
24.2800      987.00
24.3000      916.00
24.3200      941.00
24.3400      842.00
24.3600      818.00
24.3800      721.00
24.4000      594.00
24.4200      488.00
24.4400      443.00
24.4600      348.00
24.4800      295.00
24.5000      304.00
24.5200      250.00
24.5400      226.00
24.5600      237.00
24.5800      257.00
24.6000      277.00
24.6200      271.00
24.6400      300.00
24.6600      285.00
24.6800      333.00
24.7000      341.00
24.7200      398.00
24.7400      472.00
24.7600      534.00
24.7800      612.00
24.8000      647.00
24.8200      677.00
24.8400      718.00
24.8600      686.00
24.8800      628.00
24.9000      620.00
24.9200      526.00
24.9400      489.00
24.9600      387.00
24.9800      313.00
25.0000      292.00
25.0200      265.00
25.0400      227.00
25.0600      213.00
25.0800      208.00
25.1000      210.00
25.1200      209.00
25.1400      194.00
25.1600      172.00
25.1800      206.00
25.2000      167.00
25.2200      163.00
25.2400      175.00
25.2600      150.00
25.2800      156.00
25.3000      188.00
25.3200      159.00
25.3400      174.00
25.3600      199.00
25.3800      170.00
25.4000      159.00
25.4200      181.00
25.4400      160.00
25.4600      177.00
25.4800      163.00
25.5000      168.00
25.5200      164.00
25.5400      180.00
25.5600      160.00
25.5800      180.00
25.6000      175.00
25.6200      156.00
25.6400      176.00
25.6600      183.00
25.6800      187.00
25.7000      177.00
25.7200      189.00
25.7400      193.00
25.7600      231.00
25.7800      217.00
25.8000      249.00
25.8200      250.00
25.8400      268.00
25.8600      270.00
25.8800      305.00
25.9000      309.00
25.9200      349.00
25.9400      326.00
25.9600      308.00
25.9800      334.00
26.0000      384.00
26.0200      397.00
26.0400      392.00
26.0600      414.00
26.0800      414.00
26.1000      428.00
26.1200      436.00
26.1400      438.00
26.1600      437.00
26.1800      433.00
26.2000      407.00
26.2200      403.00
26.2400      400.00
26.2600      367.00
26.2800      375.00
26.3000      364.00
26.3200      386.00
26.3400      419.00
26.3600      416.00
26.3800      395.00
26.4000      358.00
26.4200      388.00
26.4400      392.00
26.4600      349.00
26.4800      258.00
26.5000      283.00
26.5200      257.00
26.5400      232.00
26.5600      203.00
26.5800      182.00
26.6000      172.00
26.6200      193.00
26.6400      189.00
26.6600      165.00
26.6800      187.00
26.7000      177.00
26.7200      199.00
26.7400      178.00
26.7600      144.00
26.7800      193.00
26.8000      203.00
26.8200      168.00
26.8400      184.00
26.8600      204.00
26.8800      221.00
26.9000      195.00
26.9200      215.00
26.9400      218.00
26.9600      191.00
26.9800      199.00
27.0000      206.00
27.0200      195.00
27.0400      204.00
27.0600      245.00
27.0800      234.00
27.1000      265.00
27.1200      271.00
27.1400      260.00
27.1600      271.00
27.1800      286.00
27.2000      274.00
27.2200      309.00
27.2400      304.00
27.2600      289.00
27.2800      270.00
27.3000      324.00
27.3200      274.00
27.3400      317.00
27.3600      344.00
27.3800      351.00
27.4000      406.00
27.4200      419.00
27.4400      526.00
27.4600      599.00
27.4800      679.00
27.5000      797.00
27.5200      886.00
27.5400      900.00
27.5600      968.00
27.5800      899.00
27.6000      971.00
27.6200      806.00
27.6400      759.00
27.6600      657.00
27.6800      639.00
27.7000      560.00
27.7200      517.00
27.7400      460.00
27.7600      398.00
27.7800      372.00
27.8000      283.00
27.8200      283.00
27.8400      298.00
27.8600      284.00
27.8800      256.00
27.9000      252.00
27.9200      254.00
27.9400      229.00
27.9600      228.00
27.9800      205.00
28.0000      233.00
28.0200      214.00
28.0400      206.00
28.0600      208.00
28.0800      213.00
28.1000      213.00
28.1200      237.00
28.1400      242.00
28.1600      245.00
28.1800      276.00
28.2000      285.00
28.2200      312.00
28.2400      383.00
28.2600      388.00
28.2800      485.00
28.3000      575.00
28.3200      679.00
28.3400      740.00
28.3600      787.00
28.3800      899.00
28.4000      823.00
28.4200      855.00
28.4400      774.00
28.4600      753.00
28.4800      664.00
28.5000      611.00
28.5200      552.00
28.5400      551.00
28.5600      480.00
28.5800      415.00
28.6000      455.00
28.6200      441.00
28.6400      400.00
28.6600      385.00
28.6800      368.00
28.7000      360.00
28.7200      364.00
28.7400      314.00
28.7600      302.00
28.7800      285.00
28.8000      271.00
28.8200      252.00
28.8400      295.00
28.8600      280.00
28.8800      306.00
28.9000      288.00
28.9200      282.00
28.9400      282.00
28.9600      285.00
28.9800      319.00
29.0000      340.00
29.0200      319.00
29.0400      348.00
29.0600      343.00
29.0800      329.00
29.1000      378.00
29.1200      349.00
29.1400      369.00
29.1600      339.00
29.1800      338.00
29.2000      350.00
29.2200      339.00
29.2400      347.00
29.2600      347.00
29.2800      392.00
29.3000      442.00
29.3200      390.00
29.3400      465.00
29.3600      459.00
29.3800      460.00
29.4000      435.00
29.4200      436.00
29.4400      393.00
29.4600      374.00
29.4800      313.00
29.5000      301.00
29.5200      250.00
29.5400      222.00
29.5600      208.00
29.5800      191.00
29.6000      171.00
29.6200      144.00
29.6400      152.00
29.6600      175.00
29.6800      176.00
29.7000      147.00
29.7200      179.00
29.7400      149.00
29.7600      173.00
29.7800      159.00
29.8000      181.00
29.8200      181.00
29.8400      181.00
29.8600      186.00
29.8800      192.00
29.9000      192.00
29.9200      234.00
29.9400      242.00
29.9600      256.00
29.9800      279.00
30.0000      281.00
30.0200      281.00
30.0400      274.00
30.0600      318.00
30.0800      308.00
30.1000      276.00
30.1200      280.00
30.1400      275.00
30.1600      281.00
30.1800      266.00
30.2000      266.00
30.2200      232.00
30.2400      243.00
30.2600      239.00
30.2800      225.00
30.3000      207.00
30.3200      219.00
30.3400      205.00
30.3600      185.00
30.3800      178.00
30.4000      183.00
30.4200      173.00
30.4400      184.00
30.4600      189.00
30.4800      195.00
30.5000      182.00
30.5200      213.00
30.5400      200.00
30.5600      220.00
30.5800      232.00
30.6000      208.00
30.6200      212.00
30.6400      226.00
30.6600      178.00
30.6800      199.00
30.7000      193.00
30.7200      182.00
30.7400      166.00
30.7600      161.00
30.7800      172.00
30.8000      153.00
30.8200      178.00
30.8400      195.00
30.8600      153.00
30.8800      191.00
30.9000      192.00
30.9200      178.00
30.9400      174.00
30.9600      197.00
30.9800      175.00
31.0000      146.00
31.0200      168.00
31.0400      167.00
31.0600      147.00
31.0800      152.00
31.1000      134.00
31.1200      158.00
31.1400      138.00
31.1600      145.00
31.1800      177.00
31.2000      164.00
31.2200      180.00
31.2400      134.00
31.2600      138.00
31.2800      154.00
31.3000      161.00
31.3200      128.00
31.3400      167.00
31.3600      167.00
31.3800      168.00
31.4000      173.00
31.4200      174.00
31.4400      184.00
31.4600      186.00
31.4800      194.00
31.5000      181.00
31.5200      182.00
31.5400      201.00
31.5600      179.00
31.5800      174.00
31.6000      161.00
31.6200      178.00
31.6400      132.00
31.6600      150.00
31.6800      153.00
31.7000      158.00
31.7200      144.00
31.7400      153.00
31.7600      154.00
31.7800      185.00
31.8000      196.00
31.8200      175.00
31.8400      199.00
31.8600      202.00
31.8800      205.00
31.9000      197.00
31.9200      248.00
31.9400      234.00
31.9600      237.00
31.9800      246.00
32.0000      235.00
32.0200      238.00
32.0400      241.00
32.0600      269.00
32.0800      229.00
32.1000      266.00
32.1200      199.00
32.1400      222.00
32.1600      261.00
32.1800      254.00
32.2000      223.00
32.2200      262.00
32.2400      221.00
32.2600      246.00
32.2800      251.00
32.3000      227.00
32.3200      236.00
32.3400      236.00
32.3600      232.00
32.3800      265.00
32.4000      260.00
32.4200      280.00
32.4400      318.00
32.4600      306.00
32.4800      331.00
32.5000      314.00
32.5200      330.00
32.5400      338.00
32.5600      349.00
32.5800      298.00
32.6000      311.00
32.6200      276.00
32.6400      273.00
32.6600      264.00
32.6800      238.00
32.7000      235.00
32.7200      240.00
32.7400      216.00
32.7600      213.00
32.7800      190.00
32.8000      195.00
32.8200      189.00
32.8400      186.00
32.8600      196.00
32.8800      211.00
32.9000      195.00
32.9200      201.00
32.9400      215.00
32.9600      193.00
32.9800      225.00
33.0000      223.00
33.0200      197.00
33.0400      208.00
33.0600      218.00
33.0800      245.00
33.1000      249.00
33.1200      284.00
33.1400      266.00
33.1600      275.00
33.1800      279.00
33.2000      292.00
33.2200      266.00
33.2400      277.00
33.2600      281.00
33.2800      273.00
33.3000      263.00
33.3200      245.00
33.3400      229.00
33.3600      248.00
33.3800      245.00
33.4000      210.00
33.4200      225.00
33.4400      249.00
33.4600      219.00
33.4800      185.00
33.5000      191.00
33.5200      186.00
33.5400      161.00
33.5600      177.00
33.5800      153.00
33.6000      147.00
33.6200      135.00
33.6400      164.00
33.6600      139.00
33.6800      140.00
33.7000      135.00
33.7200      146.00
33.7400      128.00
33.7600      147.00
33.7800      127.00
33.8000      171.00
33.8200      150.00
33.8400      146.00
33.8600      148.00
33.8800      146.00
33.9000      187.00
33.9200      164.00
33.9400      169.00
33.9600      165.00
33.9800      182.00
34.0000      186.00
34.0200      184.00
34.0400      247.00
34.0600      259.00
34.0800      288.00
34.1000      294.00
34.1200      307.00
34.1400      282.00
34.1600      270.00
34.1800      307.00
34.2000      268.00
34.2200      247.00
34.2400      203.00
34.2600      197.00
34.2800      195.00
34.3000      178.00
34.3200      151.00
34.3400      150.00
34.3600      154.00
34.3800      134.00
34.4000      158.00
34.4200      148.00
34.4400      158.00
34.4600      107.00
34.4800      155.00
34.5000      129.00
34.5200      158.00
34.5400      149.00
34.5600      171.00
34.5800      159.00
34.6000      162.00
34.6200      170.00
34.6400      153.00
34.6600      160.00
34.6800      173.00
34.7000      173.00
34.7200      175.00
34.7400      198.00
34.7600      178.00
34.7800      186.00
34.8000      172.00
34.8200      166.00
34.8400      183.00
34.8600      169.00
34.8800      188.00
34.9000      166.00
34.9200      171.00
34.9400      159.00
34.9600      145.00
34.9800      174.00
35.0000      157.00
