 2.2000      449.00
 2.2200      464.00
 2.2400      467.00
 2.2600      416.00
 2.2800      469.00
 2.3000      445.00
 2.3200      421.00
 2.3400      432.00
 2.3600      406.00
 2.3800      425.00
 2.4000      427.00
 2.4200      393.00
 2.4400      398.00
 2.4600      403.00
 2.4800      373.00
 2.5000      403.00
 2.5200      355.00
 2.5400      358.00
 2.5600      396.00
 2.5800      413.00
 2.6000      365.00
 2.6200      368.00
 2.6400      400.00
 2.6600      392.00
 2.6800      378.00
 2.7000      350.00
 2.7200      377.00
 2.7400      393.00
 2.7600      388.00
 2.7800      406.00
 2.8000      343.00
 2.8200      354.00
 2.8400      346.00
 2.8600      326.00
 2.8800      370.00
 2.9000      399.00
 2.9200      354.00
 2.9400      389.00
 2.9600      350.00
 2.9800      394.00
 3.0000      336.00
 3.0200      351.00
 3.0400      363.00
 3.0600      349.00
 3.0800      365.00
 3.1000      341.00
 3.1200      342.00
 3.1400      311.00
 3.1600      341.00
 3.1800      331.00
 3.2000      343.00
 3.2200      332.00
 3.2400      344.00
 3.2600      351.00
 3.2800      308.00
 3.3000      329.00
 3.3200      339.00
 3.3400      308.00
 3.3600      360.00
 3.3800      345.00
 3.4000      310.00
 3.4200      314.00
 3.4400      326.00
 3.4600      342.00
 3.4800      308.00
 3.5000      335.00
 3.5200      294.00
 3.5400      296.00
 3.5600      314.00
 3.5800      321.00
 3.6000      312.00
 3.6200      323.00
 3.6400      298.00
 3.6600      301.00
 3.6800      331.00
 3.7000      280.00
 3.7200      307.00
 3.7400      307.00
 3.7600      280.00
 3.7800      297.00
 3.8000      312.00
 3.8200      282.00
 3.8400      294.00
 3.8600      278.00
 3.8800      282.00
 3.9000      244.00
 3.9200      278.00
 3.9400      312.00
 3.9600      306.00
 3.9800      256.00
 4.0000      293.00
 4.0200      267.00
 4.0400      266.00
 4.0600      252.00
 4.0800      264.00
 4.1000      256.00
 4.1200      248.00
 4.1400      258.00
 4.1600      257.00
 4.1800      280.00
 4.2000      291.00
 4.2200      235.00
 4.2400      232.00
 4.2600      259.00
 4.2800      223.00
 4.3000      222.00
 4.3200      219.00
 4.3400      264.00
 4.3600      259.00
 4.3800      256.00
 4.4000      246.00
 4.4200      275.00
 4.4400      267.00
 4.4600      264.00
 4.4800      245.00
 4.5000      248.00
 4.5200      261.00
 4.5400      254.00
 4.5600      241.00
 4.5800      229.00
 4.6000      224.00
 4.6200      221.00
 4.6400      253.00
 4.6600      244.00
 4.6800      262.00
 4.7000      263.00
 4.7200      290.00
 4.7400      242.00
 4.7600      280.00
 4.7800      315.00
 4.8000      260.00
 4.8200      258.00
 4.8400      253.00
 4.8600      248.00
 4.8800      249.00
 4.9000      202.00
 4.9200      206.00
 4.9400      229.00
 4.9600      243.00
 4.9800      231.00
 5.0000      203.00
 5.0200      219.00
 5.0400      202.00
 5.0600      234.00
 5.0800      199.00
 5.1000      223.00
 5.1200      214.00
 5.1400      259.00
 5.1600      216.00
 5.1800      252.00
 5.2000      279.00
 5.2200      244.00
 5.2400      223.00
 5.2600      247.00
 5.2800      246.00
 5.3000      249.00
 5.3200      231.00
 5.3400      289.00
 5.3600      228.00
 5.3800      285.00
 5.4000      249.00
 5.4200      263.00
 5.4400      265.00
 5.4600      241.00
 5.4800      294.00
 5.5000      264.00
 5.5200      306.00
 5.5400      268.00
 5.5600      309.00
 5.5800      308.00
 5.6000      335.00
 5.6200      310.00
 5.6400      357.00
 5.6600      395.00
 5.6800      368.00
 5.7000      410.00
 5.7200      433.00
 5.7400      447.00
 5.7600      463.00
 5.7800      425.00
 5.8000      495.00
 5.8200      506.00
 5.8400      576.00
 5.8600      598.00
 5.8800      554.00
 5.9000      647.00
 5.9200      666.00
 5.9400      709.00
 5.9600      796.00
 5.9800      834.00
 6.0000      920.00
 6.0200     1007.00
 6.0400      996.00
 6.0600     1164.00
 6.0800     1295.00
 6.1000     1445.00
 6.1200     1565.00
 6.1400     1802.00
 6.1600     1905.00
 6.1800     2049.00
 6.2000     2416.00
 6.2200     2701.00
 6.2400     2910.00
 6.2600     3294.00
 6.2800     3567.00
 6.3000     3605.00
 6.3200     3674.00
 6.3400     3534.00
 6.3600     3234.00
 6.3800     2732.00
 6.4000     2205.00
 6.4200     1685.00
 6.4400     1266.00
 6.4600      977.00
 6.4800      718.00
 6.5000      556.00
 6.5200      496.00
 6.5400      420.00
 6.5600      382.00
 6.5800      336.00
 6.6000      327.00
 6.6200      270.00
 6.6400      352.00
 6.6600      284.00
 6.6800      277.00
 6.7000      254.00
 6.7200      273.00
 6.7400      272.00
 6.7600      274.00
 6.7800      278.00
 6.8000      259.00
 6.8200      271.00
 6.8400      257.00
 6.8600      244.00
 6.8800      268.00
 6.9000      213.00
 6.9200      252.00
 6.9400      262.00
 6.9600      239.00
 6.9800      228.00
 7.0000      217.00
 7.0200      258.00
 7.0400      204.00
 7.0600      229.00
 7.0800      241.00
 7.1000      252.00
 7.1200      242.00
 7.1400      247.00
 7.1600      213.00
 7.1800      214.00
 7.2000      223.00
 7.2200      213.00
 7.2400      234.00
 7.2600      204.00
 7.2800      240.00
 7.3000      227.00
 7.3200      222.00
 7.3400      186.00
 7.3600      228.00
 7.3800      212.00
 7.4000      222.00
 7.4200      218.00
 7.4400      207.00
 7.4600      201.00
 7.4800      178.00
 7.5000      183.00
 7.5200      199.00
 7.5400      205.00
 7.5600      220.00
 7.5800      191.00
 7.6000      203.00
 7.6200      201.00
 7.6400      178.00
 7.6600      213.00
 7.6800      195.00
 7.7000      211.00
 7.7200      203.00
 7.7400      194.00
 7.7600      192.00
 7.7800      173.00
 7.8000      187.00
 7.8200      177.00
 7.8400      207.00
 7.8600      189.00
 7.8800      219.00
 7.9000      184.00
 7.9200      202.00
 7.9400      178.00
 7.9600      177.00
 7.9800      200.00
 8.0000      184.00
 8.0200      177.00
 8.0400      204.00
 8.0600      179.00
 8.0800      174.00
 8.1000      199.00
 8.1200      177.00
 8.1400      203.00
 8.1600      173.00
 8.1800      206.00
 8.2000      186.00
 8.2200      154.00
 8.2400      222.00
 8.2600      208.00
 8.2800      188.00
 8.3000      197.00
 8.3200      171.00
 8.3400      173.00
 8.3600      186.00
 8.3800      191.00
 8.4000      168.00
 8.4200      180.00
 8.4400      162.00
 8.4600      207.00
 8.4800      193.00
 8.5000      174.00
 8.5200      173.00
 8.5400      207.00
 8.5600      194.00
 8.5800      184.00
 8.6000      204.00
 8.6200      199.00
 8.6400      196.00
 8.6600      172.00
 8.6800      195.00
 8.7000      187.00
 8.7200      174.00
 8.7400      201.00
 8.7600      190.00
 8.7800      172.00
 8.8000      210.00
 8.8200      175.00
 8.8400      192.00
 8.8600      169.00
 8.8800      184.00
 8.9000      197.00
 8.9200      182.00
 8.9400      197.00
 8.9600      221.00
 8.9800      185.00
 9.0000      206.00
 9.0200      217.00
 9.0400      194.00
 9.0600      208.00
 9.0800      177.00
 9.1000      202.00
 9.1200      212.00
 9.1400      222.00
 9.1600      250.00
 9.1800      248.00
 9.2000      258.00
 9.2200      236.00
 9.2400      251.00
 9.2600      284.00
 9.2800      273.00
 9.3000      238.00
 9.3200      255.00
 9.3400      248.00
 9.3600      264.00
 9.3800      244.00
 9.4000      242.00
 9.4200      258.00
 9.4400      265.00
 9.4600      277.00
 9.4800      357.00
 9.5000      305.00
 9.5200      340.00
 9.5400      372.00
 9.5600      341.00
 9.5800      319.00
 9.6000      350.00
 9.6200      323.00
 9.6400      304.00
 9.6600      255.00
 9.6800      263.00
 9.7000      251.00
 9.7200      246.00
 9.7400      209.00
 9.7600      225.00
 9.7800      251.00
 9.8000      211.00
 9.8200      197.00
 9.8400      200.00
 9.8600      214.00
 9.8800      247.00
 9.9000      212.00
 9.9200      220.00
 9.9400      225.00
 9.9600      245.00
 9.9800      254.00
10.0000      262.00
10.0200      264.00
10.0400      261.00
10.0600      272.00
10.0800      269.00
10.1000      243.00
10.1200      202.00
10.1400      215.00
10.1600      231.00
10.1800      227.00
10.2000      195.00
10.2200      205.00
10.2400      190.00
10.2600      200.00
10.2800      204.00
10.3000      194.00
10.3200      190.00
10.3400      216.00
10.3600      200.00
10.3800      193.00
10.4000      202.00
10.4200      217.00
10.4400      224.00
10.4600      204.00
10.4800      227.00
10.5000      215.00
10.5200      242.00
10.5400      271.00
10.5600      253.00
10.5800      304.00
10.6000      274.00
10.6200      286.00
10.6400      312.00
10.6600      285.00
10.6800      335.00
10.7000      353.00
10.7200      421.00
10.7400      414.00
10.7600      503.00
10.7800      521.00
10.8000      543.00
10.8200      583.00
10.8400      593.00
10.8600      646.00
10.8800      697.00
10.9000      619.00
10.9200      587.00
10.9400      509.00
10.9600      506.00
10.9800      404.00
11.0000      355.00
11.0200      358.00
11.0400      319.00
11.0600      316.00
11.0800      283.00
11.1000      281.00
11.1200      285.00
11.1400      276.00
11.1600      243.00
11.1800      272.00
11.2000      264.00
11.2200      275.00
11.2400      277.00
11.2600      262.00
11.2800      302.00
11.3000      280.00
11.3200      260.00
11.3400      268.00
11.3600      268.00
11.3800      272.00
11.4000      273.00
11.4200      299.00
11.4400      266.00
11.4600      295.00
11.4800      300.00
11.5000      308.00
11.5200      319.00
11.5400      323.00
11.5600      385.00
11.5800      414.00
11.6000      461.00
11.6200      396.00
11.6400      482.00
11.6600      508.00
11.6800      494.00
11.7000      449.00
11.7200      410.00
11.7400      447.00
11.7600      374.00
11.7800      365.00
11.8000      302.00
11.8200      300.00
11.8400      271.00
11.8600      289.00
11.8800      277.00
11.9000      309.00
11.9200      272.00
11.9400      281.00
11.9600      310.00
11.9800      320.00
12.0000      319.00
12.0200      354.00
12.0400      373.00
12.0600      399.00
12.0800      394.00
12.1000      429.00
12.1200      444.00
12.1400      420.00
12.1600      428.00
12.1800      399.00
12.2000      386.00
12.2200      386.00
12.2400      386.00
12.2600      337.00
12.2800      378.00
12.3000      341.00
12.3200      386.00
12.3400      432.00
12.3600      455.00
12.3800      486.00
12.4000      569.00
12.4200      615.00
12.4400      660.00
12.4600      811.00
12.4800      876.00
12.5000      993.00
12.5200     1100.00
12.5400     1333.00
12.5600     1302.00
12.5800     1445.00
12.6000     1529.00
12.6200     1454.00
12.6400     1362.00
12.6600     1279.00
12.6800     1173.00
12.7000      931.00
12.7200      804.00
12.7400      630.00
12.7600      454.00
12.7800      450.00
12.8000      387.00
12.8200      340.00
12.8400      305.00
12.8600      271.00
12.8800      258.00
12.9000      277.00
12.9200      257.00
12.9400      232.00
12.9600      240.00
12.9800      222.00
13.0000      237.00
13.0200      228.00
13.0400      230.00
13.0600      191.00
13.0800      218.00
13.1000      256.00
13.1200      210.00
13.1400      237.00
13.1600      240.00
13.1800      237.00
13.2000      212.00
13.2200      243.00
13.2400      223.00
13.2600      267.00
13.2800      255.00
13.3000      273.00
13.3200      251.00
13.3400      269.00
13.3600      227.00
13.3800      263.00
13.4000      249.00
13.4200      235.00
13.4400      239.00
13.4600      229.00
13.4800      225.00
13.5000      231.00
13.5200      257.00
13.5400      220.00
13.5600      228.00
13.5800      255.00
13.6000      252.00
13.6200      251.00
13.6400      262.00
13.6600      281.00
13.6800      292.00
13.7000      274.00
13.7200      241.00
13.7400      291.00
13.7600      264.00
13.7800      252.00
13.8000      246.00
13.8200      239.00
13.8400      257.00
13.8600      242.00
13.8800      253.00
13.9000      268.00
13.9200      247.00
13.9400      251.00
13.9600      267.00
13.9800      267.00
14.0000      278.00
14.0200      311.00
14.0400      317.00
14.0600      363.00
14.0800      371.00
14.1000      400.00
14.1200      415.00
14.1400      421.00
14.1600      507.00
14.1800      535.00
14.2000      557.00
14.2200      528.00
14.2400      534.00
14.2600      581.00
14.2800      559.00
14.3000      502.00
14.3200      470.00
14.3400      517.00
14.3600      412.00
14.3800      365.00
14.4000      330.00
14.4200      308.00
14.4400      274.00
14.4600      271.00
14.4800      249.00
14.5000      239.00
14.5200      260.00
14.5400      269.00
14.5600      261.00
14.5800      270.00
14.6000      280.00
14.6200      265.00
14.6400      308.00
14.6600      315.00
14.6800      363.00
14.7000      350.00
14.7200      411.00
14.7400      493.00
14.7600      469.00
14.7800      508.00
14.8000      581.00
14.8200      613.00
14.8400      629.00
14.8600      642.00
14.8800      631.00
14.9000      610.00
14.9200      496.00
14.9400      453.00
14.9600      378.00
14.9800      329.00
15.0000      310.00
15.0200      254.00
15.0400      255.00
15.0600      238.00
15.0800      221.00
15.1000      221.00
15.1200      234.00
15.1400      202.00
15.1600      207.00
15.1800      218.00
15.2000      227.00
15.2200      213.00
15.2400      212.00
15.2600      262.00
15.2800      207.00
15.3000      213.00
15.3200      198.00
15.3400      236.00
15.3600      246.00
15.3800      242.00
15.4000      242.00
15.4200      244.00
15.4400      242.00
15.4600      240.00
15.4800      237.00
15.5000      277.00
15.5200      287.00
15.5400      278.00
15.5600      313.00
15.5800      279.00
15.6000      298.00
15.6200      352.00
15.6400      340.00
15.6600      316.00
15.6800      341.00
15.7000      319.00
15.7200      340.00
15.7400      332.00
15.7600      308.00
15.7800      310.00
15.8000      319.00
15.8200      320.00
15.8400      291.00
15.8600      280.00
15.8800      294.00
15.9000      269.00
15.9200      243.00
15.9400      311.00
15.9600      270.00
15.9800      234.00
16.0000      221.00
16.0200      238.00
16.0400      268.00
16.0600      270.00
16.0800      253.00
16.1000      291.00
16.1200      243.00
16.1400      257.00
16.1600      255.00
16.1800      242.00
16.2000      285.00
16.2200      288.00
16.2400      305.00
16.2600      335.00
16.2800      301.00
16.3000      333.00
16.3200      357.00
16.3400      380.00
16.3600      384.00
16.3800      428.00
16.4000      400.00
16.4200      369.00
16.4400      391.00
16.4600      373.00
16.4800      324.00
16.5000      344.00
16.5200      347.00
16.5400      317.00
16.5600      282.00
16.5800      250.00
16.6000      255.00
16.6200      272.00
16.6400      288.00
16.6600      300.00
16.6800      312.00
16.7000      306.00
16.7200      293.00
16.7400      325.00
16.7600      294.00
16.7800      342.00
16.8000      305.00
16.8200      296.00
16.8400      328.00
16.8600      293.00
16.8800      337.00
16.9000      326.00
16.9200      350.00
16.9400      348.00
16.9600      359.00
16.9800      356.00
17.0000      370.00
17.0200      427.00
17.0400      377.00
17.0600      416.00
17.0800      423.00
17.1000      412.00
17.1200      448.00
17.1400      459.00
17.1600      466.00
17.1800      555.00
17.2000      527.00
17.2200      581.00
17.2400      604.00
17.2600      617.00
17.2800      699.00
17.3000      721.00
17.3200      751.00
17.3400      806.00
17.3600      903.00
17.3800      867.00
17.4000      909.00
17.4200      926.00
17.4400      815.00
17.4600      824.00
17.4800      836.00
17.5000      768.00
17.5200      730.00
17.5400      725.00
17.5600      739.00
17.5800      752.00
17.6000      738.00
17.6200      701.00
17.6400      671.00
17.6600      659.00
17.6800      634.00
17.7000      620.00
17.7200      597.00
17.7400      553.00
17.7600      518.00
17.7800      450.00
17.8000      395.00
17.8200      394.00
17.8400      370.00
17.8600      312.00
17.8800      295.00
17.9000      316.00
17.9200      275.00
17.9400      306.00
17.9600      283.00
17.9800      260.00
18.0000      301.00
18.0200      285.00
18.0400      276.00
18.0600      318.00
18.0800      318.00
18.1000      340.00
18.1200      360.00
18.1400      361.00
18.1600      394.00
18.1800      405.00
18.2000      415.00
18.2200      435.00
18.2400      429.00
18.2600      495.00
18.2800      452.00
18.3000      518.00
18.3200      539.00
18.3400      562.00
18.3600      611.00
18.3800      684.00
18.4000      748.00
18.4200      856.00
18.4400      917.00
18.4600      998.00
18.4800     1079.00
18.5000     1179.00
18.5200     1159.00
18.5400     1185.00
18.5600     1133.00
18.5800     1113.00
18.6000      990.00
18.6200      882.00
18.6400      760.00
18.6600      662.00
18.6800      532.00
18.7000      480.00
18.7200      396.00
18.7400      380.00
18.7600      372.00
18.7800      405.00
18.8000      385.00
18.8200      416.00
18.8400      458.00
18.8600      447.00
18.8800      498.00
18.9000      472.00
18.9200      506.00
18.9400      549.00
18.9600      541.00
18.9800      529.00
19.0000      514.00
19.0200      526.00
19.0400      452.00
19.0600      464.00
19.0800      412.00
19.1000      420.00
19.1200      391.00
19.1400      431.00
19.1600      408.00
19.1800      440.00
19.2000      480.00
19.2200      497.00
19.2400      521.00
19.2600      567.00
19.2800      613.00
19.3000      682.00
19.3200      741.00
19.3400      749.00
19.3600      729.00
19.3800      735.00
19.4000      692.00
19.4200      691.00
19.4400      666.00
19.4600      707.00
19.4800      612.00
19.5000      591.00
19.5200      615.00
19.5400      594.00
19.5600      621.00
19.5800      669.00
19.6000      620.00
19.6200      643.00
19.6400      623.00
19.6600      592.00
19.6800      610.00
19.7000      581.00
19.7200      551.00
19.7400      514.00
19.7600      494.00
19.7800      473.00
19.8000      410.00
19.8200      411.00
19.8400      376.00
19.8600      395.00
19.8800      343.00
19.9000      348.00
19.9200      341.00
19.9400      319.00
19.9600      252.00
19.9800      298.00
20.0000      267.00
20.0200      292.00
20.0400      302.00
20.0600      299.00
20.0800      323.00
20.1000      314.00
20.1200      321.00
20.1400      319.00
20.1600      328.00
20.1800      348.00
20.2000      310.00
20.2200      316.00
20.2400      299.00
20.2600      302.00
20.2800      248.00
20.3000      255.00
20.3200      286.00
20.3400      289.00
20.3600      281.00
20.3800      303.00
20.4000      294.00
20.4200      316.00
20.4400      318.00
20.4600      308.00
20.4800      336.00
20.5000      338.00
20.5200      407.00
20.5400      388.00
20.5600      413.00
20.5800      383.00
20.6000      435.00
20.6200      419.00
20.6400      431.00
20.6600      427.00
20.6800      435.00
20.7000      416.00
20.7200      399.00
20.7400      386.00
20.7600      344.00
20.7800      348.00
20.8000      362.00
20.8200      390.00
20.8400      396.00
20.8600      426.00
20.8800      423.00
20.9000      494.00
20.9200      495.00
20.9400      548.00
20.9600      595.00
20.9800      656.00
21.0000      700.00
21.0200      637.00
21.0400      727.00
21.0600      687.00
21.0800      679.00
21.1000      601.00
21.1200      549.00
21.1400      586.00
21.1600      572.00
21.1800      528.00
21.2000      539.00
21.2200      556.00
21.2400      608.00
21.2600      626.00
21.2800      595.00
21.3000      585.00
21.3200      582.00
21.3400      546.00
21.3600      523.00
21.3800      511.00
21.4000      517.00
21.4200      485.00
21.4400      512.00
21.4600      466.00
21.4800      543.00
21.5000      565.00
21.5200      547.00
21.5400      577.00
21.5600      595.00
21.5800      534.00
21.6000      528.00
21.6200      467.00
21.6400      477.00
21.6600      416.00
21.6800      406.00
21.7000      358.00
21.7200      340.00
21.7400      357.00
21.7600      347.00
21.7800      343.00
21.8000      308.00
21.8200      346.00
21.8400      343.00
21.8600      341.00
21.8800      316.00
21.9000      315.00
21.9200      316.00
21.9400      345.00
21.9600      346.00
21.9800      334.00
22.0000      386.00
22.0200      377.00
22.0400      392.00
22.0600      433.00
22.0800      409.00
22.1000      423.00
22.1200      407.00
22.1400      416.00
22.1600      384.00
22.1800      387.00
22.2000      375.00
22.2200      373.00
22.2400      363.00
22.2600      340.00
22.2800      393.00
22.3000      458.00
22.3200      467.00
22.3400      449.00
22.3600      493.00
22.3800      559.00
22.4000      637.00
22.4200      638.00
22.4400      701.00
22.4600      762.00
22.4800      786.00
22.5000      876.00
22.5200      849.00
22.5400      811.00
22.5600      829.00
22.5800      712.00
22.6000      736.00
22.6200      656.00
22.6400      588.00
22.6600      565.00
22.6800      497.00
22.7000      467.00
22.7200      380.00
22.7400      370.00
22.7600      375.00
22.7800      295.00
22.8000      317.00
22.8200      290.00
22.8400      294.00
22.8600      305.00
22.8800      326.00
22.9000      315.00
22.9200      327.00
22.9400      326.00
22.9600      331.00
22.9800      317.00
23.0000      345.00
23.0200      346.00
23.0400      356.00
23.0600      346.00
23.0800      341.00
23.1000      354.00
23.1200      333.00
23.1400      322.00
23.1600      325.00
23.1800      328.00
23.2000      320.00
23.2200      297.00
23.2400      329.00
23.2600      326.00
23.2800      322.00
23.3000      387.00
23.3200      396.00
23.3400      388.00
23.3600      427.00
23.3800      443.00
23.4000      431.00
23.4200      479.00
23.4400      449.00
23.4600      483.00
23.4800      422.00
23.5000      399.00
23.5200      395.00
23.5400      440.00
23.5600      431.00
23.5800      378.00
23.6000      410.00
23.6200      444.00
23.6400      442.00
23.6600      436.00
23.6800      494.00
23.7000      525.00
23.7200      513.00
23.7400      598.00
23.7600      570.00
23.7800      572.00
23.8000      613.00
23.8200      592.00
23.8400      596.00
23.8600      640.00
23.8800      632.00
23.9000      627.00
23.9200      629.00
23.9400      725.00
23.9600      749.00
23.9800      769.00
24.0000      808.00
24.0200      815.00
24.0400      851.00
24.0600      912.00
24.0800      845.00
24.1000      856.00
24.1200      805.00
24.1400      730.00
24.1600      715.00
24.1800      675.00
24.2000      631.00
24.2200      584.00
24.2400      593.00
24.2600      609.00
24.2800      583.00
24.3000      667.00
24.3200      716.00
24.3400      709.00
24.3600      685.00
24.3800      621.00
24.4000      703.00
24.4200      614.00
24.4400      587.00
24.4600      513.00
24.4800      478.00
24.5000      408.00
24.5200      389.00
24.5400      349.00
24.5600      358.00
24.5800      355.00
24.6000      365.00
24.6200      371.00
24.6400      375.00
24.6600      349.00
24.6800      385.00
24.7000      366.00
24.7200      417.00
24.7400      367.00
24.7600      355.00
24.7800      329.00
24.8000      355.00
24.8200      359.00
24.8400      365.00
24.8600      392.00
24.8800      339.00
24.9000      395.00
24.9200      339.00
24.9400      361.00
24.9600      364.00
24.9800      306.00
25.0000      308.00
25.0200      272.00
25.0400      288.00
25.0600      298.00
25.0800      230.00
25.1000      256.00
25.1200      246.00
25.1400      238.00
25.1600      261.00
25.1800      263.00
25.2000      262.00
25.2200      264.00
25.2400      282.00
25.2600      275.00
25.2800      299.00
25.3000      281.00
25.3200      301.00
25.3400      327.00
25.3600      296.00
25.3800      356.00
25.4000      337.00
25.4200      344.00
25.4400      368.00
25.4600      373.00
25.4800      370.00
25.5000      372.00
25.5200      446.00
25.5400      436.00
25.5600      445.00
25.5800      461.00
25.6000      478.00
25.6200      433.00
25.6400      463.00
25.6600      476.00
25.6800      436.00
25.7000      399.00
25.7200      399.00
25.7400      384.00
25.7600      376.00
25.7800      388.00
25.8000      361.00
25.8200      387.00
25.8400      394.00
25.8600      354.00
25.8800      382.00
25.9000      372.00
25.9200      384.00
25.9400      346.00
25.9600      335.00
25.9800      312.00
26.0000      395.00
26.0200      321.00
26.0400      339.00
26.0600      342.00
26.0800      332.00
26.1000      358.00
26.1200      336.00
26.1400      359.00
26.1600      352.00
26.1800      300.00
26.2000      338.00
26.2200      319.00
26.2400      280.00
26.2600      278.00
26.2800      297.00
26.3000      279.00
26.3200      275.00
26.3400      250.00
26.3600      278.00
26.3800      266.00
26.4000      271.00
26.4200      277.00
26.4400      273.00
26.4600      274.00
26.4800      254.00
26.5000      241.00
26.5200      248.00
26.5400      274.00
26.5600      272.00
26.5800      249.00
26.6000      252.00
26.6200      295.00
26.6400      250.00
26.6600      260.00
26.6800      271.00
26.7000      290.00
26.7200      272.00
26.7400      313.00
26.7600      307.00
26.7800      310.00
26.8000      295.00
26.8200      299.00
26.8400      317.00
26.8600      271.00
26.8800      292.00
26.9000      252.00
26.9200      273.00
26.9400      269.00
26.9600      291.00
26.9800      288.00
27.0000      266.00
27.0200      298.00
27.0400      319.00
27.0600      313.00
27.0800      387.00
27.1000      366.00
27.1200      467.00
27.1400      487.00
27.1600      552.00
27.1800      631.00
27.2000      706.00
27.2200      733.00
27.2400      778.00
27.2600      806.00
27.2800      825.00
27.3000      794.00
27.3200      788.00
27.3400      729.00
27.3600      676.00
27.3800      649.00
27.4000      607.00
27.4200      594.00
27.4400      595.00
27.4600      579.00
27.4800      547.00
27.5000      498.00
27.5200      533.00
27.5400      566.00
27.5600      578.00
27.5800      553.00
27.6000      578.00
27.6200      485.00
27.6400      530.00
27.6600      524.00
27.6800      487.00
27.7000      464.00
27.7200      437.00
27.7400      398.00
27.7600      403.00
27.7800      407.00
27.8000      382.00
27.8200      397.00
27.8400      366.00
27.8600      412.00
27.8800      441.00
27.9000      438.00
27.9200      442.00
27.9400      416.00
27.9600      389.00
27.9800      400.00
28.0000      441.00
28.0200      429.00
28.0400      350.00
28.0600      311.00
28.0800      319.00
28.1000      313.00
28.1200      293.00
28.1400      295.00
28.1600      255.00
28.1800      251.00
28.2000      322.00
28.2200      275.00
28.2400      269.00
28.2600      314.00
28.2800      287.00
28.3000      305.00
28.3200      315.00
28.3400      320.00
28.3600      315.00
28.3800      377.00
28.4000      333.00
28.4200      339.00
28.4400      355.00
28.4600      338.00
28.4800      368.00
28.5000      381.00
28.5200      420.00
28.5400      339.00
28.5600      390.00
28.5800      357.00
28.6000      347.00
28.6200      382.00
28.6400      389.00
28.6600      342.00
28.6800      359.00
28.7000      370.00
28.7200      344.00
28.7400      380.00
28.7600      385.00
28.7800      401.00
28.8000      362.00
28.8200      348.00
28.8400      357.00
28.8600      335.00
28.8800      355.00
28.9000      322.00
28.9200      358.00
28.9400      367.00
28.9600      425.00
28.9800      459.00
29.0000      533.00
29.0200      483.00
29.0400      504.00
29.0600      546.00
29.0800      552.00
29.1000      503.00
29.1200      460.00
29.1400      481.00
29.1600      442.00
29.1800      387.00
29.2000      352.00
29.2200      359.00
29.2400      317.00
29.2600      301.00
29.2800      289.00
29.3000      279.00
29.3200      260.00
29.3400      302.00
29.3600      256.00
29.3800      251.00
29.4000      294.00
29.4200      292.00
29.4400      297.00
29.4600      280.00
29.4800      262.00
29.5000      298.00
29.5200      268.00
29.5400      282.00
29.5600      258.00
29.5800      225.00
29.6000      248.00
29.6200      245.00
29.6400      233.00
29.6600      260.00
29.6800      222.00
29.7000      233.00
29.7200      272.00
29.7400      242.00
29.7600      255.00
29.7800      246.00
29.8000      260.00
29.8200      264.00
29.8400      300.00
29.8600      313.00
29.8800      339.00
29.9000      343.00
29.9200      397.00
29.9400      368.00
29.9600      461.00
29.9800      449.00
30.0000      473.00
30.0200      477.00
30.0400      524.00
30.0600      475.00
30.0800      415.00
30.1000      420.00
30.1200      401.00
30.1400      387.00
30.1600      354.00
30.1800      314.00
30.2000      297.00
30.2200      290.00
30.2400      274.00
30.2600      263.00
30.2800      241.00
30.3000      275.00
30.3200      243.00
30.3400      261.00
30.3600      232.00
30.3800      233.00
30.4000      237.00
30.4200      239.00
30.4400      234.00
30.4600      225.00
30.4800      234.00
30.5000      235.00
30.5200      221.00
30.5400      237.00
30.5600      256.00
30.5800      262.00
30.6000      262.00
30.6200      242.00
30.6400      228.00
30.6600      231.00
30.6800      204.00
30.7000      217.00
30.7200      207.00
30.7400      215.00
30.7600      187.00
30.7800      176.00
30.8000      201.00
30.8200      190.00
30.8400      183.00
30.8600      179.00
30.8800      175.00
30.9000      176.00
30.9200      200.00
30.9400      171.00
30.9600      227.00
30.9800      182.00
31.0000      197.00
31.0200      183.00
31.0400      197.00
31.0600      220.00
31.0800      211.00
31.1000      187.00
31.1200      212.00
31.1400      209.00
31.1600      186.00
31.1800      162.00
31.2000      194.00
31.2200      194.00
31.2400      193.00
31.2600      182.00
31.2800      223.00
31.3000      176.00
31.3200      190.00
31.3400      193.00
31.3600      204.00
31.3800      187.00
31.4000      211.00
31.4200      199.00
31.4400      205.00
31.4600      212.00
31.4800      223.00
31.5000      197.00
31.5200      202.00
31.5400      196.00
31.5600      240.00
31.5800      198.00
31.6000      201.00
31.6200      184.00
31.6400      185.00
31.6600      191.00
31.6800      178.00
31.7000      198.00
31.7200      168.00
31.7400      174.00
31.7600      182.00
31.7800      186.00
31.8000      178.00
31.8200      187.00
31.8400      212.00
31.8600      181.00
31.8800      188.00
31.9000      176.00
31.9200      227.00
31.9400      200.00
31.9600      200.00
31.9800      185.00
32.0000      211.00
32.0200      193.00
32.0400      223.00
32.0600      190.00
32.0800      237.00
32.1000      185.00
32.1200      181.00
32.1400      205.00
32.1600      187.00
32.1800      212.00
32.2000      217.00
32.2200      186.00
32.2400      185.00
32.2600      200.00
32.2800      184.00
32.3000      178.00
32.3200      199.00
32.3400      147.00
32.3600      187.00
32.3800      169.00
32.4000      179.00
32.4200      196.00
32.4400      171.00
32.4600      219.00
32.4800      172.00
32.5000      194.00
32.5200      189.00
32.5400      188.00
32.5600      207.00
32.5800      179.00
32.6000      191.00
32.6200      167.00
32.6400      187.00
32.6600      163.00
32.6800      187.00
32.7000      169.00
32.7200      186.00
32.7400      202.00
32.7600      218.00
32.7800      176.00
32.8000      196.00
32.8200      207.00
32.8400      197.00
32.8600      191.00
32.8800      188.00
32.9000      217.00
32.9200      255.00
32.9400      217.00
32.9600      232.00
32.9800      233.00
33.0000      236.00
33.0200      245.00
33.0400      228.00
33.0600      259.00
33.0800      238.00
33.1000      229.00
33.1200      219.00
33.1400      201.00
33.1600      192.00
33.1800      226.00
33.2000      216.00
33.2200      204.00
33.2400      197.00
33.2600      199.00
33.2800      196.00
33.3000      181.00
33.3200      185.00
33.3400      193.00
33.3600      188.00
33.3800      178.00
33.4000      184.00
33.4200      150.00
33.4400      186.00
33.4600      183.00
33.4800      184.00
33.5000      211.00
33.5200      195.00
33.5400      183.00
33.5600      163.00
33.5800      171.00
33.6000      167.00
33.6200      200.00
33.6400      197.00
33.6600      162.00
33.6800      171.00
33.7000      185.00
33.7200      174.00
33.7400      182.00
33.7600      181.00
33.7800      187.00
33.8000      201.00
33.8200      202.00
33.8400      212.00
33.8600      218.00
33.8800      191.00
33.9000      194.00
33.9200      215.00
33.9400      235.00
33.9600      226.00
33.9800      222.00
34.0000      203.00
34.0200      182.00
34.0400      184.00
34.0600      211.00
34.0800      195.00
34.1000      191.00
34.1200      181.00
34.1400      193.00
34.1600      221.00
34.1800      216.00
34.2000      213.00
34.2200      219.00
34.2400      179.00
34.2600      251.00
34.2800      220.00
34.3000      192.00
34.3200      208.00
34.3400      220.00
34.3600      219.00
34.3800      214.00
34.4000      218.00
34.4200      188.00
34.4400      166.00
34.4600      215.00
34.4800      182.00
34.5000      172.00
34.5200      208.00
34.5400      165.00
34.5600      187.00
34.5800      178.00
34.6000      191.00
34.6200      154.00
34.6400      175.00
34.6600      172.00
34.6800      179.00
34.7000      177.00
34.7200      164.00
34.7400      179.00
34.7600      168.00
34.7800      204.00
34.8000      184.00
34.8200      223.00
34.8400      219.00
34.8600      220.00
34.8800      204.00
34.9000      234.00
34.9200      233.00
34.9400      259.00
34.9600      210.00
34.9800      206.00
35.0000      199.00
