 3.0000      285.00
 3.0200      310.00
 3.0400      288.00
 3.0600      300.00
 3.0800      324.00
 3.1000      292.00
 3.1200      259.00
 3.1400      285.00
 3.1600      292.00
 3.1800      273.00
 3.2000      278.00
 3.2200      287.00
 3.2400      293.00
 3.2600      268.00
 3.2800      241.00
 3.3000      271.00
 3.3200      292.00
 3.3400      284.00
 3.3600      231.00
 3.3800      255.00
 3.4000      254.00
 3.4200      274.00
 3.4400      261.00
 3.4600      247.00
 3.4800      268.00
 3.5000      267.00
 3.5200      271.00
 3.5400      232.00
 3.5600      232.00
 3.5800      251.00
 3.6000      223.00
 3.6200      207.00
 3.6400      240.00
 3.6600      258.00
 3.6800      243.00
 3.7000      242.00
 3.7200      239.00
 3.7400      225.00
 3.7600      234.00
 3.7800      233.00
 3.8000      237.00
 3.8200      240.00
 3.8400      207.00
 3.8600      246.00
 3.8800      200.00
 3.9000      199.00
 3.9200      240.00
 3.9400      195.00
 3.9600      212.00
 3.9800      189.00
 4.0000      209.00
 4.0200      203.00
 4.0400      204.00
 4.0600      235.00
 4.0800      209.00
 4.1000      206.00
 4.1200      177.00
 4.1400      190.00
 4.1600      199.00
 4.1800      179.00
 4.2000      199.00
 4.2200      176.00
 4.2400      206.00
 4.2600      190.00
 4.2800      170.00
 4.3000      201.00
 4.3200      186.00
 4.3400      200.00
 4.3600      167.00
 4.3800      206.00
 4.4000      145.00
 4.4200      199.00
 4.4400      166.00
 4.4600      179.00
 4.4800      155.00
 4.5000      184.00
 4.5200      144.00
 4.5400      180.00
 4.5600      181.00
 4.5800      179.00
 4.6000      165.00
 4.6200      159.00
 4.6400      182.00
 4.6600      164.00
 4.6800      165.00
 4.7000      179.00
 4.7200      159.00
 4.7400      165.00
 4.7600      169.00
 4.7800      166.00
 4.8000      172.00
 4.8200      149.00
 4.8400      154.00
 4.8600      163.00
 4.8800      152.00
 4.9000      175.00
 4.9200      148.00
 4.9400      165.00
 4.9600      164.00
 4.9800      161.00
 5.0000      179.00
 5.0200      166.00
 5.0400      138.00
 5.0600      151.00
 5.0800      161.00
 5.1000      148.00
 5.1200      178.00
 5.1400      141.00
 5.1600      168.00
 5.1800      151.00
 5.2000      183.00
 5.2200      187.00
 5.2400      153.00
 5.2600      136.00
 5.2800      160.00
 5.3000      168.00
 5.3200      211.00
 5.3400      168.00
 5.3600      160.00
 5.3800      144.00
 5.4000      165.00
 5.4200      172.00
 5.4400      171.00
 5.4600      164.00
 5.4800      189.00
 5.5000      183.00
 5.5200      154.00
 5.5400      158.00
 5.5600      157.00
 5.5800      160.00
 5.6000      179.00
 5.6200      180.00
 5.6400      154.00
 5.6600      159.00
 5.6800      177.00
 5.7000      170.00
 5.7200      186.00
 5.7400      188.00
 5.7600      169.00
 5.7800      148.00
 5.8000      169.00
 5.8200      175.00
 5.8400      145.00
 5.8600      174.00
 5.8800      163.00
 5.9000      187.00
 5.9200      151.00
 5.9400      179.00
 5.9600      160.00
 5.9800      149.00
 6.0000      182.00
 6.0200      166.00
 6.0400      146.00
 6.0600      148.00
 6.0800      167.00
 6.1000      167.00
 6.1200      138.00
 6.1400      156.00
 6.1600      166.00
 6.1800      158.00
 6.2000      145.00
 6.2200      168.00
 6.2400      173.00
 6.2600      171.00
 6.2800      161.00
 6.3000      176.00
 6.3200      156.00
 6.3400      181.00
 6.3600      176.00
 6.3800      166.00
 6.4000      167.00
 6.4200      176.00
 6.4400      166.00
 6.4600      161.00
 6.4800      184.00
 6.5000      197.00
 6.5200      191.00
 6.5400      161.00
 6.5600      179.00
 6.5800      183.00
 6.6000      159.00
 6.6200      173.00
 6.6400      185.00
 6.6600      180.00
 6.6800      178.00
 6.7000      173.00
 6.7200      169.00
 6.7400      207.00
 6.7600      167.00
 6.7800      206.00
 6.8000      188.00
 6.8200      186.00
 6.8400      178.00
 6.8600      198.00
 6.8800      214.00
 6.9000      199.00
 6.9200      218.00
 6.9400      213.00
 6.9600      180.00
 6.9800      179.00
 7.0000      169.00
 7.0200      157.00
 7.0400      175.00
 7.0600      162.00
 7.0800      142.00
 7.1000      190.00
 7.1200      162.00
 7.1400      150.00
 7.1600      169.00
 7.1800      189.00
 7.2000      199.00
 7.2200      143.00
 7.2400      164.00
 7.2600      143.00
 7.2800      167.00
 7.3000      152.00
 7.3200      170.00
 7.3400      170.00
 7.3600      160.00
 7.3800      162.00
 7.4000      171.00
 7.4200      166.00
 7.4400      164.00
 7.4600      161.00
 7.4800      170.00
 7.5000      149.00
 7.5200      160.00
 7.5400      186.00
 7.5600      187.00
 7.5800      183.00
 7.6000      164.00
 7.6200      197.00
 7.6400      189.00
 7.6600      171.00
 7.6800      172.00
 7.7000      160.00
 7.7200      152.00
 7.7400      164.00
 7.7600      186.00
 7.7800      194.00
 7.8000      169.00
 7.8200      185.00
 7.8400      177.00
 7.8600      183.00
 7.8800      162.00
 7.9000      193.00
 7.9200      172.00
 7.9400      177.00
 7.9600      146.00
 7.9800      182.00
 8.0000      163.00
 8.0200      183.00
 8.0400      161.00
 8.0600      185.00
 8.0800      187.00
 8.1000      167.00
 8.1200      196.00
 8.1400      162.00
 8.1600      173.00
 8.1800      187.00
 8.2000      156.00
 8.2200      191.00
 8.2400      170.00
 8.2600      164.00
 8.2800      182.00
 8.3000      170.00
 8.3200      173.00
 8.3400      218.00
 8.3600      183.00
 8.3800      203.00
 8.4000      194.00
 8.4200      179.00
 8.4400      181.00
 8.4600      195.00
 8.4800      198.00
 8.5000      199.00
 8.5200      203.00
 8.5400      205.00
 8.5600      202.00
 8.5800      213.00
 8.6000      212.00
 8.6200      200.00
 8.6400      221.00
 8.6600      192.00
 8.6800      241.00
 8.7000      191.00
 8.7200      235.00
 8.7400      223.00
 8.7600      248.00
 8.7800      211.00
 8.8000      239.00
 8.8200      218.00
 8.8400      193.00
 8.8600      202.00
 8.8800      197.00
 8.9000      204.00
 8.9200      187.00
 8.9400      195.00
 8.9600      200.00
 8.9800      193.00
 9.0000      178.00
 9.0200      171.00
 9.0400      199.00
 9.0600      175.00
 9.0800      205.00
 9.1000      171.00
 9.1200      200.00
 9.1400      179.00
 9.1600      160.00
 9.1800      186.00
 9.2000      206.00
 9.2200      171.00
 9.2400      186.00
 9.2600      173.00
 9.2800      177.00
 9.3000      186.00
 9.3200      191.00
 9.3400      195.00
 9.3600      208.00
 9.3800      199.00
 9.4000      163.00
 9.4200      210.00
 9.4400      172.00
 9.4600      209.00
 9.4800      196.00
 9.5000      220.00
 9.5200      183.00
 9.5400      198.00
 9.5600      196.00
 9.5800      201.00
 9.6000      210.00
 9.6200      238.00
 9.6400      194.00
 9.6600      179.00
 9.6800      183.00
 9.7000      190.00
 9.7200      213.00
 9.7400      193.00
 9.7600      207.00
 9.7800      192.00
 9.8000      217.00
 9.8200      209.00
 9.8400      215.00
 9.8600      216.00
 9.8800      228.00
 9.9000      226.00
 9.9200      212.00
 9.9400      194.00
 9.9600      178.00
 9.9800      223.00
10.0000      211.00
10.0200      204.00
10.0400      209.00
10.0600      227.00
10.0800      204.00
10.1000      203.00
10.1200      210.00
10.1400      200.00
10.1600      212.00
10.1800      215.00
10.2000      197.00
10.2200      167.00
10.2400      206.00
10.2600      206.00
10.2800      195.00
10.3000      214.00
10.3200      199.00
10.3400      205.00
10.3600      202.00
10.3800      193.00
10.4000      200.00
10.4200      224.00
10.4400      237.00
10.4600      205.00
10.4800      232.00
10.5000      235.00
10.5200      208.00
10.5400      219.00
10.5600      261.00
10.5800      242.00
10.6000      240.00
10.6200      254.00
10.6400      259.00
10.6600      279.00
10.6800      278.00
10.7000      287.00
10.7200      291.00
10.7400      279.00
10.7600      302.00
10.7800      345.00
10.8000      380.00
10.8200      378.00
10.8400      385.00
10.8600      452.00
10.8800      503.00
10.9000      523.00
10.9200      555.00
10.9400      548.00
10.9600      627.00
10.9800      560.00
11.0000      641.00
11.0200      664.00
11.0400      636.00
11.0600      651.00
11.0800      629.00
11.1000      596.00
11.1200      602.00
11.1400      569.00
11.1600      596.00
11.1800      563.00
11.2000      573.00
11.2200      581.00
11.2400      576.00
11.2600      528.00
11.2800      501.00
11.3000      483.00
11.3200      410.00
11.3400      390.00
11.3600      315.00
11.3800      298.00
11.4000      294.00
11.4200      258.00
11.4400      235.00
11.4600      260.00
11.4800      269.00
11.5000      253.00
11.5200      244.00
11.5400      233.00
11.5600      232.00
11.5800      233.00
11.6000      270.00
11.6200      236.00
11.6400      239.00
11.6600      237.00
11.6800      275.00
11.7000      273.00
11.7200      263.00
11.7400      284.00
11.7600      285.00
11.7800      316.00
11.8000      337.00
11.8200      338.00
11.8400      364.00
11.8600      382.00
11.8800      420.00
11.9000      489.00
11.9200      480.00
11.9400      539.00
11.9600      556.00
11.9800      582.00
12.0000      645.00
12.0200      631.00
12.0400      690.00
12.0600      707.00
12.0800      708.00
12.1000      730.00
12.1200      649.00
12.1400      606.00
12.1600      549.00
12.1800      606.00
12.2000      517.00
12.2200      449.00
12.2400      440.00
12.2600      453.00
12.2800      457.00
12.3000      461.00
12.3200      503.00
12.3400      588.00
12.3600      604.00
12.3800      657.00
12.4000      745.00
12.4200      749.00
12.4400      802.00
12.4600      785.00
12.4800      804.00
12.5000      766.00
12.5200      731.00
12.5400      686.00
12.5600      624.00
12.5800      506.00
12.6000      442.00
12.6200      351.00
12.6400      300.00
12.6600      277.00
12.6800      236.00
12.7000      261.00
12.7200      260.00
12.7400      283.00
12.7600      278.00
12.7800      230.00
12.8000      246.00
12.8200      259.00
12.8400      250.00
12.8600      259.00
12.8800      241.00
12.9000      250.00
12.9200      254.00
12.9400      260.00
12.9600      223.00
12.9800      236.00
13.0000      264.00
13.0200      233.00
13.0400      232.00
13.0600      217.00
13.0800      234.00
13.1000      261.00
13.1200      263.00
13.1400      255.00
13.1600      249.00
13.1800      249.00
13.2000      255.00
13.2200      251.00
13.2400      243.00
13.2600      212.00
13.2800      248.00
13.3000      261.00
13.3200      244.00
13.3400      229.00
13.3600      243.00
13.3800      232.00
13.4000      225.00
13.4200      252.00
13.4400      259.00
13.4600      265.00
13.4800      234.00
13.5000      256.00
13.5200      268.00
13.5400      218.00
13.5600      218.00
13.5800      244.00
13.6000      246.00
13.6200      275.00
13.6400      260.00
13.6600      273.00
13.6800      277.00
13.7000      271.00
13.7200      279.00
13.7400      331.00
13.7600      329.00
13.7800      313.00
13.8000      316.00
13.8200      334.00
13.8400      331.00
13.8600      298.00
13.8800      329.00
13.9000      398.00
13.9200      421.00
13.9400      442.00
13.9600      477.00
13.9800      527.00
14.0000      627.00
14.0200      621.00
14.0400      647.00
14.0600      803.00
14.0800      851.00
14.1000      863.00
14.1200      951.00
14.1400      965.00
14.1600      990.00
14.1800     1002.00
14.2000      972.00
14.2200      997.00
14.2400      868.00
14.2600      787.00
14.2800      706.00
14.3000      641.00
14.3200      602.00
14.3400      532.00
14.3600      529.00
14.3800      465.00
14.4000      465.00
14.4200      398.00
14.4400      374.00
14.4600      370.00
14.4800      322.00
14.5000      319.00
14.5200      293.00
14.5400      282.00
14.5600      278.00
14.5800      292.00
14.6000      268.00
14.6200      278.00
14.6400      281.00
14.6600      249.00
14.6800      279.00
14.7000      275.00
14.7200      254.00
14.7400      248.00
14.7600      277.00
14.7800      234.00
14.8000      280.00
14.8200      248.00
14.8400      266.00
14.8600      276.00
14.8800      273.00
14.9000      268.00
14.9200      284.00
14.9400      292.00
14.9600      269.00
14.9800      265.00
15.0000      247.00
15.0200      235.00
15.0400      257.00
15.0600      245.00
15.0800      236.00
15.1000      267.00
15.1200      254.00
15.1400      285.00
15.1600      253.00
15.1800      252.00
15.2000      248.00
15.2200      233.00
15.2400      264.00
15.2600      256.00
15.2800      268.00
15.3000      279.00
15.3200      268.00
15.3400      243.00
15.3600      240.00
15.3800      253.00
15.4000      268.00
15.4200      249.00
15.4400      256.00
15.4600      241.00
15.4800      264.00
15.5000      267.00
15.5200      281.00
15.5400      291.00
15.5600      254.00
15.5800      268.00
15.6000      274.00
15.6200      323.00
15.6400      292.00
15.6600      314.00
15.6800      360.00
15.7000      327.00
15.7200      373.00
15.7400      395.00
15.7600      420.00
15.7800      426.00
15.8000      475.00
15.8200      504.00
15.8400      474.00
15.8600      495.00
15.8800      510.00
15.9000      513.00
15.9200      522.00
15.9400      504.00
15.9600      480.00
15.9800      470.00
16.0000      503.00
16.0200      462.00
16.0400      458.00
16.0600      500.00
16.0800      527.00
16.1000      498.00
16.1200      538.00
16.1400      528.00
16.1600      511.00
16.1800      525.00
16.2000      528.00
16.2200      490.00
16.2400      505.00
16.2600      481.00
16.2800      518.00
16.3000      495.00
16.3200      534.00
16.3400      536.00
16.3600      612.00
16.3800      565.00
16.4000      603.00
16.4200      640.00
16.4400      655.00
16.4600      674.00
16.4800      666.00
16.5000      591.00
16.5200      547.00
16.5400      500.00
16.5600      458.00
16.5800      403.00
16.6000      401.00
16.6200      324.00
16.6400      318.00
16.6600      326.00
16.6800      346.00
16.7000      334.00
16.7200      281.00
16.7400      325.00
16.7600      349.00
16.7800      343.00
16.8000      376.00
16.8200      368.00
16.8400      399.00
16.8600      444.00
16.8800      454.00
16.9000      505.00
16.9200      596.00
16.9400      585.00
16.9600      599.00
16.9800      653.00
17.0000      696.00
17.0200      679.00
17.0400      737.00
17.0600      725.00
17.0800      726.00
17.1000      731.00
17.1200      660.00
17.1400      602.00
17.1600      632.00
17.1800      631.00
17.2000      640.00
17.2200      698.00
17.2400      696.00
17.2600      811.00
17.2800      909.00
17.3000      980.00
17.3200     1079.00
17.3400     1255.00
17.3600     1407.00
17.3800     1613.00
17.4000     1692.00
17.4200     1884.00
17.4400     2061.00
17.4600     1989.00
17.4800     2191.00
17.5000     2125.00
17.5200     2173.00
17.5400     2025.00
17.5600     1852.00
17.5800     1715.00
17.6000     1535.00
17.6200     1402.00
17.6400     1111.00
17.6600      918.00
17.6800      772.00
17.7000      604.00
17.7200      564.00
17.7400      492.00
17.7600      455.00
17.7800      437.00
17.8000      438.00
17.8200      469.00
17.8400      470.00
17.8600      431.00
17.8800      368.00
17.9000      391.00
17.9200      381.00
17.9400      400.00
17.9600      332.00
17.9800      345.00
18.0000      308.00
18.0200      316.00
18.0400      344.00
18.0600      330.00
18.0800      333.00
18.1000      351.00
18.1200      374.00
18.1400      422.00
18.1600      439.00
18.1800      427.00
18.2000      480.00
18.2200      548.00
18.2400      626.00
18.2600      694.00
18.2800      749.00
18.3000      788.00
18.3200      820.00
18.3400      831.00
18.3600      875.00
18.3800      855.00
18.4000      841.00
18.4200      858.00
18.4400      725.00
18.4600      717.00
18.4800      579.00
18.5000      532.00
18.5200      438.00
18.5400      418.00
18.5600      382.00
18.5800      389.00
18.6000      396.00
18.6200      387.00
18.6400      374.00
18.6600      431.00
18.6800      413.00
18.7000      414.00
18.7200      381.00
18.7400      439.00
18.7600      423.00
18.7800      406.00
18.8000      380.00
18.8200      435.00
18.8400      408.00
18.8600      391.00
18.8800      336.00
18.9000      372.00
18.9200      362.00
18.9400      392.00
18.9600      419.00
18.9800      375.00
19.0000      406.00
19.0200      382.00
19.0400      398.00
19.0600      421.00
19.0800      423.00
19.1000      401.00
19.1200      444.00
19.1400      437.00
19.1600      404.00
19.1800      401.00
19.2000      430.00
19.2200      396.00
19.2400      383.00
19.2600      405.00
19.2800      410.00
19.3000      409.00
19.3200      454.00
19.3400      478.00
19.3600      505.00
19.3800      566.00
19.4000      648.00
19.4200      757.00
19.4400      873.00
19.4600      957.00
19.4800     1137.00
19.5000     1253.00
19.5200     1490.00
19.5400     1486.00
19.5600     1563.00
19.5800     1719.00
19.6000     1650.00
19.6200     1728.00
19.6400     1731.00
19.6600     1623.00
19.6800     1452.00
19.7000     1279.00
19.7200     1111.00
19.7400      988.00
19.7600      784.00
19.7800      664.00
19.8000      639.00
19.8200      536.00
19.8400      500.00
19.8600      434.00
19.8800      413.00
19.9000      406.00
19.9200      397.00
19.9400      402.00
19.9600      395.00
19.9800      317.00
20.0000      336.00
20.0200      338.00
20.0400      315.00
20.0600      343.00
20.0800      348.00
20.1000      316.00
20.1200      311.00
20.1400      265.00
20.1600      320.00
20.1800      343.00
20.2000      328.00
20.2200      331.00
20.2400      354.00
20.2600      352.00
20.2800      350.00
20.3000      339.00
20.3200      384.00
20.3400      393.00
20.3600      390.00
20.3800      416.00
20.4000      420.00
20.4200      460.00
20.4400      495.00
20.4600      548.00
20.4800      679.00
20.5000      656.00
20.5200      733.00
20.5400      800.00
20.5600      891.00
20.5800      957.00
20.6000     1029.00
20.6200     1071.00
20.6400     1107.00
20.6600     1215.00
20.6800     1224.00
20.7000     1246.00
20.7200     1296.00
20.7400     1309.00
20.7600     1400.00
20.7800     1441.00
20.8000     1564.00
20.8200     1674.00
20.8400     1929.00
20.8600     2110.00
20.8800     2270.00
20.9000     2444.00
20.9200     2560.00
20.9400     2784.00
20.9600     2954.00
20.9800     2856.00
21.0000     2750.00
21.0200     2641.00
21.0400     2452.00
21.0600     2288.00
21.0800     1929.00
21.1000     1663.00
21.1200     1360.00
21.1400     1079.00
21.1600      812.00
21.1800      678.00
21.2000      588.00
21.2200      463.00
21.2400      438.00
21.2600      402.00
21.2800      396.00
21.3000      414.00
21.3200      364.00
21.3400      358.00
21.3600      341.00
21.3800      312.00
21.4000      309.00
21.4200      336.00
21.4400      341.00
21.4600      299.00
21.4800      317.00
21.5000      322.00
21.5200      303.00
21.5400      354.00
21.5600      325.00
21.5800      317.00
21.6000      338.00
21.6200      313.00
21.6400      295.00
21.6600      266.00
21.6800      315.00
21.7000      300.00
21.7200      317.00
21.7400      307.00
21.7600      310.00
21.7800      293.00
21.8000      291.00
21.8200      347.00
21.8400      342.00
21.8600      293.00
21.8800      351.00
21.9000      338.00
21.9200      376.00
21.9400      393.00
21.9600      379.00
21.9800      391.00
22.0000      369.00
22.0200      426.00
22.0400      422.00
22.0600      440.00
22.0800      483.00
22.1000      480.00
22.1200      500.00
22.1400      568.00
22.1600      537.00
22.1800      589.00
22.2000      620.00
22.2200      657.00
22.2400      667.00
22.2600      669.00
22.2800      682.00
22.3000      707.00
22.3200      717.00
22.3400      694.00
22.3600      735.00
22.3800      781.00
22.4000      789.00
22.4200      883.00
22.4400      986.00
22.4600     1049.00
22.4800     1037.00
22.5000     1099.00
22.5200     1189.00
22.5400     1278.00
22.5600     1308.00
22.5800     1235.00
22.6000     1231.00
22.6200     1166.00
22.6400     1129.00
22.6600     1077.00
22.6800      878.00
22.7000      777.00
22.7200      695.00
22.7400      682.00
22.7600      630.00
22.7800      647.00
22.8000      615.00
22.8200      611.00
22.8400      648.00
22.8600      652.00
22.8800      687.00
22.9000      735.00
22.9200      784.00
22.9400      767.00
22.9600      779.00
22.9800      862.00
23.0000      849.00
23.0200      843.00
23.0400      866.00
23.0600      807.00
23.0800      861.00
23.1000      914.00
23.1200      867.00
23.1400      815.00
23.1600      820.00
23.1800      748.00
23.2000      698.00
23.2200      708.00
23.2400      794.00
23.2600      737.00
23.2800      780.00
23.3000      781.00
23.3200      807.00
23.3400      788.00
23.3600      816.00
23.3800      791.00
23.4000      716.00
23.4200      686.00
23.4400      634.00
23.4600      565.00
23.4800      484.00
23.5000      474.00
23.5200      409.00
23.5400      395.00
23.5600      371.00
23.5800      418.00
23.6000      353.00
23.6200      352.00
23.6400      379.00
23.6600      383.00
23.6800      408.00
23.7000      408.00
23.7200      439.00
23.7400      396.00
23.7600      415.00
23.7800      444.00
23.8000      478.00
23.8200      469.00
23.8400      538.00
23.8600      613.00
23.8800      592.00
23.9000      657.00
23.9200      689.00
23.9400      745.00
23.9600      818.00
23.9800      875.00
24.0000      933.00
24.0200      962.00
24.0400      908.00
24.0600      947.00
24.0800      985.00
24.1000      982.00
24.1200      979.00
24.1400      924.00
24.1600      884.00
24.1800      947.00
24.2000      914.00
24.2200      970.00
24.2400     1034.00
24.2600     1122.00
24.2800     1165.00
24.3000     1213.00
24.3200     1204.00
24.3400     1246.00
24.3600     1231.00
24.3800     1116.00
24.4000     1058.00
24.4200      926.00
24.4400      846.00
24.4600      707.00
24.4800      649.00
24.5000      544.00
24.5200      511.00
24.5400      469.00
24.5600      390.00
24.5800      412.00
24.6000      402.00
24.6200      418.00
24.6400      413.00
24.6600      482.00
24.6800      482.00
24.7000      504.00
24.7200      566.00
24.7400      631.00
24.7600      674.00
24.7800      752.00
24.8000      789.00
24.8200      871.00
24.8400      853.00
24.8600      905.00
24.8800      846.00
24.9000      853.00
24.9200      863.00
24.9400      704.00
24.9600      673.00
24.9800      611.00
25.0000      550.00
25.0200      500.00
25.0400      436.00
25.0600      397.00
25.0800      364.00
25.1000      365.00
25.1200      329.00
25.1400      292.00
25.1600      351.00
25.1800      321.00
25.2000      286.00
25.2200      323.00
25.2400      310.00
25.2600      278.00
25.2800      306.00
25.3000      277.00
25.3200      273.00
25.3400      286.00
25.3600      290.00
25.3800      272.00
25.4000      263.00
25.4200      300.00
25.4400      250.00
25.4600      296.00
25.4800      302.00
25.5000      275.00
25.5200      293.00
25.5400      295.00
25.5600      281.00
25.5800      286.00
25.6000      304.00
25.6200      294.00
25.6400      302.00
25.6600      321.00
25.6800      278.00
25.7000      286.00
25.7200      293.00
25.7400      298.00
25.7600      316.00
25.7800      339.00
25.8000      358.00
25.8200      385.00
25.8400      402.00
25.8600      424.00
25.8800      465.00
25.9000      444.00
25.9200      482.00
25.9400      512.00
25.9600      494.00
25.9800      540.00
26.0000      543.00
26.0200      546.00
26.0400      594.00
26.0600      598.00
26.0800      576.00
26.1000      584.00
26.1200      610.00
26.1400      642.00
26.1600      658.00
26.1800      637.00
26.2000      631.00
26.2200      635.00
26.2400      612.00
26.2600      612.00
26.2800      568.00
26.3000      603.00
26.3200      567.00
26.3400      594.00
26.3600      556.00
26.3800      556.00
26.4000      567.00
26.4200      558.00
26.4400      499.00
26.4600      518.00
26.4800      504.00
26.5000      483.00
26.5200      448.00
26.5400      401.00
26.5600      371.00
26.5800      374.00
26.6000      331.00
26.6200      314.00
26.6400      292.00
26.6600      271.00
26.6800      282.00
26.7000      273.00
26.7200      290.00
26.7400      291.00
26.7600      271.00
26.7800      312.00
26.8000      293.00
26.8200      304.00
26.8400      310.00
26.8600      309.00
26.8800      355.00
26.9000      341.00
26.9200      329.00
26.9400      339.00
26.9600      325.00
26.9800      357.00
27.0000      381.00
27.0200      336.00
27.0400      336.00
27.0600      315.00
27.0800      346.00
27.1000      367.00
27.1200      362.00
27.1400      411.00
27.1600      418.00
27.1800      403.00
27.2000      401.00
27.2200      438.00
27.2400      434.00
27.2600      422.00
27.2800      419.00
27.3000      473.00
27.3200      389.00
27.3400      406.00
27.3600      431.00
27.3800      405.00
27.4000      479.00
27.4200      472.00
27.4400      499.00
27.4600      576.00
27.4800      549.00
27.5000      623.00
27.5200      669.00
27.5400      647.00
27.5600      723.00
27.5800      733.00
27.6000      756.00
27.6200      783.00
27.6400      833.00
27.6600      827.00
27.6800      828.00
27.7000      750.00
27.7200      734.00
27.7400      669.00
27.7600      644.00
27.7800      611.00
27.8000      542.00
27.8200      473.00
27.8400      478.00
27.8600      423.00
27.8800      436.00
27.9000      400.00
27.9200      416.00
27.9400      395.00
27.9600      380.00
27.9800      348.00
28.0000      373.00
28.0200      365.00
28.0400      373.00
28.0600      341.00
28.0800      401.00
28.1000      337.00
28.1200      355.00
28.1400      374.00
28.1600      406.00
28.1800      417.00
28.2000      494.00
28.2200      524.00
28.2400      562.00
28.2600      653.00
28.2800      719.00
28.3000      771.00
28.3200      887.00
28.3400     1024.00
28.3600     1097.00
28.3800     1126.00
28.4000     1197.00
28.4200     1220.00
28.4400     1215.00
28.4600     1173.00
28.4800     1156.00
28.5000     1081.00
28.5200     1019.00
28.5400      909.00
28.5600      878.00
28.5800      770.00
28.6000      745.00
28.6200      663.00
28.6400      624.00
28.6600      595.00
28.6800      568.00
28.7000      574.00
28.7200      533.00
28.7400      537.00
28.7600      538.00
28.7800      493.00
28.8000      471.00
28.8200      461.00
28.8400      409.00
28.8600      422.00
28.8800      416.00
28.9000      455.00
28.9200      421.00
28.9400      459.00
28.9600      434.00
28.9800      479.00
29.0000      456.00
29.0200      512.00
29.0400      541.00
29.0600      513.00
29.0800      569.00
29.1000      560.00
29.1200      544.00
29.1400      553.00
29.1600      539.00
29.1800      566.00
29.2000      511.00
29.2200      501.00
29.2400      541.00
29.2600      560.00
29.2800      552.00
29.3000      598.00
29.3200      589.00
29.3400      609.00
29.3600      648.00
29.3800      645.00
29.4000      641.00
29.4200      622.00
29.4400      669.00
29.4600      543.00
29.4800      515.00
29.5000      448.00
29.5200      436.00
29.5400      399.00
29.5600      377.00
29.5800      342.00
29.6000      319.00
29.6200      289.00
29.6400      269.00
29.6600      254.00
29.6800      276.00
29.7000      263.00
29.7200      282.00
29.7400      237.00
29.7600      288.00
29.7800      261.00
29.8000      270.00
29.8200      261.00
29.8400      264.00
29.8600      306.00
29.8800      283.00
29.9000      335.00
29.9200      359.00
29.9400      411.00
29.9600      355.00
29.9800      406.00
30.0000      385.00
30.0200      475.00
30.0400      446.00
30.0600      476.00
30.0800      467.00
30.1000      428.00
30.1200      478.00
30.1400      409.00
30.1600      433.00
30.1800      393.00
30.2000      420.00
30.2200      377.00
30.2400      398.00
30.2600      354.00
30.2800      388.00
30.3000      357.00
30.3200      337.00
30.3400      307.00
30.3600      289.00
30.3800      295.00
30.4000      287.00
30.4200      271.00
30.4400      269.00
30.4600      297.00
30.4800      292.00
30.5000      278.00
30.5200      278.00
30.5400      286.00
30.5600      300.00
30.5800      307.00
30.6000      281.00
30.6200      354.00
30.6400      276.00
30.6600      306.00
30.6800      304.00
30.7000      308.00
30.7200      306.00
30.7400      312.00
30.7600      294.00
30.7800      291.00
30.8000      290.00
30.8200      268.00
30.8400      269.00
30.8600      257.00
30.8800      287.00
30.9000      292.00
30.9200      278.00
30.9400      302.00
30.9600      294.00
30.9800      261.00
31.0000      267.00
31.0200      239.00
31.0400      225.00
31.0600      250.00
31.0800      249.00
31.1000      237.00
31.1200      225.00
31.1400      222.00
31.1600      225.00
31.1800      243.00
31.2000      232.00
31.2200      213.00
31.2400      225.00
31.2600      234.00
31.2800      230.00
31.3000      216.00
31.3200      273.00
31.3400      250.00
31.3600      226.00
31.3800      245.00
31.4000      257.00
31.4200      264.00
31.4400      284.00
31.4600      262.00
31.4800      265.00
31.5000      329.00
31.5200      290.00
31.5400      294.00
31.5600      286.00
31.5800      289.00
31.6000      281.00
31.6200      267.00
31.6400      273.00
31.6600      254.00
31.6800      250.00
31.7000      256.00
31.7200      262.00
31.7400      244.00
31.7600      282.00
31.7800      254.00
31.8000      278.00
31.8200      326.00
31.8400      272.00
31.8600      274.00
31.8800      302.00
31.9000      333.00
31.9200      348.00
31.9400      339.00
31.9600      317.00
31.9800      354.00
32.0000      367.00
32.0200      340.00
32.0400      365.00
32.0600      402.00
32.0800      350.00
32.1000      350.00
32.1200      385.00
32.1400      347.00
32.1600      350.00
32.1800      364.00
32.2000      368.00
32.2200      355.00
32.2400      401.00
32.2600      352.00
32.2800      344.00
32.3000      351.00
32.3200      306.00
32.3400      379.00
32.3600      364.00
32.3800      381.00
32.4000      374.00
32.4200      387.00
32.4400      410.00
32.4600      425.00
32.4800      442.00
32.5000      430.00
32.5200      444.00
32.5400      466.00
32.5600      472.00
32.5800      431.00
32.6000      442.00
32.6200      435.00
32.6400      391.00
32.6600      362.00
32.6800      390.00
32.7000      375.00
32.7200      348.00
32.7400      332.00
32.7600      333.00
32.7800      337.00
32.8000      293.00
32.8200      325.00
32.8400      289.00
32.8600      323.00
32.8800      303.00
32.9000      310.00
32.9200      320.00
32.9400      298.00
32.9600      290.00
32.9800      326.00
33.0000      317.00
33.0200      332.00
33.0400      305.00
33.0600      338.00
33.0800      353.00
33.1000      332.00
33.1200      366.00
33.1400      389.00
33.1600      394.00
33.1800      388.00
33.2000      381.00
33.2200      469.00
33.2400      412.00
33.2600      418.00
33.2800      390.00
33.3000      383.00
33.3200      404.00
33.3400      347.00
33.3600      346.00
33.3800      350.00
33.4000      357.00
33.4200      354.00
33.4400      332.00
33.4600      320.00
33.4800      322.00
33.5000      340.00
33.5200      328.00
33.5400      302.00
33.5600      280.00
33.5800      280.00
33.6000      233.00
33.6200      257.00
33.6400      225.00
33.6600      234.00
33.6800      226.00
33.7000      227.00
33.7200      229.00
33.7400      233.00
33.7600      237.00
33.7800      207.00
33.8000      213.00
33.8200      213.00
33.8400      223.00
33.8600      232.00
33.8800      213.00
33.9000      200.00
33.9200      255.00
33.9400      273.00
33.9600      210.00
33.9800      232.00
34.0000      301.00
34.0200      265.00
34.0400      310.00
34.0600      329.00
34.0800      347.00
34.1000      357.00
34.1200      371.00
34.1400      397.00
34.1600      387.00
34.1800      403.00
34.2000      375.00
34.2200      359.00
34.2400      317.00
34.2600      324.00
34.2800      314.00
34.3000      290.00
34.3200      249.00
34.3400      260.00
34.3600      239.00
34.3800      219.00
34.4000      231.00
34.4200      232.00
34.4400      227.00
34.4600      218.00
34.4800      244.00
34.5000      219.00
34.5200      205.00
34.5400      188.00
34.5600      217.00
34.5800      221.00
34.6000      219.00
34.6200      232.00
34.6400      264.00
34.6600      215.00
34.6800      240.00
34.7000      237.00
34.7200      243.00
34.7400      255.00
34.7600      238.00
34.7800      222.00
34.8000      262.00
34.8200      245.00
34.8400      261.00
34.8600      216.00
34.8800      269.00
34.9000      234.00
34.9200      235.00
34.9400      246.00
34.9600      255.00
34.9800      257.00
35.0000      227.00
