 3.0000      290.00
 3.0200      270.00
 3.0400      278.00
 3.0600      249.00
 3.0800      258.00
 3.1000      229.00
 3.1200      256.00
 3.1400      257.00
 3.1600      242.00
 3.1800      250.00
 3.2000      255.00
 3.2200      244.00
 3.2400      257.00
 3.2600      242.00
 3.2800      267.00
 3.3000      241.00
 3.3200      254.00
 3.3400      215.00
 3.3600      232.00
 3.3800      211.00
 3.4000      254.00
 3.4200      225.00
 3.4400      249.00
 3.4600      223.00
 3.4800      227.00
 3.5000      207.00
 3.5200      251.00
 3.5400      234.00
 3.5600      232.00
 3.5800      209.00
 3.6000      218.00
 3.6200      223.00
 3.6400      223.00
 3.6600      250.00
 3.6800      229.00
 3.7000      218.00
 3.7200      205.00
 3.7400      216.00
 3.7600      199.00
 3.7800      195.00
 3.8000      208.00
 3.8200      219.00
 3.8400      227.00
 3.8600      219.00
 3.8800      231.00
 3.9000      198.00
 3.9200      227.00
 3.9400      199.00
 3.9600      193.00
 3.9800      205.00
 4.0000      194.00
 4.0200      197.00
 4.0400      202.00
 4.0600      189.00
 4.0800      183.00
 4.1000      179.00
 4.1200      196.00
 4.1400      164.00
 4.1600      158.00
 4.1800      205.00
 4.2000      183.00
 4.2200      157.00
 4.2400      170.00
 4.2600      193.00
 4.2800      162.00
 4.3000      179.00
 4.3200      191.00
 4.3400      173.00
 4.3600      159.00
 4.3800      174.00
 4.4000      183.00
 4.4200      159.00
 4.4400      138.00
 4.4600      172.00
 4.4800      161.00
 4.5000      169.00
 4.5200      177.00
 4.5400      168.00
 4.5600      150.00
 4.5800      146.00
 4.6000      153.00
 4.6200      145.00
 4.6400      158.00
 4.6600      157.00
 4.6800      132.00
 4.7000      149.00
 4.7200      168.00
 4.7400      139.00
 4.7600      158.00
 4.7800      155.00
 4.8000      156.00
 4.8200      148.00
 4.8400      127.00
 4.8600      147.00
 4.8800      153.00
 4.9000      163.00
 4.9200      167.00
 4.9400      158.00
 4.9600      144.00
 4.9800      161.00
 5.0000      138.00
 5.0200      145.00
 5.0400      129.00
 5.0600      150.00
 5.0800      148.00
 5.1000      147.00
 5.1200      164.00
 5.1400      161.00
 5.1600      157.00
 5.1800      176.00
 5.2000      162.00
 5.2200      119.00
 5.2400      159.00
 5.2600      158.00
 5.2800      149.00
 5.3000      144.00
 5.3200      147.00
 5.3400      139.00
 5.3600      160.00
 5.3800      147.00
 5.4000      155.00
 5.4200      152.00
 5.4400      170.00
 5.4600      156.00
 5.4800      141.00
 5.5000      150.00
 5.5200      159.00
 5.5400      138.00
 5.5600      148.00
 5.5800      147.00
 5.6000      147.00
 5.6200      141.00
 5.6400      187.00
 5.6600      129.00
 5.6800      143.00
 5.7000      125.00
 5.7200      134.00
 5.7400      161.00
 5.7600      146.00
 5.7800      158.00
 5.8000      161.00
 5.8200      148.00
 5.8400      165.00
 5.8600      152.00
 5.8800      132.00
 5.9000      142.00
 5.9200      144.00
 5.9400      155.00
 5.9600      144.00
 5.9800      161.00
 6.0000      145.00
 6.0200      158.00
 6.0400      131.00
 6.0600      144.00
 6.0800      152.00
 6.1000      153.00
 6.1200      149.00
 6.1400      128.00
 6.1600      138.00
 6.1800      149.00
 6.2000      135.00
 6.2200      157.00
 6.2400      159.00
 6.2600      158.00
 6.2800      156.00
 6.3000      143.00
 6.3200      133.00
 6.3400      129.00
 6.3600      140.00
 6.3800      156.00
 6.4000      141.00
 6.4200      152.00
 6.4400      133.00
 6.4600      151.00
 6.4800      165.00
 6.5000      152.00
 6.5200      166.00
 6.5400      161.00
 6.5600      142.00
 6.5800      164.00
 6.6000      194.00
 6.6200      159.00
 6.6400      163.00
 6.6600      163.00
 6.6800      184.00
 6.7000      162.00
 6.7200      172.00
 6.7400      177.00
 6.7600      147.00
 6.7800      182.00
 6.8000      179.00
 6.8200      179.00
 6.8400      175.00
 6.8600      156.00
 6.8800      173.00
 6.9000      121.00
 6.9200      149.00
 6.9400      169.00
 6.9600      157.00
 6.9800      164.00
 7.0000      168.00
 7.0200      137.00
 7.0400      153.00
 7.0600      161.00
 7.0800      147.00
 7.1000      164.00
 7.1200      131.00
 7.1400      139.00
 7.1600      157.00
 7.1800      145.00
 7.2000      154.00
 7.2200      149.00
 7.2400      170.00
 7.2600      136.00
 7.2800      156.00
 7.3000      143.00
 7.3200      124.00
 7.3400      166.00
 7.3600      122.00
 7.3800      143.00
 7.4000      144.00
 7.4200      144.00
 7.4400      160.00
 7.4600      147.00
 7.4800      162.00
 7.5000      150.00
 7.5200      155.00
 7.5400      168.00
 7.5600      124.00
 7.5800      156.00
 7.6000      176.00
 7.6200      135.00
 7.6400      129.00
 7.6600      153.00
 7.6800      150.00
 7.7000      136.00
 7.7200      148.00
 7.7400      135.00
 7.7600      144.00
 7.7800      137.00
 7.8000      148.00
 7.8200      122.00
 7.8400      138.00
 7.8600      160.00
 7.8800      138.00
 7.9000      156.00
 7.9200      171.00
 7.9400      138.00
 7.9600      139.00
 7.9800      139.00
 8.0000      167.00
 8.0200      141.00
 8.0400      147.00
 8.0600      153.00
 8.0800      142.00
 8.1000      155.00
 8.1200      157.00
 8.1400      149.00
 8.1600      151.00
 8.1800      162.00
 8.2000      149.00
 8.2200      151.00
 8.2400      163.00
 8.2600      150.00
 8.2800      136.00
 8.3000      157.00
 8.3200      140.00
 8.3400      144.00
 8.3600      170.00
 8.3800      139.00
 8.4000      147.00
 8.4200      163.00
 8.4400      148.00
 8.4600      168.00
 8.4800      182.00
 8.5000      166.00
 8.5200      160.00
 8.5400      167.00
 8.5600      167.00
 8.5800      184.00
 8.6000      163.00
 8.6200      191.00
 8.6400      202.00
 8.6600      199.00
 8.6800      171.00
 8.7000      199.00
 8.7200      217.00
 8.7400      198.00
 8.7600      182.00
 8.7800      184.00
 8.8000      192.00
 8.8200      176.00
 8.8400      153.00
 8.8600      152.00
 8.8800      142.00
 8.9000      150.00
 8.9200      159.00
 8.9400      148.00
 8.9600      139.00
 8.9800      147.00
 9.0000      145.00
 9.0200      147.00
 9.0400      161.00
 9.0600      151.00
 9.0800      145.00
 9.1000      147.00
 9.1200      161.00
 9.1400      175.00
 9.1600      145.00
 9.1800      163.00
 9.2000      141.00
 9.2200      141.00
 9.2400      141.00
 9.2600      152.00
 9.2800      178.00
 9.3000      163.00
 9.3200      145.00
 9.3400      155.00
 9.3600      149.00
 9.3800      167.00
 9.4000      151.00
 9.4200      168.00
 9.4400      145.00
 9.4600      154.00
 9.4800      146.00
 9.5000      171.00
 9.5200      166.00
 9.5400      173.00
 9.5600      148.00
 9.5800      148.00
 9.6000      153.00
 9.6200      156.00
 9.6400      155.00
 9.6600      185.00
 9.6800      159.00
 9.7000      175.00
 9.7200      150.00
 9.7400      170.00
 9.7600      187.00
 9.7800      160.00
 9.8000      175.00
 9.8200      206.00
 9.8400      196.00
 9.8600      185.00
 9.8800      177.00
 9.9000      198.00
 9.9200      197.00
 9.9400      201.00
 9.9600      170.00
 9.9800      178.00
10.0000      171.00
10.0200      183.00
10.0400      167.00
10.0600      174.00
10.0800      170.00
10.1000      158.00
10.1200      177.00
10.1400      145.00
10.1600      155.00
10.1800      149.00
10.2000      146.00
10.2200      170.00
10.2400      164.00
10.2600      160.00
10.2800      154.00
10.3000      156.00
10.3200      162.00
10.3400      170.00
10.3600      167.00
10.3800      179.00
10.4000      157.00
10.4200      159.00
10.4400      164.00
10.4600      176.00
10.4800      176.00
10.5000      162.00
10.5200      177.00
10.5400      170.00
10.5600      183.00
10.5800      185.00
10.6000      216.00
10.6200      219.00
10.6400      186.00
10.6600      199.00
10.6800      203.00
10.7000      216.00
10.7200      224.00
10.7400      242.00
10.7600      265.00
10.7800      299.00
10.8000      320.00
10.8200      322.00
10.8400      355.00
10.8600      406.00
10.8800      462.00
10.9000      480.00
10.9200      552.00
10.9400      529.00
10.9600      532.00
10.9800      519.00
11.0000      488.00
11.0200      489.00
11.0400      471.00
11.0600      428.00
11.0800      428.00
11.1000      462.00
11.1200      461.00
11.1400      521.00
11.1600      504.00
11.1800      543.00
11.2000      486.00
11.2200      482.00
11.2400      448.00
11.2600      379.00
11.2800      305.00
11.3000      317.00
11.3200      303.00
11.3400      237.00
11.3600      224.00
11.3800      186.00
11.4000      185.00
11.4200      171.00
11.4400      189.00
11.4600      192.00
11.4800      183.00
11.5000      188.00
11.5200      183.00
11.5400      209.00
11.5600      186.00
11.5800      187.00
11.6000      251.00
11.6200      196.00
11.6400      210.00
11.6600      206.00
11.6800      224.00
11.7000      210.00
11.7200      226.00
11.7400      213.00
11.7600      242.00
11.7800      256.00
11.8000      240.00
11.8200      266.00
11.8400      289.00
11.8600      357.00
11.8800      350.00
11.9000      422.00
11.9200      430.00
11.9400      481.00
11.9600      519.00
11.9800      522.00
12.0000      585.00
12.0200      592.00
12.0400      601.00
12.0600      658.00
12.0800      574.00
12.1000      545.00
12.1200      483.00
12.1400      404.00
12.1600      396.00
12.1800      349.00
12.2000      317.00
12.2200      319.00
12.2400      315.00
12.2600      329.00
12.2800      348.00
12.3000      355.00
12.3200      432.00
12.3400      481.00
12.3600      531.00
12.3800      600.00
12.4000      609.00
12.4200      638.00
12.4400      734.00
12.4600      710.00
12.4800      656.00
12.5000      578.00
12.5200      499.00
12.5400      432.00
12.5600      357.00
12.5800      301.00
12.6000      261.00
12.6200      198.00
12.6400      214.00
12.6600      191.00
12.6800      200.00
12.7000      201.00
12.7200      177.00
12.7400      168.00
12.7600      193.00
12.7800      200.00
12.8000      198.00
12.8200      186.00
12.8400      202.00
12.8600      187.00
12.8800      169.00
12.9000      140.00
12.9200      198.00
12.9400      156.00
12.9600      182.00
12.9800      192.00
13.0000      182.00
13.0200      196.00
13.0400      203.00
13.0600      185.00
13.0800      184.00
13.1000      194.00
13.1200      168.00
13.1400      177.00
13.1600      138.00
13.1800      182.00
13.2000      180.00
13.2200      185.00
13.2400      179.00
13.2600      195.00
13.2800      188.00
13.3000      169.00
13.3200      192.00
13.3400      178.00
13.3600      164.00
13.3800      161.00
13.4000      190.00
13.4200      178.00
13.4400      170.00
13.4600      175.00
13.4800      148.00
13.5000      184.00
13.5200      154.00
13.5400      171.00
13.5600      176.00
13.5800      216.00
13.6000      172.00
13.6200      147.00
13.6400      201.00
13.6600      180.00
13.6800      162.00
13.7000      196.00
13.7200      198.00
13.7400      214.00
13.7600      201.00
13.7800      219.00
13.8000      237.00
13.8200      238.00
13.8400      243.00
13.8600      285.00
13.8800      261.00
13.9000      271.00
13.9200      310.00
13.9400      334.00
13.9600      337.00
13.9800      413.00
14.0000      429.00
14.0200      517.00
14.0400      613.00
14.0600      674.00
14.0800      776.00
14.1000      743.00
14.1200      836.00
14.1400      789.00
14.1600      789.00
14.1800      727.00
14.2000      672.00
14.2200      598.00
14.2400      578.00
14.2600      548.00
14.2800      510.00
14.3000      452.00
14.3200      407.00
14.3400      408.00
14.3600      392.00
14.3800      341.00
14.4000      270.00
14.4200      251.00
14.4400      229.00
14.4600      253.00
14.4800      219.00
14.5000      221.00
14.5200      187.00
14.5400      184.00
14.5600      159.00
14.5800      188.00
14.6000      198.00
14.6200      188.00
14.6400      175.00
14.6600      179.00
14.6800      176.00
14.7000      180.00
14.7200      181.00
14.7400      168.00
14.7600      183.00
14.7800      169.00
14.8000      181.00
14.8200      178.00
14.8400      197.00
14.8600      190.00
14.8800      175.00
14.9000      159.00
14.9200      202.00
14.9400      184.00
14.9600      185.00
14.9800      192.00
15.0000      178.00
15.0200      179.00
15.0400      167.00
15.0600      179.00
15.0800      173.00
15.1000      180.00
15.1200      179.00
15.1400      165.00
15.1600      168.00
15.1800      174.00
15.2000      192.00
15.2200      173.00
15.2400      188.00
15.2600      171.00
15.2800      186.00
15.3000      194.00
15.3200      174.00
15.3400      166.00
15.3600      180.00
15.3800      166.00
15.4000      182.00
15.4200      168.00
15.4400      164.00
15.4600      205.00
15.4800      179.00
15.5000      159.00
15.5200      189.00
15.5400      171.00
15.5600      172.00
15.5800      195.00
15.6000      214.00
15.6200      200.00
15.6400      204.00
15.6600      245.00
15.6800      243.00
15.7000      228.00
15.7200      283.00
15.7400      296.00
15.7600      319.00
15.7800      358.00
15.8000      330.00
15.8200      419.00
15.8400      393.00
15.8600      379.00
15.8800      355.00
15.9000      342.00
15.9200      358.00
15.9400      331.00
15.9600      326.00
15.9800      336.00
16.0000      335.00
16.0200      351.00
16.0400      353.00
16.0600      372.00
16.0800      378.00
16.1000      376.00
16.1200      370.00
16.1400      320.00
16.1600      314.00
16.1800      344.00
16.2000      285.00
16.2200      327.00
16.2400      297.00
16.2600      337.00
16.2800      331.00
16.3000      402.00
16.3200      392.00
16.3400      457.00
16.3600      442.00
16.3800      516.00
16.4000      495.00
16.4200      467.00
16.4400      477.00
16.4600      470.00
16.4800      383.00
16.5000      363.00
16.5200      327.00
16.5400      254.00
16.5600      233.00
16.5800      225.00
16.6000      249.00
16.6200      198.00
16.6400      238.00
16.6600      218.00
16.6800      178.00
16.7000      209.00
16.7200      241.00
16.7400      207.00
16.7600      241.00
16.7800      299.00
16.8000      286.00
16.8200      301.00
16.8400      321.00
16.8600      336.00
16.8800      396.00
16.9000      363.00
16.9200      442.00
16.9400      486.00
16.9600      491.00
16.9800      568.00
17.0000      492.00
17.0200      501.00
17.0400      473.00
17.0600      474.00
17.0800      432.00
17.1000      422.00
17.1200      378.00
17.1400      406.00
17.1600      366.00
17.1800      448.00
17.2000      431.00
17.2200      461.00
17.2400      552.00
17.2600      579.00
17.2800      737.00
17.3000      822.00
17.3200      953.00
17.3400     1136.00
17.3600     1229.00
17.3800     1494.00
17.4000     1639.00
17.4200     1750.00
17.4400     1891.00
17.4600     1960.00
17.4800     1933.00
17.5000     1777.00
17.5200     1697.00
17.5400     1586.00
17.5600     1397.00
17.5800     1227.00
17.6000     1088.00
17.6200      857.00
17.6400      720.00
17.6600      565.00
17.6800      492.00
17.7000      390.00
17.7200      387.00
17.7400      348.00
17.7600      324.00
17.7800      334.00
17.8000      322.00
17.8200      319.00
17.8400      298.00
17.8600      312.00
17.8800      312.00
17.9000      275.00
17.9200      271.00
17.9400      239.00
17.9600      237.00
17.9800      210.00
18.0000      216.00
18.0200      203.00
18.0400      224.00
18.0600      272.00
18.0800      251.00
18.1000      237.00
18.1200      256.00
18.1400      329.00
18.1600      333.00
18.1800      339.00
18.2000      371.00
18.2200      458.00
18.2400      533.00
18.2600      570.00
18.2800      613.00
18.3000      672.00
18.3200      749.00
18.3400      708.00
18.3600      704.00
18.3800      636.00
18.4000      578.00
18.4200      531.00
18.4400      465.00
18.4600      381.00
18.4800      392.00
18.5000      329.00
18.5200      267.00
18.5400      267.00
18.5600      256.00
18.5800      258.00
18.6000      265.00
18.6200      271.00
18.6400      307.00
18.6600      280.00
18.6800      303.00
18.7000      282.00
18.7200      267.00
18.7400      308.00
18.7600      281.00
18.7800      279.00
18.8000      230.00
18.8200      254.00
18.8400      246.00
18.8600      263.00
18.8800      220.00
18.9000      254.00
18.9200      240.00
18.9400      291.00
18.9600      262.00
18.9800      257.00
19.0000      276.00
19.0200      301.00
19.0400      311.00
19.0600      314.00
19.0800      312.00
19.1000      326.00
19.1200      315.00
19.1400      326.00
19.1600      286.00
19.1800      295.00
19.2000      291.00
19.2200      270.00
19.2400      281.00
19.2600      286.00
19.2800      266.00
19.3000      296.00
19.3200      306.00
19.3400      341.00
19.3600      368.00
19.3800      409.00
19.4000      438.00
19.4200      548.00
19.4400      687.00
19.4600      815.00
19.4800     1019.00
19.5000     1148.00
19.5200     1342.00
19.5400     1394.00
19.5600     1508.00
19.5800     1443.00
19.6000     1436.00
19.6200     1350.00
19.6400     1196.00
19.6600     1052.00
19.6800      963.00
19.7000      791.00
19.7200      664.00
19.7400      533.00
19.7600      485.00
19.7800      397.00
19.8000      347.00
19.8200      341.00
19.8400      322.00
19.8600      309.00
19.8800      304.00
19.9000      308.00
19.9200      249.00
19.9400      256.00
19.9600      283.00
19.9800      280.00
20.0000      217.00
20.0200      248.00
20.0400      259.00
20.0600      251.00
20.0800      226.00
20.1000      236.00
20.1200      221.00
20.1400      201.00
20.1600      241.00
20.1800      241.00
20.2000      233.00
20.2200      221.00
20.2400      224.00
20.2600      213.00
20.2800      263.00
20.3000      245.00
20.3200      304.00
20.3400      259.00
20.3600      303.00
20.3800      323.00
20.4000      341.00
20.4200      399.00
20.4400      453.00
20.4600      593.00
20.4800      706.00
20.5000      918.00
20.5200     1031.00
20.5400     1107.00
20.5600     1161.00
20.5800     1113.00
20.6000     1001.00
20.6200     1007.00
20.6400      885.00
20.6600      852.00
20.6800      766.00
20.7000      775.00
20.7200      724.00
20.7400      807.00
20.7600      996.00
20.7800     1030.00
20.8000     1213.00
20.8200     1276.00
20.8400     1466.00
20.8600     1604.00
20.8800     1779.00
20.9000     2032.00
20.9200     2246.00
20.9400     2425.00
20.9600     2526.00
20.9800     2451.00
21.0000     2259.00
21.0200     2063.00
21.0400     1706.00
21.0600     1352.00
21.0800     1083.00
21.1000      884.00
21.1200      701.00
21.1400      554.00
21.1600      409.00
21.1800      352.00
21.2000      340.00
21.2200      233.00
21.2400      256.00
21.2600      229.00
21.2800      224.00
21.3000      195.00
21.3200      241.00
21.3400      232.00
21.3600      219.00
21.3800      247.00
21.4000      211.00
21.4200      201.00
21.4400      208.00
21.4600      202.00
21.4800      218.00
21.5000      236.00
21.5200      190.00
21.5400      221.00
21.5600      198.00
21.5800      210.00
21.6000      184.00
21.6200      183.00
21.6400      212.00
21.6600      183.00
21.6800      220.00
21.7000      186.00
21.7200      209.00
21.7400      185.00
21.7600      210.00
21.7800      161.00
21.8000      203.00
21.8200      201.00
21.8400      219.00
21.8600      205.00
21.8800      234.00
21.9000      223.00
21.9200      209.00
21.9400      226.00
21.9600      237.00
21.9800      260.00
22.0000      274.00
22.0200      272.00
22.0400      279.00
22.0600      320.00
22.0800      338.00
22.1000      342.00
22.1200      381.00
22.1400      364.00
22.1600      423.00
22.1800      383.00
22.2000      450.00
22.2200      489.00
22.2400      470.00
22.2600      489.00
22.2800      468.00
22.3000      481.00
22.3200      456.00
22.3400      431.00
22.3600      465.00
22.3800      516.00
22.4000      590.00
22.4200      603.00
22.4400      744.00
22.4600      722.00
22.4800      891.00
22.5000      907.00
22.5200      968.00
22.5400      961.00
22.5600      941.00
22.5800      899.00
22.6000      844.00
22.6200      723.00
22.6400      634.00
22.6600      589.00
22.6800      442.00
22.7000      436.00
22.7200      423.00
22.7400      369.00
22.7600      431.00
22.7800      420.00
22.8000      421.00
22.8200      404.00
22.8400      443.00
22.8600      480.00
22.8800      480.00
22.9000      486.00
22.9200      522.00
22.9400      509.00
22.9600      583.00
22.9800      643.00
23.0000      643.00
23.0200      663.00
23.0400      660.00
23.0600      644.00
23.0800      623.00
23.1000      557.00
23.1200      508.00
23.1400      456.00
23.1600      452.00
23.1800      469.00
23.2000      462.00
23.2200      478.00
23.2400      615.00
23.2600      558.00
23.2800      564.00
23.3000      649.00
23.3200      631.00
23.3400      652.00
23.3600      609.00
23.3800      540.00
23.4000      476.00
23.4200      409.00
23.4400      390.00
23.4600      325.00
23.4800      285.00
23.5000      245.00
23.5200      211.00
23.5400      235.00
23.5600      249.00
23.5800      237.00
23.6000      224.00
23.6200      226.00
23.6400      240.00
23.6600      252.00
23.6800      228.00
23.7000      286.00
23.7200      283.00
23.7400      286.00
23.7600      275.00
23.7800      306.00
23.8000      296.00
23.8200      307.00
23.8400      350.00
23.8600      363.00
23.8800      380.00
23.9000      469.00
23.9200      514.00
23.9400      565.00
23.9600      598.00
23.9800      638.00
24.0000      650.00
24.0200      696.00
24.0400      658.00
24.0600      592.00
24.0800      599.00
24.1000      537.00
24.1200      522.00
24.1400      531.00
24.1600      540.00
24.1800      570.00
24.2000      631.00
24.2200      767.00
24.2400      831.00
24.2600      937.00
24.2800     1013.00
24.3000      960.00
24.3200     1011.00
24.3400      866.00
24.3600      869.00
24.3800      721.00
24.4000      653.00
24.4200      519.00
24.4400      464.00
24.4600      363.00
24.4800      335.00
24.5000      275.00
24.5200      290.00
24.5400      243.00
24.5600      238.00
24.5800      268.00
24.6000      227.00
24.6200      271.00
24.6400      266.00
24.6600      275.00
24.6800      304.00
24.7000      317.00
24.7200      411.00
24.7400      446.00
24.7600      497.00
24.7800      609.00
24.8000      688.00
24.8200      722.00
24.8400      765.00
24.8600      750.00
24.8800      730.00
24.9000      649.00
24.9200      578.00
24.9400      467.00
24.9600      450.00
24.9800      379.00
25.0000      301.00
25.0200      254.00
25.0400      275.00
25.0600      242.00
25.0800      242.00
25.1000      202.00
25.1200      226.00
25.1400      205.00
25.1600      194.00
25.1800      193.00
25.2000      194.00
25.2200      174.00
25.2400      181.00
25.2600      188.00
25.2800      184.00
25.3000      187.00
25.3200      169.00
25.3400      166.00
25.3600      163.00
25.3800      170.00
25.4000      177.00
25.4200      174.00
25.4400      176.00
25.4600      170.00
25.4800      167.00
25.5000      196.00
25.5200      160.00
25.5400      193.00
25.5600      157.00
25.5800      165.00
25.6000      159.00
25.6200      195.00
25.6400      184.00
25.6600      194.00
25.6800      176.00
25.7000      174.00
25.7200      194.00
25.7400      195.00
25.7600      185.00
25.7800      221.00
25.8000      218.00
25.8200      234.00
25.8400      227.00
25.8600      314.00
25.8800      279.00
25.9000      333.00
25.9200      332.00
25.9400      344.00
25.9600      363.00
25.9800      356.00
26.0000      381.00
26.0200      404.00
26.0400      392.00
26.0600      472.00
26.0800      456.00
26.1000      496.00
26.1200      486.00
26.1400      491.00
26.1600      492.00
26.1800      445.00
26.2000      477.00
26.2200      405.00
26.2400      424.00
26.2600      389.00
26.2800      374.00
26.3000      382.00
26.3200      414.00
26.3400      430.00
26.3600      416.00
26.3800      410.00
26.4000      414.00
26.4200      401.00
26.4400      384.00
26.4600      343.00
26.4800      340.00
26.5000      323.00
26.5200      265.00
26.5400      234.00
26.5600      265.00
26.5800      215.00
26.6000      202.00
26.6200      175.00
26.6400      178.00
26.6600      168.00
26.6800      205.00
26.7000      156.00
26.7200      165.00
26.7400      177.00
26.7600      188.00
26.7800      172.00
26.8000      192.00
26.8200      174.00
26.8400      226.00
26.8600      210.00
26.8800      213.00
26.9000      212.00
26.9200      211.00
26.9400      206.00
26.9600      212.00
26.9800      214.00
27.0000      237.00
27.0200      213.00
27.0400      209.00
27.0600      212.00
27.0800      214.00
27.1000      214.00
27.1200      225.00
27.1400      259.00
27.1600      262.00
27.1800      311.00
27.2000      319.00
27.2200      318.00
27.2400      313.00
27.2600      303.00
27.2800      344.00
27.3000      282.00
27.3200      270.00
27.3400      245.00
27.3600      298.00
27.3800      286.00
27.4000      330.00
27.4200      384.00
27.4400      431.00
27.4600      471.00
27.4800      555.00
27.5000      720.00
27.5200      808.00
27.5400      904.00
27.5600      876.00
27.5800      945.00
27.6000      888.00
27.6200      809.00
27.6400      723.00
27.6600      631.00
27.6800      572.00
27.7000      472.00
27.7200      415.00
27.7400      374.00
27.7600      336.00
27.7800      307.00
27.8000      310.00
27.8200      282.00
27.8400      313.00
27.8600      279.00
27.8800      282.00
27.9000      258.00
27.9200      279.00
27.9400      278.00
27.9600      243.00
27.9800      241.00
28.0000      251.00
28.0200      233.00
28.0400      252.00
28.0600      236.00
28.0800      244.00
28.1000      238.00
28.1200      237.00
28.1400      249.00
28.1600      236.00
28.1800      273.00
28.2000      267.00
28.2200      325.00
28.2400      394.00
28.2600      467.00
28.2800      517.00
28.3000      583.00
28.3200      654.00
28.3400      706.00
28.3600      837.00
28.3800      898.00
28.4000      923.00
28.4200      924.00
28.4400      952.00
28.4600      891.00
28.4800      816.00
28.5000      737.00
28.5200      692.00
28.5400      609.00
28.5600      545.00
28.5800      487.00
28.6000      482.00
28.6200      429.00
28.6400      425.00
28.6600      426.00
28.6800      371.00
28.7000      375.00
28.7200      370.00
28.7400      342.00
28.7600      313.00
28.7800      269.00
28.8000      273.00
28.8200      263.00
28.8400      266.00
28.8600      280.00
28.8800      282.00
28.9000      299.00
28.9200      310.00
28.9400      307.00
28.9600      280.00
28.9800      334.00
29.0000      304.00
29.0200      309.00
29.0400      345.00
29.0600      371.00
29.0800      378.00
29.1000      411.00
29.1200      372.00
29.1400      421.00
29.1600      410.00
29.1800      386.00
29.2000      344.00
29.2200      380.00
29.2400      342.00
29.2600      395.00
29.2800      390.00
29.3000      392.00
29.3200      447.00
29.3400      424.00
29.3600      473.00
29.3800      480.00
29.4000      460.00
29.4200      439.00
29.4400      385.00
29.4600      346.00
29.4800      351.00
29.5000      278.00
29.5200      298.00
29.5400      258.00
29.5600      213.00
29.5800      191.00
29.6000      195.00
29.6200      175.00
29.6400      182.00
29.6600      161.00
29.6800      187.00
29.7000      158.00
29.7200      146.00
29.7400      146.00
29.7600      156.00
29.7800      157.00
29.8000      142.00
29.8200      172.00
29.8400      169.00
29.8600      194.00
29.8800      174.00
29.9000      224.00
29.9200      253.00
29.9400      269.00
29.9600      298.00
29.9800      249.00
30.0000      282.00
30.0200      290.00
30.0400      323.00
30.0600      302.00
30.0800      304.00
30.1000      281.00
30.1200      301.00
30.1400      277.00
30.1600      317.00
30.1800      289.00
30.2000      255.00
30.2200      251.00
30.2400      254.00
30.2600      235.00
30.2800      201.00
30.3000      221.00
30.3200      212.00
30.3400      209.00
30.3600      186.00
30.3800      235.00
30.4000      188.00
30.4200      170.00
30.4400      188.00
30.4600      160.00
30.4800      195.00
30.5000      183.00
30.5200      168.00
30.5400      212.00
30.5600      195.00
30.5800      196.00
30.6000      183.00
30.6200      187.00
30.6400      205.00
30.6600      167.00
30.6800      174.00
30.7000      208.00
30.7200      194.00
30.7400      164.00
30.7600      180.00
30.7800      166.00
30.8000      174.00
30.8200      213.00
30.8400      183.00
30.8600      177.00
30.8800      202.00
30.9000      164.00
30.9200      203.00
30.9400      178.00
30.9600      162.00
30.9800      162.00
31.0000      187.00
31.0200      182.00
31.0400      129.00
31.0600      136.00
31.0800      138.00
31.1000      139.00
31.1200      165.00
31.1400      131.00
31.1600      157.00
31.1800      150.00
31.2000      135.00
31.2200      148.00
31.2400      130.00
31.2600      136.00
31.2800      125.00
31.3000      135.00
31.3200      142.00
31.3400      136.00
31.3600      134.00
31.3800      171.00
31.4000      144.00
31.4200      159.00
31.4400      164.00
31.4600      197.00
31.4800      211.00
31.5000      190.00
31.5200      198.00
31.5400      190.00
31.5600      183.00
31.5800      199.00
31.6000      164.00
31.6200      178.00
31.6400      154.00
31.6600      159.00
31.6800      145.00
31.7000      138.00
31.7200      169.00
31.7400      145.00
31.7600      172.00
31.7800      184.00
31.8000      181.00
31.8200      200.00
31.8400      185.00
31.8600      209.00
31.8800      212.00
31.9000      234.00
31.9200      221.00
31.9400      225.00
31.9600      259.00
31.9800      258.00
32.0000      240.00
32.0200      255.00
32.0400      235.00
32.0600      233.00
32.0800      229.00
32.1000      272.00
32.1200      247.00
32.1400      243.00
32.1600      212.00
32.1800      259.00
32.2000      216.00
32.2200      253.00
32.2400      249.00
32.2600      252.00
32.2800      252.00
32.3000      206.00
32.3200      236.00
32.3400      246.00
32.3600      232.00
32.3800      233.00
32.4000      244.00
32.4200      251.00
32.4400      296.00
32.4600      255.00
32.4800      290.00
32.5000      294.00
32.5200      259.00
32.5400      300.00
32.5600      282.00
32.5800      278.00
32.6000      273.00
32.6200      282.00
32.6400      261.00
32.6600      260.00
32.6800      203.00
32.7000      215.00
32.7200      217.00
32.7400      200.00
32.7600      192.00
32.7800      204.00
32.8000      203.00
32.8200      193.00
32.8400      209.00
32.8600      208.00
32.8800      191.00
32.9000      192.00
32.9200      177.00
32.9400      225.00
32.9600      216.00
32.9800      175.00
33.0000      214.00
33.0200      218.00
33.0400      228.00
33.0600      225.00
33.0800      234.00
33.1000      245.00
33.1200      260.00
33.1400      281.00
33.1600      297.00
33.1800      295.00
33.2000      286.00
33.2200      313.00
33.2400      259.00
33.2600      262.00
33.2800      288.00
33.3000      269.00
33.3200      258.00
33.3400      241.00
33.3600      224.00
33.3800      241.00
33.4000      231.00
33.4200      236.00
33.4400      229.00
33.4600      228.00
33.4800      224.00
33.5000      196.00
33.5200      178.00
33.5400      189.00
33.5600      187.00
33.5800      152.00
33.6000      151.00
33.6200      134.00
33.6400      135.00
33.6600      150.00
33.6800      132.00
33.7000      123.00
33.7200      124.00
33.7400      133.00
33.7600      135.00
33.7800      160.00
33.8000      179.00
33.8200      141.00
33.8400      143.00
33.8600      156.00
33.8800      141.00
33.9000      149.00
33.9200      163.00
33.9400      153.00
33.9600      183.00
33.9800      167.00
34.0000      197.00
34.0200      199.00
34.0400      229.00
34.0600      248.00
34.0800      259.00
34.1000      253.00
34.1200      264.00
34.1400      272.00
34.1600      262.00
34.1800      263.00
34.2000      254.00
34.2200      218.00
34.2400      205.00
34.2600      188.00
34.2800      165.00
34.3000      166.00
34.3200      162.00
34.3400      143.00
34.3600      153.00
34.3800      138.00
34.4000      146.00
34.4200      162.00
34.4400      136.00
34.4600      139.00
34.4800      125.00
34.5000      144.00
34.5200      136.00
34.5400      148.00
34.5600      156.00
34.5800      146.00
34.6000      166.00
34.6200      168.00
34.6400      155.00
34.6600      159.00
34.6800      171.00
34.7000      164.00
34.7200      193.00
34.7400      188.00
34.7600      151.00
34.7800      162.00
34.8000      164.00
34.8200      182.00
34.8400      151.00
34.8600      167.00
34.8800      175.00
34.9000      182.00
34.9200      150.00
34.9400      151.00
34.9600      160.00
34.9800      169.00
35.0000      175.00
