 3.0000      299.00
 3.0200      275.00
 3.0400      268.00
 3.0600      283.00
 3.0800      273.00
 3.1000      262.00
 3.1200      264.00
 3.1400      248.00
 3.1600      283.00
 3.1800      252.00
 3.2000      232.00
 3.2200      259.00
 3.2400      246.00
 3.2600      229.00
 3.2800      254.00
 3.3000      248.00
 3.3200      221.00
 3.3400      224.00
 3.3600      212.00
 3.3800      237.00
 3.4000      233.00
 3.4200      215.00
 3.4400      245.00
 3.4600      225.00
 3.4800      255.00
 3.5000      223.00
 3.5200      247.00
 3.5400      254.00
 3.5600      227.00
 3.5800      221.00
 3.6000      198.00
 3.6200      196.00
 3.6400      191.00
 3.6600      208.00
 3.6800      227.00
 3.7000      219.00
 3.7200      190.00
 3.7400      198.00
 3.7600      197.00
 3.7800      213.00
 3.8000      195.00
 3.8200      203.00
 3.8400      195.00
 3.8600      222.00
 3.8800      180.00
 3.9000      195.00
 3.9200      214.00
 3.9400      192.00
 3.9600      212.00
 3.9800      187.00
 4.0000      180.00
 4.0200      182.00
 4.0400      182.00
 4.0600      201.00
 4.0800      194.00
 4.1000      194.00
 4.1200      185.00
 4.1400      177.00
 4.1600      175.00
 4.1800      188.00
 4.2000      177.00
 4.2200      173.00
 4.2400      181.00
 4.2600      177.00
 4.2800      193.00
 4.3000      180.00
 4.3200      173.00
 4.3400      159.00
 4.3600      180.00
 4.3800      150.00
 4.4000      183.00
 4.4200      151.00
 4.4400      153.00
 4.4600      177.00
 4.4800      170.00
 4.5000      161.00
 4.5200      168.00
 4.5400      159.00
 4.5600      149.00
 4.5800      151.00
 4.6000      151.00
 4.6200      151.00
 4.6400      172.00
 4.6600      152.00
 4.6800      152.00
 4.7000      158.00
 4.7200      157.00
 4.7400      137.00
 4.7600      149.00
 4.7800      147.00
 4.8000      148.00
 4.8200      150.00
 4.8400      138.00
 4.8600      138.00
 4.8800      158.00
 4.9000      153.00
 4.9200      143.00
 4.9400      149.00
 4.9600      151.00
 4.9800      135.00
 5.0000      134.00
 5.0200      153.00
 5.0400      167.00
 5.0600      130.00
 5.0800      170.00
 5.1000      162.00
 5.1200      155.00
 5.1400      181.00
 5.1600      138.00
 5.1800      145.00
 5.2000      149.00
 5.2200      128.00
 5.2400      152.00
 5.2600      145.00
 5.2800      144.00
 5.3000      151.00
 5.3200      158.00
 5.3400      146.00
 5.3600      130.00
 5.3800      136.00
 5.4000      159.00
 5.4200      161.00
 5.4400      150.00
 5.4600      124.00
 5.4800      157.00
 5.5000      150.00
 5.5200      135.00
 5.5400      150.00
 5.5600      152.00
 5.5800      144.00
 5.6000      146.00
 5.6200      118.00
 5.6400      149.00
 5.6600      140.00
 5.6800      142.00
 5.7000      153.00
 5.7200      154.00
 5.7400      144.00
 5.7600      141.00
 5.7800      147.00
 5.8000      143.00
 5.8200      137.00
 5.8400      152.00
 5.8600      164.00
 5.8800      150.00
 5.9000      155.00
 5.9200      144.00
 5.9400      141.00
 5.9600      132.00
 5.9800      159.00
 6.0000      174.00
 6.0200      131.00
 6.0400      131.00
 6.0600      128.00
 6.0800      149.00
 6.1000      164.00
 6.1200      154.00
 6.1400      138.00
 6.1600      171.00
 6.1800      151.00
 6.2000      136.00
 6.2200      156.00
 6.2400      137.00
 6.2600      157.00
 6.2800      156.00
 6.3000      165.00
 6.3200      150.00
 6.3400      141.00
 6.3600      141.00
 6.3800      141.00
 6.4000      144.00
 6.4200      134.00
 6.4400      154.00
 6.4600      137.00
 6.4800      172.00
 6.5000      157.00
 6.5200      161.00
 6.5400      162.00
 6.5600      154.00
 6.5800      134.00
 6.6000      162.00
 6.6200      146.00
 6.6400      163.00
 6.6600      139.00
 6.6800      149.00
 6.7000      150.00
 6.7200      162.00
 6.7400      158.00
 6.7600      174.00
 6.7800      136.00
 6.8000      158.00
 6.8200      174.00
 6.8400      178.00
 6.8600      163.00
 6.8800      187.00
 6.9000      181.00
 6.9200      155.00
 6.9400      152.00
 6.9600      179.00
 6.9800      162.00
 7.0000      161.00
 7.0200      158.00
 7.0400      160.00
 7.0600      156.00
 7.0800      136.00
 7.1000      146.00
 7.1200      143.00
 7.1400      128.00
 7.1600      140.00
 7.1800      146.00
 7.2000      149.00
 7.2200      131.00
 7.2400      150.00
 7.2600      145.00
 7.2800      132.00
 7.3000      120.00
 7.3200      150.00
 7.3400      154.00
 7.3600      136.00
 7.3800      139.00
 7.4000      140.00
 7.4200      158.00
 7.4400      138.00
 7.4600      145.00
 7.4800      121.00
 7.5000      166.00
 7.5200      157.00
 7.5400      179.00
 7.5600      153.00
 7.5800      135.00
 7.6000      156.00
 7.6200      127.00
 7.6400      141.00
 7.6600      148.00
 7.6800      155.00
 7.7000      151.00
 7.7200      148.00
 7.7400      140.00
 7.7600      166.00
 7.7800      173.00
 7.8000      154.00
 7.8200      145.00
 7.8400      151.00
 7.8600      120.00
 7.8800      135.00
 7.9000      126.00
 7.9200      144.00
 7.9400      145.00
 7.9600      128.00
 7.9800      144.00
 8.0000      143.00
 8.0200      145.00
 8.0400      140.00
 8.0600      175.00
 8.0800      143.00
 8.1000      166.00
 8.1200      139.00
 8.1400      161.00
 8.1600      123.00
 8.1800      125.00
 8.2000      156.00
 8.2200      130.00
 8.2400      125.00
 8.2600      137.00
 8.2800      146.00
 8.3000      156.00
 8.3200      175.00
 8.3400      134.00
 8.3600      158.00
 8.3800      150.00
 8.4000      129.00
 8.4200      159.00
 8.4400      150.00
 8.4600      169.00
 8.4800      146.00
 8.5000      158.00
 8.5200      155.00
 8.5400      159.00
 8.5600      163.00
 8.5800      173.00
 8.6000      176.00
 8.6200      162.00
 8.6400      190.00
 8.6600      185.00
 8.6800      178.00
 8.7000      192.00
 8.7200      198.00
 8.7400      176.00
 8.7600      195.00
 8.7800      192.00
 8.8000      196.00
 8.8200      196.00
 8.8400      189.00
 8.8600      183.00
 8.8800      164.00
 8.9000      174.00
 8.9200      158.00
 8.9400      166.00
 8.9600      169.00
 8.9800      160.00
 9.0000      158.00
 9.0200      139.00
 9.0400      133.00
 9.0600      141.00
 9.0800      143.00
 9.1000      151.00
 9.1200      156.00
 9.1400      156.00
 9.1600      143.00
 9.1800      160.00
 9.2000      152.00
 9.2200      141.00
 9.2400      132.00
 9.2600      169.00
 9.2800      141.00
 9.3000      161.00
 9.3200      149.00
 9.3400      161.00
 9.3600      175.00
 9.3800      153.00
 9.4000      142.00
 9.4200      156.00
 9.4400      157.00
 9.4600      158.00
 9.4800      162.00
 9.5000      159.00
 9.5200      161.00
 9.5400      159.00
 9.5600      176.00
 9.5800      177.00
 9.6000      171.00
 9.6200      156.00
 9.6400      163.00
 9.6600      170.00
 9.6800      179.00
 9.7000      162.00
 9.7200      162.00
 9.7400      155.00
 9.7600      145.00
 9.7800      150.00
 9.8000      150.00
 9.8200      178.00
 9.8400      171.00
 9.8600      178.00
 9.8800      179.00
 9.9000      188.00
 9.9200      186.00
 9.9400      200.00
 9.9600      169.00
 9.9800      172.00
10.0000      177.00
10.0200      192.00
10.0400      172.00
10.0600      192.00
10.0800      157.00
10.1000      173.00
10.1200      141.00
10.1400      168.00
10.1600      173.00
10.1800      160.00
10.2000      133.00
10.2200      159.00
10.2400      148.00
10.2600      148.00
10.2800      165.00
10.3000      186.00
10.3200      165.00
10.3400      158.00
10.3600      163.00
10.3800      159.00
10.4000      147.00
10.4200      197.00
10.4400      147.00
10.4600      192.00
10.4800      145.00
10.5000      186.00
10.5200      174.00
10.5400      159.00
10.5600      165.00
10.5800      194.00
10.6000      155.00
10.6200      159.00
10.6400      186.00
10.6600      184.00
10.6800      176.00
10.7000      172.00
10.7200      178.00
10.7400      211.00
10.7600      203.00
10.7800      195.00
10.8000      233.00
10.8200      254.00
10.8400      238.00
10.8600      273.00
10.8800      279.00
10.9000      277.00
10.9200      326.00
10.9400      377.00
10.9600      390.00
10.9800      438.00
11.0000      519.00
11.0200      509.00
11.0400      535.00
11.0600      518.00
11.0800      517.00
11.1000      473.00
11.1200      537.00
11.1400      501.00
11.1600      446.00
11.1800      429.00
11.2000      445.00
11.2200      493.00
11.2400      509.00
11.2600      532.00
11.2800      516.00
11.3000      454.00
11.3200      460.00
11.3400      432.00
11.3600      365.00
11.3800      326.00
11.4000      299.00
11.4200      269.00
11.4400      216.00
11.4600      213.00
11.4800      225.00
11.5000      209.00
11.5200      206.00
11.5400      194.00
11.5600      177.00
11.5800      157.00
11.6000      194.00
11.6200      196.00
11.6400      192.00
11.6600      183.00
11.6800      196.00
11.7000      215.00
11.7200      211.00
11.7400      176.00
11.7600      209.00
11.7800      201.00
11.8000      222.00
11.8200      196.00
11.8400      222.00
11.8600      198.00
11.8800      228.00
11.9000      260.00
11.9200      271.00
11.9400      319.00
11.9600      305.00
11.9800      354.00
12.0000      365.00
12.0200      435.00
12.0400      496.00
12.0600      509.00
12.0800      571.00
12.1000      593.00
12.1200      596.00
12.1400      641.00
12.1600      581.00
12.1800      561.00
12.2000      516.00
12.2200      476.00
12.2400      382.00
12.2600      407.00
12.2800      353.00
12.3000      362.00
12.3200      357.00
12.3400      337.00
12.3600      336.00
12.3800      393.00
12.4000      378.00
12.4200      488.00
12.4400      516.00
12.4600      578.00
12.4800      621.00
12.5000      670.00
12.5200      734.00
12.5400      708.00
12.5600      683.00
12.5800      590.00
12.6000      598.00
12.6200      483.00
12.6400      396.00
12.6600      374.00
12.6800      322.00
12.7000      270.00
12.7200      252.00
12.7400      234.00
12.7600      218.00
12.7800      206.00
12.8000      200.00
12.8200      183.00
12.8400      193.00
12.8600      163.00
12.8800      177.00
12.9000      183.00
12.9200      182.00
12.9400      131.00
12.9600      195.00
12.9800      180.00
13.0000      196.00
13.0200      178.00
13.0400      168.00
13.0600      184.00
13.0800      191.00
13.1000      197.00
13.1200      212.00
13.1400      193.00
13.1600      170.00
13.1800      153.00
13.2000      162.00
13.2200      182.00
13.2400      160.00
13.2600      179.00
13.2800      167.00
13.3000      172.00
13.3200      177.00
13.3400      155.00
13.3600      163.00
13.3800      157.00
13.4000      169.00
13.4200      176.00
13.4400      181.00
13.4600      173.00
13.4800      157.00
13.5000      157.00
13.5200      193.00
13.5400      183.00
13.5600      193.00
13.5800      184.00
13.6000      163.00
13.6200      165.00
13.6400      185.00
13.6600      195.00
13.6800      144.00
13.7000      174.00
13.7200      192.00
13.7400      194.00
13.7600      196.00
13.7800      197.00
13.8000      185.00
13.8200      211.00
13.8400      192.00
13.8600      204.00
13.8800      192.00
13.9000      232.00
13.9200      194.00
13.9400      259.00
13.9600      237.00
13.9800      264.00
14.0000      302.00
14.0200      304.00
14.0400      330.00
14.0600      397.00
14.0800      454.00
14.1000      477.00
14.1200      567.00
14.1400      600.00
14.1600      769.00
14.1800      788.00
14.2000      755.00
14.2200      878.00
14.2400      745.00
14.2600      744.00
14.2800      711.00
14.3000      644.00
14.3200      628.00
14.3400      553.00
14.3600      554.00
14.3800      502.00
14.4000      450.00
14.4200      417.00
14.4400      408.00
14.4600      354.00
14.4800      324.00
14.5000      288.00
14.5200      241.00
14.5400      242.00
14.5600      203.00
14.5800      201.00
14.6000      187.00
14.6200      219.00
14.6400      178.00
14.6600      220.00
14.6800      197.00
14.7000      192.00
14.7200      175.00
14.7400      175.00
14.7600      164.00
14.7800      176.00
14.8000      163.00
14.8200      166.00
14.8400      180.00
14.8600      173.00
14.8800      183.00
14.9000      184.00
14.9200      200.00
14.9400      174.00
14.9600      188.00
14.9800      170.00
15.0000      179.00
15.0200      208.00
15.0400      172.00
15.0600      166.00
15.0800      173.00
15.1000      174.00
15.1200      165.00
15.1400      189.00
15.1600      154.00
15.1800      157.00
15.2000      140.00
15.2200      158.00
15.2400      190.00
15.2600      191.00
15.2800      165.00
15.3000      179.00
15.3200      170.00
15.3400      166.00
15.3600      166.00
15.3800      177.00
15.4000      185.00
15.4200      164.00
15.4400      189.00
15.4600      178.00
15.4800      186.00
15.5000      166.00
15.5200      175.00
15.5400      192.00
15.5600      168.00
15.5800      172.00
15.6000      196.00
15.6200      178.00
15.6400      197.00
15.6600      197.00
15.6800      182.00
15.7000      188.00
15.7200      210.00
15.7400      193.00
15.7600      214.00
15.7800      250.00
15.8000      250.00
15.8200      279.00
15.8400      291.00
15.8600      297.00
15.8800      380.00
15.9000      384.00
15.9200      371.00
15.9400      348.00
15.9600      399.00
15.9800      387.00
16.0000      351.00
16.0200      327.00
16.0400      285.00
16.0600      304.00
16.0800      332.00
16.1000      327.00
16.1200      311.00
16.1400      361.00
16.1600      368.00
16.1800      350.00
16.2000      376.00
16.2200      327.00
16.2400      351.00
16.2600      347.00
16.2800      347.00
16.3000      321.00
16.3200      302.00
16.3400      290.00
16.3600      329.00
16.3800      341.00
16.4000      356.00
16.4200      370.00
16.4400      427.00
16.4600      465.00
16.4800      491.00
16.5000      478.00
16.5200      471.00
16.5400      476.00
16.5600      422.00
16.5800      411.00
16.6000      328.00
16.6200      294.00
16.6400      289.00
16.6600      239.00
16.6800      222.00
16.7000      248.00
16.7200      202.00
16.7400      208.00
16.7600      214.00
16.7800      205.00
16.8000      220.00
16.8200      213.00
16.8400      245.00
16.8600      220.00
16.8800      261.00
16.9000      280.00
16.9200      262.00
16.9400      305.00
16.9600      355.00
16.9800      345.00
17.0000      386.00
17.0200      421.00
17.0400      489.00
17.0600      518.00
17.0800      552.00
17.1000      526.00
17.1200      481.00
17.1400      489.00
17.1600      469.00
17.1800      461.00
17.2000      413.00
17.2200      399.00
17.2400      410.00
17.2600      421.00
17.2800      444.00
17.3000      492.00
17.3200      507.00
17.3400      569.00
17.3600      650.00
17.3800      766.00
17.4000      885.00
17.4200     1088.00
17.4400     1193.00
17.4600     1349.00
17.4800     1503.00
17.5000     1637.00
17.5200     1784.00
17.5400     1881.00
17.5600     1899.00
17.5800     1870.00
17.6000     1828.00
17.6200     1672.00
17.6400     1564.00
17.6600     1345.00
17.6800     1144.00
17.7000      980.00
17.7200      773.00
17.7400      614.00
17.7600      521.00
17.7800      438.00
17.8000      380.00
17.8200      331.00
17.8400      374.00
17.8600      363.00
17.8800      365.00
17.9000      327.00
17.9200      317.00
17.9400      299.00
17.9600      285.00
17.9800      286.00
18.0000      262.00
18.0200      247.00
18.0400      233.00
18.0600      224.00
18.0800      217.00
18.1000      226.00
18.1200      226.00
18.1400      233.00
18.1600      209.00
18.1800      256.00
18.2000      260.00
18.2200      272.00
18.2400      282.00
18.2600      325.00
18.2800      368.00
18.3000      369.00
18.3200      457.00
18.3400      502.00
18.3600      611.00
18.3800      633.00
18.4000      773.00
18.4200      761.00
18.4400      774.00
18.4600      739.00
18.4800      662.00
18.5000      616.00
18.5200      548.00
18.5400      433.00
18.5600      404.00
18.5800      366.00
18.6000      328.00
18.6200      273.00
18.6400      296.00
18.6600      292.00
18.6800      304.00
18.7000      294.00
18.7200      284.00
18.7400      303.00
18.7600      299.00
18.7800      290.00
18.8000      282.00
18.8200      305.00
18.8400      262.00
18.8600      262.00
18.8800      297.00
18.9000      275.00
18.9200      278.00
18.9400      251.00
18.9600      237.00
18.9800      281.00
19.0000      241.00
19.0200      248.00
19.0400      240.00
19.0600      250.00
19.0800      268.00
19.1000      269.00
19.1200      272.00
19.1400      297.00
19.1600      292.00
19.1800      320.00
19.2000      314.00
19.2200      311.00
19.2400      276.00
19.2600      271.00
19.2800      294.00
19.3000      277.00
19.3200      248.00
19.3400      259.00
19.3600      293.00
19.3800      277.00
19.4000      307.00
19.4200      317.00
19.4400      341.00
19.4600      369.00
19.4800      428.00
19.5000      491.00
19.5200      597.00
19.5400      701.00
19.5600      845.00
19.5800      964.00
19.6000     1195.00
19.6200     1240.00
19.6400     1428.00
19.6600     1412.00
19.6800     1426.00
19.7000     1330.00
19.7200     1297.00
19.7400     1198.00
19.7600     1061.00
19.7800      909.00
19.8000      807.00
19.8200      666.00
19.8400      522.00
19.8600      478.00
19.8800      453.00
19.9000      360.00
19.9200      376.00
19.9400      348.00
19.9600      315.00
19.9800      306.00
20.0000      264.00
20.0200      265.00
20.0400      247.00
20.0600      215.00
20.0800      240.00
20.1000      226.00
20.1200      208.00
20.1400      229.00
20.1600      216.00
20.1800      216.00
20.2000      234.00
20.2200      204.00
20.2400      206.00
20.2600      209.00
20.2800      206.00
20.3000      221.00
20.3200      247.00
20.3400      236.00
20.3600      249.00
20.3800      226.00
20.4000      241.00
20.4200      264.00
20.4400      275.00
20.4600      263.00
20.4800      270.00
20.5000      311.00
20.5200      319.00
20.5400      391.00
20.5600      443.00
20.5800      525.00
20.6000      617.00
20.6200      724.00
20.6400      793.00
20.6600      841.00
20.6800      852.00
20.7000      945.00
20.7200      856.00
20.7400      783.00
20.7600      764.00
20.7800      761.00
20.8000      755.00
20.8200      803.00
20.8400      843.00
20.8600      911.00
20.8800     1071.00
20.9000     1192.00
20.9200     1341.00
20.9400     1566.00
20.9600     1773.00
20.9800     1961.00
21.0000     2248.00
21.0200     2308.00
21.0400     2456.00
21.0600     2436.00
21.0800     2438.00
21.1000     2210.00
21.1200     1859.00
21.1400     1622.00
21.1600     1355.00
21.1800     1059.00
21.2000      865.00
21.2200      664.00
21.2400      568.00
21.2600      392.00
21.2800      380.00
21.3000      303.00
21.3200      275.00
21.3400      246.00
21.3600      258.00
21.3800      246.00
21.4000      237.00
21.4200      215.00
21.4400      219.00
21.4600      225.00
21.4800      214.00
21.5000      202.00
21.5200      205.00
21.5400      209.00
21.5600      214.00
21.5800      197.00
21.6000      191.00
21.6200      189.00
21.6400      217.00
21.6600      208.00
21.6800      197.00
21.7000      190.00
21.7200      185.00
21.7400      210.00
21.7600      222.00
21.7800      180.00
21.8000      213.00
21.8200      219.00
21.8400      216.00
21.8600      197.00
21.8800      205.00
21.9000      192.00
21.9200      239.00
21.9400      224.00
21.9600      225.00
21.9800      217.00
22.0000      227.00
22.0200      221.00
22.0400      233.00
22.0600      237.00
22.0800      267.00
22.1000      260.00
22.1200      277.00
22.1400      290.00
22.1600      314.00
22.1800      335.00
22.2000      340.00
22.2200      365.00
22.2400      412.00
22.2600      403.00
22.2800      411.00
22.3000      451.00
22.3200      451.00
22.3400      456.00
22.3600      460.00
22.3800      431.00
22.4000      401.00
22.4200      431.00
22.4400      430.00
22.4600      469.00
22.4800      498.00
22.5000      558.00
22.5200      604.00
22.5400      723.00
22.5600      742.00
22.5800      859.00
22.6000      949.00
22.6200      899.00
22.6400      963.00
22.6600      906.00
22.6800      826.00
22.7000      666.00
22.7200      680.00
22.7400      537.00
22.7600      512.00
22.7800      420.00
22.8000      421.00
22.8200      385.00
22.8400      393.00
22.8600      367.00
22.8800      377.00
22.9000      385.00
22.9200      433.00
22.9400      434.00
22.9600      442.00
22.9800      480.00
23.0000      465.00
23.0200      497.00
23.0400      502.00
23.0600      625.00
23.0800      591.00
23.1000      652.00
23.1200      663.00
23.1400      648.00
23.1600      608.00
23.1800      578.00
23.2000      529.00
23.2200      526.00
23.2400      493.00
23.2600      490.00
23.2800      498.00
23.3000      480.00
23.3200      502.00
23.3400      522.00
23.3600      581.00
23.3800      606.00
23.4000      634.00
23.4200      635.00
23.4400      642.00
23.4600      612.00
23.4800      512.00
23.5000      470.00
23.5200      434.00
23.5400      335.00
23.5600      271.00
23.5800      274.00
23.6000      272.00
23.6200      248.00
23.6400      253.00
23.6600      225.00
23.6800      234.00
23.7000      211.00
23.7200      221.00
23.7400      227.00
23.7600      281.00
23.7800      258.00
23.8000      240.00
23.8200      234.00
23.8400      259.00
23.8600      268.00
23.8800      304.00
23.9000      311.00
23.9200      313.00
23.9400      380.00
23.9600      369.00
23.9800      424.00
24.0000      413.00
24.0200      492.00
24.0400      517.00
24.0600      573.00
24.0800      634.00
24.1000      646.00
24.1200      642.00
24.1400      654.00
24.1600      634.00
24.1800      547.00
24.2000      611.00
24.2200      547.00
24.2400      570.00
24.2600      603.00
24.2800      645.00
24.3000      755.00
24.3200      767.00
24.3400      885.00
24.3600      857.00
24.3800      947.00
24.4000      976.00
24.4200      899.00
24.4400      806.00
24.4600      760.00
24.4800      700.00
24.5000      581.00
24.5200      452.00
24.5400      426.00
24.5600      392.00
24.5800      293.00
24.6000      292.00
24.6200      291.00
24.6400      278.00
24.6600      236.00
24.6800      248.00
24.7000      285.00
24.7200      274.00
24.7400      314.00
24.7600      304.00
24.7800      351.00
24.8000      385.00
24.8200      491.00
24.8400      493.00
24.8600      580.00
24.8800      663.00
24.9000      693.00
24.9200      718.00
24.9400      719.00
24.9600      696.00
24.9800      670.00
25.0000      611.00
25.0200      521.00
25.0400      416.00
25.0600      408.00
25.0800      351.00
25.1000      323.00
25.1200      277.00
25.1400      251.00
25.1600      233.00
25.1800      228.00
25.2000      202.00
25.2200      185.00
25.2400      197.00
25.2600      198.00
25.2800      193.00
25.3000      206.00
25.3200      179.00
25.3400      172.00
25.3600      156.00
25.3800      189.00
25.4000      187.00
25.4200      159.00
25.4400      186.00
25.4600      143.00
25.4800      171.00
25.5000      172.00
25.5200      167.00
25.5400      172.00
25.5600      171.00
25.5800      156.00
25.6000      164.00
25.6200      163.00
25.6400      182.00
25.6600      184.00
25.6800      147.00
25.7000      156.00
25.7200      176.00
25.7400      189.00
25.7600      150.00
25.7800      169.00
25.8000      210.00
25.8200      185.00
25.8400      178.00
25.8600      203.00
25.8800      240.00
25.9000      204.00
25.9200      250.00
25.9400      267.00
25.9600      296.00
25.9800      327.00
26.0000      349.00
26.0200      330.00
26.0400      360.00
26.0600      346.00
26.0800      395.00
26.1000      394.00
26.1200      404.00
26.1400      450.00
26.1600      477.00
26.1800      477.00
26.2000      482.00
26.2200      455.00
26.2400      478.00
26.2600      464.00
26.2800      440.00
26.3000      423.00
26.3200      445.00
26.3400      394.00
26.3600      354.00
26.3800      395.00
26.4000      367.00
26.4200      420.00
26.4400      390.00
26.4600      400.00
26.4800      418.00
26.5000      392.00
26.5200      385.00
26.5400      335.00
26.5600      343.00
26.5800      304.00
26.6000      277.00
26.6200      252.00
26.6400      244.00
26.6600      231.00
26.6800      197.00
26.7000      206.00
26.7200      160.00
26.7400      147.00
26.7600      159.00
26.7800      175.00
26.8000      176.00
26.8200      178.00
26.8400      175.00
26.8600      175.00
26.8800      151.00
26.9000      186.00
26.9200      180.00
26.9400      206.00
26.9600      222.00
26.9800      200.00
27.0000      184.00
27.0200      212.00
27.0400      196.00
27.0600      174.00
27.0800      196.00
27.1000      213.00
27.1200      209.00
27.1400      207.00
27.1600      233.00
27.1800      238.00
27.2000      240.00
27.2200      281.00
27.2400      291.00
27.2600      291.00
27.2800      266.00
27.3000      297.00
27.3200      325.00
27.3400      282.00
27.3600      291.00
27.3800      293.00
27.4000      293.00
27.4200      255.00
27.4400      278.00
27.4600      258.00
27.4800      286.00
27.5000      339.00
27.5200      314.00
27.5400      336.00
27.5600      386.00
27.5800      422.00
27.6000      551.00
27.6200      588.00
27.6400      596.00
27.6600      658.00
27.6800      639.00
27.7000      632.00
27.7200      596.00
27.7400      550.00
27.7600      510.00
27.7800      475.00
27.8000      452.00
27.8200      390.00
27.8400      357.00
27.8600      311.00
27.8800      323.00
27.9000      276.00
27.9200      269.00
27.9400      264.00
27.9600      258.00
27.9800      231.00
28.0000      278.00
28.0200      244.00
28.0400      217.00
28.0600      265.00
28.0800      232.00
28.1000      205.00
28.1200      213.00
28.1400      200.00
28.1600      216.00
28.1800      219.00
28.2000      228.00
28.2200      246.00
28.2400      244.00
28.2600      233.00
28.2800      256.00
28.3000      301.00
28.3200      328.00
28.3400      388.00
28.3600      448.00
28.3800      590.00
28.4000      605.00
28.4200      717.00
28.4400      800.00
28.4600      873.00
28.4800      926.00
28.5000      938.00
28.5200      948.00
28.5400      865.00
28.5600      889.00
28.5800      764.00
28.6000      674.00
28.6200      641.00
28.6400      510.00
28.6600      531.00
28.6800      478.00
28.7000      483.00
28.7200      421.00
28.7400      412.00
28.7600      377.00
28.7800      384.00
28.8000      359.00
28.8200      337.00
28.8400      325.00
28.8600      284.00
28.8800      271.00
28.9000      260.00
28.9200      265.00
28.9400      282.00
28.9600      278.00
28.9800      272.00
29.0000      280.00
29.0200      316.00
29.0400      270.00
29.0600      315.00
29.0800      306.00
29.1000      340.00
29.1200      315.00
29.1400      352.00
29.1600      369.00
29.1800      362.00
29.2000      380.00
29.2200      402.00
29.2400      400.00
29.2600      360.00
29.2800      374.00
29.3000      347.00
29.3200      369.00
29.3400      355.00
29.3600      366.00
29.3800      411.00
29.4000      421.00
29.4200      499.00
29.4400      532.00
29.4600      485.00
29.4800      499.00
29.5000      473.00
29.5200      464.00
29.5400      386.00
29.5600      335.00
29.5800      322.00
29.6000      280.00
29.6200      256.00
29.6400      216.00
29.6600      217.00
29.6800      195.00
29.7000      181.00
29.7200      185.00
29.7400      154.00
29.7600      165.00
29.7800      173.00
29.8000      144.00
29.8200      169.00
29.8400      155.00
29.8600      163.00
29.8800      167.00
29.9000      171.00
29.9200      173.00
29.9400      169.00
29.9600      208.00
29.9800      202.00
30.0000      238.00
30.0200      257.00
30.0400      263.00
30.0600      284.00
30.0800      291.00
30.1000      304.00
30.1200      296.00
30.1400      325.00
30.1600      301.00
30.1800      296.00
30.2000      299.00
30.2200      313.00
30.2400      269.00
30.2600      287.00
30.2800      245.00
30.3000      272.00
30.3200      259.00
30.3400      238.00
30.3600      201.00
30.3800      242.00
30.4000      228.00
30.4200      211.00
30.4400      228.00
30.4600      186.00
30.4800      160.00
30.5000      177.00
30.5200      189.00
30.5400      153.00
30.5600      176.00
30.5800      168.00
30.6000      192.00
30.6200      175.00
30.6400      184.00
30.6600      184.00
30.6800      214.00
30.7000      189.00
30.7200      197.00
30.7400      198.00
30.7600      182.00
30.7800      180.00
30.8000      173.00
30.8200      176.00
30.8400      175.00
30.8600      186.00
30.8800      169.00
30.9000      187.00
30.9200      180.00
30.9400      167.00
30.9600      182.00
30.9800      175.00
31.0000      156.00
31.0200      174.00
31.0400      177.00
31.0600      161.00
31.0800      188.00
31.1000      163.00
31.1200      141.00
31.1400      161.00
31.1600      121.00
31.1800      153.00
31.2000      132.00
31.2200      154.00
31.2400      126.00
31.2600      147.00
31.2800      144.00
31.3000      125.00
31.3200      117.00
31.3400      139.00
31.3600      149.00
31.3800      149.00
31.4000      138.00
31.4200      135.00
31.4400      139.00
31.4600      167.00
31.4800      176.00
31.5000      172.00
31.5200      179.00
31.5400      172.00
31.5600      184.00
31.5800      171.00
31.6000      199.00
31.6200      197.00
31.6400      174.00
31.6600      174.00
31.6800      154.00
31.7000      178.00
31.7200      168.00
31.7400      136.00
31.7600      157.00
31.7800      157.00
31.8000      153.00
31.8200      163.00
31.8400      166.00
31.8600      170.00
31.8800      176.00
31.9000      198.00
31.9200      198.00
31.9400      188.00
31.9600      218.00
31.9800      227.00
32.0000      213.00
32.0200      224.00
32.0400      256.00
32.0600      244.00
32.0800      261.00
32.1000      241.00
32.1200      254.00
32.1400      259.00
32.1600      254.00
32.1800      252.00
32.2000      242.00
32.2200      248.00
32.2400      243.00
32.2600      227.00
32.2800      228.00
32.3000      231.00
32.3200      258.00
32.3400      254.00
32.3600      240.00
32.3800      243.00
32.4000      235.00
32.4200      256.00
32.4400      222.00
32.4600      252.00
32.4800      247.00
32.5000      255.00
32.5200      272.00
32.5400      268.00
32.5600      284.00
32.5800      267.00
32.6000      285.00
32.6200      284.00
32.6400      298.00
32.6600      280.00
32.6800      281.00
32.7000      261.00
32.7200      245.00
32.7400      199.00
32.7600      275.00
32.7800      249.00
32.8000      237.00
32.8200      218.00
32.8400      223.00
32.8600      215.00
32.8800      204.00
32.9000      195.00
32.9200      214.00
32.9400      207.00
32.9600      194.00
32.9800      193.00
33.0000      214.00
33.0200      178.00
33.0400      205.00
33.0600      202.00
33.0800      189.00
33.1000      200.00
33.1200      220.00
33.1400      242.00
33.1600      251.00
33.1800      250.00
33.2000      264.00
33.2200      268.00
33.2400      260.00
33.2600      299.00
33.2800      280.00
33.3000      305.00
33.3200      255.00
33.3400      301.00
33.3600      276.00
33.3800      246.00
33.4000      223.00
33.4200      247.00
33.4400      249.00
33.4600      251.00
33.4800      245.00
33.5000      234.00
33.5200      232.00
33.5400      226.00
33.5600      202.00
33.5800      197.00
33.6000      170.00
33.6200      161.00
33.6400      173.00
33.6600      163.00
33.6800      166.00
33.7000      148.00
33.7200      157.00
33.7400      151.00
33.7600      140.00
33.7800      130.00
33.8000      133.00
33.8200      145.00
33.8400      132.00
33.8600      133.00
33.8800      163.00
33.9000      128.00
33.9200      163.00
33.9400      131.00
33.9600      153.00
33.9800      146.00
34.0000      171.00
34.0200      147.00
34.0400      158.00
34.0600      124.00
34.0800      157.00
34.1000      169.00
34.1200      213.00
34.1400      215.00
34.1600      218.00
34.1800      231.00
34.2000      255.00
34.2200      283.00
34.2400      291.00
34.2600      277.00
34.2800      248.00
34.3000      226.00
34.3200      221.00
34.3400      215.00
34.3600      211.00
34.3800      185.00
34.4000      145.00
34.4200      143.00
34.4400      156.00
34.4600      139.00
34.4800      160.00
34.5000      141.00
34.5200      148.00
34.5400      157.00
34.5600      143.00
34.5800      135.00
34.6000      123.00
34.6200      144.00
34.6400      135.00
34.6600      151.00
34.6800      103.00
34.7000      147.00
34.7200      134.00
34.7400      126.00
34.7600      145.00
34.7800      149.00
34.8000      150.00
34.8200      162.00
34.8400      152.00
34.8600      155.00
34.8800      175.00
34.9000      157.00
34.9200      170.00
34.9400      161.00
34.9600      164.00
34.9800      162.00
35.0000      158.00
