 3.0000      252.00
 3.0200      235.00
 3.0400      273.00
 3.0600      256.00
 3.0800      243.00
 3.1000      232.00
 3.1200      227.00
 3.1400      260.00
 3.1600      261.00
 3.1800      238.00
 3.2000      240.00
 3.2200      236.00
 3.2400      225.00
 3.2600      270.00
 3.2800      248.00
 3.3000      217.00
 3.3200      259.00
 3.3400      235.00
 3.3600      233.00
 3.3800      207.00
 3.4000      217.00
 3.4200      236.00
 3.4400      231.00
 3.4600      208.00
 3.4800      202.00
 3.5000      222.00
 3.5200      205.00
 3.5400      225.00
 3.5600      226.00
 3.5800      230.00
 3.6000      213.00
 3.6200      230.00
 3.6400      188.00
 3.6600      191.00
 3.6800      220.00
 3.7000      222.00
 3.7200      219.00
 3.7400      209.00
 3.7600      203.00
 3.7800      191.00
 3.8000      217.00
 3.8200      211.00
 3.8400      183.00
 3.8600      188.00
 3.8800      199.00
 3.9000      220.00
 3.9200      186.00
 3.9400      182.00
 3.9600      186.00
 3.9800      198.00
 4.0000      179.00
 4.0200      167.00
 4.0400      180.00
 4.0600      185.00
 4.0800      155.00
 4.1000      163.00
 4.1200      183.00
 4.1400      164.00
 4.1600      182.00
 4.1800      187.00
 4.2000      163.00
 4.2200      201.00
 4.2400      152.00
 4.2600      175.00
 4.2800      176.00
 4.3000      178.00
 4.3200      191.00
 4.3400      179.00
 4.3600      161.00
 4.3800      185.00
 4.4000      177.00
 4.4200      158.00
 4.4400      151.00
 4.4600      174.00
 4.4800      164.00
 4.5000      157.00
 4.5200      160.00
 4.5400      137.00
 4.5600      178.00
 4.5800      161.00
 4.6000      151.00
 4.6200      148.00
 4.6400      176.00
 4.6600      175.00
 4.6800      155.00
 4.7000      144.00
 4.7200      146.00
 4.7400      151.00
 4.7600      152.00
 4.7800      165.00
 4.8000      176.00
 4.8200      137.00
 4.8400      140.00
 4.8600      142.00
 4.8800      132.00
 4.9000      162.00
 4.9200      155.00
 4.9400      166.00
 4.9600      149.00
 4.9800      141.00
 5.0000      152.00
 5.0200      141.00
 5.0400      155.00
 5.0600      149.00
 5.0800      139.00
 5.1000      144.00
 5.1200      163.00
 5.1400      129.00
 5.1600      136.00
 5.1800      144.00
 5.2000      164.00
 5.2200      124.00
 5.2400      144.00
 5.2600      151.00
 5.2800      142.00
 5.3000      147.00
 5.3200      131.00
 5.3400      137.00
 5.3600      145.00
 5.3800      136.00
 5.4000      160.00
 5.4200      137.00
 5.4400      155.00
 5.4600      151.00
 5.4800      162.00
 5.5000      129.00
 5.5200      157.00
 5.5400      160.00
 5.5600      131.00
 5.5800      173.00
 5.6000      140.00
 5.6200      174.00
 5.6400      154.00
 5.6600      149.00
 5.6800      147.00
 5.7000      149.00
 5.7200      139.00
 5.7400      147.00
 5.7600      131.00
 5.7800      157.00
 5.8000      153.00
 5.8200      163.00
 5.8400      168.00
 5.8600      135.00
 5.8800      153.00
 5.9000      151.00
 5.9200      151.00
 5.9400      168.00
 5.9600      135.00
 5.9800      143.00
 6.0000      150.00
 6.0200      137.00
 6.0400      141.00
 6.0600      142.00
 6.0800      140.00
 6.1000      133.00
 6.1200      151.00
 6.1400      164.00
 6.1600      154.00
 6.1800      151.00
 6.2000      138.00
 6.2200      167.00
 6.2400      177.00
 6.2600      140.00
 6.2800      147.00
 6.3000      164.00
 6.3200      174.00
 6.3400      151.00
 6.3600      160.00
 6.3800      168.00
 6.4000      146.00
 6.4200      143.00
 6.4400      156.00
 6.4600      153.00
 6.4800      161.00
 6.5000      163.00
 6.5200      146.00
 6.5400      149.00
 6.5600      170.00
 6.5800      141.00
 6.6000      159.00
 6.6200      148.00
 6.6400      160.00
 6.6600      142.00
 6.6800      183.00
 6.7000      156.00
 6.7200      158.00
 6.7400      199.00
 6.7600      176.00
 6.7800      163.00
 6.8000      209.00
 6.8200      172.00
 6.8400      192.00
 6.8600      189.00
 6.8800      186.00
 6.9000      172.00
 6.9200      178.00
 6.9400      181.00
 6.9600      191.00
 6.9800      174.00
 7.0000      161.00
 7.0200      207.00
 7.0400      159.00
 7.0600      162.00
 7.0800      141.00
 7.1000      170.00
 7.1200      136.00
 7.1400      152.00
 7.1600      140.00
 7.1800      165.00
 7.2000      132.00
 7.2200      151.00
 7.2400      166.00
 7.2600      168.00
 7.2800      145.00
 7.3000      163.00
 7.3200      153.00
 7.3400      148.00
 7.3600      157.00
 7.3800      143.00
 7.4000      167.00
 7.4200      156.00
 7.4400      138.00
 7.4600      171.00
 7.4800      163.00
 7.5000      140.00
 7.5200      147.00
 7.5400      180.00
 7.5600      171.00
 7.5800      155.00
 7.6000      159.00
 7.6200      140.00
 7.6400      168.00
 7.6600      139.00
 7.6800      156.00
 7.7000      157.00
 7.7200      148.00
 7.7400      183.00
 7.7600      154.00
 7.7800      133.00
 7.8000      156.00
 7.8200      159.00
 7.8400      143.00
 7.8600      161.00
 7.8800      166.00
 7.9000      141.00
 7.9200      161.00
 7.9400      151.00
 7.9600      153.00
 7.9800      145.00
 8.0000      147.00
 8.0200      178.00
 8.0400      143.00
 8.0600      158.00
 8.0800      142.00
 8.1000      151.00
 8.1200      151.00
 8.1400      134.00
 8.1600      156.00
 8.1800      146.00
 8.2000      148.00
 8.2200      117.00
 8.2400      173.00
 8.2600      160.00
 8.2800      179.00
 8.3000      156.00
 8.3200      153.00
 8.3400      170.00
 8.3600      154.00
 8.3800      178.00
 8.4000      172.00
 8.4200      148.00
 8.4400      169.00
 8.4600      190.00
 8.4800      197.00
 8.5000      176.00
 8.5200      174.00
 8.5400      165.00
 8.5600      174.00
 8.5800      141.00
 8.6000      210.00
 8.6200      177.00
 8.6400      181.00
 8.6600      173.00
 8.6800      197.00
 8.7000      177.00
 8.7200      199.00
 8.7400      220.00
 8.7600      207.00
 8.7800      224.00
 8.8000      199.00
 8.8200      220.00
 8.8400      228.00
 8.8600      222.00
 8.8800      199.00
 8.9000      181.00
 8.9200      170.00
 8.9400      192.00
 8.9600      185.00
 8.9800      188.00
 9.0000      176.00
 9.0200      159.00
 9.0400      187.00
 9.0600      196.00
 9.0800      164.00
 9.1000      181.00
 9.1200      165.00
 9.1400      180.00
 9.1600      176.00
 9.1800      166.00
 9.2000      182.00
 9.2200      148.00
 9.2400      158.00
 9.2600      182.00
 9.2800      198.00
 9.3000      197.00
 9.3200      163.00
 9.3400      163.00
 9.3600      176.00
 9.3800      177.00
 9.4000      188.00
 9.4200      156.00
 9.4400      167.00
 9.4600      192.00
 9.4800      180.00
 9.5000      154.00
 9.5200      164.00
 9.5400      170.00
 9.5600      177.00
 9.5800      164.00
 9.6000      177.00
 9.6200      181.00
 9.6400      166.00
 9.6600      182.00
 9.6800      169.00
 9.7000      188.00
 9.7200      168.00
 9.7400      197.00
 9.7600      192.00
 9.7800      179.00
 9.8000      175.00
 9.8200      189.00
 9.8400      196.00
 9.8600      214.00
 9.8800      211.00
 9.9000      207.00
 9.9200      198.00
 9.9400      203.00
 9.9600      195.00
 9.9800      212.00
10.0000      201.00
10.0200      213.00
10.0400      211.00
10.0600      181.00
10.0800      194.00
10.1000      169.00
10.1200      164.00
10.1400      184.00
10.1600      190.00
10.1800      157.00
10.2000      152.00
10.2200      173.00
10.2400      187.00
10.2600      191.00
10.2800      176.00
10.3000      193.00
10.3200      174.00
10.3400      173.00
10.3600      162.00
10.3800      169.00
10.4000      180.00
10.4200      176.00
10.4400      192.00
10.4600      171.00
10.4800      188.00
10.5000      192.00
10.5200      182.00
10.5400      187.00
10.5600      213.00
10.5800      196.00
10.6000      203.00
10.6200      192.00
10.6400      242.00
10.6600      208.00
10.6800      223.00
10.7000      235.00
10.7200      227.00
10.7400      268.00
10.7600      260.00
10.7800      253.00
10.8000      279.00
10.8200      272.00
10.8400      334.00
10.8600      348.00
10.8800      370.00
10.9000      365.00
10.9200      497.00
10.9400      525.00
10.9600      579.00
10.9800      664.00
11.0000      728.00
11.0200      797.00
11.0400      849.00
11.0600      810.00
11.0800      816.00
11.1000      804.00
11.1200      790.00
11.1400      767.00
11.1600      703.00
11.1800      655.00
11.2000      676.00
11.2200      577.00
11.2400      545.00
11.2600      593.00
11.2800      565.00
11.3000      539.00
11.3200      524.00
11.3400      475.00
11.3600      448.00
11.3800      372.00
11.4000      356.00
11.4200      315.00
11.4400      272.00
11.4600      258.00
11.4800      212.00
11.5000      198.00
11.5200      191.00
11.5400      229.00
11.5600      216.00
11.5800      226.00
11.6000      223.00
11.6200      208.00
11.6400      237.00
11.6600      185.00
11.6800      236.00
11.7000      206.00
11.7200      224.00
11.7400      218.00
11.7600      264.00
11.7800      247.00
11.8000      267.00
11.8200      265.00
11.8400      289.00
11.8600      283.00
11.8800      309.00
11.9000      303.00
11.9200      353.00
11.9400      387.00
11.9600      425.00
11.9800      475.00
12.0000      500.00
12.0200      526.00
12.0400      562.00
12.0600      634.00
12.0800      648.00
12.1000      643.00
12.1200      677.00
12.1400      733.00
12.1600      697.00
12.1800      637.00
12.2000      678.00
12.2200      550.00
12.2400      489.00
12.2600      463.00
12.2800      438.00
12.3000      426.00
12.3200      397.00
12.3400      420.00
12.3600      426.00
12.3800      435.00
12.4000      481.00
12.4200      536.00
12.4400      567.00
12.4600      635.00
12.4800      699.00
12.5000      751.00
12.5200      766.00
12.5400      758.00
12.5600      791.00
12.5800      719.00
12.6000      726.00
12.6200      665.00
12.6400      549.00
12.6600      478.00
12.6800      373.00
12.7000      350.00
12.7200      283.00
12.7400      253.00
12.7600      245.00
12.7800      227.00
12.8000      228.00
12.8200      249.00
12.8400      209.00
12.8600      212.00
12.8800      202.00
12.9000      212.00
12.9200      225.00
12.9400      236.00
12.9600      232.00
12.9800      203.00
13.0000      212.00
13.0200      198.00
13.0400      238.00
13.0600      205.00
13.0800      214.00
13.1000      219.00
13.1200      200.00
13.1400      213.00
13.1600      217.00
13.1800      190.00
13.2000      200.00
13.2200      210.00
13.2400      225.00
13.2600      224.00
13.2800      185.00
13.3000      205.00
13.3200      213.00
13.3400      205.00
13.3600      182.00
13.3800      220.00
13.4000      204.00
13.4200      220.00
13.4400      198.00
13.4600      195.00
13.4800      196.00
13.5000      182.00
13.5200      215.00
13.5400      205.00
13.5600      223.00
13.5800      230.00
13.6000      192.00
13.6200      183.00
13.6400      197.00
13.6600      202.00
13.6800      239.00
13.7000      218.00
13.7200      219.00
13.7400      227.00
13.7600      228.00
13.7800      232.00
13.8000      240.00
13.8200      255.00
13.8400      270.00
13.8600      288.00
13.8800      270.00
13.9000      302.00
13.9200      309.00
13.9400      297.00
13.9600      332.00
13.9800      359.00
14.0000      355.00
14.0200      419.00
14.0400      497.00
14.0600      531.00
14.0800      603.00
14.1000      691.00
14.1200      819.00
14.1400      862.00
14.1600      994.00
14.1800     1056.00
14.2000     1154.00
14.2200     1127.00
14.2400     1166.00
14.2600     1123.00
14.2800     1144.00
14.3000      974.00
14.3200      914.00
14.3400      856.00
14.3600      744.00
14.3800      664.00
14.4000      590.00
14.4200      562.00
14.4400      465.00
14.4600      456.00
14.4800      396.00
14.5000      368.00
14.5200      314.00
14.5400      281.00
14.5600      268.00
14.5800      244.00
14.6000      238.00
14.6200      242.00
14.6400      249.00
14.6600      241.00
14.6800      244.00
14.7000      238.00
14.7200      213.00
14.7400      234.00
14.7600      209.00
14.7800      206.00
14.8000      221.00
14.8200      234.00
14.8400      222.00
14.8600      207.00
14.8800      231.00
14.9000      220.00
14.9200      214.00
14.9400      228.00
14.9600      232.00
14.9800      213.00
15.0000      227.00
15.0200      234.00
15.0400      205.00
15.0600      214.00
15.0800      218.00
15.1000      222.00
15.1200      207.00
15.1400      220.00
15.1600      207.00
15.1800      232.00
15.2000      208.00
15.2200      211.00
15.2400      196.00
15.2600      201.00
15.2800      192.00
15.3000      190.00
15.3200      204.00
15.3400      223.00
15.3600      186.00
15.3800      193.00
15.4000      204.00
15.4200      182.00
15.4400      225.00
15.4600      201.00
15.4800      207.00
15.5000      216.00
15.5200      227.00
15.5400      225.00
15.5600      212.00
15.5800      234.00
15.6000      216.00
15.6200      216.00
15.6400      229.00
15.6600      245.00
15.6800      216.00
15.7000      237.00
15.7200      277.00
15.7400      289.00
15.7600      289.00
15.7800      274.00
15.8000      296.00
15.8200      371.00
15.8400      364.00
15.8600      378.00
15.8800      447.00
15.9000      464.00
15.9200      463.00
15.9400      486.00
15.9600      456.00
15.9800      518.00
16.0000      468.00
16.0200      476.00
16.0400      468.00
16.0600      502.00
16.0800      502.00
16.1000      520.00
16.1200      524.00
16.1400      493.00
16.1600      546.00
16.1800      575.00
16.2000      595.00
16.2200      610.00
16.2400      607.00
16.2600      594.00
16.2800      527.00
16.3000      510.00
16.3200      468.00
16.3400      452.00
16.3600      480.00
16.3800      515.00
16.4000      573.00
16.4200      556.00
16.4400      580.00
16.4600      612.00
16.4800      626.00
16.5000      623.00
16.5200      628.00
16.5400      564.00
16.5600      509.00
16.5800      461.00
16.6000      404.00
16.6200      361.00
16.6400      355.00
16.6600      279.00
16.6800      250.00
16.7000      269.00
16.7200      261.00
16.7400      256.00
16.7600      278.00
16.7800      280.00
16.8000      251.00
16.8200      314.00
16.8400      298.00
16.8600      288.00
16.8800      348.00
16.9000      363.00
16.9200      410.00
16.9400      414.00
16.9600      479.00
16.9800      470.00
17.0000      557.00
17.0200      614.00
17.0400      651.00
17.0600      629.00
17.0800      664.00
17.1000      633.00
17.1200      670.00
17.1400      622.00
17.1600      638.00
17.1800      543.00
17.2000      562.00
17.2200      542.00
17.2400      545.00
17.2600      534.00
17.2800      542.00
17.3000      601.00
17.3200      659.00
17.3400      795.00
17.3600      909.00
17.3800     1057.00
17.4000     1064.00
17.4200     1307.00
17.4400     1474.00
17.4600     1709.00
17.4800     1810.00
17.5000     2115.00
17.5200     2340.00
17.5400     2472.00
17.5600     2489.00
17.5800     2441.00
17.6000     2489.00
17.6200     2471.00
17.6400     2209.00
17.6600     2057.00
17.6800     1838.00
17.7000     1597.00
17.7200     1313.00
17.7400      951.00
17.7600      838.00
17.7800      649.00
17.8000      631.00
17.8200      536.00
17.8400      418.00
17.8600      423.00
17.8800      442.00
17.9000      399.00
17.9200      397.00
17.9400      402.00
17.9600      404.00
17.9800      334.00
18.0000      368.00
18.0200      340.00
18.0400      301.00
18.0600      276.00
18.0800      284.00
18.1000      285.00
18.1200      286.00
18.1400      266.00
18.1600      299.00
18.1800      279.00
18.2000      323.00
18.2200      348.00
18.2400      381.00
18.2600      459.00
18.2800      431.00
18.3000      438.00
18.3200      527.00
18.3400      603.00
18.3600      728.00
18.3800      748.00
18.4000      801.00
18.4200      869.00
18.4400      833.00
18.4600      834.00
18.4800      840.00
18.5000      772.00
18.5200      745.00
18.5400      690.00
18.5600      553.00
18.5800      492.00
18.6000      415.00
18.6200      382.00
18.6400      373.00
18.6600      350.00
18.6800      361.00
18.7000      370.00
18.7200      413.00
18.7400      369.00
18.7600      392.00
18.7800      409.00
18.8000      401.00
18.8200      399.00
18.8400      364.00
18.8600      394.00
18.8800      362.00
18.9000      330.00
18.9200      340.00
18.9400      299.00
18.9600      327.00
18.9800      326.00
19.0000      335.00
19.0200      313.00
19.0400      341.00
19.0600      326.00
19.0800      352.00
19.1000      371.00
19.1200      372.00
19.1400      374.00
19.1600      395.00
19.1800      365.00
19.2000      386.00
19.2200      417.00
19.2400      366.00
19.2600      381.00
19.2800      380.00
19.3000      301.00
19.3200      364.00
19.3400      355.00
19.3600      304.00
19.3800      376.00
19.4000      382.00
19.4200      368.00
19.4400      451.00
19.4600      481.00
19.4800      553.00
19.5000      676.00
19.5200      802.00
19.5400      957.00
19.5600     1119.00
19.5800     1275.00
19.6000     1359.00
19.6200     1560.00
19.6400     1716.00
19.6600     1768.00
19.6800     1815.00
19.7000     1848.00
19.7200     1819.00
19.7400     1704.00
19.7600     1525.00
19.7800     1324.00
19.8000     1233.00
19.8200      992.00
19.8400      885.00
19.8600      705.00
19.8800      623.00
19.9000      540.00
19.9200      508.00
19.9400      448.00
19.9600      366.00
19.9800      388.00
20.0000      342.00
20.0200      360.00
20.0400      342.00
20.0600      350.00
20.0800      293.00
20.1000      316.00
20.1200      289.00
20.1400      272.00
20.1600      293.00
20.1800      293.00
20.2000      292.00
20.2200      296.00
20.2400      276.00
20.2600      310.00
20.2800      303.00
20.3000      299.00
20.3200      297.00
20.3400      313.00
20.3600      314.00
20.3800      349.00
20.4000      324.00
20.4200      297.00
20.4400      353.00
20.4600      358.00
20.4800      382.00
20.5000      444.00
20.5200      487.00
20.5400      569.00
20.5600      653.00
20.5800      745.00
20.6000      860.00
20.6200      968.00
20.6400      985.00
20.6600     1110.00
20.6800     1164.00
20.7000     1253.00
20.7200     1274.00
20.7400     1252.00
20.7600     1233.00
20.7800     1298.00
20.8000     1280.00
20.8200     1280.00
20.8400     1406.00
20.8600     1485.00
20.8800     1731.00
20.9000     1911.00
20.9200     2038.00
20.9400     2323.00
20.9600     2695.00
20.9800     2857.00
21.0000     3128.00
21.0200     3183.00
21.0400     3254.00
21.0600     3220.00
21.0800     3210.00
21.1000     2909.00
21.1200     2705.00
21.1400     2375.00
21.1600     2079.00
21.1800     1692.00
21.2000     1309.00
21.2200     1078.00
21.2400      810.00
21.2600      643.00
21.2800      546.00
21.3000      468.00
21.3200      388.00
21.3400      360.00
21.3600      318.00
21.3800      302.00
21.4000      320.00
21.4200      324.00
21.4400      280.00
21.4600      293.00
21.4800      277.00
21.5000      279.00
21.5200      258.00
21.5400      282.00
21.5600      263.00
21.5800      279.00
21.6000      259.00
21.6200      269.00
21.6400      276.00
21.6600      258.00
21.6800      281.00
21.7000      289.00
21.7200      261.00
21.7400      282.00
21.7600      292.00
21.7800      302.00
21.8000      229.00
21.8200      301.00
21.8400      271.00
21.8600      279.00
21.8800      279.00
21.9000      257.00
21.9200      307.00
21.9400      294.00
21.9600      303.00
21.9800      299.00
22.0000      338.00
22.0200      325.00
22.0400      373.00
22.0600      353.00
22.0800      379.00
22.1000      367.00
22.1200      457.00
22.1400      462.00
22.1600      451.00
22.1800      487.00
22.2000      592.00
22.2200      609.00
22.2400      694.00
22.2600      680.00
22.2800      696.00
22.3000      749.00
22.3200      777.00
22.3400      790.00
22.3600      802.00
22.3800      808.00
22.4000      769.00
22.4200      802.00
22.4400      838.00
22.4600      854.00
22.4800      860.00
22.5000      953.00
22.5200     1007.00
22.5400     1111.00
22.5600     1192.00
22.5800     1324.00
22.6000     1352.00
22.6200     1336.00
22.6400     1362.00
22.6600     1288.00
22.6800     1292.00
22.7000     1108.00
22.7200     1011.00
22.7400      881.00
22.7600      735.00
22.7800      700.00
22.8000      725.00
22.8200      581.00
22.8400      620.00
22.8600      676.00
22.8800      663.00
22.9000      664.00
22.9200      688.00
22.9400      728.00
22.9600      779.00
22.9800      760.00
23.0000      758.00
23.0200      754.00
23.0400      783.00
23.0600      876.00
23.0800      863.00
23.1000      927.00
23.1200      890.00
23.1400      879.00
23.1600      879.00
23.1800      813.00
23.2000      783.00
23.2200      723.00
23.2400      700.00
23.2600      635.00
23.2800      656.00
23.3000      655.00
23.3200      644.00
23.3400      723.00
23.3600      760.00
23.3800      764.00
23.4000      792.00
23.4200      815.00
23.4400      732.00
23.4600      740.00
23.4800      667.00
23.5000      649.00
23.5200      592.00
23.5400      518.00
23.5600      464.00
23.5800      412.00
23.6000      362.00
23.6200      358.00
23.6400      330.00
23.6600      341.00
23.6800      285.00
23.7000      308.00
23.7200      300.00
23.7400      350.00
23.7600      349.00
23.7800      352.00
23.8000      335.00
23.8200      411.00
23.8400      400.00
23.8600      454.00
23.8800      479.00
23.9000      508.00
23.9200      577.00
23.9400      669.00
23.9600      668.00
23.9800      801.00
24.0000      882.00
24.0200      983.00
24.0400     1159.00
24.0600     1224.00
24.0800     1192.00
24.1000     1216.00
24.1200     1193.00
24.1400     1153.00
24.1600     1155.00
24.1800     1093.00
24.2000      973.00
24.2200     1001.00
24.2400      982.00
24.2600      981.00
24.2800     1024.00
24.3000     1153.00
24.3200     1159.00
24.3400     1208.00
24.3600     1265.00
24.3800     1299.00
24.4000     1205.00
24.4200     1145.00
24.4400     1027.00
24.4600      982.00
24.4800      940.00
24.5000      768.00
24.5200      638.00
24.5400      562.00
24.5600      504.00
24.5800      436.00
24.6000      430.00
24.6200      395.00
24.6400      390.00
24.6600      376.00
24.6800      379.00
24.7000      391.00
24.7200      434.00
24.7400      424.00
24.7600      479.00
24.7800      553.00
24.8000      564.00
24.8200      629.00
24.8400      749.00
24.8600      837.00
24.8800      835.00
24.9000      880.00
24.9200      980.00
24.9400      940.00
24.9600      973.00
24.9800      868.00
25.0000      842.00
25.0200      773.00
25.0400      644.00
25.0600      573.00
25.0800      495.00
25.1000      413.00
25.1200      406.00
25.1400      342.00
25.1600      312.00
25.1800      289.00
25.2000      279.00
25.2200      294.00
25.2400      312.00
25.2600      281.00
25.2800      269.00
25.3000      252.00
25.3200      250.00
25.3400      196.00
25.3600      251.00
25.3800      213.00
25.4000      240.00
25.4200      222.00
25.4400      235.00
25.4600      231.00
25.4800      220.00
25.5000      220.00
25.5200      234.00
25.5400      224.00
25.5600      236.00
25.5800      226.00
25.6000      234.00
25.6200      251.00
25.6400      239.00
25.6600      228.00
25.6800      264.00
25.7000      261.00
25.7200      242.00
25.7400      232.00
25.7600      250.00
25.7800      264.00
25.8000      275.00
25.8200      264.00
25.8400      305.00
25.8600      322.00
25.8800      302.00
25.9000      332.00
25.9200      391.00
25.9400      415.00
25.9600      431.00
25.9800      491.00
26.0000      516.00
26.0200      522.00
26.0400      544.00
26.0600      524.00
26.0800      548.00
26.1000      624.00
26.1200      639.00
26.1400      589.00
26.1600      649.00
26.1800      654.00
26.2000      643.00
26.2200      666.00
26.2400      635.00
26.2600      728.00
26.2800      660.00
26.3000      643.00
26.3200      625.00
26.3400      558.00
26.3600      600.00
26.3800      563.00
26.4000      600.00
26.4200      562.00
26.4400      563.00
26.4600      583.00
26.4800      603.00
26.5000      578.00
26.5200      569.00
26.5400      523.00
26.5600      531.00
26.5800      483.00
26.6000      399.00
26.6200      428.00
26.6400      344.00
26.6600      351.00
26.6800      320.00
26.7000      263.00
26.7200      293.00
26.7400      261.00
26.7600      258.00
26.7800      234.00
26.8000      232.00
26.8200      232.00
26.8400      209.00
26.8600      263.00
26.8800      270.00
26.9000      300.00
26.9200      256.00
26.9400      326.00
26.9600      298.00
26.9800      318.00
27.0000      303.00
27.0200      303.00
27.0400      315.00
27.0600      334.00
27.0800      304.00
27.1000      321.00
27.1200      328.00
27.1400      317.00
27.1600      317.00
27.1800      357.00
27.2000      379.00
27.2200      410.00
27.2400      399.00
27.2600      432.00
27.2800      417.00
27.3000      435.00
27.3200      451.00
27.3400      465.00
27.3600      499.00
27.3800      453.00
27.4000      469.00
27.4200      457.00
27.4400      460.00
27.4600      421.00
27.4800      485.00
27.5000      516.00
27.5200      538.00
27.5400      558.00
27.5600      620.00
27.5800      670.00
27.6000      676.00
27.6200      733.00
27.6400      874.00
27.6600      905.00
27.6800      906.00
27.7000      861.00
27.7200      857.00
27.7400      900.00
27.7600      766.00
27.7800      717.00
27.8000      689.00
27.8200      605.00
27.8400      533.00
27.8600      530.00
27.8800      436.00
27.9000      378.00
27.9200      384.00
27.9400      376.00
27.9600      360.00
27.9800      354.00
28.0000      370.00
28.0200      381.00
28.0400      357.00
28.0600      316.00
28.0800      331.00
28.1000      323.00
28.1200      340.00
28.1400      310.00
28.1600      324.00
28.1800      325.00
28.2000      281.00
28.2200      326.00
28.2400      352.00
28.2600      368.00
28.2800      451.00
28.3000      493.00
28.3200      557.00
28.3400      679.00
28.3600      705.00
28.3800      864.00
28.4000     1028.00
28.4200     1079.00
28.4400     1274.00
28.4600     1319.00
28.4800     1503.00
28.5000     1485.00
28.5200     1522.00
28.5400     1489.00
28.5600     1384.00
28.5800     1334.00
28.6000     1223.00
28.6200     1119.00
28.6400     1067.00
28.6600      903.00
28.6800      897.00
28.7000      798.00
28.7200      771.00
28.7400      731.00
28.7600      684.00
28.7800      621.00
28.8000      612.00
28.8200      620.00
28.8400      521.00
28.8600      489.00
28.8800      490.00
28.9000      454.00
28.9200      474.00
28.9400      435.00
28.9600      452.00
28.9800      431.00
29.0000      488.00
29.0200      409.00
29.0400      444.00
29.0600      423.00
29.0800      417.00
29.1000      469.00
29.1200      484.00
29.1400      555.00
29.1600      533.00
29.1800      593.00
29.2000      531.00
29.2200      554.00
29.2400      533.00
29.2600      571.00
29.2800      513.00
29.3000      530.00
29.3200      561.00
29.3400      546.00
29.3600      581.00
29.3800      603.00
29.4000      629.00
29.4200      616.00
29.4400      696.00
29.4600      688.00
29.4800      612.00
29.5000      603.00
29.5200      634.00
29.5400      574.00
29.5600      582.00
29.5800      444.00
29.6000      381.00
29.6200      368.00
29.6400      341.00
29.6600      299.00
29.6800      275.00
29.7000      246.00
29.7200      261.00
29.7400      241.00
29.7600      237.00
29.7800      244.00
29.8000      236.00
29.8200      206.00
29.8400      230.00
29.8600      223.00
29.8800      240.00
29.9000      239.00
29.9200      247.00
29.9400      239.00
29.9600      336.00
29.9800      305.00
30.0000      327.00
30.0200      346.00
30.0400      335.00
30.0600      348.00
30.0800      439.00
30.1000      437.00
30.1200      421.00
30.1400      468.00
30.1600      449.00
30.1800      446.00
30.2000      442.00
30.2200      470.00
30.2400      448.00
30.2600      405.00
30.2800      395.00
30.3000      386.00
30.3200      360.00
30.3400      388.00
30.3600      349.00
30.3800      307.00
30.4000      332.00
30.4200      315.00
30.4400      240.00
30.4600      288.00
30.4800      271.00
30.5000      272.00
30.5200      275.00
30.5400      258.00
30.5600      256.00
30.5800      266.00
30.6000      309.00
30.6200      289.00
30.6400      246.00
30.6600      268.00
30.6800      262.00
30.7000      280.00
30.7200      276.00
30.7400      283.00
30.7600      278.00
30.7800      246.00
30.8000      243.00
30.8200      258.00
30.8400      253.00
30.8600      220.00
30.8800      229.00
30.9000      235.00
30.9200      253.00
30.9400      241.00
30.9600      251.00
30.9800      268.00
31.0000      251.00
31.0200      246.00
31.0400      227.00
31.0600      227.00
31.0800      249.00
31.1000      222.00
31.1200      236.00
31.1400      198.00
31.1600      215.00
31.1800      216.00
31.2000      193.00
31.2200      207.00
31.2400      206.00
31.2600      208.00
31.2800      226.00
31.3000      196.00
31.3200      212.00
31.3400      195.00
31.3600      204.00
31.3800      201.00
31.4000      230.00
31.4200      233.00
31.4400      224.00
31.4600      256.00
31.4800      236.00
31.5000      274.00
31.5200      260.00
31.5400      246.00
31.5600      302.00
31.5800      324.00
31.6000      258.00
31.6200      306.00
31.6400      256.00
31.6600      269.00
31.6800      280.00
31.7000      263.00
31.7200      263.00
31.7400      234.00
31.7600      242.00
31.7800      242.00
31.8000      243.00
31.8200      223.00
31.8400      245.00
31.8600      245.00
31.8800      234.00
31.9000      272.00
31.9200      247.00
31.9400      289.00
31.9600      324.00
31.9800      330.00
32.0000      338.00
32.0200      315.00
32.0400      355.00
32.0600      318.00
32.0800      328.00
32.1000      375.00
32.1200      367.00
32.1400      320.00
32.1600      414.00
32.1800      367.00
32.2000      378.00
32.2200      386.00
32.2400      345.00
32.2600      350.00
32.2800      382.00
32.3000      372.00
32.3200      408.00
32.3400      363.00
32.3600      365.00
32.3800      397.00
32.4000      379.00
32.4200      410.00
32.4400      401.00
32.4600      427.00
32.4800      417.00
32.5000      486.00
32.5200      457.00
32.5400      507.00
32.5600      496.00
32.5800      528.00
32.6000      567.00
32.6200      505.00
32.6400      538.00
32.6600      554.00
32.6800      521.00
32.7000      509.00
32.7200      470.00
32.7400      494.00
32.7600      462.00
32.7800      397.00
32.8000      402.00
32.8200      364.00
32.8400      381.00
32.8600      348.00
32.8800      346.00
32.9000      337.00
32.9200      331.00
32.9400      321.00
32.9600      307.00
32.9800      275.00
33.0000      296.00
33.0200      306.00
33.0400      292.00
33.0600      335.00
33.0800      301.00
33.1000      300.00
33.1200      377.00
33.1400      362.00
33.1600      332.00
33.1800      377.00
33.2000      386.00
33.2200      408.00
33.2400      418.00
33.2600      406.00
33.2800      415.00
33.3000      413.00
33.3200      424.00
33.3400      425.00
33.3600      426.00
33.3800      409.00
33.4000      392.00
33.4200      372.00
33.4400      379.00
33.4600      392.00
33.4800      365.00
33.5000      376.00
33.5200      357.00
33.5400      339.00
33.5600      306.00
33.5800      289.00
33.6000      292.00
33.6200      276.00
33.6400      251.00
33.6600      281.00
33.6800      228.00
33.7000      217.00
33.7200      203.00
33.7400      207.00
33.7600      215.00
33.7800      200.00
33.8000      225.00
33.8200      217.00
33.8400      214.00
33.8600      241.00
33.8800      202.00
33.9000      254.00
33.9200      250.00
33.9400      239.00
33.9600      266.00
33.9800      246.00
34.0000      251.00
34.0200      263.00
34.0400      299.00
34.0600      316.00
34.0800      278.00
34.1000      330.00
34.1200      341.00
34.1400      378.00
34.1600      448.00
34.1800      412.00
34.2000      461.00
34.2200      443.00
34.2400      480.00
34.2600      423.00
34.2800      448.00
34.3000      376.00
34.3200      339.00
34.3400      310.00
34.3600      325.00
34.3800      316.00
34.4000      267.00
34.4200      234.00
34.4400      237.00
34.4600      220.00
34.4800      209.00
34.5000      237.00
34.5200      228.00
34.5400      215.00
34.5600      198.00
34.5800      234.00
34.6000      199.00
34.6200      211.00
34.6400      196.00
34.6600      192.00
34.6800      207.00
34.7000      215.00
34.7200      206.00
34.7400      227.00
34.7600      235.00
34.7800      219.00
34.8000      200.00
34.8200      215.00
34.8400      235.00
34.8600      232.00
34.8800      258.00
34.9000      262.00
34.9200      260.00
34.9400      286.00
34.9600      259.00
34.9800      246.00
35.0000      250.00
