 3.0000      278.00
 3.0200      259.00
 3.0400      265.00
 3.0600      231.00
 3.0800      255.00
 3.1000      268.00
 3.1200      216.00
 3.1400      234.00
 3.1600      255.00
 3.1800      236.00
 3.2000      231.00
 3.2200      236.00
 3.2400      220.00
 3.2600      226.00
 3.2800      236.00
 3.3000      214.00
 3.3200      230.00
 3.3400      231.00
 3.3600      234.00
 3.3800      222.00
 3.4000      228.00
 3.4200      210.00
 3.4400      200.00
 3.4600      226.00
 3.4800      193.00
 3.5000      209.00
 3.5200      210.00
 3.5400      212.00
 3.5600      191.00
 3.5800      183.00
 3.6000      228.00
 3.6200      214.00
 3.6400      185.00
 3.6600      203.00
 3.6800      208.00
 3.7000      212.00
 3.7200      174.00
 3.7400      192.00
 3.7600      199.00
 3.7800      204.00
 3.8000      231.00
 3.8200      195.00
 3.8400      177.00
 3.8600      210.00
 3.8800      159.00
 3.9000      205.00
 3.9200      193.00
 3.9400      171.00
 3.9600      187.00
 3.9800      161.00
 4.0000      197.00
 4.0200      193.00
 4.0400      191.00
 4.0600      173.00
 4.0800      181.00
 4.1000      168.00
 4.1200      195.00
 4.1400      153.00
 4.1600      175.00
 4.1800      150.00
 4.2000      169.00
 4.2200      171.00
 4.2400      172.00
 4.2600      160.00
 4.2800      184.00
 4.3000      160.00
 4.3200      174.00
 4.3400      181.00
 4.3600      179.00
 4.3800      166.00
 4.4000      133.00
 4.4200      179.00
 4.4400      157.00
 4.4600      168.00
 4.4800      167.00
 4.5000      161.00
 4.5200      159.00
 4.5400      150.00
 4.5600      172.00
 4.5800      169.00
 4.6000      155.00
 4.6200      141.00
 4.6400      166.00
 4.6600      132.00
 4.6800      133.00
 4.7000      152.00
 4.7200      127.00
 4.7400      133.00
 4.7600      148.00
 4.7800      155.00
 4.8000      148.00
 4.8200      133.00
 4.8400      149.00
 4.8600      156.00
 4.8800      146.00
 4.9000      145.00
 4.9200      123.00
 4.9400      136.00
 4.9600      163.00
 4.9800      135.00
 5.0000      155.00
 5.0200      135.00
 5.0400      135.00
 5.0600      139.00
 5.0800      144.00
 5.1000      124.00
 5.1200      159.00
 5.1400      179.00
 5.1600      123.00
 5.1800      140.00
 5.2000      128.00
 5.2200      137.00
 5.2400      133.00
 5.2600      147.00
 5.2800      170.00
 5.3000      148.00
 5.3200      165.00
 5.3400      151.00
 5.3600      161.00
 5.3800      150.00
 5.4000      152.00
 5.4200      169.00
 5.4400      134.00
 5.4600      141.00
 5.4800      145.00
 5.5000      135.00
 5.5200      148.00
 5.5400      159.00
 5.5600      152.00
 5.5800      159.00
 5.6000      162.00
 5.6200      150.00
 5.6400      163.00
 5.6600      149.00
 5.6800      145.00
 5.7000      145.00
 5.7200      149.00
 5.7400      157.00
 5.7600      142.00
 5.7800      156.00
 5.8000      143.00
 5.8200      161.00
 5.8400      160.00
 5.8600      163.00
 5.8800      143.00
 5.9000      155.00
 5.9200      153.00
 5.9400      160.00
 5.9600      170.00
 5.9800      159.00
 6.0000      147.00
 6.0200      178.00
 6.0400      159.00
 6.0600      151.00
 6.0800      174.00
 6.1000      155.00
 6.1200      156.00
 6.1400      158.00
 6.1600      149.00
 6.1800      142.00
 6.2000      149.00
 6.2200      180.00
 6.2400      138.00
 6.2600      165.00
 6.2800      168.00
 6.3000      163.00
 6.3200      151.00
 6.3400      169.00
 6.3600      153.00
 6.3800      144.00
 6.4000      159.00
 6.4200      150.00
 6.4400      157.00
 6.4600      164.00
 6.4800      175.00
 6.5000      159.00
 6.5200      184.00
 6.5400      161.00
 6.5600      160.00
 6.5800      165.00
 6.6000      174.00
 6.6200      173.00
 6.6400      168.00
 6.6600      172.00
 6.6800      195.00
 6.7000      150.00
 6.7200      157.00
 6.7400      162.00
 6.7600      175.00
 6.7800      189.00
 6.8000      182.00
 6.8200      184.00
 6.8400      164.00
 6.8600      190.00
 6.8800      192.00
 6.9000      193.00
 6.9200      202.00
 6.9400      191.00
 6.9600      198.00
 6.9800      212.00
 7.0000      196.00
 7.0200      193.00
 7.0400      186.00
 7.0600      205.00
 7.0800      183.00
 7.1000      165.00
 7.1200      153.00
 7.1400      162.00
 7.1600      180.00
 7.1800      173.00
 7.2000      181.00
 7.2200      142.00
 7.2400      160.00
 7.2600      177.00
 7.2800      173.00
 7.3000      142.00
 7.3200      164.00
 7.3400      158.00
 7.3600      176.00
 7.3800      164.00
 7.4000      168.00
 7.4200      162.00
 7.4400      178.00
 7.4600      158.00
 7.4800      162.00
 7.5000      171.00
 7.5200      158.00
 7.5400      149.00
 7.5600      155.00
 7.5800      168.00
 7.6000      154.00
 7.6200      175.00
 7.6400      173.00
 7.6600      173.00
 7.6800      153.00
 7.7000      188.00
 7.7200      174.00
 7.7400      186.00
 7.7600      167.00
 7.7800      164.00
 7.8000      154.00
 7.8200      165.00
 7.8400      166.00
 7.8600      189.00
 7.8800      172.00
 7.9000      164.00
 7.9200      159.00
 7.9400      176.00
 7.9600      157.00
 7.9800      161.00
 8.0000      168.00
 8.0200      197.00
 8.0400      160.00
 8.0600      147.00
 8.0800      181.00
 8.1000      181.00
 8.1200      148.00
 8.1400      165.00
 8.1600      160.00
 8.1800      183.00
 8.2000      144.00
 8.2200      176.00
 8.2400      183.00
 8.2600      162.00
 8.2800      167.00
 8.3000      190.00
 8.3200      157.00
 8.3400      188.00
 8.3600      173.00
 8.3800      180.00
 8.4000      186.00
 8.4200      160.00
 8.4400      178.00
 8.4600      154.00
 8.4800      154.00
 8.5000      179.00
 8.5200      180.00
 8.5400      206.00
 8.5600      204.00
 8.5800      176.00
 8.6000      203.00
 8.6200      224.00
 8.6400      208.00
 8.6600      215.00
 8.6800      251.00
 8.7000      233.00
 8.7200      209.00
 8.7400      254.00
 8.7600      257.00
 8.7800      231.00
 8.8000      229.00
 8.8200      248.00
 8.8400      256.00
 8.8600      270.00
 8.8800      227.00
 8.9000      267.00
 8.9200      243.00
 8.9400      263.00
 8.9600      213.00
 8.9800      207.00
 9.0000      208.00
 9.0200      206.00
 9.0400      206.00
 9.0600      222.00
 9.0800      171.00
 9.1000      172.00
 9.1200      186.00
 9.1400      160.00
 9.1600      185.00
 9.1800      180.00
 9.2000      167.00
 9.2200      180.00
 9.2400      222.00
 9.2600      204.00
 9.2800      177.00
 9.3000      180.00
 9.3200      193.00
 9.3400      202.00
 9.3600      208.00
 9.3800      193.00
 9.4000      202.00
 9.4200      178.00
 9.4400      194.00
 9.4600      172.00
 9.4800      174.00
 9.5000      207.00
 9.5200      223.00
 9.5400      199.00
 9.5600      192.00
 9.5800      201.00
 9.6000      175.00
 9.6200      183.00
 9.6400      175.00
 9.6600      195.00
 9.6800      172.00
 9.7000      208.00
 9.7200      207.00
 9.7400      191.00
 9.7600      192.00
 9.7800      187.00
 9.8000      209.00
 9.8200      208.00
 9.8400      218.00
 9.8600      213.00
 9.8800      229.00
 9.9000      188.00
 9.9200      225.00
 9.9400      211.00
 9.9600      224.00
 9.9800      217.00
10.0000      231.00
10.0200      240.00
10.0400      254.00
10.0600      209.00
10.0800      223.00
10.1000      236.00
10.1200      231.00
10.1400      227.00
10.1600      217.00
10.1800      184.00
10.2000      227.00
10.2200      208.00
10.2400      217.00
10.2600      184.00
10.2800      238.00
10.3000      207.00
10.3200      255.00
10.3400      215.00
10.3600      211.00
10.3800      186.00
10.4000      202.00
10.4200      206.00
10.4400      207.00
10.4600      195.00
10.4800      198.00
10.5000      205.00
10.5200      233.00
10.5400      207.00
10.5600      208.00
10.5800      214.00
10.6000      234.00
10.6200      226.00
10.6400      211.00
10.6600      227.00
10.6800      212.00
10.7000      260.00
10.7200      265.00
10.7400      256.00
10.7600      274.00
10.7800      305.00
10.8000      350.00
10.8200      317.00
10.8400      330.00
10.8600      399.00
10.8800      413.00
10.9000      439.00
10.9200      481.00
10.9400      505.00
10.9600      604.00
10.9800      571.00
11.0000      656.00
11.0200      737.00
11.0400      759.00
11.0600      798.00
11.0800      932.00
11.1000      910.00
11.1200      925.00
11.1400      945.00
11.1600      968.00
11.1800      938.00
11.2000      919.00
11.2200      864.00
11.2400      792.00
11.2600      774.00
11.2800      708.00
11.3000      680.00
11.3200      697.00
11.3400      676.00
11.3600      618.00
11.3800      664.00
11.4000      590.00
11.4200      512.00
11.4400      463.00
11.4600      422.00
11.4800      346.00
11.5000      285.00
11.5200      266.00
11.5400      273.00
11.5600      257.00
11.5800      258.00
11.6000      259.00
11.6200      249.00
11.6400      244.00
11.6600      251.00
11.6800      259.00
11.7000      245.00
11.7200      231.00
11.7400      254.00
11.7600      254.00
11.7800      287.00
11.8000      246.00
11.8200      276.00
11.8400      280.00
11.8600      315.00
11.8800      330.00
11.9000      305.00
11.9200      356.00
11.9400      388.00
11.9600      422.00
11.9800      448.00
12.0000      420.00
12.0200      475.00
12.0400      521.00
12.0600      551.00
12.0800      585.00
12.1000      592.00
12.1200      691.00
12.1400      717.00
12.1600      664.00
12.1800      667.00
12.2000      728.00
12.2200      741.00
12.2400      676.00
12.2600      641.00
12.2800      578.00
12.3000      573.00
12.3200      505.00
12.3400      484.00
12.3600      467.00
12.3800      489.00
12.4000      491.00
12.4200      526.00
12.4400      601.00
12.4600      621.00
12.4800      680.00
12.5000      690.00
12.5200      817.00
12.5400      817.00
12.5600      845.00
12.5800      870.00
12.6000      898.00
12.6200      845.00
12.6400      759.00
12.6600      742.00
12.6800      690.00
12.7000      587.00
12.7200      514.00
12.7400      431.00
12.7600      352.00
12.7800      318.00
12.8000      281.00
12.8200      266.00
12.8400      281.00
12.8600      267.00
12.8800      265.00
12.9000      239.00
12.9200      266.00
12.9400      244.00
12.9600      228.00
12.9800      229.00
13.0000      236.00
13.0200      244.00
13.0400      229.00
13.0600      240.00
13.0800      229.00
13.1000      252.00
13.1200      265.00
13.1400      260.00
13.1600      267.00
13.1800      226.00
13.2000      239.00
13.2200      245.00
13.2400      233.00
13.2600      220.00
13.2800      232.00
13.3000      232.00
13.3200      242.00
13.3400      242.00
13.3600      223.00
13.3800      249.00
13.4000      216.00
13.4200      215.00
13.4400      247.00
13.4600      249.00
13.4800      237.00
13.5000      230.00
13.5200      232.00
13.5400      226.00
13.5600      211.00
13.5800      218.00
13.6000      254.00
13.6200      252.00
13.6400      225.00
13.6600      243.00
13.6800      246.00
13.7000      264.00
13.7200      241.00
13.7400      246.00
13.7600      247.00
13.7800      233.00
13.8000      272.00
13.8200      285.00
13.8400      286.00
13.8600      269.00
13.8800      305.00
13.9000      289.00
13.9200      331.00
13.9400      331.00
13.9600      338.00
13.9800      392.00
14.0000      375.00
14.0200      437.00
14.0400      452.00
14.0600      495.00
14.0800      599.00
14.1000      612.00
14.1200      714.00
14.1400      772.00
14.1600      875.00
14.1800      987.00
14.2000     1028.00
14.2200     1066.00
14.2400     1127.00
14.2600     1199.00
14.2800     1256.00
14.3000     1194.00
14.3200     1171.00
14.3400     1144.00
14.3600     1070.00
14.3800      974.00
14.4000      882.00
14.4200      733.00
14.4400      650.00
14.4600      583.00
14.4800      546.00
14.5000      537.00
14.5200      461.00
14.5400      418.00
14.5600      410.00
14.5800      358.00
14.6000      302.00
14.6200      287.00
14.6400      299.00
14.6600      274.00
14.6800      258.00
14.7000      255.00
14.7200      273.00
14.7400      290.00
14.7600      239.00
14.7800      262.00
14.8000      258.00
14.8200      262.00
14.8400      254.00
14.8600      256.00
14.8800      223.00
14.9000      241.00
14.9200      272.00
14.9400      280.00
14.9600      262.00
14.9800      253.00
15.0000      241.00
15.0200      247.00
15.0400      251.00
15.0600      239.00
15.0800      234.00
15.1000      262.00
15.1200      244.00
15.1400      253.00
15.1600      263.00
15.1800      238.00
15.2000      219.00
15.2200      223.00
15.2400      211.00
15.2600      240.00
15.2800      226.00
15.3000      207.00
15.3200      254.00
15.3400      225.00
15.3600      247.00
15.3800      239.00
15.4000      241.00
15.4200      224.00
15.4400      192.00
15.4600      239.00
15.4800      255.00
15.5000      246.00
15.5200      268.00
15.5400      209.00
15.5600      224.00
15.5800      254.00
15.6000      256.00
15.6200      258.00
15.6400      238.00
15.6600      286.00
15.6800      305.00
15.7000      315.00
15.7200      283.00
15.7400      276.00
15.7600      304.00
15.7800      337.00
15.8000      337.00
15.8200      371.00
15.8400      448.00
15.8600      448.00
15.8800      483.00
15.9000      499.00
15.9200      520.00
15.9400      561.00
15.9600      561.00
15.9800      575.00
16.0000      609.00
16.0200      621.00
16.0400      583.00
16.0600      582.00
16.0800      655.00
16.1000      558.00
16.1200      547.00
16.1400      576.00
16.1600      568.00
16.1800      568.00
16.2000      597.00
16.2200      624.00
16.2400      617.00
16.2600      640.00
16.2800      656.00
16.3000      623.00
16.3200      616.00
16.3400      613.00
16.3600      556.00
16.3800      589.00
16.4000      567.00
16.4200      616.00
16.4400      642.00
16.4600      626.00
16.4800      671.00
16.5000      678.00
16.5200      681.00
16.5400      669.00
16.5600      682.00
16.5800      673.00
16.6000      614.00
16.6200      574.00
16.6400      474.00
16.6600      486.00
16.6800      447.00
16.7000      350.00
16.7200      315.00
16.7400      324.00
16.7600      301.00
16.7800      296.00
16.8000      299.00
16.8200      314.00
16.8400      349.00
16.8600      331.00
16.8800      349.00
16.9000      388.00
16.9200      454.00
16.9400      394.00
16.9600      485.00
16.9800      500.00
17.0000      515.00
17.0200      556.00
17.0400      602.00
17.0600      616.00
17.0800      724.00
17.1000      743.00
17.1200      711.00
17.1400      733.00
17.1600      756.00
17.1800      776.00
17.2000      719.00
17.2200      712.00
17.2400      688.00
17.2600      704.00
17.2800      736.00
17.3000      788.00
17.3200      750.00
17.3400      882.00
17.3600      937.00
17.3800     1077.00
17.4000     1302.00
17.4200     1485.00
17.4400     1707.00
17.4600     1911.00
17.4800     2200.00
17.5000     2570.00
17.5200     2736.00
17.5400     2992.00
17.5600     3191.00
17.5800     3213.00
17.6000     3318.00
17.6200     3337.00
17.6400     3350.00
17.6600     3225.00
17.6800     3006.00
17.7000     2789.00
17.7200     2497.00
17.7400     2174.00
17.7600     1883.00
17.7800     1532.00
17.8000     1195.00
17.8200      989.00
17.8400      735.00
17.8600      673.00
17.8800      568.00
17.9000      579.00
17.9200      441.00
17.9400      444.00
17.9600      467.00
17.9800      421.00
18.0000      428.00
18.0200      396.00
18.0400      428.00
18.0600      387.00
18.0800      429.00
18.1000      340.00
18.1200      363.00
18.1400      298.00
18.1600      331.00
18.1800      366.00
18.2000      382.00
18.2200      416.00
18.2400      366.00
18.2600      390.00
18.2800      466.00
18.3000      474.00
18.3200      479.00
18.3400      542.00
18.3600      612.00
18.3800      679.00
18.4000      681.00
18.4200      760.00
18.4400      788.00
18.4600      867.00
18.4800      786.00
18.5000      835.00
18.5200      923.00
18.5400      789.00
18.5600      797.00
18.5800      694.00
18.6000      616.00
18.6200      583.00
18.6400      494.00
18.6600      521.00
18.6800      416.00
18.7000      471.00
18.7200      414.00
18.7400      486.00
18.7600      441.00
18.7800      429.00
18.8000      473.00
18.8200      470.00
18.8400      487.00
18.8600      424.00
18.8800      439.00
18.9000      467.00
18.9200      430.00
18.9400      410.00
18.9600      413.00
18.9800      372.00
19.0000      372.00
19.0200      359.00
19.0400      398.00
19.0600      354.00
19.0800      348.00
19.1000      416.00
19.1200      412.00
19.1400      388.00
19.1600      419.00
19.1800      411.00
19.2000      444.00
19.2200      407.00
19.2400      437.00
19.2600      428.00
19.2800      359.00
19.3000      393.00
19.3200      426.00
19.3400      393.00
19.3600      376.00
19.3800      466.00
19.4000      401.00
19.4200      405.00
19.4400      435.00
19.4600      486.00
19.4800      557.00
19.5000      610.00
19.5200      694.00
19.5400      840.00
19.5600      905.00
19.5800     1069.00
19.6000     1119.00
19.6200     1311.00
19.6400     1414.00
19.6600     1568.00
19.6800     1660.00
19.7000     1843.00
19.7200     1873.00
19.7400     1923.00
19.7600     1899.00
19.7800     1757.00
19.8000     1700.00
19.8200     1535.00
19.8400     1369.00
19.8600     1171.00
19.8800     1026.00
19.9000      895.00
19.9200      731.00
19.9400      717.00
19.9600      577.00
19.9800      503.00
20.0000      493.00
20.0200      453.00
20.0400      407.00
20.0600      379.00
20.0800      378.00
20.1000      389.00
20.1200      364.00
20.1400      363.00
20.1600      353.00
20.1800      351.00
20.2000      339.00
20.2200      303.00
20.2400      354.00
20.2600      325.00
20.2800      348.00
20.3000      361.00
20.3200      343.00
20.3400      355.00
20.3600      344.00
20.3800      344.00
20.4000      364.00
20.4200      387.00
20.4400      400.00
20.4600      428.00
20.4800      446.00
20.5000      482.00
20.5200      512.00
20.5400      562.00
20.5600      657.00
20.5800      704.00
20.6000      766.00
20.6200      820.00
20.6400      931.00
20.6600     1041.00
20.6800     1093.00
20.7000     1187.00
20.7200     1170.00
20.7400     1247.00
20.7600     1325.00
20.7800     1400.00
20.8000     1394.00
20.8200     1537.00
20.8400     1535.00
20.8600     1691.00
20.8800     1697.00
20.9000     1886.00
20.9200     2118.00
20.9400     2293.00
20.9600     2574.00
20.9800     2915.00
21.0000     3057.00
21.0200     3323.00
21.0400     3397.00
21.0600     3604.00
21.0800     3564.00
21.1000     3502.00
21.1200     3491.00
21.1400     3309.00
21.1600     3084.00
21.1800     2696.00
21.2000     2397.00
21.2200     2080.00
21.2400     1712.00
21.2600     1411.00
21.2800     1044.00
21.3000      895.00
21.3200      678.00
21.3400      596.00
21.3600      507.00
21.3800      448.00
21.4000      416.00
21.4200      386.00
21.4400      365.00
21.4600      391.00
21.4800      373.00
21.5000      353.00
21.5200      320.00
21.5400      343.00
21.5600      324.00
21.5800      324.00
21.6000      297.00
21.6200      309.00
21.6400      318.00
21.6600      340.00
21.6800      302.00
21.7000      314.00
21.7200      317.00
21.7400      318.00
21.7600      300.00
21.7800      333.00
21.8000      359.00
21.8200      311.00
21.8400      295.00
21.8600      307.00
21.8800      328.00
21.9000      350.00
21.9200      366.00
21.9400      356.00
21.9600      347.00
21.9800      359.00
22.0000      383.00
22.0200      369.00
22.0400      386.00
22.0600      442.00
22.0800      423.00
22.1000      362.00
22.1200      510.00
22.1400      514.00
22.1600      553.00
22.1800      524.00
22.2000      604.00
22.2200      626.00
22.2400      685.00
22.2600      734.00
22.2800      802.00
22.3000      767.00
22.3200      790.00
22.3400      796.00
22.3600      815.00
22.3800      839.00
22.4000      819.00
22.4200      869.00
22.4400      864.00
22.4600      861.00
22.4800      953.00
22.5000      948.00
22.5200      980.00
22.5400     1090.00
22.5600     1136.00
22.5800     1141.00
22.6000     1278.00
22.6200     1218.00
22.6400     1336.00
22.6600     1407.00
22.6800     1343.00
22.7000     1367.00
22.7200     1251.00
22.7400     1154.00
22.7600     1087.00
22.7800     1017.00
22.8000      864.00
22.8200      816.00
22.8400      786.00
22.8600      704.00
22.8800      726.00
22.9000      698.00
22.9200      693.00
22.9400      704.00
22.9600      750.00
22.9800      765.00
23.0000      795.00
23.0200      796.00
23.0400      826.00
23.0600      930.00
23.0800      817.00
23.1000      874.00
23.1200      898.00
23.1400      948.00
23.1600      977.00
23.1800      877.00
23.2000      942.00
23.2200      875.00
23.2400      864.00
23.2600      860.00
23.2800      842.00
23.3000      798.00
23.3200      783.00
23.3400      793.00
23.3600      836.00
23.3800      863.00
23.4000      795.00
23.4200      877.00
23.4400      858.00
23.4600      847.00
23.4800      875.00
23.5000      900.00
23.5200      786.00
23.5400      772.00
23.5600      696.00
23.5800      625.00
23.6000      521.00
23.6200      490.00
23.6400      461.00
23.6600      391.00
23.6800      416.00
23.7000      395.00
23.7200      406.00
23.7400      379.00
23.7600      386.00
23.7800      421.00
23.8000      445.00
23.8200      489.00
23.8400      456.00
23.8600      495.00
23.8800      489.00
23.9000      549.00
23.9200      566.00
23.9400      641.00
23.9600      703.00
23.9800      783.00
24.0000      854.00
24.0200      923.00
24.0400      944.00
24.0600     1023.00
24.0800     1123.00
24.1000     1220.00
24.1200     1159.00
24.1400     1159.00
24.1600     1259.00
24.1800     1212.00
24.2000     1281.00
24.2200     1190.00
24.2400     1180.00
24.2600     1180.00
24.2800     1216.00
24.3000     1292.00
24.3200     1275.00
24.3400     1388.00
24.3600     1406.00
24.3800     1351.00
24.4000     1431.00
24.4200     1453.00
24.4400     1416.00
24.4600     1280.00
24.4800     1291.00
24.5000     1174.00
24.5200     1033.00
24.5400      953.00
24.5600      880.00
24.5800      754.00
24.6000      584.00
24.6200      560.00
24.6400      530.00
24.6600      505.00
24.6800      464.00
24.7000      522.00
24.7200      488.00
24.7400      531.00
24.7600      567.00
24.7800      576.00
24.8000      623.00
24.8200      758.00
24.8400      853.00
24.8600      887.00
24.8800      954.00
24.9000     1036.00
24.9200     1224.00
24.9400     1187.00
24.9600     1238.00
24.9800     1296.00
25.0000     1215.00
25.0200     1140.00
25.0400     1090.00
25.0600      978.00
25.0800      878.00
25.1000      787.00
25.1200      660.00
25.1400      580.00
25.1600      476.00
25.1800      452.00
25.2000      419.00
25.2200      349.00
25.2400      356.00
25.2600      322.00
25.2800      342.00
25.3000      309.00
25.3200      350.00
25.3400      319.00
25.3600      304.00
25.3800      267.00
25.4000      288.00
25.4200      278.00
25.4400      273.00
25.4600      277.00
25.4800      280.00
25.5000      295.00
25.5200      283.00
25.5400      287.00
25.5600      282.00
25.5800      294.00
25.6000      281.00
25.6200      274.00
25.6400      277.00
25.6600      299.00
25.6800      303.00
25.7000      252.00
25.7200      285.00
25.7400      290.00
25.7600      260.00
25.7800      300.00
25.8000      318.00
25.8200      293.00
25.8400      328.00
25.8600      333.00
25.8800      318.00
25.9000      366.00
25.9200      387.00
25.9400      402.00
25.9600      457.00
25.9800      476.00
26.0000      502.00
26.0200      531.00
26.0400      531.00
26.0600      587.00
26.0800      635.00
26.1000      653.00
26.1200      672.00
26.1400      693.00
26.1600      707.00
26.1800      700.00
26.2000      729.00
26.2200      684.00
26.2400      842.00
26.2600      816.00
26.2800      743.00
26.3000      813.00
26.3200      789.00
26.3400      806.00
26.3600      754.00
26.3800      764.00
26.4000      743.00
26.4200      767.00
26.4400      729.00
26.4600      749.00
26.4800      732.00
26.5000      729.00
26.5200      726.00
26.5400      727.00
26.5600      743.00
26.5800      693.00
26.6000      676.00
26.6200      614.00
26.6400      555.00
26.6600      551.00
26.6800      447.00
26.7000      452.00
26.7200      385.00
26.7400      369.00
26.7600      309.00
26.7800      305.00
26.8000      262.00
26.8200      289.00
26.8400      293.00
26.8600      327.00
26.8800      295.00
26.9000      305.00
26.9200      303.00
26.9400      320.00
26.9600      329.00
26.9800      362.00
27.0000      346.00
27.0200      387.00
27.0400      371.00
27.0600      368.00
27.0800      363.00
27.1000      410.00
27.1200      358.00
27.1400      343.00
27.1600      381.00
27.1800      398.00
27.2000      434.00
27.2200      502.00
27.2400      532.00
27.2600      497.00
27.2800      565.00
27.3000      582.00
27.3200      547.00
27.3400      557.00
27.3600      598.00
27.3800      565.00
27.4000      577.00
27.4200      588.00
27.4400      635.00
27.4600      585.00
27.4800      552.00
27.5000      558.00
27.5200      591.00
27.5400      644.00
27.5600      675.00
27.5800      727.00
27.6000      688.00
27.6200      818.00
27.6400      813.00
27.6600      857.00
27.6800      913.00
27.7000      893.00
27.7200      915.00
27.7400      872.00
27.7600      842.00
27.7800      847.00
27.8000      860.00
27.8200      749.00
27.8400      751.00
27.8600      671.00
27.8800      626.00
27.9000      521.00
27.9200      527.00
27.9400      555.00
27.9600      469.00
27.9800      476.00
28.0000      449.00
28.0200      473.00
28.0400      405.00
28.0600      425.00
28.0800      407.00
28.1000      461.00
28.1200      423.00
28.1400      370.00
28.1600      374.00
28.1800      388.00
28.2000      383.00
28.2200      403.00
28.2400      353.00
28.2600      451.00
28.2800      443.00
28.3000      499.00
28.3200      570.00
28.3400      641.00
28.3600      653.00
28.3800      850.00
28.4000      918.00
28.4200     1029.00
28.4400     1176.00
28.4600     1322.00
28.4800     1413.00
28.5000     1587.00
28.5200     1646.00
28.5400     1635.00
28.5600     1675.00
28.5800     1597.00
28.6000     1588.00
28.6200     1502.00
28.6400     1438.00
28.6600     1358.00
28.6800     1251.00
28.7000     1132.00
28.7200      978.00
28.7400      888.00
28.7600      797.00
28.7800      741.00
28.8000      714.00
28.8200      721.00
28.8400      624.00
28.8600      611.00
28.8800      600.00
28.9000      547.00
28.9200      544.00
28.9400      508.00
28.9600      534.00
28.9800      505.00
29.0000      494.00
29.0200      478.00
29.0400      498.00
29.0600      511.00
29.0800      482.00
29.1000      483.00
29.1200      567.00
29.1400      533.00
29.1600      537.00
29.1800      505.00
29.2000      595.00
29.2200      599.00
29.2400      602.00
29.2600      579.00
29.2800      657.00
29.3000      610.00
29.3200      591.00
29.3400      635.00
29.3600      650.00
29.3800      681.00
29.4000      692.00
29.4200      735.00
29.4400      748.00
29.4600      777.00
29.4800      789.00
29.5000      759.00
29.5200      761.00
29.5400      753.00
29.5600      748.00
29.5800      710.00
29.6000      585.00
29.6200      560.00
29.6400      492.00
29.6600      458.00
29.6800      432.00
29.7000      341.00
29.7200      352.00
29.7400      303.00
29.7600      282.00
29.7800      272.00
29.8000      286.00
29.8200      284.00
29.8400      268.00
29.8600      297.00
29.8800      257.00
29.9000      296.00
29.9200      263.00
29.9400      296.00
29.9600      261.00
29.9800      314.00
30.0000      339.00
30.0200      331.00
30.0400      355.00
30.0600      371.00
30.0800      409.00
30.1000      454.00
30.1200      448.00
30.1400      500.00
30.1600      535.00
30.1800      519.00
30.2000      555.00
30.2200      525.00
30.2400      549.00
30.2600      534.00
30.2800      532.00
30.3000      500.00
30.3200      483.00
30.3400      448.00
30.3600      405.00
30.3800      398.00
30.4000      397.00
30.4200      361.00
30.4400      366.00
30.4600      320.00
30.4800      335.00
30.5000      334.00
30.5200      338.00
30.5400      283.00
30.5600      303.00
30.5800      311.00
30.6000      298.00
30.6200      310.00
30.6400      307.00
30.6600      328.00
30.6800      336.00
30.7000      272.00
30.7200      310.00
30.7400      305.00
30.7600      314.00
30.7800      329.00
30.8000      279.00
30.8200      287.00
30.8400      278.00
30.8600      270.00
30.8800      272.00
30.9000      281.00
30.9200      274.00
30.9400      274.00
30.9600      285.00
30.9800      272.00
31.0000      283.00
31.0200      315.00
31.0400      260.00
31.0600      303.00
31.0800      264.00
31.1000      266.00
31.1200      297.00
31.1400      253.00
31.1600      255.00
31.1800      286.00
31.2000      258.00
31.2200      245.00
31.2400      205.00
31.2600      226.00
31.2800      226.00
31.3000      242.00
31.3200      236.00
31.3400      189.00
31.3600      240.00
31.3800      217.00
31.4000      239.00
31.4200      239.00
31.4400      224.00
31.4600      241.00
31.4800      273.00
31.5000      267.00
31.5200      308.00
31.5400      306.00
31.5600      323.00
31.5800      304.00
31.6000      310.00
31.6200      310.00
31.6400      327.00
31.6600      356.00
31.6800      343.00
31.7000      296.00
31.7200      302.00
31.7400      287.00
31.7600      302.00
31.7800      256.00
31.8000      288.00
31.8200      311.00
31.8400      272.00
31.8600      267.00
31.8800      294.00
31.9000      286.00
31.9200      303.00
31.9400      321.00
31.9600      305.00
31.9800      352.00
32.0000      354.00
32.0200      358.00
32.0400      386.00
32.0600      391.00
32.0800      423.00
32.1000      433.00
32.1200      435.00
32.1400      397.00
32.1600      460.00
32.1800      452.00
32.2000      458.00
32.2200      415.00
32.2400      462.00
32.2600      491.00
32.2800      426.00
32.3000      440.00
32.3200      465.00
32.3400      463.00
32.3600      449.00
32.3800      466.00
32.4000      479.00
32.4200      467.00
32.4400      476.00
32.4600      436.00
32.4800      492.00
32.5000      489.00
32.5200      473.00
32.5400      576.00
32.5600      528.00
32.5800      565.00
32.6000      553.00
32.6200      596.00
32.6400      615.00
32.6600      604.00
32.6800      601.00
32.7000      593.00
32.7200      556.00
32.7400      546.00
32.7600      553.00
32.7800      544.00
32.8000      508.00
32.8200      480.00
32.8400      433.00
32.8600      464.00
32.8800      405.00
32.9000      389.00
32.9200      444.00
32.9400      421.00
32.9600      353.00
32.9800      377.00
33.0000      385.00
33.0200      368.00
33.0400      375.00
33.0600      345.00
33.0800      411.00
33.1000      388.00
33.1200      410.00
33.1400      421.00
33.1600      461.00
33.1800      441.00
33.2000      422.00
33.2200      500.00
33.2400      465.00
33.2600      493.00
33.2800      511.00
33.3000      526.00
33.3200      497.00
33.3400      537.00
33.3600      515.00
33.3800      494.00
33.4000      508.00
33.4200      436.00
33.4400      460.00
33.4600      430.00
33.4800      410.00
33.5000      415.00
33.5200      390.00
33.5400      366.00
33.5600      379.00
33.5800      390.00
33.6000      371.00
33.6200      355.00
33.6400      316.00
33.6600      267.00
33.6800      283.00
33.7000      263.00
33.7200      247.00
33.7400      238.00
33.7600      276.00
33.7800      243.00
33.8000      267.00
33.8200      227.00
33.8400      241.00
33.8600      276.00
33.8800      212.00
33.9000      229.00
33.9200      244.00
33.9400      264.00
33.9600      272.00
33.9800      240.00
34.0000      247.00
34.0200      256.00
34.0400      283.00
34.0600      284.00
34.0800      333.00
34.1000      343.00
34.1200      325.00
34.1400      390.00
34.1600      387.00
34.1800      392.00
34.2000      430.00
34.2200      439.00
34.2400      487.00
34.2600      442.00
34.2800      439.00
34.3000      413.00
34.3200      425.00
34.3400      424.00
34.3600      372.00
34.3800      320.00
34.4000      331.00
34.4200      291.00
34.4400      311.00
34.4600      260.00
34.4800      256.00
34.5000      258.00
34.5200      267.00
34.5400      231.00
34.5600      248.00
34.5800      238.00
34.6000      233.00
34.6200      214.00
34.6400      237.00
34.6600      208.00
34.6800      218.00
34.7000      230.00
34.7200      218.00
34.7400      213.00
34.7600      253.00
34.7800      225.00
34.8000      228.00
34.8200      290.00
34.8400      255.00
34.8600      260.00
34.8800      269.00
34.9000      273.00
34.9200      280.00
34.9400      277.00
34.9600      303.00
34.9800      306.00
35.0000      292.00
