 3.0000      272.00
 3.0200      254.00
 3.0400      284.00
 3.0600      255.00
 3.0800      255.00
 3.1000      226.00
 3.1200      269.00
 3.1400      242.00
 3.1600      236.00
 3.1800      243.00
 3.2000      235.00
 3.2200      228.00
 3.2400      221.00
 3.2600      235.00
 3.2800      229.00
 3.3000      240.00
 3.3200      221.00
 3.3400      221.00
 3.3600      210.00
 3.3800      260.00
 3.4000      255.00
 3.4200      202.00
 3.4400      207.00
 3.4600      207.00
 3.4800      216.00
 3.5000      235.00
 3.5200      206.00
 3.5400      208.00
 3.5600      205.00
 3.5800      222.00
 3.6000      185.00
 3.6200      218.00
 3.6400      195.00
 3.6600      169.00
 3.6800      219.00
 3.7000      209.00
 3.7200      196.00
 3.7400      197.00
 3.7600      205.00
 3.7800      223.00
 3.8000      198.00
 3.8200      202.00
 3.8400      211.00
 3.8600      194.00
 3.8800      158.00
 3.9000      186.00
 3.9200      185.00
 3.9400      175.00
 3.9600      182.00
 3.9800      169.00
 4.0000      177.00
 4.0200      161.00
 4.0400      185.00
 4.0600      198.00
 4.0800      194.00
 4.1000      179.00
 4.1200      154.00
 4.1400      159.00
 4.1600      167.00
 4.1800      197.00
 4.2000      183.00
 4.2200      194.00
 4.2400      175.00
 4.2600      156.00
 4.2800      154.00
 4.3000      175.00
 4.3200      175.00
 4.3400      141.00
 4.3600      137.00
 4.3800      156.00
 4.4000      153.00
 4.4200      145.00
 4.4400      142.00
 4.4600      154.00
 4.4800      189.00
 4.5000      155.00
 4.5200      172.00
 4.5400      144.00
 4.5600      151.00
 4.5800      158.00
 4.6000      146.00
 4.6200      142.00
 4.6400      152.00
 4.6600      147.00
 4.6800      155.00
 4.7000      144.00
 4.7200      147.00
 4.7400      130.00
 4.7600      146.00
 4.7800      173.00
 4.8000      138.00
 4.8200      132.00
 4.8400      138.00
 4.8600      142.00
 4.8800      180.00
 4.9000      127.00
 4.9200      164.00
 4.9400      124.00
 4.9600      155.00
 4.9800      139.00
 5.0000      122.00
 5.0200      127.00
 5.0400      121.00
 5.0600      152.00
 5.0800      132.00
 5.1000      157.00
 5.1200      129.00
 5.1400      129.00
 5.1600      153.00
 5.1800      132.00
 5.2000      129.00
 5.2200      161.00
 5.2400      136.00
 5.2600      137.00
 5.2800      164.00
 5.3000      169.00
 5.3200      129.00
 5.3400      130.00
 5.3600      151.00
 5.3800      137.00
 5.4000      127.00
 5.4200      126.00
 5.4400      151.00
 5.4600      142.00
 5.4800      125.00
 5.5000      147.00
 5.5200      135.00
 5.5400      153.00
 5.5600      158.00
 5.5800      144.00
 5.6000      160.00
 5.6200      141.00
 5.6400      163.00
 5.6600      129.00
 5.6800      126.00
 5.7000      122.00
 5.7200      131.00
 5.7400      132.00
 5.7600      146.00
 5.7800      130.00
 5.8000      133.00
 5.8200      136.00
 5.8400      128.00
 5.8600      140.00
 5.8800      144.00
 5.9000      134.00
 5.9200      133.00
 5.9400      136.00
 5.9600      138.00
 5.9800      148.00
 6.0000      146.00
 6.0200      131.00
 6.0400      147.00
 6.0600      142.00
 6.0800      139.00
 6.1000      167.00
 6.1200      147.00
 6.1400      124.00
 6.1600      130.00
 6.1800      146.00
 6.2000      123.00
 6.2200      137.00
 6.2400      147.00
 6.2600      122.00
 6.2800      145.00
 6.3000      124.00
 6.3200      131.00
 6.3400      143.00
 6.3600      135.00
 6.3800      147.00
 6.4000      136.00
 6.4200      125.00
 6.4400      125.00
 6.4600      135.00
 6.4800      128.00
 6.5000      160.00
 6.5200      139.00
 6.5400      128.00
 6.5600      142.00
 6.5800      145.00
 6.6000      151.00
 6.6200      125.00
 6.6400      132.00
 6.6600      159.00
 6.6800      146.00
 6.7000      166.00
 6.7200      145.00
 6.7400      132.00
 6.7600      144.00
 6.7800      167.00
 6.8000      137.00
 6.8200      137.00
 6.8400      146.00
 6.8600      173.00
 6.8800      141.00
 6.9000      152.00
 6.9200      175.00
 6.9400      186.00
 6.9600      152.00
 6.9800      165.00
 7.0000      133.00
 7.0200      156.00
 7.0400      149.00
 7.0600      161.00
 7.0800      141.00
 7.1000      168.00
 7.1200      146.00
 7.1400      168.00
 7.1600      156.00
 7.1800      158.00
 7.2000      143.00
 7.2200      150.00
 7.2400      150.00
 7.2600      134.00
 7.2800      142.00
 7.3000      134.00
 7.3200      140.00
 7.3400      127.00
 7.3600      142.00
 7.3800      147.00
 7.4000      154.00
 7.4200      150.00
 7.4400      132.00
 7.4600      141.00
 7.4800      132.00
 7.5000      131.00
 7.5200      122.00
 7.5400      122.00
 7.5600      137.00
 7.5800      128.00
 7.6000      147.00
 7.6200      139.00
 7.6400      138.00
 7.6600      132.00
 7.6800      125.00
 7.7000      145.00
 7.7200      136.00
 7.7400      132.00
 7.7600      149.00
 7.7800      156.00
 7.8000      146.00
 7.8200      146.00
 7.8400      144.00
 7.8600      137.00
 7.8800      119.00
 7.9000      165.00
 7.9200      153.00
 7.9400      138.00
 7.9600      125.00
 7.9800      142.00
 8.0000      136.00
 8.0200      147.00
 8.0400      131.00
 8.0600      136.00
 8.0800      132.00
 8.1000      140.00
 8.1200      149.00
 8.1400      135.00
 8.1600      136.00
 8.1800      129.00
 8.2000      143.00
 8.2200      139.00
 8.2400      134.00
 8.2600      140.00
 8.2800      140.00
 8.3000      134.00
 8.3200      143.00
 8.3400      146.00
 8.3600      126.00
 8.3800      143.00
 8.4000      150.00
 8.4200      146.00
 8.4400      151.00
 8.4600      148.00
 8.4800      156.00
 8.5000      139.00
 8.5200      158.00
 8.5400      143.00
 8.5600      120.00
 8.5800      167.00
 8.6000      153.00
 8.6200      132.00
 8.6400      141.00
 8.6600      162.00
 8.6800      164.00
 8.7000      152.00
 8.7200      167.00
 8.7400      171.00
 8.7600      183.00
 8.7800      206.00
 8.8000      167.00
 8.8200      175.00
 8.8400      181.00
 8.8600      182.00
 8.8800      171.00
 8.9000      169.00
 8.9200      156.00
 8.9400      164.00
 8.9600      159.00
 8.9800      137.00
 9.0000      159.00
 9.0200      147.00
 9.0400      140.00
 9.0600      163.00
 9.0800      167.00
 9.1000      148.00
 9.1200      152.00
 9.1400      141.00
 9.1600      141.00
 9.1800      151.00
 9.2000      163.00
 9.2200      157.00
 9.2400      143.00
 9.2600      132.00
 9.2800      154.00
 9.3000      136.00
 9.3200      142.00
 9.3400      138.00
 9.3600      147.00
 9.3800      150.00
 9.4000      148.00
 9.4200      144.00
 9.4400      130.00
 9.4600      162.00
 9.4800      147.00
 9.5000      143.00
 9.5200      154.00
 9.5400      141.00
 9.5600      149.00
 9.5800      143.00
 9.6000      142.00
 9.6200      141.00
 9.6400      156.00
 9.6600      147.00
 9.6800      133.00
 9.7000      142.00
 9.7200      157.00
 9.7400      132.00
 9.7600      129.00
 9.7800      147.00
 9.8000      154.00
 9.8200      158.00
 9.8400      174.00
 9.8600      146.00
 9.8800      151.00
 9.9000      132.00
 9.9200      162.00
 9.9400      157.00
 9.9600      137.00
 9.9800      173.00
10.0000      156.00
10.0200      189.00
10.0400      173.00
10.0600      165.00
10.0800      173.00
10.1000      172.00
10.1200      131.00
10.1400      137.00
10.1600      147.00
10.1800      142.00
10.2000      167.00
10.2200      156.00
10.2400      149.00
10.2600      158.00
10.2800      159.00
10.3000      139.00
10.3200      149.00
10.3400      131.00
10.3600      164.00
10.3800      173.00
10.4000      165.00
10.4200      149.00
10.4400      162.00
10.4600      165.00
10.4800      148.00
10.5000      124.00
10.5200      151.00
10.5400      140.00
10.5600      163.00
10.5800      173.00
10.6000      153.00
10.6200      156.00
10.6400      168.00
10.6600      174.00
10.6800      187.00
10.7000      170.00
10.7200      175.00
10.7400      181.00
10.7600      189.00
10.7800      192.00
10.8000      202.00
10.8200      203.00
10.8400      219.00
10.8600      261.00
10.8800      258.00
10.9000      254.00
10.9200      281.00
10.9400      318.00
10.9600      350.00
10.9800      399.00
11.0000      426.00
11.0200      486.00
11.0400      466.00
11.0600      535.00
11.0800      543.00
11.1000      560.00
11.1200      543.00
11.1400      528.00
11.1600      522.00
11.1800      568.00
11.2000      554.00
11.2200      481.00
11.2400      464.00
11.2600      412.00
11.2800      389.00
11.3000      355.00
11.3200      342.00
11.3400      350.00
11.3600      333.00
11.3800      314.00
11.4000      322.00
11.4200      268.00
11.4400      266.00
11.4600      241.00
11.4800      202.00
11.5000      189.00
11.5200      190.00
11.5400      189.00
11.5600      185.00
11.5800      165.00
11.6000      169.00
11.6200      175.00
11.6400      156.00
11.6600      173.00
11.6800      176.00
11.7000      168.00
11.7200      179.00
11.7400      176.00
11.7600      185.00
11.7800      172.00
11.8000      197.00
11.8200      196.00
11.8400      188.00
11.8600      221.00
11.8800      214.00
11.9000      217.00
11.9200      248.00
11.9400      255.00
11.9600      262.00
11.9800      277.00
12.0000      273.00
12.0200      316.00
12.0400      331.00
12.0600      352.00
12.0800      375.00
12.1000      361.00
12.1200      407.00
12.1400      376.00
12.1600      409.00
12.1800      443.00
12.2000      404.00
12.2200      417.00
12.2400      408.00
12.2600      381.00
12.2800      361.00
12.3000      339.00
12.3200      328.00
12.3400      282.00
12.3600      287.00
12.3800      264.00
12.4000      306.00
12.4200      330.00
12.4400      321.00
12.4600      366.00
12.4800      352.00
12.5000      404.00
12.5200      450.00
12.5400      406.00
12.5600      462.00
12.5800      418.00
12.6000      476.00
12.6200      422.00
12.6400      472.00
12.6600      470.00
12.6800      365.00
12.7000      355.00
12.7200      304.00
12.7400      237.00
12.7600      229.00
12.7800      224.00
12.8000      224.00
12.8200      187.00
12.8400      184.00
12.8600      162.00
12.8800      155.00
12.9000      189.00
12.9200      177.00
12.9400      187.00
12.9600      166.00
12.9800      184.00
13.0000      155.00
13.0200      165.00
13.0400      151.00
13.0600      154.00
13.0800      171.00
13.1000      192.00
13.1200      151.00
13.1400      160.00
13.1600      178.00
13.1800      173.00
13.2000      177.00
13.2200      163.00
13.2400      145.00
13.2600      172.00
13.2800      164.00
13.3000      174.00
13.3200      167.00
13.3400      198.00
13.3600      165.00
13.3800      160.00
13.4000      164.00
13.4200      172.00
13.4400      184.00
13.4600      162.00
13.4800      161.00
13.5000      157.00
13.5200      165.00
13.5400      170.00
13.5600      161.00
13.5800      172.00
13.6000      172.00
13.6200      169.00
13.6400      163.00
13.6600      160.00
13.6800      166.00
13.7000      168.00
13.7200      194.00
13.7400      197.00
13.7600      170.00
13.7800      175.00
13.8000      192.00
13.8200      179.00
13.8400      205.00
13.8600      206.00
13.8800      164.00
13.9000      197.00
13.9200      203.00
13.9400      190.00
13.9600      235.00
13.9800      217.00
14.0000      258.00
14.0200      252.00
14.0400      272.00
14.0600      287.00
14.0800      344.00
14.1000      357.00
14.1200      424.00
14.1400      464.00
14.1600      532.00
14.1800      579.00
14.2000      637.00
14.2200      674.00
14.2400      678.00
14.2600      769.00
14.2800      667.00
14.3000      669.00
14.3200      695.00
14.3400      675.00
14.3600      606.00
14.3800      554.00
14.4000      527.00
14.4200      443.00
14.4400      375.00
14.4600      334.00
14.4800      326.00
14.5000      328.00
14.5200      292.00
14.5400      285.00
14.5600      241.00
14.5800      231.00
14.6000      201.00
14.6200      204.00
14.6400      191.00
14.6600      172.00
14.6800      169.00
14.7000      171.00
14.7200      173.00
14.7400      178.00
14.7600      172.00
14.7800      169.00
14.8000      177.00
14.8200      178.00
14.8400      166.00
14.8600      188.00
14.8800      166.00
14.9000      182.00
14.9200      175.00
14.9400      157.00
14.9600      173.00
14.9800      169.00
15.0000      174.00
15.0200      179.00
15.0400      163.00
15.0600      176.00
15.0800      151.00
15.1000      167.00
15.1200      171.00
15.1400      164.00
15.1600      163.00
15.1800      131.00
15.2000      159.00
15.2200      142.00
15.2400      170.00
15.2600      157.00
15.2800      155.00
15.3000      142.00
15.3200      164.00
15.3400      167.00
15.3600      158.00
15.3800      141.00
15.4000      168.00
15.4200      172.00
15.4400      140.00
15.4600      157.00
15.4800      156.00
15.5000      162.00
15.5200      152.00
15.5400      178.00
15.5600      176.00
15.5800      167.00
15.6000      170.00
15.6200      171.00
15.6400      152.00
15.6600      185.00
15.6800      167.00
15.7000      194.00
15.7200      168.00
15.7400      183.00
15.7600      159.00
15.7800      227.00
15.8000      211.00
15.8200      217.00
15.8400      212.00
15.8600      263.00
15.8800      261.00
15.9000      281.00
15.9200      316.00
15.9400      290.00
15.9600      275.00
15.9800      343.00
16.0000      327.00
16.0200      285.00
16.0400      337.00
16.0600      299.00
16.0800      351.00
16.1000      334.00
16.1200      394.00
16.1400      357.00
16.1600      413.00
16.1800      443.00
16.2000      401.00
16.2200      451.00
16.2400      456.00
16.2600      448.00
16.2800      469.00
16.3000      456.00
16.3200      404.00
16.3400      418.00
16.3600      357.00
16.3800      373.00
16.4000      333.00
16.4200      317.00
16.4400      327.00
16.4600      300.00
16.4800      369.00
16.5000      374.00
16.5200      362.00
16.5400      370.00
16.5600      357.00
16.5800      334.00
16.6000      325.00
16.6200      287.00
16.6400      285.00
16.6600      290.00
16.6800      251.00
16.7000      194.00
16.7200      206.00
16.7400      188.00
16.7600      218.00
16.7800      205.00
16.8000      184.00
16.8200      205.00
16.8400      174.00
16.8600      211.00
16.8800      236.00
16.9000      233.00
16.9200      253.00
16.9400      238.00
16.9600      250.00
16.9800      292.00
17.0000      307.00
17.0200      324.00
17.0400      352.00
17.0600      374.00
17.0800      364.00
17.1000      384.00
17.1200      385.00
17.1400      403.00
17.1600      393.00
17.1800      395.00
17.2000      414.00
17.2200      364.00
17.2400      376.00
17.2600      311.00
17.2800      365.00
17.3000      372.00
17.3200      371.00
17.3400      366.00
17.3600      408.00
17.3800      501.00
17.4000      517.00
17.4200      574.00
17.4400      711.00
17.4600      742.00
17.4800      829.00
17.5000     1002.00
17.5200     1101.00
17.5400     1217.00
17.5600     1331.00
17.5800     1426.00
17.6000     1488.00
17.6200     1447.00
17.6400     1388.00
17.6600     1342.00
17.6800     1279.00
17.7000     1133.00
17.7200     1070.00
17.7400      991.00
17.7600      884.00
17.7800      706.00
17.8000      581.00
17.8200      480.00
17.8400      432.00
17.8600      360.00
17.8800      342.00
17.9000      312.00
17.9200      296.00
17.9400      262.00
17.9600      269.00
17.9800      253.00
18.0000      271.00
18.0200      263.00
18.0400      226.00
18.0600      218.00
18.0800      241.00
18.1000      195.00
18.1200      212.00
18.1400      234.00
18.1600      219.00
18.1800      226.00
18.2000      214.00
18.2200      205.00
18.2400      222.00
18.2600      235.00
18.2800      259.00
18.3000      270.00
18.3200      304.00
18.3400      332.00
18.3600      351.00
18.3800      378.00
18.4000      456.00
18.4200      469.00
18.4400      518.00
18.4600      499.00
18.4800      497.00
18.5000      500.00
18.5200      453.00
18.5400      473.00
18.5600      468.00
18.5800      453.00
18.6000      434.00
18.6200      342.00
18.6400      317.00
18.6600      284.00
18.6800      274.00
18.7000      251.00
18.7200      244.00
18.7400      276.00
18.7600      254.00
18.7800      243.00
18.8000      250.00
18.8200      260.00
18.8400      246.00
18.8600      272.00
18.8800      263.00
18.9000      251.00
18.9200      225.00
18.9400      275.00
18.9600      218.00
18.9800      243.00
19.0000      236.00
19.0200      227.00
19.0400      202.00
19.0600      243.00
19.0800      223.00
19.1000      269.00
19.1200      229.00
19.1400      248.00
19.1600      271.00
19.1800      260.00
19.2000      279.00
19.2200      273.00
19.2400      278.00
19.2600      278.00
19.2800      231.00
19.3000      291.00
19.3200      265.00
19.3400      262.00
19.3600      252.00
19.3800      230.00
19.4000      227.00
19.4200      267.00
19.4400      290.00
19.4600      277.00
19.4800      271.00
19.5000      354.00
19.5200      361.00
19.5400      417.00
19.5600      503.00
19.5800      558.00
19.6000      669.00
19.6200      761.00
19.6400      846.00
19.6600      925.00
19.6800      968.00
19.7000     1026.00
19.7200     1003.00
19.7400     1058.00
19.7600     1059.00
19.7800      995.00
19.8000      918.00
19.8200      864.00
19.8400      782.00
19.8600      676.00
19.8800      583.00
19.9000      505.00
19.9200      414.00
19.9400      373.00
19.9600      329.00
19.9800      310.00
20.0000      292.00
20.0200      258.00
20.0400      260.00
20.0600      229.00
20.0800      213.00
20.1000      236.00
20.1200      238.00
20.1400      211.00
20.1600      196.00
20.1800      257.00
20.2000      217.00
20.2200      195.00
20.2400      203.00
20.2600      215.00
20.2800      211.00
20.3000      193.00
20.3200      182.00
20.3400      237.00
20.3600      194.00
20.3800      210.00
20.4000      217.00
20.4200      230.00
20.4400      237.00
20.4600      236.00
20.4800      265.00
20.5000      295.00
20.5200      311.00
20.5400      314.00
20.5600      379.00
20.5800      485.00
20.6000      488.00
20.6200      606.00
20.6400      627.00
20.6600      722.00
20.6800      847.00
20.7000      796.00
20.7200      796.00
20.7400      837.00
20.7600      836.00
20.7800      832.00
20.8000      858.00
20.8200      905.00
20.8400      946.00
20.8600      918.00
20.8800     1027.00
20.9000     1068.00
20.9200     1123.00
20.9400     1226.00
20.9600     1301.00
20.9800     1473.00
21.0000     1549.00
21.0200     1731.00
21.0400     1767.00
21.0600     1910.00
21.0800     1796.00
21.1000     1760.00
21.1200     1778.00
21.1400     1727.00
21.1600     1541.00
21.1800     1437.00
21.2000     1241.00
21.2200     1090.00
21.2400      900.00
21.2600      795.00
21.2800      601.00
21.3000      464.00
21.3200      402.00
21.3400      362.00
21.3600      290.00
21.3800      281.00
21.4000      238.00
21.4200      233.00
21.4400      204.00
21.4600      198.00
21.4800      196.00
21.5000      218.00
21.5200      204.00
21.5400      192.00
21.5600      218.00
21.5800      188.00
21.6000      165.00
21.6200      198.00
21.6400      170.00
21.6600      178.00
21.6800      189.00
21.7000      197.00
21.7200      208.00
21.7400      175.00
21.7600      175.00
21.7800      193.00
21.8000      204.00
21.8200      188.00
21.8400      192.00
21.8600      197.00
21.8800      197.00
21.9000      175.00
21.9200      194.00
21.9400      199.00
21.9600      203.00
21.9800      198.00
22.0000      208.00
22.0200      210.00
22.0400      232.00
22.0600      241.00
22.0800      253.00
22.1000      261.00
22.1200      283.00
22.1400      301.00
22.1600      273.00
22.1800      334.00
22.2000      344.00
22.2200      380.00
22.2400      409.00
22.2600      430.00
22.2800      457.00
22.3000      506.00
22.3200      544.00
22.3400      565.00
22.3600      580.00
22.3800      579.00
22.4000      608.00
22.4200      542.00
22.4400      589.00
22.4600      609.00
22.4800      550.00
22.5000      568.00
22.5200      591.00
22.5400      626.00
22.5600      655.00
22.5800      690.00
22.6000      704.00
22.6200      798.00
22.6400      791.00
22.6600      800.00
22.6800      749.00
22.7000      779.00
22.7200      741.00
22.7400      665.00
22.7600      593.00
22.7800      611.00
22.8000      559.00
22.8200      489.00
22.8400      452.00
22.8600      410.00
22.8800      446.00
22.9000      391.00
22.9200      422.00
22.9400      487.00
22.9600      489.00
22.9800      458.00
23.0000      506.00
23.0200      502.00
23.0400      513.00
23.0600      519.00
23.0800      530.00
23.1000      551.00
23.1200      523.00
23.1400      578.00
23.1600      491.00
23.1800      465.00
23.2000      535.00
23.2200      480.00
23.2400      501.00
23.2600      421.00
23.2800      427.00
23.3000      451.00
23.3200      441.00
23.3400      431.00
23.3600      471.00
23.3800      431.00
23.4000      493.00
23.4200      441.00
23.4400      478.00
23.4600      467.00
23.4800      488.00
23.5000      451.00
23.5200      421.00
23.5400      428.00
23.5600      366.00
23.5800      336.00
23.6000      340.00
23.6200      306.00
23.6400      263.00
23.6600      218.00
23.6800      228.00
23.7000      224.00
23.7200      229.00
23.7400      233.00
23.7600      226.00
23.7800      224.00
23.8000      230.00
23.8200      238.00
23.8400      264.00
23.8600      267.00
23.8800      279.00
23.9000      296.00
23.9200      296.00
23.9400      351.00
23.9600      375.00
23.9800      428.00
24.0000      485.00
24.0200      570.00
24.0400      587.00
24.0600      709.00
24.0800      769.00
24.1000      754.00
24.1200      816.00
24.1400      815.00
24.1600      858.00
24.1800      854.00
24.2000      820.00
24.2200      803.00
24.2400      745.00
24.2600      692.00
24.2800      704.00
24.3000      639.00
24.3200      630.00
24.3400      578.00
24.3600      683.00
24.3800      670.00
24.4000      690.00
24.4200      708.00
24.4400      672.00
24.4600      663.00
24.4800      592.00
24.5000      610.00
24.5200      566.00
24.5400      445.00
24.5600      458.00
24.5800      370.00
24.6000      302.00
24.6200      303.00
24.6400      274.00
24.6600      270.00
24.6800      239.00
24.7000      230.00
24.7200      256.00
24.7400      236.00
24.7600      245.00
24.7800      253.00
24.8000      285.00
24.8200      370.00
24.8400      329.00
24.8600      422.00
24.8800      433.00
24.9000      459.00
24.9200      503.00
24.9400      511.00
24.9600      521.00
24.9800      559.00
25.0000      534.00
25.0200      521.00
25.0400      503.00
25.0600      461.00
25.0800      418.00
25.1000      365.00
25.1200      351.00
25.1400      302.00
25.1600      266.00
25.1800      271.00
25.2000      217.00
25.2200      211.00
25.2400      212.00
25.2600      206.00
25.2800      191.00
25.3000      191.00
25.3200      185.00
25.3400      177.00
25.3600      167.00
25.3800      162.00
25.4000      178.00
25.4200      153.00
25.4400      143.00
25.4600      150.00
25.4800      156.00
25.5000      166.00
25.5200      161.00
25.5400      156.00
25.5600      160.00
25.5800      164.00
25.6000      150.00
25.6200      189.00
25.6400      146.00
25.6600      177.00
25.6800      154.00
25.7000      191.00
25.7200      154.00
25.7400      176.00
25.7600      188.00
25.7800      170.00
25.8000      189.00
25.8200      168.00
25.8400      176.00
25.8600      211.00
25.8800      180.00
25.9000      216.00
25.9200      241.00
25.9400      238.00
25.9600      313.00
25.9800      238.00
26.0000      294.00
26.0200      282.00
26.0400      342.00
26.0600      346.00
26.0800      355.00
26.1000      383.00
26.1200      368.00
26.1400      364.00
26.1600      417.00
26.1800      402.00
26.2000      423.00
26.2200      411.00
26.2400      416.00
26.2600      395.00
26.2800      410.00
26.3000      406.00
26.3200      373.00
26.3400      375.00
26.3600      358.00
26.3800      350.00
26.4000      349.00
26.4200      363.00
26.4400      349.00
26.4600      356.00
26.4800      410.00
26.5000      376.00
26.5200      409.00
26.5400      343.00
26.5600      381.00
26.5800      344.00
26.6000      327.00
26.6200      321.00
26.6400      285.00
26.6600      247.00
26.6800      260.00
26.7000      203.00
26.7200      195.00
26.7400      210.00
26.7600      182.00
26.7800      202.00
26.8000      176.00
26.8200      184.00
26.8400      169.00
26.8600      203.00
26.8800      157.00
26.9000      181.00
26.9200      211.00
26.9400      204.00
26.9600      217.00
26.9800      219.00
27.0000      201.00
27.0200      211.00
27.0400      227.00
27.0600      206.00
27.0800      229.00
27.1000      233.00
27.1200      231.00
27.1400      225.00
27.1600      204.00
27.1800      214.00
27.2000      246.00
27.2200      250.00
27.2400      253.00
27.2600      244.00
27.2800      276.00
27.3000      290.00
27.3200      325.00
27.3400      315.00
27.3600      303.00
27.3800      341.00
27.4000      324.00
27.4200      286.00
27.4400      291.00
27.4600      295.00
27.4800      278.00
27.5000      303.00
27.5200      317.00
27.5400      374.00
27.5600      377.00
27.5800      410.00
27.6000      526.00
27.6200      558.00
27.6400      621.00
27.6600      606.00
27.6800      647.00
27.7000      631.00
27.7200      618.00
27.7400      634.00
27.7600      605.00
27.7800      600.00
27.8000      576.00
27.8200      534.00
27.8400      462.00
27.8600      420.00
27.8800      445.00
27.9000      391.00
27.9200      344.00
27.9400      311.00
27.9600      317.00
27.9800      277.00
28.0000      280.00
28.0200      244.00
28.0400      266.00
28.0600      217.00
28.0800      234.00
28.1000      225.00
28.1200      220.00
28.1400      209.00
28.1600      225.00
28.1800      171.00
28.2000      224.00
28.2200      224.00
28.2400      202.00
28.2600      256.00
28.2800      222.00
28.3000      232.00
28.3200      299.00
28.3400      312.00
28.3600      362.00
28.3800      390.00
28.4000      464.00
28.4200      552.00
28.4400      641.00
28.4600      693.00
28.4800      748.00
28.5000      823.00
28.5200      845.00
28.5400      963.00
28.5600      938.00
28.5800      922.00
28.6000      845.00
28.6200      872.00
28.6400      801.00
28.6600      774.00
28.6800      711.00
28.7000      664.00
28.7200      584.00
28.7400      544.00
28.7600      481.00
28.7800      446.00
28.8000      455.00
28.8200      435.00
28.8400      395.00
28.8600      355.00
28.8800      361.00
28.9000      337.00
28.9200      314.00
28.9400      320.00
28.9600      320.00
28.9800      293.00
29.0000      258.00
29.0200      254.00
29.0400      274.00
29.0600      275.00
29.0800      279.00
29.1000      295.00
29.1200      255.00
29.1400      300.00
29.1600      321.00
29.1800      325.00
29.2000      371.00
29.2200      369.00
29.2400      366.00
29.2600      355.00
29.2800      345.00
29.3000      377.00
29.3200      379.00
29.3400      349.00
29.3600      349.00
29.3800      368.00
29.4000      358.00
29.4200      355.00
29.4400      390.00
29.4600      377.00
29.4800      408.00
29.5000      375.00
29.5200      380.00
29.5400      419.00
29.5600      358.00
29.5800      384.00
29.6000      332.00
29.6200      281.00
29.6400      289.00
29.6600      234.00
29.6800      236.00
29.7000      204.00
29.7200      189.00
29.7400      207.00
29.7600      170.00
29.7800      158.00
29.8000      165.00
29.8200      175.00
29.8400      149.00
29.8600      147.00
29.8800      152.00
29.9000      161.00
29.9200      171.00
29.9400      182.00
29.9600      162.00
29.9800      184.00
30.0000      196.00
30.0200      194.00
30.0400      205.00
30.0600      216.00
30.0800      228.00
30.1000      262.00
30.1200      252.00
30.1400      263.00
30.1600      249.00
30.1800      297.00
30.2000      288.00
30.2200      315.00
30.2400      306.00
30.2600      288.00
30.2800      309.00
30.3000      238.00
30.3200      261.00
30.3400      260.00
30.3600      237.00
30.3800      286.00
30.4000      221.00
30.4200      273.00
30.4400      238.00
30.4600      173.00
30.4800      199.00
30.5000      217.00
30.5200      194.00
30.5400      174.00
30.5600      183.00
30.5800      166.00
30.6000      181.00
30.6200      181.00
30.6400      189.00
30.6600      192.00
30.6800      180.00
30.7000      192.00
30.7200      209.00
30.7400      183.00
30.7600      177.00
30.7800      154.00
30.8000      164.00
30.8200      213.00
30.8400      179.00
30.8600      164.00
30.8800      170.00
30.9000      161.00
30.9200      163.00
30.9400      163.00
30.9600      196.00
30.9800      178.00
31.0000      195.00
31.0200      175.00
31.0400      175.00
31.0600      173.00
31.0800      164.00
31.1000      161.00
31.1200      157.00
31.1400      168.00
31.1600      159.00
31.1800      166.00
31.2000      158.00
31.2200      147.00
31.2400      162.00
31.2600      145.00
31.2800      132.00
31.3000      141.00
31.3200      140.00
31.3400      151.00
31.3600      135.00
31.3800      153.00
31.4000      150.00
31.4200      157.00
31.4400      163.00
31.4600      132.00
31.4800      136.00
31.5000      159.00
31.5200      169.00
31.5400      166.00
31.5600      167.00
31.5800      165.00
31.6000      177.00
31.6200      205.00
31.6400      211.00
31.6600      178.00
31.6800      223.00
31.7000      177.00
31.7200      162.00
31.7400      187.00
31.7600      166.00
31.7800      171.00
31.8000      179.00
31.8200      170.00
31.8400      170.00
31.8600      180.00
31.8800      166.00
31.9000      161.00
31.9200      167.00
31.9400      217.00
31.9600      194.00
31.9800      171.00
32.0000      200.00
32.0200      218.00
32.0400      197.00
32.0600      209.00
32.0800      197.00
32.1000      235.00
32.1200      222.00
32.1400      215.00
32.1600      234.00
32.1800      240.00
32.2000      229.00
32.2200      228.00
32.2400      265.00
32.2600      239.00
32.2800      250.00
32.3000      258.00
32.3200      225.00
32.3400      259.00
32.3600      250.00
32.3800      237.00
32.4000      278.00
32.4200      248.00
32.4400      258.00
32.4600      257.00
32.4800      269.00
32.5000      298.00
32.5200      298.00
32.5400      327.00
32.5600      339.00
32.5800      324.00
32.6000      358.00
32.6200      396.00
32.6400      373.00
32.6600      359.00
32.6800      410.00
32.7000      357.00
32.7200      398.00
32.7400      407.00
32.7600      368.00
32.7800      364.00
32.8000      345.00
32.8200      314.00
32.8400      289.00
32.8600      257.00
32.8800      255.00
32.9000      242.00
32.9200      258.00
32.9400      212.00
32.9600      253.00
32.9800      199.00
33.0000      238.00
33.0200      218.00
33.0400      221.00
33.0600      222.00
33.0800      220.00
33.1000      201.00
33.1200      209.00
33.1400      225.00
33.1600      239.00
33.1800      223.00
33.2000      237.00
33.2200      230.00
33.2400      246.00
33.2600      251.00
33.2800      274.00
33.3000      251.00
33.3200      273.00
33.3400      272.00
33.3600      250.00
33.3800      241.00
33.4000      260.00
33.4200      265.00
33.4400      255.00
33.4600      279.00
33.4800      249.00
33.5000      233.00
33.5200      264.00
33.5400      235.00
33.5600      219.00
33.5800      230.00
33.6000      177.00
33.6200      201.00
33.6400      196.00
33.6600      184.00
33.6800      199.00
33.7000      168.00
33.7200      164.00
33.7400      169.00
33.7600      170.00
33.7800      137.00
33.8000      157.00
33.8200      160.00
33.8400      147.00
33.8600      163.00
33.8800      163.00
33.9000      144.00
33.9200      152.00
33.9400      149.00
33.9600      177.00
33.9800      194.00
34.0000      175.00
34.0200      179.00
34.0400      166.00
34.0600      189.00
34.0800      220.00
34.1000      205.00
34.1200      211.00
34.1400      207.00
34.1600      261.00
34.1800      242.00
34.2000      269.00
34.2200      296.00
34.2400      304.00
34.2600      317.00
34.2800      303.00
34.3000      266.00
34.3200      307.00
34.3400      284.00
34.3600      256.00
34.3800      230.00
34.4000      196.00
34.4200      191.00
34.4400      163.00
34.4600      180.00
34.4800      163.00
34.5000      161.00
34.5200      142.00
34.5400      137.00
34.5600      137.00
34.5800      145.00
34.6000      153.00
34.6200      153.00
34.6400      154.00
34.6600      138.00
34.6800      153.00
34.7000      169.00
34.7200      157.00
34.7400      165.00
34.7600      164.00
34.7800      132.00
34.8000      146.00
34.8200      160.00
34.8400      193.00
34.8600      200.00
34.8800      159.00
34.9000      196.00
34.9200      173.00
34.9400      172.00
34.9600      166.00
34.9800      183.00
35.0000      178.00
