 2.2000      321.00
 2.2200      322.00
 2.2400      323.00
 2.2600      329.00
 2.2800      291.00
 2.3000      340.00
 2.3200      300.00
 2.3400      280.00
 2.3600      321.00
 2.3800      249.00
 2.4000      319.00
 2.4200      294.00
 2.4400      288.00
 2.4600      301.00
 2.4800      302.00
 2.5000      301.00
 2.5200      294.00
 2.5400      233.00
 2.5600      259.00
 2.5800      289.00
 2.6000      277.00
 2.6200      268.00
 2.6400      264.00
 2.6600      273.00
 2.6800      252.00
 2.7000      288.00
 2.7200      287.00
 2.7400      274.00
 2.7600      288.00
 2.7800      280.00
 2.8000      282.00
 2.8200      261.00
 2.8400      271.00
 2.8600      255.00
 2.8800      258.00
 2.9000      293.00
 2.9200      266.00
 2.9400      271.00
 2.9600      275.00
 2.9800      304.00
 3.0000      250.00
 3.0200      261.00
 3.0400      264.00
 3.0600      280.00
 3.0800      256.00
 3.1000      236.00
 3.1200      286.00
 3.1400      231.00
 3.1600      266.00
 3.1800      254.00
 3.2000      226.00
 3.2200      249.00
 3.2400      267.00
 3.2600      242.00
 3.2800      237.00
 3.3000      265.00
 3.3200      254.00
 3.3400      257.00
 3.3600      238.00
 3.3800      259.00
 3.4000      223.00
 3.4200      258.00
 3.4400      250.00
 3.4600      292.00
 3.4800      266.00
 3.5000      228.00
 3.5200      235.00
 3.5400      234.00
 3.5600      223.00
 3.5800      223.00
 3.6000      259.00
 3.6200      245.00
 3.6400      243.00
 3.6600      244.00
 3.6800      254.00
 3.7000      235.00
 3.7200      202.00
 3.7400      237.00
 3.7600      244.00
 3.7800      230.00
 3.8000      234.00
 3.8200      240.00
 3.8400      246.00
 3.8600      241.00
 3.8800      237.00
 3.9000      244.00
 3.9200      244.00
 3.9400      242.00
 3.9600      225.00
 3.9800      247.00
 4.0000      238.00
 4.0200      223.00
 4.0400      223.00
 4.0600      206.00
 4.0800      234.00
 4.1000      204.00
 4.1200      196.00
 4.1400      207.00
 4.1600      250.00
 4.1800      225.00
 4.2000      218.00
 4.2200      208.00
 4.2400      209.00
 4.2600      226.00
 4.2800      214.00
 4.3000      230.00
 4.3200      230.00
 4.3400      231.00
 4.3600      226.00
 4.3800      242.00
 4.4000      202.00
 4.4200      223.00
 4.4400      199.00
 4.4600      234.00
 4.4800      221.00
 4.5000      222.00
 4.5200      216.00
 4.5400      228.00
 4.5600      188.00
 4.5800      225.00
 4.6000      209.00
 4.6200      195.00
 4.6400      214.00
 4.6600      188.00
 4.6800      206.00
 4.7000      198.00
 4.7200      192.00
 4.7400      194.00
 4.7600      169.00
 4.7800      193.00
 4.8000      200.00
 4.8200      203.00
 4.8400      190.00
 4.8600      221.00
 4.8800      182.00
 4.9000      207.00
 4.9200      152.00
 4.9400      200.00
 4.9600      188.00
 4.9800      196.00
 5.0000      201.00
 5.0200      193.00
 5.0400      187.00
 5.0600      172.00
 5.0800      212.00
 5.1000      203.00
 5.1200      199.00
 5.1400      202.00
 5.1600      212.00
 5.1800      199.00
 5.2000      189.00
 5.2200      204.00
 5.2400      202.00
 5.2600      221.00
 5.2800      204.00
 5.3000      192.00
 5.3200      200.00
 5.3400      195.00
 5.3600      200.00
 5.3800      181.00
 5.4000      183.00
 5.4200      200.00
 5.4400      187.00
 5.4600      207.00
 5.4800      229.00
 5.5000      187.00
 5.5200      191.00
 5.5400      205.00
 5.5600      195.00
 5.5800      203.00
 5.6000      212.00
 5.6200      209.00
 5.6400      225.00
 5.6600      259.00
 5.6800      229.00
 5.7000      218.00
 5.7200      234.00
 5.7400      254.00
 5.7600      246.00
 5.7800      279.00
 5.8000      270.00
 5.8200      284.00
 5.8400      279.00
 5.8600      289.00
 5.8800      250.00
 5.9000      253.00
 5.9200      282.00
 5.9400      261.00
 5.9600      245.00
 5.9800      226.00
 6.0000      226.00
 6.0200      210.00
 6.0400      205.00
 6.0600      231.00
 6.0800      198.00
 6.1000      184.00
 6.1200      172.00
 6.1400      184.00
 6.1600      188.00
 6.1800      194.00
 6.2000      204.00
 6.2200      187.00
 6.2400      198.00
 6.2600      172.00
 6.2800      214.00
 6.3000      205.00
 6.3200      165.00
 6.3400      180.00
 6.3600      196.00
 6.3800      207.00
 6.4000      195.00
 6.4200      187.00
 6.4400      175.00
 6.4600      207.00
 6.4800      186.00
 6.5000      172.00
 6.5200      189.00
 6.5400      192.00
 6.5600      184.00
 6.5800      181.00
 6.6000      216.00
 6.6200      177.00
 6.6400      178.00
 6.6600      184.00
 6.6800      194.00
 6.7000      199.00
 6.7200      212.00
 6.7400      198.00
 6.7600      187.00
 6.7800      232.00
 6.8000      257.00
 6.8200      216.00
 6.8400      242.00
 6.8600      245.00
 6.8800      246.00
 6.9000      218.00
 6.9200      247.00
 6.9400      272.00
 6.9600      229.00
 6.9800      212.00
 7.0000      247.00
 7.0200      259.00
 7.0400      262.00
 7.0600      273.00
 7.0800      271.00
 7.1000      272.00
 7.1200      275.00
 7.1400      279.00
 7.1600      311.00
 7.1800      336.00
 7.2000      349.00
 7.2200      353.00
 7.2400      369.00
 7.2600      389.00
 7.2800      405.00
 7.3000      459.00
 7.3200      487.00
 7.3400      514.00
 7.3600      586.00
 7.3800      667.00
 7.4000      724.00
 7.4200      794.00
 7.4400      893.00
 7.4600     1003.00
 7.4800     1127.00
 7.5000     1281.00
 7.5200     1522.00
 7.5400     1709.00
 7.5600     1875.00
 7.5800     2145.00
 7.6000     2258.00
 7.6200     2339.00
 7.6400     2452.00
 7.6600     2461.00
 7.6800     2297.00
 7.7000     2233.00
 7.7200     1975.00
 7.7400     1760.00
 7.7600     1524.00
 7.7800     1352.00
 7.8000     1055.00
 7.8200      862.00
 7.8400      746.00
 7.8600      597.00
 7.8800      530.00
 7.9000      455.00
 7.9200      423.00
 7.9400      390.00
 7.9600      367.00
 7.9800      383.00
 8.0000      296.00
 8.0200      320.00
 8.0400      326.00
 8.0600      344.00
 8.0800      356.00
 8.1000      321.00
 8.1200      322.00
 8.1400      346.00
 8.1600      387.00
 8.1800      397.00
 8.2000      449.00
 8.2200      427.00
 8.2400      451.00
 8.2600      574.00
 8.2800      508.00
 8.3000      543.00
 8.3200      630.00
 8.3400      605.00
 8.3600      591.00
 8.3800      550.00
 8.4000      562.00
 8.4200      526.00
 8.4400      494.00
 8.4600      460.00
 8.4800      407.00
 8.5000      431.00
 8.5200      401.00
 8.5400      311.00
 8.5600      294.00
 8.5800      284.00
 8.6000      294.00
 8.6200      271.00
 8.6400      271.00
 8.6600      230.00
 8.6800      225.00
 8.7000      236.00
 8.7200      244.00
 8.7400      251.00
 8.7600      235.00
 8.7800      229.00
 8.8000      214.00
 8.8200      249.00
 8.8400      234.00
 8.8600      238.00
 8.8800      247.00
 8.9000      253.00
 8.9200      246.00
 8.9400      250.00
 8.9600      233.00
 8.9800      296.00
 9.0000      280.00
 9.0200      275.00
 9.0400      283.00
 9.0600      272.00
 9.0800      335.00
 9.1000      323.00
 9.1200      365.00
 9.1400      319.00
 9.1600      335.00
 9.1800      357.00
 9.2000      411.00
 9.2200      379.00
 9.2400      444.00
 9.2600      495.00
 9.2800      497.00
 9.3000      540.00
 9.3200      625.00
 9.3400      697.00
 9.3600      786.00
 9.3800      815.00
 9.4000      910.00
 9.4200      937.00
 9.4400      994.00
 9.4600      954.00
 9.4800      994.00
 9.5000      962.00
 9.5200      879.00
 9.5400      804.00
 9.5600      792.00
 9.5800      702.00
 9.6000      626.00
 9.6200      571.00
 9.6400      502.00
 9.6600      464.00
 9.6800      400.00
 9.7000      391.00
 9.7200      376.00
 9.7400      321.00
 9.7600      301.00
 9.7800      305.00
 9.8000      325.00
 9.8200      267.00
 9.8400      275.00
 9.8600      245.00
 9.8800      286.00
 9.9000      278.00
 9.9200      258.00
 9.9400      246.00
 9.9600      250.00
 9.9800      249.00
10.0000      251.00
10.0200      242.00
10.0400      258.00
10.0600      291.00
10.0800      240.00
10.1000      281.00
10.1200      274.00
10.1400      223.00
10.1600      242.00
10.1800      289.00
10.2000      285.00
10.2200      290.00
10.2400      314.00
10.2600      279.00
10.2800      305.00
10.3000      313.00
10.3200      325.00
10.3400      346.00
10.3600      347.00
10.3800      333.00
10.4000      362.00
10.4200      322.00
10.4400      353.00
10.4600      324.00
10.4800      326.00
10.5000      327.00
10.5200      308.00
10.5400      254.00
10.5600      305.00
10.5800      262.00
10.6000      292.00
10.6200      262.00
10.6400      274.00
10.6600      260.00
10.6800      270.00
10.7000      257.00
10.7200      279.00
10.7400      274.00
10.7600      266.00
10.7800      268.00
10.8000      277.00
10.8200      299.00
10.8400      298.00
10.8600      315.00
10.8800      292.00
10.9000      345.00
10.9200      290.00
10.9400      324.00
10.9600      357.00
10.9800      398.00
11.0000      386.00
11.0200      390.00
11.0400      434.00
11.0600      448.00
11.0800      547.00
11.1000      490.00
11.1200      485.00
11.1400      466.00
11.1600      493.00
11.1800      458.00
11.2000      481.00
11.2200      495.00
11.2400      468.00
11.2600      454.00
11.2800      418.00
11.3000      387.00
11.3200      391.00
11.3400      346.00
11.3600      353.00
11.3800      350.00
11.4000      363.00
11.4200      368.00
11.4400      317.00
11.4600      300.00
11.4800      295.00
11.5000      287.00
11.5200      320.00
11.5400      353.00
11.5600      365.00
11.5800      372.00
11.6000      376.00
11.6200      386.00
11.6400      394.00
11.6600      425.00
11.6800      414.00
11.7000      445.00
11.7200      449.00
11.7400      488.00
11.7600      543.00
11.7800      587.00
11.8000      581.00
11.8200      673.00
11.8400      768.00
11.8600      886.00
11.8800     1008.00
11.9000     1103.00
11.9200     1270.00
11.9400     1325.00
11.9600     1431.00
11.9800     1429.00
12.0000     1516.00
12.0200     1505.00
12.0400     1456.00
12.0600     1316.00
12.0800     1218.00
12.1000     1101.00
12.1200      927.00
12.1400      761.00
12.1600      684.00
12.1800      648.00
12.2000      483.00
12.2200      415.00
12.2400      394.00
12.2600      343.00
12.2800      337.00
12.3000      335.00
12.3200      347.00
12.3400      342.00
12.3600      321.00
12.3800      341.00
12.4000      383.00
12.4200      320.00
12.4400      398.00
12.4600      368.00
12.4800      428.00
12.5000      415.00
12.5200      449.00
12.5400      462.00
12.5600      503.00
12.5800      501.00
12.6000      576.00
12.6200      611.00
12.6400      623.00
12.6600      672.00
12.6800      760.00
12.7000      902.00
12.7200     1033.00
12.7400     1157.00
12.7600     1419.00
12.7800     1575.00
12.8000     1903.00
12.8200     2106.00
12.8400     2295.00
12.8600     2404.00
12.8800     2545.00
12.9000     2555.00
12.9200     2532.00
12.9400     2449.00
12.9600     2312.00
12.9800     2209.00
13.0000     1920.00
13.0200     1744.00
13.0400     1540.00
13.0600     1285.00
13.0800     1101.00
13.1000     1009.00
13.1200      851.00
13.1400      721.00
13.1600      720.00
13.1800      644.00
13.2000      631.00
13.2200      573.00
13.2400      494.00
13.2600      463.00
13.2800      412.00
13.3000      388.00
13.3200      354.00
13.3400      378.00
13.3600      324.00
13.3800      289.00
13.4000      302.00
13.4200      311.00
13.4400      317.00
13.4600      318.00
13.4800      286.00
13.5000      289.00
13.5200      273.00
13.5400      305.00
13.5600      290.00
13.5800      316.00
13.6000      286.00
13.6200      302.00
13.6400      275.00
13.6600      269.00
13.6800      288.00
13.7000      286.00
13.7200      297.00
13.7400      296.00
13.7600      324.00
13.7800      313.00
13.8000      302.00
13.8200      345.00
13.8400      321.00
13.8600      331.00
13.8800      314.00
13.9000      329.00
13.9200      389.00
13.9400      374.00
13.9600      386.00
13.9800      391.00
14.0000      448.00
14.0200      401.00
14.0400      446.00
14.0600      443.00
14.0800      491.00
14.1000      485.00
14.1200      521.00
14.1400      497.00
14.1600      489.00
14.1800      525.00
14.2000      477.00
14.2200      498.00
14.2400      461.00
14.2600      458.00
14.2800      421.00
14.3000      392.00
14.3200      346.00
14.3400      364.00
14.3600      323.00
14.3800      368.00
14.4000      337.00
14.4200      358.00
14.4400      309.00
14.4600      338.00
14.4800      343.00
14.5000      327.00
14.5200      351.00
14.5400      397.00
14.5600      351.00
14.5800      409.00
14.6000      423.00
14.6200      466.00
14.6400      472.00
14.6600      461.00
14.6800      466.00
14.7000      483.00
14.7200      452.00
14.7400      446.00
14.7600      468.00
14.7800      393.00
14.8000      409.00
14.8200      394.00
14.8400      385.00
14.8600      381.00
14.8800      357.00
14.9000      362.00
14.9200      369.00
14.9400      348.00
14.9600      347.00
14.9800      347.00
15.0000      393.00
15.0200      368.00
15.0400      391.00
15.0600      423.00
15.0800      497.00
15.1000      503.00
15.1200      557.00
15.1400      569.00
15.1600      607.00
15.1800      640.00
15.2000      685.00
15.2200      709.00
15.2400      787.00
15.2600      727.00
15.2800      759.00
15.3000      761.00
15.3200      691.00
15.3400      735.00
15.3600      695.00
15.3800      670.00
15.4000      635.00
15.4200      607.00
15.4400      556.00
15.4600      527.00
15.4800      508.00
15.5000      489.00
15.5200      429.00
15.5400      400.00
15.5600      382.00
15.5800      402.00
15.6000      347.00
15.6200      328.00
15.6400      293.00
15.6600      318.00
15.6800      298.00
15.7000      292.00
15.7200      296.00
15.7400      293.00
15.7600      290.00
15.7800      320.00
15.8000      336.00
15.8200      269.00
15.8400      286.00
15.8600      288.00
15.8800      291.00
15.9000      314.00
15.9200      299.00
15.9400      310.00
15.9600      302.00
15.9800      275.00
16.0000      319.00
16.0200      297.00
16.0400      356.00
16.0600      331.00
16.0800      300.00
16.1000      318.00
16.1200      344.00
16.1400      351.00
16.1600      356.00
16.1800      353.00
16.2000      382.00
16.2200      422.00
16.2400      391.00
16.2600      428.00
16.2800      419.00
16.3000      453.00
16.3200      455.00
16.3400      485.00
16.3600      523.00
16.3800      566.00
16.4000      579.00
16.4200      672.00
16.4400      668.00
16.4600      707.00
16.4800      770.00
16.5000      758.00
16.5200      797.00
16.5400      910.00
16.5600      972.00
16.5800     1025.00
16.6000     1088.00
16.6200     1137.00
16.6400     1220.00
16.6600     1275.00
16.6800     1389.00
16.7000     1357.00
16.7200     1409.00
16.7400     1333.00
16.7600     1310.00
16.7800     1314.00
16.8000     1235.00
16.8200     1137.00
16.8400     1019.00
16.8600      960.00
16.8800      820.00
16.9000      765.00
16.9200      686.00
16.9400      615.00
16.9600      577.00
16.9800      539.00
17.0000      529.00
17.0200      485.00
17.0400      523.00
17.0600      445.00
17.0800      471.00
17.1000      428.00
17.1200      421.00
17.1400      442.00
17.1600      436.00
17.1800      434.00
17.2000      435.00
17.2200      424.00
17.2400      438.00
17.2600      514.00
17.2800      509.00
17.3000      615.00
17.3200      602.00
17.3400      670.00
17.3600      743.00
17.3800      829.00
17.4000      862.00
17.4200      893.00
17.4400      922.00
17.4600      953.00
17.4800      972.00
17.5000      941.00
17.5200      915.00
17.5400      906.00
17.5600      863.00
17.5800      858.00
17.6000      748.00
17.6200      740.00
17.6400      620.00
17.6600      558.00
17.6800      546.00
17.7000      474.00
17.7200      444.00
17.7400      460.00
17.7600      400.00
17.7800      364.00
17.8000      365.00
17.8200      392.00
17.8400      386.00
17.8600      373.00
17.8800      370.00
17.9000      381.00
17.9200      420.00
17.9400      379.00
17.9600      372.00
17.9800      404.00
18.0000      393.00
18.0200      436.00
18.0400      479.00
18.0600      449.00
18.0800      472.00
18.1000      464.00
18.1200      531.00
18.1400      567.00
18.1600      627.00
18.1800      671.00
18.2000      725.00
18.2200      731.00
18.2400      779.00
18.2600      771.00
18.2800      831.00
18.3000      847.00
18.3200      873.00
18.3400      956.00
18.3600      976.00
18.3800     1137.00
18.4000     1300.00
18.4200     1450.00
18.4400     1674.00
18.4600     1896.00
18.4800     2179.00
18.5000     2591.00
18.5200     2987.00
18.5400     3184.00
18.5600     3570.00
18.5800     3694.00
18.6000     3787.00
18.6200     3863.00
18.6400     3528.00
18.6600     3517.00
18.6800     3235.00
18.7000     2873.00
18.7200     2562.00
18.7400     2243.00
18.7600     1840.00
18.7800     1537.00
18.8000     1395.00
18.8200     1111.00
18.8400     1052.00
18.8600      945.00
18.8800      849.00
18.9000      842.00
18.9200      802.00
18.9400      778.00
18.9600      713.00
18.9800      692.00
19.0000      683.00
19.0200      650.00
19.0400      624.00
19.0600      604.00
19.0800      561.00
19.1000      528.00
19.1200      503.00
19.1400      520.00
19.1600      448.00
19.1800      463.00
19.2000      510.00
19.2200      564.00
19.2400      520.00
19.2600      510.00
19.2800      560.00
19.3000      567.00
19.3200      593.00
19.3400      542.00
19.3600      607.00
19.3800      617.00
19.4000      633.00
19.4200      623.00
19.4400      637.00
19.4600      661.00
19.4800      725.00
19.5000      805.00
19.5200      813.00
19.5400      803.00
19.5600      875.00
19.5800      896.00
19.6000      944.00
19.6200      921.00
19.6400      923.00
19.6600      919.00
19.6800      891.00
19.7000      902.00
19.7200      841.00
19.7400      834.00
19.7600      943.00
19.7800      941.00
19.8000     1004.00
19.8200      953.00
19.8400     1028.00
19.8600     1113.00
19.8800     1106.00
19.9000     1126.00
19.9200     1150.00
19.9400     1132.00
19.9600     1134.00
19.9800     1072.00
20.0000     1118.00
20.0200     1084.00
20.0400     1088.00
20.0600     1076.00
20.0800     1118.00
20.1000     1071.00
20.1200     1166.00
20.1400     1197.00
20.1600     1119.00
20.1800     1157.00
20.2000     1331.00
20.2200     1263.00
20.2400     1401.00
20.2600     1625.00
20.2800     1718.00
20.3000     1813.00
20.3200     1975.00
20.3400     2020.00
20.3600     2103.00
20.3800     2176.00
20.4000     2245.00
20.4200     2257.00
20.4400     2228.00
20.4600     2253.00
20.4800     2164.00
20.5000     2158.00
20.5200     1993.00
20.5400     1915.00
20.5600     1856.00
20.5800     1703.00
20.6000     1621.00
20.6200     1428.00
20.6400     1356.00
20.6600     1234.00
20.6800     1082.00
20.7000      960.00
20.7200      910.00
20.7400      801.00
20.7600      727.00
20.7800      669.00
20.8000      589.00
20.8200      522.00
20.8400      551.00
20.8600      527.00
20.8800      507.00
20.9000      483.00
20.9200      483.00
20.9400      484.00
20.9600      455.00
20.9800      473.00
21.0000      467.00
21.0200      494.00
21.0400      487.00
21.0600      502.00
21.0800      516.00
21.1000      497.00
21.1200      436.00
21.1400      453.00
21.1600      475.00
21.1800      443.00
21.2000      452.00
21.2200      417.00
21.2400      433.00
21.2600      460.00
21.2800      484.00
21.3000      527.00
21.3200      519.00
21.3400      583.00
21.3600      616.00
21.3800      643.00
21.4000      724.00
21.4200      782.00
21.4400      732.00
21.4600      771.00
21.4800      825.00
21.5000      795.00
21.5200      855.00
21.5400      806.00
21.5600      785.00
21.5800      715.00
21.6000      673.00
21.6200      661.00
21.6400      567.00
21.6600      540.00
21.6800      556.00
21.7000      550.00
21.7200      518.00
21.7400      542.00
21.7600      538.00
21.7800      535.00
21.8000      544.00
21.8200      591.00
21.8400      653.00
21.8600      740.00
21.8800      739.00
21.9000      808.00
21.9200      799.00
21.9400      867.00
21.9600      898.00
21.9800      928.00
22.0000      903.00
22.0200      911.00
22.0400      886.00
22.0600      919.00
22.0800      868.00
22.1000      859.00
22.1200      784.00
22.1400      759.00
22.1600      727.00
22.1800      664.00
22.2000      643.00
22.2200      634.00
22.2400      670.00
22.2600      692.00
22.2800      726.00
22.3000      841.00
22.3200      974.00
22.3400     1103.00
22.3600     1181.00
22.3800     1357.00
22.4000     1508.00
22.4200     1631.00
22.4400     1720.00
22.4600     1736.00
22.4800     1801.00
22.5000     1754.00
22.5200     1761.00
22.5400     1660.00
22.5600     1599.00
22.5800     1483.00
22.6000     1320.00
22.6200     1199.00
22.6400     1101.00
22.6600      997.00
22.6800      879.00
22.7000      837.00
22.7200      784.00
22.7400      750.00
22.7600      729.00
22.7800      754.00
22.8000      753.00
22.8200      763.00
22.8400      765.00
22.8600      771.00
22.8800      890.00
22.9000      931.00
22.9200      910.00
22.9400     1029.00
22.9600     1083.00
22.9800     1119.00
23.0000     1233.00
23.0200     1168.00
23.0400     1197.00
23.0600     1147.00
23.0800     1184.00
23.1000     1078.00
23.1200     1022.00
23.1400      963.00
23.1600      955.00
23.1800      792.00
23.2000      779.00
23.2200      710.00
23.2400      691.00
23.2600      606.00
23.2800      611.00
23.3000      648.00
23.3200      632.00
23.3400      627.00
23.3600      609.00
23.3800      611.00
23.4000      633.00
23.4200      585.00
23.4400      586.00
23.4600      551.00
23.4800      547.00
23.5000      550.00
23.5200      562.00
23.5400      558.00
23.5600      512.00
23.5800      539.00
23.6000      562.00
23.6200      565.00
23.6400      563.00
23.6600      575.00
23.6800      573.00
23.7000      545.00
23.7200      591.00
23.7400      591.00
23.7600      573.00
23.7800      574.00
23.8000      569.00
23.8200      507.00
23.8400      506.00
23.8600      522.00
23.8800      487.00
23.9000      496.00
23.9200      407.00
23.9400      451.00
23.9600      433.00
23.9800      450.00
24.0000      455.00
24.0200      494.00
24.0400      493.00
24.0600      542.00
24.0800      541.00
24.1000      539.00
24.1200      586.00
24.1400      559.00
24.1600      580.00
24.1800      581.00
24.2000      564.00
24.2200      559.00
24.2400      594.00
24.2600      623.00
24.2800      636.00
24.3000      661.00
24.3200      588.00
24.3400      684.00
24.3600      661.00
24.3800      662.00
24.4000      667.00
24.4200      703.00
24.4400      684.00
24.4600      674.00
24.4800      648.00
24.5000      580.00
24.5200      650.00
24.5400      606.00
24.5600      591.00
24.5800      622.00
24.6000      583.00
24.6200      638.00
24.6400      665.00
24.6600      655.00
24.6800      669.00
24.7000      676.00
24.7200      715.00
24.7400      714.00
24.7600      681.00
24.7800      673.00
24.8000      592.00
24.8200      612.00
24.8400      542.00
24.8600      506.00
24.8800      526.00
24.9000      487.00
24.9200      516.00
24.9400      462.00
24.9600      495.00
24.9800      479.00
25.0000      458.00
25.0200      468.00
25.0400      449.00
25.0600      494.00
25.0800      498.00
25.1000      536.00
25.1200      574.00
25.1400      584.00
25.1600      585.00
25.1800      603.00
25.2000      618.00
25.2200      645.00
25.2400      633.00
25.2600      645.00
25.2800      627.00
25.3000      575.00
25.3200      602.00
25.3400      591.00
25.3600      610.00
25.3800      599.00
25.4000      598.00
25.4200      588.00
25.4400      567.00
25.4600      553.00
25.4800      543.00
25.5000      588.00
25.5200      554.00
25.5400      564.00
25.5600      544.00
25.5800      540.00
25.6000      500.00
25.6200      541.00
25.6400      531.00
25.6600      497.00
25.6800      495.00
25.7000      476.00
25.7200      492.00
25.7400      500.00
25.7600      536.00
25.7800      555.00
25.8000      595.00
25.8200      660.00
25.8400      650.00
25.8600      762.00
25.8800      759.00
25.9000      782.00
25.9200      829.00
25.9400      856.00
25.9600      907.00
25.9800      827.00
26.0000      847.00
26.0200      818.00
26.0400      797.00
26.0600      784.00
26.0800      708.00
26.1000      679.00
26.1200      675.00
26.1400      644.00
26.1600      580.00
26.1800      567.00
26.2000      543.00
26.2200      556.00
26.2400      541.00
26.2600      597.00
26.2800      610.00
26.3000      553.00
26.3200      613.00
26.3400      560.00
26.3600      618.00
26.3800      587.00
26.4000      609.00
26.4200      601.00
26.4400      662.00
26.4600      712.00
26.4800      779.00
26.5000      796.00
26.5200      895.00
26.5400     1027.00
26.5600     1137.00
26.5800     1378.00
26.6000     1593.00
26.6200     1626.00
26.6400     1875.00
26.6600     2099.00
26.6800     2240.00
26.7000     2447.00
26.7200     2503.00
26.7400     2587.00
26.7600     2581.00
26.7800     2511.00
26.8000     2417.00
26.8200     2251.00
26.8400     2082.00
26.8600     1983.00
26.8800     1861.00
26.9000     1594.00
26.9200     1518.00
26.9400     1423.00
26.9600     1287.00
26.9800     1234.00
27.0000     1218.00
27.0200     1102.00
27.0400     1057.00
27.0600      951.00
27.0800      952.00
27.1000      853.00
27.1200      843.00
27.1400      713.00
27.1600      762.00
27.1800      740.00
27.2000      669.00
27.2200      618.00
27.2400      656.00
27.2600      578.00
27.2800      548.00
27.3000      592.00
27.3200      581.00
27.3400      587.00
27.3600      616.00
27.3800      553.00
27.4000      521.00
27.4200      509.00
27.4400      453.00
27.4600      476.00
27.4800      445.00
27.5000      413.00
27.5200      420.00
27.5400      400.00
27.5600      372.00
27.5800      400.00
27.6000      391.00
27.6200      394.00
27.6400      403.00
27.6600      389.00
27.6800      391.00
27.7000      334.00
27.7200      388.00
27.7400      348.00
27.7600      387.00
27.7800      387.00
27.8000      421.00
27.8200      424.00
27.8400      394.00
27.8600      444.00
27.8800      421.00
27.9000      471.00
27.9200      446.00
27.9400      448.00
27.9600      478.00
27.9800      412.00
28.0000      469.00
28.0200      480.00
28.0400      466.00
28.0600      435.00
28.0800      415.00
28.1000      424.00
28.1200      409.00
28.1400      371.00
28.1600      352.00
28.1800      337.00
28.2000      353.00
28.2200      354.00
28.2400      320.00
28.2600      358.00
28.2800      349.00
28.3000      392.00
28.3200      414.00
28.3400      391.00
28.3600      391.00
28.3800      455.00
28.4000      464.00
28.4200      459.00
28.4400      505.00
28.4600      517.00
28.4800      549.00
28.5000      553.00
28.5200      563.00
28.5400      551.00
28.5600      566.00
28.5800      609.00
28.6000      641.00
28.6200      653.00
28.6400      658.00
28.6600      654.00
28.6800      656.00
28.7000      613.00
28.7200      639.00
28.7400      616.00
28.7600      573.00
28.7800      534.00
28.8000      475.00
28.8200      478.00
28.8400      456.00
28.8600      465.00
28.8800      461.00
28.9000      412.00
28.9200      448.00
28.9400      374.00
28.9600      392.00
28.9800      401.00
29.0000      372.00
29.0200      360.00
29.0400      383.00
29.0600      407.00
29.0800      404.00
29.1000      416.00
29.1200      467.00
29.1400      479.00
29.1600      433.00
29.1800      471.00
29.2000      490.00
29.2200      496.00
29.2400      570.00
29.2600      586.00
29.2800      553.00
29.3000      586.00
29.3200      605.00
29.3400      608.00
29.3600      617.00
29.3800      621.00
29.4000      644.00
29.4200      622.00
29.4400      659.00
29.4600      635.00
29.4800      595.00
29.5000      666.00
29.5200      566.00
29.5400      638.00
29.5600      592.00
29.5800      612.00
29.6000      590.00
29.6200      578.00
29.6400      602.00
29.6600      622.00
29.6800      618.00
29.7000      588.00
29.7200      620.00
29.7400      639.00
29.7600      589.00
29.7800      619.00
29.8000      643.00
29.8200      681.00
29.8400      725.00
29.8600      758.00
29.8800      778.00
29.9000      868.00
29.9200      859.00
29.9400      890.00
29.9600      857.00
29.9800      864.00
30.0000      855.00
30.0200      796.00
30.0400      787.00
30.0600      711.00
30.0800      637.00
30.1000      616.00
30.1200      592.00
30.1400      515.00
30.1600      472.00
30.1800      394.00
30.2000      385.00
30.2200      401.00
30.2400      372.00
30.2600      338.00
30.2800      306.00
30.3000      402.00
30.3200      363.00
30.3400      328.00
30.3600      347.00
30.3800      341.00
30.4000      365.00
30.4200      358.00
30.4400      357.00
30.4600      365.00
30.4800      403.00
30.5000      383.00
30.5200      409.00
30.5400      416.00
30.5600      446.00
30.5800      448.00
30.6000      465.00
30.6200      502.00
30.6400      537.00
30.6600      594.00
30.6800      602.00
30.7000      676.00
30.7200      675.00
30.7400      702.00
30.7600      691.00
30.7800      784.00
30.8000      694.00
30.8200      687.00
30.8400      670.00
30.8600      636.00
30.8800      622.00
30.9000      642.00
30.9200      552.00
30.9400      540.00
30.9600      538.00
30.9800      480.00
31.0000      541.00
31.0200      525.00
31.0400      473.00
31.0600      482.00
31.0800      446.00
31.1000      427.00
31.1200      450.00
31.1400      402.00
31.1600      428.00
31.1800      429.00
31.2000      450.00
31.2200      419.00
31.2400      418.00
31.2600      386.00
31.2800      392.00
31.3000      383.00
31.3200      401.00
31.3400      380.00
31.3600      380.00
31.3800      363.00
31.4000      382.00
31.4200      366.00
31.4400      371.00
31.4600      350.00
31.4800      343.00
31.5000      346.00
31.5200      347.00
31.5400      333.00
31.5600      307.00
31.5800      362.00
31.6000      349.00
31.6200      368.00
31.6400      353.00
31.6600      365.00
31.6800      358.00
31.7000      383.00
31.7200      372.00
31.7400      362.00
31.7600      367.00
31.7800      383.00
31.8000      356.00
31.8200      367.00
31.8400      318.00
31.8600      331.00
31.8800      320.00
31.9000      306.00
31.9200      277.00
31.9400      295.00
31.9600      271.00
31.9800      249.00
32.0000      268.00
32.0200      236.00
32.0400      246.00
32.0600      214.00
32.0800      273.00
32.1000      252.00
32.1200      260.00
32.1400      258.00
32.1600      274.00
32.1800      242.00
32.2000      253.00
32.2200      234.00
32.2400      285.00
32.2600      235.00
32.2800      253.00
32.3000      238.00
32.3200      254.00
32.3400      249.00
32.3600      246.00
32.3800      272.00
32.4000      298.00
32.4200      269.00
32.4400      266.00
32.4600      290.00
32.4800      296.00
32.5000      320.00
32.5200      310.00
32.5400      313.00
32.5600      343.00
32.5800      317.00
32.6000      344.00
32.6200      323.00
32.6400      352.00
32.6600      352.00
32.6800      368.00
32.7000      410.00
32.7200      402.00
32.7400      413.00
32.7600      433.00
32.7800      405.00
32.8000      432.00
32.8200      449.00
32.8400      450.00
32.8600      421.00
32.8800      466.00
32.9000      394.00
32.9200      385.00
32.9400      345.00
32.9600      348.00
32.9800      317.00
33.0000      336.00
33.0200      331.00
33.0400      288.00
33.0600      303.00
33.0800      297.00
33.1000      296.00
33.1200      283.00
33.1400      269.00
33.1600      269.00
33.1800      253.00
33.2000      268.00
33.2200      282.00
33.2400      262.00
33.2600      292.00
33.2800      301.00
33.3000      264.00
33.3200      305.00
33.3400      290.00
33.3600      297.00
33.3800      294.00
33.4000      331.00
33.4200      344.00
33.4400      311.00
33.4600      317.00
33.4800      336.00
33.5000      369.00
33.5200      352.00
33.5400      359.00
33.5600      336.00
33.5800      366.00
33.6000      358.00
33.6200      345.00
33.6400      386.00
33.6600      362.00
33.6800      348.00
33.7000      342.00
33.7200      366.00
33.7400      378.00
33.7600      389.00
33.7800      376.00
33.8000      334.00
33.8200      360.00
33.8400      394.00
33.8600      368.00
33.8800      374.00
33.9000      363.00
33.9200      408.00
33.9400      401.00
33.9600      428.00
33.9800      487.00
34.0000      465.00
34.0200      465.00
34.0400      459.00
34.0600      488.00
34.0800      484.00
34.1000      453.00
34.1200      446.00
34.1400      444.00
34.1600      405.00
34.1800      396.00
34.2000      381.00
34.2200      364.00
34.2400      335.00
34.2600      342.00
34.2800      313.00
34.3000      331.00
34.3200      291.00
34.3400      347.00
34.3600      321.00
34.3800      302.00
34.4000      347.00
34.4200      280.00
34.4400      322.00
34.4600      294.00
34.4800      300.00
34.5000      300.00
34.5200      297.00
34.5400      294.00
34.5600      264.00
34.5800      282.00
34.6000      258.00
34.6200      306.00
34.6400      268.00
34.6600      293.00
34.6800      292.00
34.7000      310.00
34.7200      288.00
34.7400      328.00
34.7600      331.00
34.7800      322.00
34.8000      348.00
34.8200      360.00
34.8400      373.00
34.8600      333.00
34.8800      346.00
34.9000      336.00
34.9200      335.00
34.9400      310.00
34.9600      343.00
34.9800      317.00
35.0000      295.00
