 2.2000      323.00
 2.2200      336.00
 2.2400      288.00
 2.2600      349.00
 2.2800      341.00
 2.3000      319.00
 2.3200      293.00
 2.3400      293.00
 2.3600      325.00
 2.3800      298.00
 2.4000      305.00
 2.4200      319.00
 2.4400      258.00
 2.4600      306.00
 2.4800      298.00
 2.5000      252.00
 2.5200      285.00
 2.5400      297.00
 2.5600      278.00
 2.5800      261.00
 2.6000      270.00
 2.6200      282.00
 2.6400      259.00
 2.6600      257.00
 2.6800      281.00
 2.7000      281.00
 2.7200      269.00
 2.7400      276.00
 2.7600      256.00
 2.7800      249.00
 2.8000      280.00
 2.8200      264.00
 2.8400      260.00
 2.8600      267.00
 2.8800      240.00
 2.9000      251.00
 2.9200      272.00
 2.9400      270.00
 2.9600      258.00
 2.9800      269.00
 3.0000      268.00
 3.0200      213.00
 3.0400      243.00
 3.0600      244.00
 3.0800      227.00
 3.1000      228.00
 3.1200      221.00
 3.1400      211.00
 3.1600      247.00
 3.1800      257.00
 3.2000      229.00
 3.2200      227.00
 3.2400      211.00
 3.2600      209.00
 3.2800      220.00
 3.3000      240.00
 3.3200      193.00
 3.3400      229.00
 3.3600      232.00
 3.3800      224.00
 3.4000      232.00
 3.4200      220.00
 3.4400      238.00
 3.4600      224.00
 3.4800      233.00
 3.5000      229.00
 3.5200      235.00
 3.5400      210.00
 3.5600      199.00
 3.5800      214.00
 3.6000      213.00
 3.6200      206.00
 3.6400      183.00
 3.6600      217.00
 3.6800      185.00
 3.7000      212.00
 3.7200      222.00
 3.7400      187.00
 3.7600      211.00
 3.7800      156.00
 3.8000      179.00
 3.8200      201.00
 3.8400      207.00
 3.8600      192.00
 3.8800      178.00
 3.9000      177.00
 3.9200      179.00
 3.9400      176.00
 3.9600      183.00
 3.9800      152.00
 4.0000      194.00
 4.0200      188.00
 4.0400      179.00
 4.0600      151.00
 4.0800      163.00
 4.1000      189.00
 4.1200      177.00
 4.1400      171.00
 4.1600      161.00
 4.1800      200.00
 4.2000      157.00
 4.2200      185.00
 4.2400      167.00
 4.2600      156.00
 4.2800      165.00
 4.3000      172.00
 4.3200      154.00
 4.3400      201.00
 4.3600      160.00
 4.3800      123.00
 4.4000      181.00
 4.4200      150.00
 4.4400      151.00
 4.4600      154.00
 4.4800      167.00
 4.5000      151.00
 4.5200      140.00
 4.5400      144.00
 4.5600      130.00
 4.5800      158.00
 4.6000      138.00
 4.6200      149.00
 4.6400      161.00
 4.6600      147.00
 4.6800      140.00
 4.7000      140.00
 4.7200      115.00
 4.7400      175.00
 4.7600      159.00
 4.7800      158.00
 4.8000      130.00
 4.8200      131.00
 4.8400      157.00
 4.8600      131.00
 4.8800      134.00
 4.9000      147.00
 4.9200      131.00
 4.9400      148.00
 4.9600      162.00
 4.9800      146.00
 5.0000      122.00
 5.0200      134.00
 5.0400      148.00
 5.0600      162.00
 5.0800      155.00
 5.1000      128.00
 5.1200      132.00
 5.1400      124.00
 5.1600      137.00
 5.1800      155.00
 5.2000      151.00
 5.2200      145.00
 5.2400      149.00
 5.2600      136.00
 5.2800      131.00
 5.3000      151.00
 5.3200      147.00
 5.3400      126.00
 5.3600      150.00
 5.3800      131.00
 5.4000      137.00
 5.4200      113.00
 5.4400      158.00
 5.4600      134.00
 5.4800      133.00
 5.5000      132.00
 5.5200      148.00
 5.5400      149.00
 5.5600      136.00
 5.5800      161.00
 5.6000      127.00
 5.6200      133.00
 5.6400      162.00
 5.6600      151.00
 5.6800      127.00
 5.7000      137.00
 5.7200      124.00
 5.7400      147.00
 5.7600      137.00
 5.7800      145.00
 5.8000      156.00
 5.8200      124.00
 5.8400      129.00
 5.8600      140.00
 5.8800      151.00
 5.9000      150.00
 5.9200      160.00
 5.9400      115.00
 5.9600      124.00
 5.9800      128.00
 6.0000      151.00
 6.0200      140.00
 6.0400      143.00
 6.0600      147.00
 6.0800      145.00
 6.1000      140.00
 6.1200      148.00
 6.1400      134.00
 6.1600      143.00
 6.1800      157.00
 6.2000      136.00
 6.2200      133.00
 6.2400      159.00
 6.2600      142.00
 6.2800      141.00
 6.3000      140.00
 6.3200      136.00
 6.3400      126.00
 6.3600      140.00
 6.3800      169.00
 6.4000      141.00
 6.4200      141.00
 6.4400      158.00
 6.4600      130.00
 6.4800      143.00
 6.5000      153.00
 6.5200      149.00
 6.5400      158.00
 6.5600      140.00
 6.5800      148.00
 6.6000      164.00
 6.6200      153.00
 6.6400      143.00
 6.6600      169.00
 6.6800      143.00
 6.7000      169.00
 6.7200      143.00
 6.7400      166.00
 6.7600      129.00
 6.7800      156.00
 6.8000      185.00
 6.8200      152.00
 6.8400      139.00
 6.8600      148.00
 6.8800      172.00
 6.9000      166.00
 6.9200      143.00
 6.9400      164.00
 6.9600      170.00
 6.9800      156.00
 7.0000      158.00
 7.0200      161.00
 7.0400      145.00
 7.0600      153.00
 7.0800      153.00
 7.1000      171.00
 7.1200      136.00
 7.1400      153.00
 7.1600      145.00
 7.1800      124.00
 7.2000      128.00
 7.2200      146.00
 7.2400      142.00
 7.2600      148.00
 7.2800      138.00
 7.3000      144.00
 7.3200      142.00
 7.3400      157.00
 7.3600      134.00
 7.3800      164.00
 7.4000      127.00
 7.4200      149.00
 7.4400      132.00
 7.4600      151.00
 7.4800      131.00
 7.5000      155.00
 7.5200      124.00
 7.5400      133.00
 7.5600      157.00
 7.5800      148.00
 7.6000      158.00
 7.6200      135.00
 7.6400      153.00
 7.6600      153.00
 7.6800      153.00
 7.7000      148.00
 7.7200      119.00
 7.7400      146.00
 7.7600      143.00
 7.7800      147.00
 7.8000      137.00
 7.8200      145.00
 7.8400      176.00
 7.8600      139.00
 7.8800      140.00
 7.9000      125.00
 7.9200      150.00
 7.9400      165.00
 7.9600      151.00
 7.9800      158.00
 8.0000      125.00
 8.0200      153.00
 8.0400      174.00
 8.0600      141.00
 8.0800      162.00
 8.1000      132.00
 8.1200      159.00
 8.1400      149.00
 8.1600      133.00
 8.1800      142.00
 8.2000      154.00
 8.2200      142.00
 8.2400      152.00
 8.2600      142.00
 8.2800      155.00
 8.3000      141.00
 8.3200      145.00
 8.3400      155.00
 8.3600      152.00
 8.3800      171.00
 8.4000      135.00
 8.4200      147.00
 8.4400      161.00
 8.4600      174.00
 8.4800      149.00
 8.5000      133.00
 8.5200      146.00
 8.5400      169.00
 8.5600      155.00
 8.5800      142.00
 8.6000      174.00
 8.6200      146.00
 8.6400      168.00
 8.6600      182.00
 8.6800      161.00
 8.7000      175.00
 8.7200      180.00
 8.7400      176.00
 8.7600      211.00
 8.7800      188.00
 8.8000      203.00
 8.8200      196.00
 8.8400      188.00
 8.8600      204.00
 8.8800      201.00
 8.9000      204.00
 8.9200      164.00
 8.9400      177.00
 8.9600      166.00
 8.9800      202.00
 9.0000      122.00
 9.0200      159.00
 9.0400      178.00
 9.0600      157.00
 9.0800      172.00
 9.1000      161.00
 9.1200      160.00
 9.1400      149.00
 9.1600      170.00
 9.1800      178.00
 9.2000      137.00
 9.2200      137.00
 9.2400      157.00
 9.2600      189.00
 9.2800      169.00
 9.3000      143.00
 9.3200      145.00
 9.3400      160.00
 9.3600      147.00
 9.3800      165.00
 9.4000      133.00
 9.4200      138.00
 9.4400      151.00
 9.4600      143.00
 9.4800      153.00
 9.5000      151.00
 9.5200      151.00
 9.5400      168.00
 9.5600      154.00
 9.5800      175.00
 9.6000      151.00
 9.6200      151.00
 9.6400      174.00
 9.6600      151.00
 9.6800      137.00
 9.7000      146.00
 9.7200      184.00
 9.7400      184.00
 9.7600      170.00
 9.7800      172.00
 9.8000      166.00
 9.8200      181.00
 9.8400      195.00
 9.8600      188.00
 9.8800      185.00
 9.9000      201.00
 9.9200      177.00
 9.9400      200.00
 9.9600      190.00
 9.9800      189.00
10.0000      189.00
10.0200      201.00
10.0400      185.00
10.0600      207.00
10.0800      169.00
10.1000      191.00
10.1200      174.00
10.1400      187.00
10.1600      171.00
10.1800      206.00
10.2000      181.00
10.2200      154.00
10.2400      171.00
10.2600      176.00
10.2800      154.00
10.3000      156.00
10.3200      168.00
10.3400      166.00
10.3600      151.00
10.3800      159.00
10.4000      179.00
10.4200      162.00
10.4400      182.00
10.4600      174.00
10.4800      187.00
10.5000      175.00
10.5200      167.00
10.5400      178.00
10.5600      191.00
10.5800      179.00
10.6000      172.00
10.6200      186.00
10.6400      192.00
10.6600      187.00
10.6800      201.00
10.7000      213.00
10.7200      172.00
10.7400      206.00
10.7600      239.00
10.7800      203.00
10.8000      235.00
10.8200      266.00
10.8400      238.00
10.8600      266.00
10.8800      271.00
10.9000      261.00
10.9200      272.00
10.9400      304.00
10.9600      353.00
10.9800      390.00
11.0000      384.00
11.0200      468.00
11.0400      466.00
11.0600      510.00
11.0800      559.00
11.1000      534.00
11.1200      549.00
11.1400      498.00
11.1600      538.00
11.1800      510.00
11.2000      516.00
11.2200      519.00
11.2400      459.00
11.2600      531.00
11.2800      545.00
11.3000      516.00
11.3200      502.00
11.3400      516.00
11.3600      425.00
11.3800      407.00
11.4000      410.00
11.4200      339.00
11.4400      300.00
11.4600      277.00
11.4800      218.00
11.5000      203.00
11.5200      201.00
11.5400      189.00
11.5600      185.00
11.5800      176.00
11.6000      202.00
11.6200      199.00
11.6400      190.00
11.6600      211.00
11.6800      215.00
11.7000      179.00
11.7200      205.00
11.7400      203.00
11.7600      215.00
11.7800      213.00
11.8000      225.00
11.8200      221.00
11.8400      235.00
11.8600      237.00
11.8800      249.00
11.9000      276.00
11.9200      288.00
11.9400      306.00
11.9600      314.00
11.9800      340.00
12.0000      360.00
12.0200      428.00
12.0400      451.00
12.0600      527.00
12.0800      571.00
12.1000      582.00
12.1200      546.00
12.1400      579.00
12.1600      606.00
12.1800      590.00
12.2000      578.00
12.2200      564.00
12.2400      545.00
12.2600      519.00
12.2800      456.00
12.3000      433.00
12.3200      362.00
12.3400      414.00
12.3600      365.00
12.3800      355.00
12.4000      372.00
12.4200      435.00
12.4400      489.00
12.4600      530.00
12.4800      581.00
12.5000      640.00
12.5200      704.00
12.5400      722.00
12.5600      757.00
12.5800      707.00
12.6000      682.00
12.6200      628.00
12.6400      625.00
12.6600      505.00
12.6800      430.00
12.7000      381.00
12.7200      324.00
12.7400      257.00
12.7600      229.00
12.7800      229.00
12.8000      225.00
12.8200      211.00
12.8400      210.00
12.8600      199.00
12.8800      192.00
12.9000      202.00
12.9200      207.00
12.9400      203.00
12.9600      207.00
12.9800      205.00
13.0000      193.00
13.0200      196.00
13.0400      188.00
13.0600      172.00
13.0800      195.00
13.1000      198.00
13.1200      183.00
13.1400      188.00
13.1600      195.00
13.1800      190.00
13.2000      191.00
13.2200      186.00
13.2400      209.00
13.2600      213.00
13.2800      196.00
13.3000      187.00
13.3200      216.00
13.3400      177.00
13.3600      191.00
13.3800      205.00
13.4000      179.00
13.4200      198.00
13.4400      182.00
13.4600      179.00
13.4800      195.00
13.5000      189.00
13.5200      217.00
13.5400      202.00
13.5600      188.00
13.5800      208.00
13.6000      177.00
13.6200      189.00
13.6400      208.00
13.6600      205.00
13.6800      192.00
13.7000      207.00
13.7200      206.00
13.7400      219.00
13.7600      203.00
13.7800      205.00
13.8000      207.00
13.8200      213.00
13.8400      183.00
13.8600      252.00
13.8800      225.00
13.9000      252.00
13.9200      250.00
13.9400      242.00
13.9600      303.00
13.9800      277.00
14.0000      276.00
14.0200      288.00
14.0400      356.00
14.0600      375.00
14.0800      415.00
14.1000      465.00
14.1200      487.00
14.1400      550.00
14.1600      648.00
14.1800      693.00
14.2000      728.00
14.2200      829.00
14.2400      872.00
14.2600      829.00
14.2800      804.00
14.3000      848.00
14.3200      760.00
14.3400      691.00
14.3600      682.00
14.3800      600.00
14.4000      519.00
14.4200      527.00
14.4400      485.00
14.4600      435.00
14.4800      391.00
14.5000      400.00
14.5200      369.00
14.5400      289.00
14.5600      279.00
14.5800      254.00
14.6000      256.00
14.6200      223.00
14.6400      214.00
14.6600      239.00
14.6800      200.00
14.7000      199.00
14.7200      214.00
14.7400      204.00
14.7600      190.00
14.7800      213.00
14.8000      212.00
14.8200      193.00
14.8400      217.00
14.8600      179.00
14.8800      200.00
14.9000      189.00
14.9200      217.00
14.9400      237.00
14.9600      212.00
14.9800      190.00
15.0000      213.00
15.0200      228.00
15.0400      180.00
15.0600      220.00
15.0800      207.00
15.1000      214.00
15.1200      220.00
15.1400      204.00
15.1600      202.00
15.1800      195.00
15.2000      167.00
15.2200      180.00
15.2400      209.00
15.2600      180.00
15.2800      173.00
15.3000      192.00
15.3200      200.00
15.3400      216.00
15.3600      201.00
15.3800      216.00
15.4000      179.00
15.4200      181.00
15.4400      203.00
15.4600      214.00
15.4800      195.00
15.5000      191.00
15.5200      189.00
15.5400      190.00
15.5600      203.00
15.5800      218.00
15.6000      205.00
15.6200      208.00
15.6400      207.00
15.6600      193.00
15.6800      209.00
15.7000      211.00
15.7200      237.00
15.7400      218.00
15.7600      231.00
15.7800      271.00
15.8000      269.00
15.8200      286.00
15.8400      321.00
15.8600      324.00
15.8800      355.00
15.9000      373.00
15.9200      397.00
15.9400      380.00
15.9600      406.00
15.9800      386.00
16.0000      419.00
16.0200      428.00
16.0400      405.00
16.0600      394.00
16.0800      391.00
16.1000      400.00
16.1200      374.00
16.1400      376.00
16.1600      369.00
16.1800      392.00
16.2000      393.00
16.2200      408.00
16.2400      396.00
16.2600      395.00
16.2800      404.00
16.3000      402.00
16.3200      388.00
16.3400      349.00
16.3600      358.00
16.3800      375.00
16.4000      352.00
16.4200      438.00
16.4400      417.00
16.4600      467.00
16.4800      493.00
16.5000      584.00
16.5200      538.00
16.5400      573.00
16.5600      519.00
16.5800      485.00
16.6000      459.00
16.6200      409.00
16.6400      345.00
16.6600      343.00
16.6800      274.00
16.7000      266.00
16.7200      254.00
16.7400      215.00
16.7600      232.00
16.7800      240.00
16.8000      248.00
16.8200      255.00
16.8400      259.00
16.8600      265.00
16.8800      312.00
16.9000      282.00
16.9200      318.00
16.9400      364.00
16.9600      317.00
16.9800      346.00
17.0000      425.00
17.0200      460.00
17.0400      470.00
17.0600      560.00
17.0800      523.00
17.1000      575.00
17.1200      589.00
17.1400      579.00
17.1600      581.00
17.1800      572.00
17.2000      521.00
17.2200      521.00
17.2400      473.00
17.2600      450.00
17.2800      466.00
17.3000      514.00
17.3200      493.00
17.3400      519.00
17.3600      651.00
17.3800      681.00
17.4000      758.00
17.4200      960.00
17.4400     1086.00
17.4600     1252.00
17.4800     1384.00
17.5000     1551.00
17.5200     1728.00
17.5400     1795.00
17.5600     1973.00
17.5800     2069.00
17.6000     2138.00
17.6200     2148.00
17.6400     1993.00
17.6600     1909.00
17.6800     1822.00
17.7000     1563.00
17.7200     1302.00
17.7400     1140.00
17.7600      960.00
17.7800      774.00
17.8000      605.00
17.8200      519.00
17.8400      487.00
17.8600      389.00
17.8800      388.00
17.9000      396.00
17.9200      372.00
17.9400      407.00
17.9600      362.00
17.9800      369.00
18.0000      319.00
18.0200      326.00
18.0400      312.00
18.0600      308.00
18.0800      299.00
18.1000      294.00
18.1200      277.00
18.1400      295.00
18.1600      275.00
18.1800      294.00
18.2000      308.00
18.2200      284.00
18.2400      303.00
18.2600      352.00
18.2800      390.00
18.3000      412.00
18.3200      508.00
18.3400      571.00
18.3600      623.00
18.3800      635.00
18.4000      761.00
18.4200      744.00
18.4400      828.00
18.4600      856.00
18.4800      781.00
18.5000      790.00
18.5200      750.00
18.5400      643.00
18.5600      606.00
18.5800      492.00
18.6000      463.00
18.6200      386.00
18.6400      341.00
18.6600      321.00
18.6800      303.00
18.7000      311.00
18.7200      296.00
18.7400      357.00
18.7600      317.00
18.7800      340.00
18.8000      330.00
18.8200      335.00
18.8400      338.00
18.8600      335.00
18.8800      353.00
18.9000      350.00
18.9200      314.00
18.9400      327.00
18.9600      296.00
18.9800      281.00
19.0000      287.00
19.0200      321.00
19.0400      307.00
19.0600      305.00
19.0800      297.00
19.1000      309.00
19.1200      329.00
19.1400      337.00
19.1600      345.00
19.1800      366.00
19.2000      350.00
19.2200      367.00
19.2400      342.00
19.2600      368.00
19.2800      342.00
19.3000      325.00
19.3200      305.00
19.3400      311.00
19.3600      305.00
19.3800      300.00
19.4000      331.00
19.4200      347.00
19.4400      417.00
19.4600      419.00
19.4800      436.00
19.5000      556.00
19.5200      599.00
19.5400      672.00
19.5600      859.00
19.5800     1039.00
19.6000     1173.00
19.6200     1341.00
19.6400     1481.00
19.6600     1603.00
19.6800     1590.00
19.7000     1584.00
19.7200     1623.00
19.7400     1544.00
19.7600     1398.00
19.7800     1263.00
19.8000     1165.00
19.8200      969.00
19.8400      823.00
19.8600      718.00
19.8800      621.00
19.9000      543.00
19.9200      444.00
19.9400      407.00
19.9600      424.00
19.9800      350.00
20.0000      295.00
20.0200      339.00
20.0400      311.00
20.0600      296.00
20.0800      288.00
20.1000      282.00
20.1200      248.00
20.1400      226.00
20.1600      244.00
20.1800      245.00
20.2000      252.00
20.2200      269.00
20.2400      231.00
20.2600      263.00
20.2800      253.00
20.3000      260.00
20.3200      252.00
20.3400      266.00
20.3600      279.00
20.3800      281.00
20.4000      299.00
20.4200      260.00
20.4400      299.00
20.4600      279.00
20.4800      312.00
20.5000      328.00
20.5200      351.00
20.5400      390.00
20.5600      402.00
20.5800      440.00
20.6000      515.00
20.6200      558.00
20.6400      624.00
20.6600      732.00
20.6800      751.00
20.7000      800.00
20.7200      763.00
20.7400      801.00
20.7600      813.00
20.7800      830.00
20.8000      931.00
20.8200      851.00
20.8400      872.00
20.8600      955.00
20.8800     1127.00
20.9000     1245.00
20.9200     1327.00
20.9400     1526.00
20.9600     1704.00
20.9800     1990.00
21.0000     2190.00
21.0200     2413.00
21.0400     2604.00
21.0600     2739.00
21.0800     2735.00
21.1000     2640.00
21.1200     2598.00
21.1400     2364.00
21.1600     2171.00
21.1800     1790.00
21.2000     1504.00
21.2200     1162.00
21.2400     1020.00
21.2600      742.00
21.2800      603.00
21.3000      499.00
21.3200      376.00
21.3400      341.00
21.3600      311.00
21.3800      305.00
21.4000      293.00
21.4200      282.00
21.4400      226.00
21.4600      242.00
21.4800      279.00
21.5000      241.00
21.5200      253.00
21.5400      253.00
21.5600      226.00
21.5800      239.00
21.6000      217.00
21.6200      229.00
21.6400      258.00
21.6600      241.00
21.6800      248.00
21.7000      259.00
21.7200      245.00
21.7400      229.00
21.7600      206.00
21.7800      229.00
21.8000      220.00
21.8200      247.00
21.8400      229.00
21.8600      231.00
21.8800      225.00
21.9000      237.00
21.9200      230.00
21.9400      231.00
21.9600      217.00
21.9800      286.00
22.0000      255.00
22.0200      263.00
22.0400      268.00
22.0600      282.00
22.0800      302.00
22.1000      295.00
22.1200      297.00
22.1400      328.00
22.1600      356.00
22.1800      350.00
22.2000      390.00
22.2200      393.00
22.2400      446.00
22.2600      479.00
22.2800      484.00
22.3000      514.00
22.3200      543.00
22.3400      499.00
22.3600      515.00
22.3800      554.00
22.4000      547.00
22.4200      551.00
22.4400      544.00
22.4600      568.00
22.4800      594.00
22.5000      660.00
22.5200      706.00
22.5400      718.00
22.5600      863.00
22.5800      934.00
22.6000     1029.00
22.6200     1070.00
22.6400     1055.00
22.6600     1053.00
22.6800     1062.00
22.7000     1025.00
22.7200      958.00
22.7400      875.00
22.7600      747.00
22.7800      648.00
22.8000      556.00
22.8200      503.00
22.8400      491.00
22.8600      466.00
22.8800      458.00
22.9000      475.00
22.9200      465.00
22.9400      516.00
22.9600      521.00
22.9800      561.00
23.0000      617.00
23.0200      603.00
23.0400      628.00
23.0600      693.00
23.0800      718.00
23.1000      754.00
23.1200      742.00
23.1400      862.00
23.1600      732.00
23.1800      856.00
23.2000      699.00
23.2200      720.00
23.2400      635.00
23.2600      625.00
23.2800      609.00
23.3000      631.00
23.3200      576.00
23.3400      589.00
23.3600      630.00
23.3800      758.00
23.4000      702.00
23.4200      744.00
23.4400      782.00
23.4600      743.00
23.4800      712.00
23.5000      672.00
23.5200      623.00
23.5400      550.00
23.5600      529.00
23.5800      426.00
23.6000      411.00
23.6200      339.00
23.6400      321.00
23.6600      284.00
23.6800      289.00
23.7000      261.00
23.7200      294.00
23.7400      271.00
23.7600      279.00
23.7800      254.00
23.8000      270.00
23.8200      287.00
23.8400      324.00
23.8600      311.00
23.8800      331.00
23.9000      335.00
23.9200      356.00
23.9400      372.00
23.9600      418.00
23.9800      414.00
24.0000      500.00
24.0200      561.00
24.0400      596.00
24.0600      673.00
24.0800      720.00
24.1000      735.00
24.1200      736.00
24.1400      738.00
24.1600      763.00
24.1800      757.00
24.2000      728.00
24.2200      731.00
24.2400      649.00
24.2600      667.00
24.2800      746.00
24.3000      764.00
24.3200      823.00
24.3400      925.00
24.3600     1014.00
24.3800     1044.00
24.4000     1112.00
24.4200     1041.00
24.4400     1121.00
24.4600     1043.00
24.4800      994.00
24.5000      909.00
24.5200      703.00
24.5400      667.00
24.5600      537.00
24.5800      501.00
24.6000      366.00
24.6200      371.00
24.6400      353.00
24.6600      294.00
24.6800      292.00
24.7000      298.00
24.7200      380.00
24.7400      311.00
24.7600      345.00
24.7800      341.00
24.8000      390.00
24.8200      444.00
24.8400      470.00
24.8600      571.00
24.8800      609.00
24.9000      715.00
24.9200      757.00
24.9400      833.00
24.9600      886.00
24.9800      871.00
25.0000      804.00
25.0200      782.00
25.0400      685.00
25.0600      638.00
25.0800      586.00
25.1000      467.00
25.1200      423.00
25.1400      385.00
25.1600      348.00
25.1800      294.00
25.2000      254.00
25.2200      286.00
25.2400      241.00
25.2600      242.00
25.2800      228.00
25.3000      232.00
25.3200      251.00
25.3400      217.00
25.3600      217.00
25.3800      204.00
25.4000      189.00
25.4200      194.00
25.4400      230.00
25.4600      176.00
25.4800      203.00
25.5000      183.00
25.5200      207.00
25.5400      169.00
25.5600      196.00
25.5800      195.00
25.6000      193.00
25.6200      219.00
25.6400      201.00
25.6600      207.00
25.6800      184.00
25.7000      199.00
25.7200      219.00
25.7400      201.00
25.7600      206.00
25.7800      214.00
25.8000      211.00
25.8200      253.00
25.8400      217.00
25.8600      239.00
25.8800      250.00
25.9000      252.00
25.9200      235.00
25.9400      288.00
25.9600      331.00
25.9800      322.00
26.0000      343.00
26.0200      372.00
26.0400      411.00
26.0600      422.00
26.0800      392.00
26.1000      463.00
26.1200      454.00
26.1400      438.00
26.1600      517.00
26.1800      542.00
26.2000      559.00
26.2200      558.00
26.2400      555.00
26.2600      620.00
26.2800      587.00
26.3000      565.00
26.3200      547.00
26.3400      532.00
26.3600      518.00
26.3800      469.00
26.4000      506.00
26.4200      456.00
26.4400      444.00
26.4600      491.00
26.4800      465.00
26.5000      468.00
26.5200      447.00
26.5400      455.00
26.5600      442.00
26.5800      463.00
26.6000      408.00
26.6200      397.00
26.6400      365.00
26.6600      337.00
26.6800      305.00
26.7000      249.00
26.7200      239.00
26.7400      241.00
26.7600      218.00
26.7800      230.00
26.8000      208.00
26.8200      220.00
26.8400      207.00
26.8600      199.00
26.8800      210.00
26.9000      219.00
26.9200      187.00
26.9400      242.00
26.9600      232.00
26.9800      226.00
27.0000      211.00
27.0200      252.00
27.0400      239.00
27.0600      278.00
27.0800      243.00
27.1000      234.00
27.1200      271.00
27.1400      274.00
27.1600      230.00
27.1800      245.00
27.2000      261.00
27.2200      261.00
27.2400      323.00
27.2600      337.00
27.2800      342.00
27.3000      314.00
27.3200      340.00
27.3400      346.00
27.3600      333.00
27.3800      364.00
27.4000      356.00
27.4200      360.00
27.4400      351.00
27.4600      327.00
27.4800      355.00
27.5000      341.00
27.5200      379.00
27.5400      385.00
27.5600      383.00
27.5800      460.00
27.6000      459.00
27.6200      533.00
27.6400      548.00
27.6600      542.00
27.6800      589.00
27.7000      574.00
27.7200      617.00
27.7400      613.00
27.7600      601.00
27.7800      570.00
27.8000      531.00
27.8200      506.00
27.8400      476.00
27.8600      413.00
27.8800      390.00
27.9000      386.00
27.9200      372.00
27.9400      323.00
27.9600      352.00
27.9800      314.00
28.0000      318.00
28.0200      325.00
28.0400      315.00
28.0600      249.00
28.0800      279.00
28.1000      276.00
28.1200      257.00
28.1400      280.00
28.1600      265.00
28.1800      272.00
28.2000      282.00
28.2200      276.00
28.2400      286.00
28.2600      307.00
28.2800      309.00
28.3000      357.00
28.3200      400.00
28.3400      428.00
28.3600      553.00
28.3800      604.00
28.4000      718.00
28.4200      759.00
28.4400      857.00
28.4600      932.00
28.4800     1077.00
28.5000     1098.00
28.5200     1129.00
28.5400     1184.00
28.5600     1151.00
28.5800     1131.00
28.6000     1059.00
28.6200      961.00
28.6400      918.00
28.6600      796.00
28.6800      730.00
28.7000      669.00
28.7200      620.00
28.7400      554.00
28.7600      575.00
28.7800      483.00
28.8000      497.00
28.8200      497.00
28.8400      390.00
28.8600      396.00
28.8800      368.00
28.9000      349.00
28.9200      356.00
28.9400      326.00
28.9600      355.00
28.9800      332.00
29.0000      334.00
29.0200      365.00
29.0400      375.00
29.0600      392.00
29.0800      389.00
29.1000      398.00
29.1200      405.00
29.1400      420.00
29.1600      465.00
29.1800      477.00
29.2000      467.00
29.2200      454.00
29.2400      448.00
29.2600      454.00
29.2800      460.00
29.3000      456.00
29.3200      456.00
29.3400      474.00
29.3600      461.00
29.3800      454.00
29.4000      481.00
29.4200      505.00
29.4400      510.00
29.4600      592.00
29.4800      562.00
29.5000      582.00
29.5200      620.00
29.5400      550.00
29.5600      470.00
29.5800      502.00
29.6000      462.00
29.6200      426.00
29.6400      348.00
29.6600      331.00
29.6800      281.00
29.7000      224.00
29.7200      233.00
29.7400      222.00
29.7600      196.00
29.7800      172.00
29.8000      213.00
29.8200      183.00
29.8400      186.00
29.8600      195.00
29.8800      186.00
29.9000      182.00
29.9200      201.00
29.9400      232.00
29.9600      227.00
29.9800      247.00
30.0000      283.00
30.0200      298.00
30.0400      314.00
30.0600      319.00
30.0800      312.00
30.1000      386.00
30.1200      369.00
30.1400      383.00
30.1600      403.00
30.1800      408.00
30.2000      379.00
30.2200      383.00
30.2400      381.00
30.2600      377.00
30.2800      379.00
30.3000      342.00
30.3200      360.00
30.3400      339.00
30.3600      310.00
30.3800      286.00
30.4000      330.00
30.4200      272.00
30.4400      244.00
30.4600      241.00
30.4800      228.00
30.5000      226.00
30.5200      191.00
30.5400      212.00
30.5600      220.00
30.5800      206.00
30.6000      214.00
30.6200      216.00
30.6400      218.00
30.6600      241.00
30.6800      287.00
30.7000      245.00
30.7200      229.00
30.7400      231.00
30.7600      230.00
30.7800      244.00
30.8000      238.00
30.8200      212.00
30.8400      227.00
30.8600      255.00
30.8800      217.00
30.9000      231.00
30.9200      211.00
30.9400      232.00
30.9600      204.00
30.9800      204.00
31.0000      198.00
31.0200      217.00
31.0400      221.00
31.0600      217.00
31.0800      206.00
31.1000      211.00
31.1200      230.00
31.1400      169.00
31.1600      158.00
31.1800      183.00
31.2000      184.00
31.2200      189.00
31.2400      172.00
31.2600      192.00
31.2800      195.00
31.3000      166.00
31.3200      174.00
31.3400      190.00
31.3600      193.00
31.3800      182.00
31.4000      183.00
31.4200      197.00
31.4400      164.00
31.4600      176.00
31.4800      208.00
31.5000      207.00
31.5200      197.00
31.5400      219.00
31.5600      229.00
31.5800      226.00
31.6000      236.00
31.6200      243.00
31.6400      223.00
31.6600      223.00
31.6800      225.00
31.7000      205.00
31.7200      207.00
31.7400      196.00
31.7600      228.00
31.7800      171.00
31.8000      210.00
31.8200      204.00
31.8400      191.00
31.8600      200.00
31.8800      196.00
31.9000      196.00
31.9200      225.00
31.9400      221.00
31.9600      250.00
31.9800      267.00
32.0000      271.00
32.0200      289.00
32.0400      267.00
32.0600      303.00
32.0800      316.00
32.1000      292.00
32.1200      329.00
32.1400      311.00
32.1600      318.00
32.1800      319.00
32.2000      310.00
32.2200      330.00
32.2400      348.00
32.2600      305.00
32.2800      277.00
32.3000      312.00
32.3200      320.00
32.3400      332.00
32.3600      301.00
32.3800      294.00
32.4000      321.00
32.4200      310.00
32.4400      317.00
32.4600      305.00
32.4800      366.00
32.5000      350.00
32.5200      321.00
32.5400      363.00
32.5600      366.00
32.5800      360.00
32.6000      400.00
32.6200      367.00
32.6400      333.00
32.6600      378.00
32.6800      371.00
32.7000      345.00
32.7200      315.00
32.7400      352.00
32.7600      352.00
32.7800      320.00
32.8000      288.00
32.8200      295.00
32.8400      281.00
32.8600      293.00
32.8800      282.00
32.9000      262.00
32.9200      277.00
32.9400      243.00
32.9600      276.00
32.9800      240.00
33.0000      252.00
33.0200      265.00
33.0400      266.00
33.0600      292.00
33.0800      259.00
33.1000      295.00
33.1200      254.00
33.1400      289.00
33.1600      263.00
33.1800      305.00
33.2000      305.00
33.2200      340.00
33.2400      364.00
33.2600      374.00
33.2800      343.00
33.3000      382.00
33.3200      396.00
33.3400      381.00
33.3600      386.00
33.3800      393.00
33.4000      391.00
33.4200      353.00
33.4400      365.00
33.4600      311.00
33.4800      317.00
33.5000      285.00
33.5200      304.00
33.5400      285.00
33.5600      281.00
33.5800      280.00
33.6000      241.00
33.6200      233.00
33.6400      206.00
33.6600      211.00
33.6800      194.00
33.7000      219.00
33.7200      210.00
33.7400      183.00
33.7600      170.00
33.7800      159.00
33.8000      163.00
33.8200      187.00
33.8400      183.00
33.8600      186.00
33.8800      201.00
33.9000      186.00
33.9200      185.00
33.9400      171.00
33.9600      189.00
33.9800      215.00
34.0000      171.00
34.0200      195.00
34.0400      198.00
34.0600      219.00
34.0800      215.00
34.1000      220.00
34.1200      235.00
34.1400      278.00
34.1600      271.00
34.1800      288.00
34.2000      297.00
34.2200      307.00
34.2400      346.00
34.2600      327.00
34.2800      330.00
34.3000      318.00
34.3200      280.00
34.3400      288.00
34.3600      236.00
34.3800      232.00
34.4000      237.00
34.4200      194.00
34.4400      203.00
34.4600      175.00
34.4800      208.00
34.5000      190.00
34.5200      194.00
34.5400      187.00
34.5600      153.00
34.5800      169.00
34.6000      184.00
34.6200      150.00
34.6400      184.00
34.6600      178.00
34.6800      182.00
34.7000      149.00
34.7200      183.00
34.7400      189.00
34.7600      172.00
34.7800      190.00
34.8000      202.00
34.8200      183.00
34.8400      200.00
34.8600      177.00
34.8800      191.00
34.9000      197.00
34.9200      187.00
34.9400      213.00
34.9600      218.00
34.9800      209.00
35.0000      227.00
