 2.2000      335.00
 2.2200      356.00
 2.2400      347.00
 2.2600      370.00
 2.2800      325.00
 2.3000      341.00
 2.3200      342.00
 2.3400      310.00
 2.3600      326.00
 2.3800      324.00
 2.4000      322.00
 2.4200      295.00
 2.4400      292.00
 2.4600      312.00
 2.4800      306.00
 2.5000      309.00
 2.5200      326.00
 2.5400      298.00
 2.5600      286.00
 2.5800      273.00
 2.6000      283.00
 2.6200      299.00
 2.6400      267.00
 2.6600      292.00
 2.6800      259.00
 2.7000      302.00
 2.7200      242.00
 2.7400      285.00
 2.7600      277.00
 2.7800      273.00
 2.8000      248.00
 2.8200      257.00
 2.8400      265.00
 2.8600      269.00
 2.8800      258.00
 2.9000      276.00
 2.9200      275.00
 2.9400      279.00
 2.9600      274.00
 2.9800      273.00
 3.0000      283.00
 3.0200      259.00
 3.0400      256.00
 3.0600      247.00
 3.0800      274.00
 3.1000      237.00
 3.1200      266.00
 3.1400      242.00
 3.1600      258.00
 3.1800      243.00
 3.2000      243.00
 3.2200      249.00
 3.2400      259.00
 3.2600      261.00
 3.2800      243.00
 3.3000      240.00
 3.3200      234.00
 3.3400      221.00
 3.3600      250.00
 3.3800      226.00
 3.4000      207.00
 3.4200      224.00
 3.4400      225.00
 3.4600      237.00
 3.4800      222.00
 3.5000      197.00
 3.5200      210.00
 3.5400      210.00
 3.5600      217.00
 3.5800      226.00
 3.6000      196.00
 3.6200      212.00
 3.6400      196.00
 3.6600      187.00
 3.6800      186.00
 3.7000      184.00
 3.7200      203.00
 3.7400      203.00
 3.7600      211.00
 3.7800      197.00
 3.8000      212.00
 3.8200      220.00
 3.8400      213.00
 3.8600      191.00
 3.8800      216.00
 3.9000      209.00
 3.9200      186.00
 3.9400      179.00
 3.9600      183.00
 3.9800      179.00
 4.0000      203.00
 4.0200      186.00
 4.0400      200.00
 4.0600      187.00
 4.0800      194.00
 4.1000      203.00
 4.1200      209.00
 4.1400      182.00
 4.1600      190.00
 4.1800      191.00
 4.2000      179.00
 4.2200      173.00
 4.2400      183.00
 4.2600      193.00
 4.2800      161.00
 4.3000      200.00
 4.3200      172.00
 4.3400      164.00
 4.3600      154.00
 4.3800      178.00
 4.4000      167.00
 4.4200      167.00
 4.4400      147.00
 4.4600      161.00
 4.4800      158.00
 4.5000      169.00
 4.5200      166.00
 4.5400      138.00
 4.5600      153.00
 4.5800      147.00
 4.6000      159.00
 4.6200      131.00
 4.6400      157.00
 4.6600      131.00
 4.6800      156.00
 4.7000      141.00
 4.7200      158.00
 4.7400      152.00
 4.7600      141.00
 4.7800      126.00
 4.8000      143.00
 4.8200      132.00
 4.8400      134.00
 4.8600      147.00
 4.8800      145.00
 4.9000      162.00
 4.9200      130.00
 4.9400      174.00
 4.9600      119.00
 4.9800      134.00
 5.0000      174.00
 5.0200      142.00
 5.0400      151.00
 5.0600      150.00
 5.0800      170.00
 5.1000      158.00
 5.1200      143.00
 5.1400      161.00
 5.1600      144.00
 5.1800      136.00
 5.2000      156.00
 5.2200      155.00
 5.2400      153.00
 5.2600      147.00
 5.2800      144.00
 5.3000      133.00
 5.3200      158.00
 5.3400      135.00
 5.3600      140.00
 5.3800      153.00
 5.4000      147.00
 5.4200      150.00
 5.4400      170.00
 5.4600      157.00
 5.4800      141.00
 5.5000      148.00
 5.5200      138.00
 5.5400      123.00
 5.5600      134.00
 5.5800      141.00
 5.6000      148.00
 5.6200      139.00
 5.6400      142.00
 5.6600      150.00
 5.6800      140.00
 5.7000      137.00
 5.7200      160.00
 5.7400      145.00
 5.7600      174.00
 5.7800      166.00
 5.8000      154.00
 5.8200      154.00
 5.8400      151.00
 5.8600      136.00
 5.8800      139.00
 5.9000      157.00
 5.9200      158.00
 5.9400      134.00
 5.9600      133.00
 5.9800      167.00
 6.0000      162.00
 6.0200      154.00
 6.0400      130.00
 6.0600      150.00
 6.0800      156.00
 6.1000      165.00
 6.1200      155.00
 6.1400      150.00
 6.1600      163.00
 6.1800      144.00
 6.2000      146.00
 6.2200      133.00
 6.2400      137.00
 6.2600      137.00
 6.2800      156.00
 6.3000      148.00
 6.3200      138.00
 6.3400      164.00
 6.3600      153.00
 6.3800      149.00
 6.4000      140.00
 6.4200      132.00
 6.4400      139.00
 6.4600      173.00
 6.4800      143.00
 6.5000      148.00
 6.5200      147.00
 6.5400      168.00
 6.5600      151.00
 6.5800      145.00
 6.6000      151.00
 6.6200      160.00
 6.6400      138.00
 6.6600      138.00
 6.6800      144.00
 6.7000      139.00
 6.7200      147.00
 6.7400      189.00
 6.7600      157.00
 6.7800      177.00
 6.8000      161.00
 6.8200      154.00
 6.8400      198.00
 6.8600      181.00
 6.8800      165.00
 6.9000      154.00
 6.9200      174.00
 6.9400      169.00
 6.9600      157.00
 6.9800      141.00
 7.0000      178.00
 7.0200      153.00
 7.0400      158.00
 7.0600      158.00
 7.0800      153.00
 7.1000      157.00
 7.1200      154.00
 7.1400      144.00
 7.1600      144.00
 7.1800      130.00
 7.2000      174.00
 7.2200      153.00
 7.2400      137.00
 7.2600      191.00
 7.2800      157.00
 7.3000      145.00
 7.3200      142.00
 7.3400      124.00
 7.3600      138.00
 7.3800      139.00
 7.4000      166.00
 7.4200      151.00
 7.4400      142.00
 7.4600      160.00
 7.4800      147.00
 7.5000      156.00
 7.5200      151.00
 7.5400      144.00
 7.5600      137.00
 7.5800      156.00
 7.6000      156.00
 7.6200      136.00
 7.6400      156.00
 7.6600      153.00
 7.6800      136.00
 7.7000      138.00
 7.7200      132.00
 7.7400      154.00
 7.7600      143.00
 7.7800      144.00
 7.8000      155.00
 7.8200      132.00
 7.8400      148.00
 7.8600      166.00
 7.8800      126.00
 7.9000      154.00
 7.9200      142.00
 7.9400      152.00
 7.9600      152.00
 7.9800      166.00
 8.0000      144.00
 8.0200      148.00
 8.0400      131.00
 8.0600      130.00
 8.0800      138.00
 8.1000      164.00
 8.1200      157.00
 8.1400      174.00
 8.1600      161.00
 8.1800      151.00
 8.2000      166.00
 8.2200      159.00
 8.2400      151.00
 8.2600      142.00
 8.2800      163.00
 8.3000      133.00
 8.3200      170.00
 8.3400      152.00
 8.3600      157.00
 8.3800      149.00
 8.4000      143.00
 8.4200      173.00
 8.4400      154.00
 8.4600      161.00
 8.4800      151.00
 8.5000      164.00
 8.5200      171.00
 8.5400      171.00
 8.5600      162.00
 8.5800      151.00
 8.6000      176.00
 8.6200      168.00
 8.6400      181.00
 8.6600      190.00
 8.6800      161.00
 8.7000      185.00
 8.7200      197.00
 8.7400      213.00
 8.7600      187.00
 8.7800      201.00
 8.8000      205.00
 8.8200      192.00
 8.8400      216.00
 8.8600      179.00
 8.8800      176.00
 8.9000      168.00
 8.9200      198.00
 8.9400      164.00
 8.9600      160.00
 8.9800      163.00
 9.0000      157.00
 9.0200      175.00
 9.0400      181.00
 9.0600      170.00
 9.0800      165.00
 9.1000      166.00
 9.1200      134.00
 9.1400      157.00
 9.1600      160.00
 9.1800      128.00
 9.2000      162.00
 9.2200      145.00
 9.2400      144.00
 9.2600      164.00
 9.2800      148.00
 9.3000      163.00
 9.3200      165.00
 9.3400      171.00
 9.3600      166.00
 9.3800      179.00
 9.4000      155.00
 9.4200      170.00
 9.4400      150.00
 9.4600      157.00
 9.4800      154.00
 9.5000      167.00
 9.5200      179.00
 9.5400      162.00
 9.5600      168.00
 9.5800      170.00
 9.6000      178.00
 9.6200      144.00
 9.6400      155.00
 9.6600      172.00
 9.6800      168.00
 9.7000      158.00
 9.7200      157.00
 9.7400      162.00
 9.7600      171.00
 9.7800      169.00
 9.8000      175.00
 9.8200      183.00
 9.8400      172.00
 9.8600      205.00
 9.8800      170.00
 9.9000      211.00
 9.9200      217.00
 9.9400      204.00
 9.9600      178.00
 9.9800      192.00
10.0000      194.00
10.0200      184.00
10.0400      170.00
10.0600      167.00
10.0800      167.00
10.1000      162.00
10.1200      166.00
10.1400      171.00
10.1600      178.00
10.1800      138.00
10.2000      169.00
10.2200      165.00
10.2400      170.00
10.2600      164.00
10.2800      184.00
10.3000      189.00
10.3200      185.00
10.3400      178.00
10.3600      189.00
10.3800      170.00
10.4000      198.00
10.4200      171.00
10.4400      166.00
10.4600      158.00
10.4800      175.00
10.5000      167.00
10.5200      189.00
10.5400      218.00
10.5600      173.00
10.5800      158.00
10.6000      200.00
10.6200      197.00
10.6400      198.00
10.6600      182.00
10.6800      201.00
10.7000      233.00
10.7200      211.00
10.7400      186.00
10.7600      222.00
10.7800      216.00
10.8000      247.00
10.8200      241.00
10.8400      256.00
10.8600      282.00
10.8800      318.00
10.9000      322.00
10.9200      346.00
10.9400      388.00
10.9600      437.00
10.9800      449.00
11.0000      464.00
11.0200      539.00
11.0400      531.00
11.0600      566.00
11.0800      602.00
11.1000      576.00
11.1200      522.00
11.1400      535.00
11.1600      477.00
11.1800      498.00
11.2000      547.00
11.2200      515.00
11.2400      532.00
11.2600      568.00
11.2800      526.00
11.3000      507.00
11.3200      476.00
11.3400      421.00
11.3600      410.00
11.3800      391.00
11.4000      360.00
11.4200      304.00
11.4400      260.00
11.4600      284.00
11.4800      214.00
11.5000      221.00
11.5200      258.00
11.5400      246.00
11.5600      193.00
11.5800      192.00
11.6000      189.00
11.6200      190.00
11.6400      219.00
11.6600      209.00
11.6800      185.00
11.7000      217.00
11.7200      200.00
11.7400      194.00
11.7600      250.00
11.7800      242.00
11.8000      272.00
11.8200      255.00
11.8400      235.00
11.8600      276.00
11.8800      288.00
11.9000      312.00
11.9200      335.00
11.9400      355.00
11.9600      376.00
11.9800      418.00
12.0000      429.00
12.0200      475.00
12.0400      546.00
12.0600      548.00
12.0800      558.00
12.1000      591.00
12.1200      610.00
12.1400      590.00
12.1600      598.00
12.1800      550.00
12.2000      544.00
12.2200      524.00
12.2400      495.00
12.2600      425.00
12.2800      392.00
12.3000      383.00
12.3200      406.00
12.3400      410.00
12.3600      433.00
12.3800      441.00
12.4000      435.00
12.4200      587.00
12.4400      572.00
12.4600      684.00
12.4800      659.00
12.5000      731.00
12.5200      687.00
12.5400      705.00
12.5600      641.00
12.5800      617.00
12.6000      526.00
12.6200      523.00
12.6400      436.00
12.6600      377.00
12.6800      362.00
12.7000      340.00
12.7200      288.00
12.7400      259.00
12.7600      263.00
12.7800      234.00
12.8000      211.00
12.8200      222.00
12.8400      225.00
12.8600      184.00
12.8800      199.00
12.9000      207.00
12.9200      214.00
12.9400      197.00
12.9600      178.00
12.9800      191.00
13.0000      181.00
13.0200      186.00
13.0400      184.00
13.0600      191.00
13.0800      182.00
13.1000      184.00
13.1200      194.00
13.1400      179.00
13.1600      189.00
13.1800      197.00
13.2000      196.00
13.2200      192.00
13.2400      213.00
13.2600      206.00
13.2800      205.00
13.3000      179.00
13.3200      189.00
13.3400      196.00
13.3600      186.00
13.3800      202.00
13.4000      183.00
13.4200      192.00
13.4400      198.00
13.4600      174.00
13.4800      174.00
13.5000      149.00
13.5200      196.00
13.5400      199.00
13.5600      189.00
13.5800      192.00
13.6000      178.00
13.6200      187.00
13.6400      173.00
13.6600      216.00
13.6800      206.00
13.7000      188.00
13.7200      179.00
13.7400      205.00
13.7600      219.00
13.7800      194.00
13.8000      202.00
13.8200      230.00
13.8400      197.00
13.8600      247.00
13.8800      258.00
13.9000      242.00
13.9200      261.00
13.9400      282.00
13.9600      293.00
13.9800      295.00
14.0000      320.00
14.0200      385.00
14.0400      427.00
14.0600      449.00
14.0800      511.00
14.1000      559.00
14.1200      668.00
14.1400      672.00
14.1600      726.00
14.1800      785.00
14.2000      894.00
14.2200      862.00
14.2400      805.00
14.2600      813.00
14.2800      738.00
14.3000      731.00
14.3200      682.00
14.3400      624.00
14.3600      573.00
14.3800      577.00
14.4000      492.00
14.4200      473.00
14.4400      412.00
14.4600      427.00
14.4800      387.00
14.5000      369.00
14.5200      296.00
14.5400      282.00
14.5600      288.00
14.5800      234.00
14.6000      238.00
14.6200      229.00
14.6400      205.00
14.6600      226.00
14.6800      205.00
14.7000      194.00
14.7200      196.00
14.7400      216.00
14.7600      189.00
14.7800      175.00
14.8000      185.00
14.8200      199.00
14.8400      179.00
14.8600      195.00
14.8800      186.00
14.9000      158.00
14.9200      190.00
14.9400      198.00
14.9600      194.00
14.9800      194.00
15.0000      171.00
15.0200      185.00
15.0400      195.00
15.0600      197.00
15.0800      192.00
15.1000      170.00
15.1200      203.00
15.1400      177.00
15.1600      201.00
15.1800      184.00
15.2000      201.00
15.2200      179.00
15.2400      183.00
15.2600      204.00
15.2800      170.00
15.3000      171.00
15.3200      158.00
15.3400      190.00
15.3600      200.00
15.3800      160.00
15.4000      182.00
15.4200      172.00
15.4400      177.00
15.4600      169.00
15.4800      197.00
15.5000      177.00
15.5200      180.00
15.5400      195.00
15.5600      181.00
15.5800      200.00
15.6000      200.00
15.6200      196.00
15.6400      203.00
15.6600      199.00
15.6800      182.00
15.7000      212.00
15.7200      212.00
15.7400      235.00
15.7600      237.00
15.7800      250.00
15.8000      267.00
15.8200      327.00
15.8400      311.00
15.8600      360.00
15.8800      352.00
15.9000      365.00
15.9200      391.00
15.9400      394.00
15.9600      353.00
15.9800      357.00
16.0000      339.00
16.0200      360.00
16.0400      324.00
16.0600      360.00
16.0800      348.00
16.1000      369.00
16.1200      355.00
16.1400      371.00
16.1600      397.00
16.1800      388.00
16.2000      384.00
16.2200      376.00
16.2400      395.00
16.2600      410.00
16.2800      353.00
16.3000      330.00
16.3200      350.00
16.3400      358.00
16.3600      353.00
16.3800      379.00
16.4000      393.00
16.4200      469.00
16.4400      436.00
16.4600      501.00
16.4800      485.00
16.5000      484.00
16.5200      491.00
16.5400      450.00
16.5600      432.00
16.5800      453.00
16.6000      378.00
16.6200      355.00
16.6400      327.00
16.6600      314.00
16.6800      284.00
16.7000      283.00
16.7200      248.00
16.7400      241.00
16.7600      250.00
16.7800      245.00
16.8000      239.00
16.8200      228.00
16.8400      272.00
16.8600      234.00
16.8800      261.00
16.9000      295.00
16.9200      279.00
16.9400      343.00
16.9600      375.00
16.9800      382.00
17.0000      401.00
17.0200      480.00
17.0400      491.00
17.0600      513.00
17.0800      550.00
17.1000      517.00
17.1200      511.00
17.1400      497.00
17.1600      487.00
17.1800      479.00
17.2000      455.00
17.2200      462.00
17.2400      445.00
17.2600      475.00
17.2800      480.00
17.3000      520.00
17.3200      584.00
17.3400      645.00
17.3600      729.00
17.3800      830.00
17.4000      904.00
17.4200     1118.00
17.4400     1202.00
17.4600     1319.00
17.4800     1425.00
17.5000     1560.00
17.5200     1718.00
17.5400     1745.00
17.5600     1836.00
17.5800     1809.00
17.6000     1855.00
17.6200     1807.00
17.6400     1682.00
17.6600     1503.00
17.6800     1346.00
17.7000     1209.00
17.7200     1011.00
17.7400      798.00
17.7600      718.00
17.7800      654.00
17.8000      566.00
17.8200      469.00
17.8400      461.00
17.8600      426.00
17.8800      413.00
17.9000      387.00
17.9200      390.00
17.9400      360.00
17.9600      340.00
17.9800      327.00
18.0000      302.00
18.0200      284.00
18.0400      294.00
18.0600      299.00
18.0800      259.00
18.1000      262.00
18.1200      273.00
18.1400      244.00
18.1600      290.00
18.1800      296.00
18.2000      295.00
18.2200      330.00
18.2400      395.00
18.2600      448.00
18.2800      428.00
18.3000      522.00
18.3200      557.00
18.3400      601.00
18.3600      688.00
18.3800      694.00
18.4000      729.00
18.4200      809.00
18.4400      779.00
18.4600      722.00
18.4800      636.00
18.5000      590.00
18.5200      593.00
18.5400      527.00
18.5600      431.00
18.5800      392.00
18.6000      371.00
18.6200      348.00
18.6400      313.00
18.6600      309.00
18.6800      321.00
18.7000      323.00
18.7200      325.00
18.7400      344.00
18.7600      323.00
18.7800      329.00
18.8000      348.00
18.8200      309.00
18.8400      325.00
18.8600      314.00
18.8800      289.00
18.9000      300.00
18.9200      266.00
18.9400      291.00
18.9600      298.00
18.9800      264.00
19.0000      311.00
19.0200      296.00
19.0400      280.00
19.0600      305.00
19.0800      289.00
19.1000      308.00
19.1200      307.00
19.1400      314.00
19.1600      298.00
19.1800      338.00
19.2000      333.00
19.2200      324.00
19.2400      357.00
19.2600      295.00
19.2800      307.00
19.3000      315.00
19.3200      303.00
19.3400      310.00
19.3600      308.00
19.3800      355.00
19.4000      346.00
19.4200      400.00
19.4400      418.00
19.4600      521.00
19.4800      553.00
19.5000      639.00
19.5200      785.00
19.5400      921.00
19.5600     1107.00
19.5800     1212.00
19.6000     1256.00
19.6200     1386.00
19.6400     1354.00
19.6600     1455.00
19.6800     1483.00
19.7000     1386.00
19.7200     1353.00
19.7400     1150.00
19.7600     1087.00
19.7800      991.00
19.8000      861.00
19.8200      757.00
19.8400      662.00
19.8600      587.00
19.8800      517.00
19.9000      467.00
19.9200      432.00
19.9400      355.00
19.9600      327.00
19.9800      343.00
20.0000      334.00
20.0200      310.00
20.0400      284.00
20.0600      272.00
20.0800      270.00
20.1000      264.00
20.1200      228.00
20.1400      264.00
20.1600      235.00
20.1800      245.00
20.2000      266.00
20.2200      225.00
20.2400      221.00
20.2600      250.00
20.2800      231.00
20.3000      249.00
20.3200      236.00
20.3400      249.00
20.3600      246.00
20.3800      263.00
20.4000      254.00
20.4200      286.00
20.4400      264.00
20.4600      293.00
20.4800      330.00
20.5000      321.00
20.5200      385.00
20.5400      365.00
20.5600      445.00
20.5800      483.00
20.6000      520.00
20.6200      576.00
20.6400      649.00
20.6600      734.00
20.6800      763.00
20.7000      826.00
20.7200      732.00
20.7400      824.00
20.7600      858.00
20.7800      850.00
20.8000      917.00
20.8200      956.00
20.8400     1094.00
20.8600     1150.00
20.8800     1272.00
20.9000     1434.00
20.9200     1666.00
20.9400     1778.00
20.9600     2029.00
20.9800     2224.00
21.0000     2377.00
21.0200     2519.00
21.0400     2486.00
21.0600     2404.00
21.0800     2315.00
21.1000     2165.00
21.1200     1934.00
21.1400     1709.00
21.1600     1500.00
21.1800     1260.00
21.2000     1084.00
21.2200      911.00
21.2400      750.00
21.2600      629.00
21.2800      520.00
21.3000      478.00
21.3200      425.00
21.3400      345.00
21.3600      324.00
21.3800      328.00
21.4000      280.00
21.4200      244.00
21.4400      283.00
21.4600      242.00
21.4800      231.00
21.5000      247.00
21.5200      240.00
21.5400      221.00
21.5600      216.00
21.5800      248.00
21.6000      247.00
21.6200      247.00
21.6400      212.00
21.6600      221.00
21.6800      197.00
21.7000      195.00
21.7200      257.00
21.7400      234.00
21.7600      201.00
21.7800      215.00
21.8000      207.00
21.8200      267.00
21.8400      227.00
21.8600      222.00
21.8800      230.00
21.9000      229.00
21.9200      226.00
21.9400      256.00
21.9600      247.00
21.9800      271.00
22.0000      266.00
22.0200      258.00
22.0400      269.00
22.0600      293.00
22.0800      270.00
22.1000      297.00
22.1200      340.00
22.1400      336.00
22.1600      372.00
22.1800      407.00
22.2000      423.00
22.2200      439.00
22.2400      421.00
22.2600      473.00
22.2800      457.00
22.3000      433.00
22.3200      514.00
22.3400      515.00
22.3600      505.00
22.3800      511.00
22.4000      499.00
22.4200      481.00
22.4400      551.00
22.4600      625.00
22.4800      630.00
22.5000      699.00
22.5200      725.00
22.5400      891.00
22.5600      916.00
22.5800     1012.00
22.6000     1015.00
22.6200     1016.00
22.6400      987.00
22.6600      981.00
22.6800      924.00
22.7000      792.00
22.7200      751.00
22.7400      650.00
22.7600      603.00
22.7800      557.00
22.8000      496.00
22.8200      467.00
22.8400      490.00
22.8600      472.00
22.8800      516.00
22.9000      499.00
22.9200      470.00
22.9400      498.00
22.9600      539.00
22.9800      567.00
23.0000      585.00
23.0200      607.00
23.0400      655.00
23.0600      650.00
23.0800      667.00
23.1000      739.00
23.1200      699.00
23.1400      697.00
23.1600      702.00
23.1800      646.00
23.2000      613.00
23.2200      600.00
23.2400      577.00
23.2600      577.00
23.2800      592.00
23.3000      584.00
23.3200      656.00
23.3400      655.00
23.3600      702.00
23.3800      701.00
23.4000      716.00
23.4200      680.00
23.4400      612.00
23.4600      622.00
23.4800      542.00
23.5000      500.00
23.5200      480.00
23.5400      394.00
23.5600      384.00
23.5800      324.00
23.6000      341.00
23.6200      297.00
23.6400      290.00
23.6600      278.00
23.6800      278.00
23.7000      263.00
23.7200      251.00
23.7400      256.00
23.7600      281.00
23.7800      274.00
23.8000      303.00
23.8200      296.00
23.8400      304.00
23.8600      287.00
23.8800      335.00
23.9000      369.00
23.9200      373.00
23.9400      383.00
23.9600      438.00
23.9800      467.00
24.0000      483.00
24.0200      593.00
24.0400      615.00
24.0600      633.00
24.0800      639.00
24.1000      659.00
24.1200      716.00
24.1400      687.00
24.1600      677.00
24.1800      643.00
24.2000      597.00
24.2200      627.00
24.2400      619.00
24.2600      726.00
24.2800      781.00
24.3000      794.00
24.3200      852.00
24.3400      949.00
24.3600      975.00
24.3800     1014.00
24.4000      987.00
24.4200     1003.00
24.4400      911.00
24.4600      737.00
24.4800      686.00
24.5000      608.00
24.5200      543.00
24.5400      527.00
24.5600      475.00
24.5800      410.00
24.6000      373.00
24.6200      331.00
24.6400      328.00
24.6600      336.00
24.6800      288.00
24.7000      311.00
24.7200      317.00
24.7400      373.00
24.7600      364.00
24.7800      408.00
24.8000      429.00
24.8200      494.00
24.8400      519.00
24.8600      631.00
24.8800      684.00
24.9000      747.00
24.9200      746.00
24.9400      799.00
24.9600      789.00
24.9800      722.00
25.0000      662.00
25.0200      596.00
25.0400      528.00
25.0600      484.00
25.0800      443.00
25.1000      427.00
25.1200      368.00
25.1400      354.00
25.1600      302.00
25.1800      271.00
25.2000      289.00
25.2200      242.00
25.2400      240.00
25.2600      239.00
25.2800      204.00
25.3000      226.00
25.3200      224.00
25.3400      198.00
25.3600      197.00
25.3800      175.00
25.4000      195.00
25.4200      216.00
25.4400      194.00
25.4600      202.00
25.4800      193.00
25.5000      188.00
25.5200      217.00
25.5400      217.00
25.5600      217.00
25.5800      189.00
25.6000      207.00
25.6200      187.00
25.6400      198.00
25.6600      183.00
25.6800      197.00
25.7000      185.00
25.7200      203.00
25.7400      184.00
25.7600      224.00
25.7800      247.00
25.8000      211.00
25.8200      224.00
25.8400      202.00
25.8600      229.00
25.8800      211.00
25.9000      271.00
25.9200      288.00
25.9400      278.00
25.9600      329.00
25.9800      319.00
26.0000      371.00
26.0200      346.00
26.0400      346.00
26.0600      378.00
26.0800      430.00
26.1000      385.00
26.1200      459.00
26.1400      443.00
26.1600      512.00
26.1800      495.00
26.2000      536.00
26.2200      546.00
26.2400      504.00
26.2600      541.00
26.2800      517.00
26.3000      464.00
26.3200      442.00
26.3400      427.00
26.3600      473.00
26.3800      452.00
26.4000      467.00
26.4200      447.00
26.4400      452.00
26.4600      431.00
26.4800      413.00
26.5000      417.00
26.5200      413.00
26.5400      402.00
26.5600      385.00
26.5800      390.00
26.6000      380.00
26.6200      335.00
26.6400      292.00
26.6600      295.00
26.6800      252.00
26.7000      231.00
26.7200      198.00
26.7400      219.00
26.7600      222.00
26.7800      185.00
26.8000      179.00
26.8200      197.00
26.8400      202.00
26.8600      214.00
26.8800      195.00
26.9000      213.00
26.9200      190.00
26.9400      230.00
26.9600      229.00
26.9800      252.00
27.0000      222.00
27.0200      235.00
27.0400      232.00
27.0600      249.00
27.0800      213.00
27.1000      217.00
27.1200      257.00
27.1400      240.00
27.1600      279.00
27.1800      264.00
27.2000      272.00
27.2200      280.00
27.2400      272.00
27.2600      324.00
27.2800      332.00
27.3000      292.00
27.3200      333.00
27.3400      342.00
27.3600      312.00
27.3800      331.00
27.4000      315.00
27.4200      316.00
27.4400      317.00
27.4600      314.00
27.4800      319.00
27.5000      352.00
27.5200      323.00
27.5400      359.00
27.5600      380.00
27.5800      405.00
27.6000      446.00
27.6200      488.00
27.6400      499.00
27.6600      529.00
27.6800      498.00
27.7000      552.00
27.7200      545.00
27.7400      553.00
27.7600      546.00
27.7800      467.00
27.8000      475.00
27.8200      430.00
27.8400      438.00
27.8600      396.00
27.8800      352.00
27.9000      371.00
27.9200      350.00
27.9400      299.00
27.9600      295.00
27.9800      278.00
28.0000      302.00
28.0200      280.00
28.0400      274.00
28.0600      266.00
28.0800      254.00
28.1000      262.00
28.1200      276.00
28.1400      259.00
28.1600      258.00
28.1800      278.00
28.2000      286.00
28.2200      285.00
28.2400      296.00
28.2600      311.00
28.2800      341.00
28.3000      371.00
28.3200      454.00
28.3400      491.00
28.3600      631.00
28.3800      664.00
28.4000      697.00
28.4200      788.00
28.4400      865.00
28.4600      969.00
28.4800      930.00
28.5000      969.00
28.5200      992.00
28.5400      936.00
28.5600      866.00
28.5800      829.00
28.6000      815.00
28.6200      746.00
28.6400      648.00
28.6600      626.00
28.6800      545.00
28.7000      532.00
28.7200      572.00
28.7400      509.00
28.7600      434.00
28.7800      431.00
28.8000      380.00
28.8200      358.00
28.8400      369.00
28.8600      367.00
28.8800      313.00
28.9000      326.00
28.9200      349.00
28.9400      332.00
28.9600      348.00
28.9800      337.00
29.0000      351.00
29.0200      320.00
29.0400      353.00
29.0600      340.00
29.0800      385.00
29.1000      358.00
29.1200      420.00
29.1400      406.00
29.1600      436.00
29.1800      416.00
29.2000      423.00
29.2200      435.00
29.2400      425.00
29.2600      384.00
29.2800      398.00
29.3000      425.00
29.3200      414.00
29.3400      440.00
29.3600      458.00
29.3800      453.00
29.4000      484.00
29.4200      507.00
29.4400      518.00
29.4600      568.00
29.4800      551.00
29.5000      486.00
29.5200      421.00
29.5400      409.00
29.5600      353.00
29.5800      361.00
29.6000      332.00
29.6200      295.00
29.6400      262.00
29.6600      250.00
29.6800      248.00
29.7000      242.00
29.7200      198.00
29.7400      208.00
29.7600      201.00
29.7800      164.00
29.8000      198.00
29.8200      207.00
29.8400      188.00
29.8600      205.00
29.8800      201.00
29.9000      194.00
29.9200      210.00
29.9400      243.00
29.9600      266.00
29.9800      210.00
30.0000      289.00
30.0200      280.00
30.0400      294.00
30.0600      318.00
30.0800      347.00
30.1000      312.00
30.1200      296.00
30.1400      336.00
30.1600      298.00
30.1800      318.00
30.2000      321.00
30.2200      335.00
30.2400      315.00
30.2600      342.00
30.2800      270.00
30.3000      300.00
30.3200      262.00
30.3400      265.00
30.3600      247.00
30.3800      260.00
30.4000      252.00
30.4200      182.00
30.4400      236.00
30.4600      235.00
30.4800      203.00
30.5000      196.00
30.5200      192.00
30.5400      198.00
30.5600      213.00
30.5800      190.00
30.6000      221.00
30.6200      242.00
30.6400      212.00
30.6600      206.00
30.6800      214.00
30.7000      204.00
30.7200      217.00
30.7400      245.00
30.7600      194.00
30.7800      205.00
30.8000      206.00
30.8200      199.00
30.8400      214.00
30.8600      176.00
30.8800      193.00
30.9000      191.00
30.9200      218.00
30.9400      219.00
30.9600      201.00
30.9800      191.00
31.0000      231.00
31.0200      185.00
31.0400      218.00
31.0600      193.00
31.0800      190.00
31.1000      191.00
31.1200      183.00
31.1400      172.00
31.1600      157.00
31.1800      178.00
31.2000      168.00
31.2200      153.00
31.2400      169.00
31.2600      168.00
31.2800      145.00
31.3000      178.00
31.3200      147.00
31.3400      156.00
31.3600      166.00
31.3800      154.00
31.4000      191.00
31.4200      181.00
31.4400      180.00
31.4600      181.00
31.4800      195.00
31.5000      191.00
31.5200      210.00
31.5400      228.00
31.5600      214.00
31.5800      211.00
31.6000      213.00
31.6200      237.00
31.6400      188.00
31.6600      210.00
31.6800      175.00
31.7000      185.00
31.7200      192.00
31.7400      193.00
31.7600      150.00
31.7800      196.00
31.8000      192.00
31.8200      193.00
31.8400      206.00
31.8600      177.00
31.8800      213.00
31.9000      220.00
31.9200      225.00
31.9400      231.00
31.9600      248.00
31.9800      255.00
32.0000      264.00
32.0200      218.00
32.0400      259.00
32.0600      292.00
32.0800      289.00
32.1000      287.00
32.1200      316.00
32.1400      282.00
32.1600      258.00
32.1800      301.00
32.2000      302.00
32.2200      289.00
32.2400      293.00
32.2600      309.00
32.2800      278.00
32.3000      281.00
32.3200      338.00
32.3400      287.00
32.3600      291.00
32.3800      259.00
32.4000      261.00
32.4200      269.00
32.4400      268.00
32.4600      294.00
32.4800      291.00
32.5000      306.00
32.5200      328.00
32.5400      310.00
32.5600      311.00
32.5800      328.00
32.6000      294.00
32.6200      314.00
32.6400      320.00
32.6600      335.00
32.6800      318.00
32.7000      310.00
32.7200      292.00
32.7400      302.00
32.7600      299.00
32.7800      281.00
32.8000      254.00
32.8200      268.00
32.8400      270.00
32.8600      232.00
32.8800      245.00
32.9000      231.00
32.9200      227.00
32.9400      206.00
32.9600      238.00
32.9800      249.00
33.0000      213.00
33.0200      235.00
33.0400      247.00
33.0600      248.00
33.0800      219.00
33.1000      230.00
33.1200      215.00
33.1400      240.00
33.1600      260.00
33.1800      287.00
33.2000      290.00
33.2200      314.00
33.2400      328.00
33.2600      363.00
33.2800      306.00
33.3000      322.00
33.3200      321.00
33.3400      337.00
33.3600      360.00
33.3800      307.00
33.4000      280.00
33.4200      290.00
33.4400      257.00
33.4600      270.00
33.4800      250.00
33.5000      254.00
33.5200      228.00
33.5400      245.00
33.5600      222.00
33.5800      251.00
33.6000      209.00
33.6200      199.00
33.6400      216.00
33.6600      202.00
33.6800      196.00
33.7000      164.00
33.7200      153.00
33.7400      182.00
33.7600      144.00
33.7800      169.00
33.8000      176.00
33.8200      158.00
33.8400      150.00
33.8600      172.00
33.8800      166.00
33.9000      171.00
33.9200      186.00
33.9400      162.00
33.9600      170.00
33.9800      168.00
34.0000      166.00
34.0200      163.00
34.0400      173.00
34.0600      203.00
34.0800      206.00
34.1000      251.00
34.1200      247.00
34.1400      242.00
34.1600      264.00
34.1800      272.00
34.2000      304.00
34.2200      304.00
34.2400      311.00
34.2600      265.00
34.2800      313.00
34.3000      260.00
34.3200      274.00
34.3400      209.00
34.3600      224.00
34.3800      200.00
34.4000      213.00
34.4200      192.00
34.4400      164.00
34.4600      155.00
34.4800      170.00
34.5000      192.00
34.5200      165.00
34.5400      172.00
34.5600      170.00
34.5800      171.00
34.6000      143.00
34.6200      153.00
34.6400      197.00
34.6600      146.00
34.6800      164.00
34.7000      151.00
34.7200      129.00
34.7400      163.00
34.7600      144.00
34.7800      176.00
34.8000      157.00
34.8200      172.00
34.8400      199.00
34.8600      183.00
34.8800      188.00
34.9000      195.00
34.9200      208.00
34.9400      201.00
34.9600      170.00
34.9800      183.00
35.0000      188.00
