 2.2000      310.00
 2.2200      272.00
 2.2400      282.00
 2.2600      259.00
 2.2800      288.00
 2.3000      309.00
 2.3200      286.00
 2.3400      258.00
 2.3600      267.00
 2.3800      302.00
 2.4000      274.00
 2.4200      256.00
 2.4400      248.00
 2.4600      276.00
 2.4800      292.00
 2.5000      289.00
 2.5200      282.00
 2.5400      238.00
 2.5600      276.00
 2.5800      266.00
 2.6000      265.00
 2.6200      257.00
 2.6400      278.00
 2.6600      272.00
 2.6800      264.00
 2.7000      265.00
 2.7200      276.00
 2.7400      260.00
 2.7600      276.00
 2.7800      280.00
 2.8000      243.00
 2.8200      278.00
 2.8400      228.00
 2.8600      265.00
 2.8800      256.00
 2.9000      264.00
 2.9200      273.00
 2.9400      251.00
 2.9600      279.00
 2.9800      228.00
 3.0000      243.00
 3.0200      249.00
 3.0400      232.00
 3.0600      247.00
 3.0800      233.00
 3.1000      234.00
 3.1200      219.00
 3.1400      243.00
 3.1600      220.00
 3.1800      214.00
 3.2000      222.00
 3.2200      245.00
 3.2400      226.00
 3.2600      217.00
 3.2800      251.00
 3.3000      243.00
 3.3200      219.00
 3.3400      216.00
 3.3600      196.00
 3.3800      222.00
 3.4000      227.00
 3.4200      198.00
 3.4400      240.00
 3.4600      234.00
 3.4800      224.00
 3.5000      202.00
 3.5200      195.00
 3.5400      213.00
 3.5600      203.00
 3.5800      229.00
 3.6000      207.00
 3.6200      214.00
 3.6400      197.00
 3.6600      207.00
 3.6800      193.00
 3.7000      183.00
 3.7200      194.00
 3.7400      198.00
 3.7600      206.00
 3.7800      188.00
 3.8000      199.00
 3.8200      191.00
 3.8400      181.00
 3.8600      176.00
 3.8800      176.00
 3.9000      176.00
 3.9200      191.00
 3.9400      166.00
 3.9600      165.00
 3.9800      200.00
 4.0000      194.00
 4.0200      200.00
 4.0400      172.00
 4.0600      158.00
 4.0800      173.00
 4.1000      186.00
 4.1200      161.00
 4.1400      192.00
 4.1600      159.00
 4.1800      176.00
 4.2000      175.00
 4.2200      183.00
 4.2400      185.00
 4.2600      158.00
 4.2800      174.00
 4.3000      155.00
 4.3200      143.00
 4.3400      165.00
 4.3600      181.00
 4.3800      135.00
 4.4000      163.00
 4.4200      156.00
 4.4400      146.00
 4.4600      157.00
 4.4800      146.00
 4.5000      172.00
 4.5200      149.00
 4.5400      165.00
 4.5600      157.00
 4.5800      137.00
 4.6000      134.00
 4.6200      155.00
 4.6400      145.00
 4.6600      144.00
 4.6800      134.00
 4.7000      138.00
 4.7200      140.00
 4.7400      121.00
 4.7600      128.00
 4.7800      137.00
 4.8000      139.00
 4.8200      130.00
 4.8400      151.00
 4.8600      139.00
 4.8800      145.00
 4.9000      139.00
 4.9200      139.00
 4.9400      146.00
 4.9600      143.00
 4.9800      155.00
 5.0000      152.00
 5.0200      142.00
 5.0400      149.00
 5.0600      134.00
 5.0800      146.00
 5.1000      150.00
 5.1200      132.00
 5.1400      134.00
 5.1600      139.00
 5.1800      155.00
 5.2000      145.00
 5.2200      123.00
 5.2400      140.00
 5.2600      151.00
 5.2800      152.00
 5.3000      163.00
 5.3200      141.00
 5.3400      152.00
 5.3600      151.00
 5.3800      168.00
 5.4000      141.00
 5.4200      140.00
 5.4400      157.00
 5.4600      151.00
 5.4800      153.00
 5.5000      165.00
 5.5200      145.00
 5.5400      151.00
 5.5600      143.00
 5.5800      129.00
 5.6000      150.00
 5.6200      152.00
 5.6400      128.00
 5.6600      129.00
 5.6800      161.00
 5.7000      155.00
 5.7200      159.00
 5.7400      150.00
 5.7600      144.00
 5.7800      146.00
 5.8000      158.00
 5.8200      163.00
 5.8400      157.00
 5.8600      152.00
 5.8800      139.00
 5.9000      159.00
 5.9200      137.00
 5.9400      165.00
 5.9600      157.00
 5.9800      134.00
 6.0000      152.00
 6.0200      157.00
 6.0400      154.00
 6.0600      156.00
 6.0800      145.00
 6.1000      157.00
 6.1200      146.00
 6.1400      146.00
 6.1600      141.00
 6.1800      142.00
 6.2000      134.00
 6.2200      160.00
 6.2400      152.00
 6.2600      151.00
 6.2800      142.00
 6.3000      148.00
 6.3200      139.00
 6.3400      132.00
 6.3600      146.00
 6.3800      155.00
 6.4000      140.00
 6.4200      166.00
 6.4400      160.00
 6.4600      144.00
 6.4800      143.00
 6.5000      168.00
 6.5200      149.00
 6.5400      164.00
 6.5600      155.00
 6.5800      182.00
 6.6000      178.00
 6.6200      169.00
 6.6400      168.00
 6.6600      155.00
 6.6800      161.00
 6.7000      151.00
 6.7200      156.00
 6.7400      172.00
 6.7600      173.00
 6.7800      186.00
 6.8000      183.00
 6.8200      189.00
 6.8400      164.00
 6.8600      183.00
 6.8800      179.00
 6.9000      185.00
 6.9200      191.00
 6.9400      169.00
 6.9600      171.00
 6.9800      182.00
 7.0000      183.00
 7.0200      177.00
 7.0400      182.00
 7.0600      178.00
 7.0800      179.00
 7.1000      173.00
 7.1200      152.00
 7.1400      149.00
 7.1600      151.00
 7.1800      167.00
 7.2000      166.00
 7.2200      146.00
 7.2400      151.00
 7.2600      161.00
 7.2800      145.00
 7.3000      175.00
 7.3200      156.00
 7.3400      164.00
 7.3600      155.00
 7.3800      170.00
 7.4000      144.00
 7.4200      161.00
 7.4400      147.00
 7.4600      157.00
 7.4800      170.00
 7.5000      149.00
 7.5200      195.00
 7.5400      159.00
 7.5600      161.00
 7.5800      143.00
 7.6000      155.00
 7.6200      154.00
 7.6400      171.00
 7.6600      153.00
 7.6800      166.00
 7.7000      168.00
 7.7200      157.00
 7.7400      177.00
 7.7600      149.00
 7.7800      161.00
 7.8000      169.00
 7.8200      164.00
 7.8400      167.00
 7.8600      177.00
 7.8800      155.00
 7.9000      181.00
 7.9200      159.00
 7.9400      180.00
 7.9600      183.00
 7.9800      184.00
 8.0000      162.00
 8.0200      191.00
 8.0400      181.00
 8.0600      167.00
 8.0800      157.00
 8.1000      175.00
 8.1200      168.00
 8.1400      181.00
 8.1600      174.00
 8.1800      185.00
 8.2000      174.00
 8.2200      169.00
 8.2400      184.00
 8.2600      164.00
 8.2800      206.00
 8.3000      152.00
 8.3200      177.00
 8.3400      154.00
 8.3600      180.00
 8.3800      179.00
 8.4000      185.00
 8.4200      197.00
 8.4400      183.00
 8.4600      162.00
 8.4800      184.00
 8.5000      187.00
 8.5200      190.00
 8.5400      188.00
 8.5600      199.00
 8.5800      186.00
 8.6000      201.00
 8.6200      196.00
 8.6400      227.00
 8.6600      174.00
 8.6800      206.00
 8.7000      234.00
 8.7200      178.00
 8.7400      213.00
 8.7600      225.00
 8.7800      223.00
 8.8000      221.00
 8.8200      217.00
 8.8400      218.00
 8.8600      200.00
 8.8800      188.00
 8.9000      206.00
 8.9200      191.00
 8.9400      230.00
 8.9600      182.00
 8.9800      198.00
 9.0000      153.00
 9.0200      173.00
 9.0400      175.00
 9.0600      169.00
 9.0800      169.00
 9.1000      159.00
 9.1200      157.00
 9.1400      170.00
 9.1600      184.00
 9.1800      176.00
 9.2000      163.00
 9.2200      182.00
 9.2400      204.00
 9.2600      184.00
 9.2800      189.00
 9.3000      204.00
 9.3200      176.00
 9.3400      171.00
 9.3600      155.00
 9.3800      182.00
 9.4000      186.00
 9.4200      167.00
 9.4400      183.00
 9.4600      177.00
 9.4800      207.00
 9.5000      172.00
 9.5200      168.00
 9.5400      186.00
 9.5600      184.00
 9.5800      213.00
 9.6000      177.00
 9.6200      176.00
 9.6400      181.00
 9.6600      192.00
 9.6800      185.00
 9.7000      185.00
 9.7200      188.00
 9.7400      183.00
 9.7600      211.00
 9.7800      189.00
 9.8000      203.00
 9.8200      222.00
 9.8400      203.00
 9.8600      222.00
 9.8800      201.00
 9.9000      222.00
 9.9200      217.00
 9.9400      270.00
 9.9600      234.00
 9.9800      235.00
10.0000      241.00
10.0200      226.00
10.0400      236.00
10.0600      222.00
10.0800      226.00
10.1000      238.00
10.1200      214.00
10.1400      207.00
10.1600      223.00
10.1800      214.00
10.2000      220.00
10.2200      186.00
10.2400      209.00
10.2600      190.00
10.2800      201.00
10.3000      217.00
10.3200      198.00
10.3400      204.00
10.3600      197.00
10.3800      202.00
10.4000      183.00
10.4200      192.00
10.4400      206.00
10.4600      216.00
10.4800      219.00
10.5000      210.00
10.5200      237.00
10.5400      220.00
10.5600      209.00
10.5800      213.00
10.6000      213.00
10.6200      234.00
10.6400      237.00
10.6600      234.00
10.6800      231.00
10.7000      262.00
10.7200      255.00
10.7400      285.00
10.7600      277.00
10.7800      297.00
10.8000      298.00
10.8200      319.00
10.8400      354.00
10.8600      348.00
10.8800      421.00
10.9000      458.00
10.9200      431.00
10.9400      483.00
10.9600      506.00
10.9800      562.00
11.0000      609.00
11.0200      638.00
11.0400      709.00
11.0600      688.00
11.0800      697.00
11.1000      664.00
11.1200      717.00
11.1400      700.00
11.1600      661.00
11.1800      660.00
11.2000      701.00
11.2200      693.00
11.2400      673.00
11.2600      705.00
11.2800      645.00
11.3000      647.00
11.3200      636.00
11.3400      526.00
11.3600      468.00
11.3800      422.00
11.4000      365.00
11.4200      395.00
11.4400      329.00
11.4600      303.00
11.4800      279.00
11.5000      272.00
11.5200      250.00
11.5400      279.00
11.5600      238.00
11.5800      275.00
11.6000      269.00
11.6200      244.00
11.6400      255.00
11.6600      250.00
11.6800      274.00
11.7000      240.00
11.7200      284.00
11.7400      256.00
11.7600      304.00
11.7800      298.00
11.8000      331.00
11.8200      290.00
11.8400      337.00
11.8600      362.00
11.8800      355.00
11.9000      379.00
11.9200      441.00
11.9400      454.00
11.9600      514.00
11.9800      546.00
12.0000      620.00
12.0200      697.00
12.0400      702.00
12.0600      761.00
12.0800      763.00
12.1000      796.00
12.1200      814.00
12.1400      798.00
12.1600      780.00
12.1800      732.00
12.2000      764.00
12.2200      661.00
12.2400      625.00
12.2600      635.00
12.2800      556.00
12.3000      534.00
12.3200      544.00
12.3400      547.00
12.3600      593.00
12.3800      639.00
12.4000      702.00
12.4200      757.00
12.4400      730.00
12.4600      835.00
12.4800      964.00
12.5000      957.00
12.5200      925.00
12.5400      880.00
12.5600      923.00
12.5800      811.00
12.6000      758.00
12.6200      675.00
12.6400      578.00
12.6600      527.00
12.6800      502.00
12.7000      390.00
12.7200      333.00
12.7400      327.00
12.7600      299.00
12.7800      281.00
12.8000      255.00
12.8200      229.00
12.8400      226.00
12.8600      247.00
12.8800      217.00
12.9000      254.00
12.9200      243.00
12.9400      231.00
12.9600      246.00
12.9800      234.00
13.0000      241.00
13.0200      246.00
13.0400      240.00
13.0600      255.00
13.0800      247.00
13.1000      242.00
13.1200      240.00
13.1400      264.00
13.1600      232.00
13.1800      245.00
13.2000      230.00
13.2200      257.00
13.2400      227.00
13.2600      253.00
13.2800      224.00
13.3000      242.00
13.3200      238.00
13.3400      216.00
13.3600      223.00
13.3800      244.00
13.4000      225.00
13.4200      219.00
13.4400      224.00
13.4600      243.00
13.4800      244.00
13.5000      221.00
13.5200      229.00
13.5400      234.00
13.5600      250.00
13.5800      227.00
13.6000      262.00
13.6200      262.00
13.6400      257.00
13.6600      243.00
13.6800      281.00
13.7000      265.00
13.7200      254.00
13.7400      263.00
13.7600      253.00
13.7800      259.00
13.8000      244.00
13.8200      288.00
13.8400      282.00
13.8600      280.00
13.8800      344.00
13.9000      290.00
13.9200      311.00
13.9400      353.00
13.9600      373.00
13.9800      419.00
14.0000      448.00
14.0200      526.00
14.0400      580.00
14.0600      710.00
14.0800      757.00
14.1000      821.00
14.1200      864.00
14.1400      993.00
14.1600     1017.00
14.1800     1054.00
14.2000     1067.00
14.2200     1171.00
14.2400     1118.00
14.2600     1062.00
14.2800     1079.00
14.3000     1033.00
14.3200      910.00
14.3400      909.00
14.3600      817.00
14.3800      718.00
14.4000      685.00
14.4200      599.00
14.4400      534.00
14.4600      533.00
14.4800      469.00
14.5000      451.00
14.5200      423.00
14.5400      376.00
14.5600      344.00
14.5800      308.00
14.6000      316.00
14.6200      322.00
14.6400      257.00
14.6600      260.00
14.6800      247.00
14.7000      256.00
14.7200      269.00
14.7400      260.00
14.7600      250.00
14.7800      261.00
14.8000      262.00
14.8200      231.00
14.8400      248.00
14.8600      282.00
14.8800      250.00
14.9000      239.00
14.9200      242.00
14.9400      251.00
14.9600      245.00
14.9800      264.00
15.0000      229.00
15.0200      270.00
15.0400      251.00
15.0600      267.00
15.0800      240.00
15.1000      248.00
15.1200      279.00
15.1400      228.00
15.1600      231.00
15.1800      248.00
15.2000      256.00
15.2200      218.00
15.2400      257.00
15.2600      247.00
15.2800      238.00
15.3000      230.00
15.3200      240.00
15.3400      231.00
15.3600      249.00
15.3800      237.00
15.4000      223.00
15.4200      237.00
15.4400      226.00
15.4600      240.00
15.4800      255.00
15.5000      236.00
15.5200      238.00
15.5400      201.00
15.5600      250.00
15.5800      244.00
15.6000      265.00
15.6200      267.00
15.6400      276.00
15.6600      282.00
15.6800      291.00
15.7000      282.00
15.7200      290.00
15.7400      315.00
15.7600      339.00
15.7800      365.00
15.8000      353.00
15.8200      413.00
15.8400      430.00
15.8600      479.00
15.8800      495.00
15.9000      483.00
15.9200      489.00
15.9400      515.00
15.9600      471.00
15.9800      503.00
16.0000      515.00
16.0200      477.00
16.0400      479.00
16.0600      510.00
16.0800      510.00
16.1000      504.00
16.1200      520.00
16.1400      490.00
16.1600      505.00
16.1800      477.00
16.2000      487.00
16.2200      532.00
16.2400      477.00
16.2600      447.00
16.2800      495.00
16.3000      459.00
16.3200      477.00
16.3400      474.00
16.3600      495.00
16.3800      585.00
16.4000      596.00
16.4200      649.00
16.4400      655.00
16.4600      684.00
16.4800      670.00
16.5000      606.00
16.5200      598.00
16.5400      568.00
16.5600      545.00
16.5800      511.00
16.6000      514.00
16.6200      432.00
16.6400      452.00
16.6600      405.00
16.6800      345.00
16.7000      339.00
16.7200      299.00
16.7400      318.00
16.7600      281.00
16.7800      313.00
16.8000      323.00
16.8200      311.00
16.8400      373.00
16.8600      348.00
16.8800      417.00
16.9000      433.00
16.9200      475.00
16.9400      497.00
16.9600      618.00
16.9800      617.00
17.0000      615.00
17.0200      672.00
17.0400      787.00
17.0600      702.00
17.0800      680.00
17.1000      661.00
17.1200      674.00
17.1400      658.00
17.1600      618.00
17.1800      604.00
17.2000      640.00
17.2200      618.00
17.2400      647.00
17.2600      684.00
17.2800      706.00
17.3000      801.00
17.3200      853.00
17.3400      963.00
17.3600     1065.00
17.3800     1181.00
17.4000     1427.00
17.4200     1507.00
17.4400     1738.00
17.4600     1937.00
17.4800     2047.00
17.5000     2249.00
17.5200     2371.00
17.5400     2301.00
17.5600     2420.00
17.5800     2385.00
17.6000     2425.00
17.6200     2202.00
17.6400     2092.00
17.6600     1870.00
17.6800     1732.00
17.7000     1592.00
17.7200     1320.00
17.7400     1116.00
17.7600     1008.00
17.7800      843.00
17.8000      798.00
17.8200      705.00
17.8400      598.00
17.8600      583.00
17.8800      553.00
17.9000      521.00
17.9200      485.00
17.9400      419.00
17.9600      449.00
17.9800      423.00
18.0000      409.00
18.0200      408.00
18.0400      377.00
18.0600      367.00
18.0800      371.00
18.1000      356.00
18.1200      331.00
18.1400      368.00
18.1600      369.00
18.1800      392.00
18.2000      380.00
18.2200      448.00
18.2400      574.00
18.2600      551.00
18.2800      688.00
18.3000      688.00
18.3200      860.00
18.3400      896.00
18.3600      959.00
18.3800     1015.00
18.4000     1071.00
18.4200     1091.00
18.4400     1008.00
18.4600      989.00
18.4800      978.00
18.5000      855.00
18.5200      790.00
18.5400      727.00
18.5600      700.00
18.5800      575.00
18.6000      551.00
18.6200      498.00
18.6400      488.00
18.6600      462.00
18.6800      463.00
18.7000      447.00
18.7200      405.00
18.7400      446.00
18.7600      444.00
18.7800      437.00
18.8000      431.00
18.8200      445.00
18.8400      422.00
18.8600      420.00
18.8800      397.00
18.9000      405.00
18.9200      388.00
18.9400      416.00
18.9600      361.00
18.9800      384.00
19.0000      424.00
19.0200      394.00
19.0400      416.00
19.0600      409.00
19.0800      442.00
19.1000      472.00
19.1200      410.00
19.1400      462.00
19.1600      465.00
19.1800      450.00
19.2000      441.00
19.2200      470.00
19.2400      457.00
19.2600      456.00
19.2800      430.00
19.3000      457.00
19.3200      423.00
19.3400      459.00
19.3600      443.00
19.3800      479.00
19.4000      500.00
19.4200      591.00
19.4400      618.00
19.4600      692.00
19.4800      919.00
19.5000      978.00
19.5200     1127.00
19.5400     1304.00
19.5600     1443.00
19.5800     1701.00
19.6000     1779.00
19.6200     1926.00
19.6400     1978.00
19.6600     1982.00
19.6800     2002.00
19.7000     2054.00
19.7200     1773.00
19.7400     1699.00
19.7600     1552.00
19.7800     1393.00
19.8000     1250.00
19.8200     1077.00
19.8400      937.00
19.8600      874.00
19.8800      763.00
19.9000      636.00
19.9200      584.00
19.9400      525.00
19.9600      461.00
19.9800      425.00
20.0000      403.00
20.0200      349.00
20.0400      405.00
20.0600      329.00
20.0800      380.00
20.1000      327.00
20.1200      344.00
20.1400      332.00
20.1600      322.00
20.1800      331.00
20.2000      354.00
20.2200      306.00
20.2400      309.00
20.2600      351.00
20.2800      321.00
20.3000      327.00
20.3200      355.00
20.3400      325.00
20.3600      360.00
20.3800      314.00
20.4000      330.00
20.4200      391.00
20.4400      380.00
20.4600      407.00
20.4800      499.00
20.5000      508.00
20.5200      516.00
20.5400      606.00
20.5600      680.00
20.5800      767.00
20.6000      806.00
20.6200      873.00
20.6400      933.00
20.6600      964.00
20.6800      965.00
20.7000     1030.00
20.7200      981.00
20.7400     1030.00
20.7600     1118.00
20.7800     1159.00
20.8000     1219.00
20.8200     1306.00
20.8400     1532.00
20.8600     1594.00
20.8800     1821.00
20.9000     2152.00
20.9200     2308.00
20.9400     2615.00
20.9600     2835.00
20.9800     3097.00
21.0000     3329.00
21.0200     3399.00
21.0400     3431.00
21.0600     3320.00
21.0800     3176.00
21.1000     2883.00
21.1200     2667.00
21.1400     2399.00
21.1600     2077.00
21.1800     1740.00
21.2000     1432.00
21.2200     1279.00
21.2400     1043.00
21.2600      879.00
21.2800      719.00
21.3000      616.00
21.3200      548.00
21.3400      453.00
21.3600      423.00
21.3800      401.00
21.4000      329.00
21.4200      344.00
21.4400      320.00
21.4600      318.00
21.4800      313.00
21.5000      281.00
21.5200      277.00
21.5400      332.00
21.5600      332.00
21.5800      259.00
21.6000      237.00
21.6200      293.00
21.6400      265.00
21.6600      263.00
21.6800      279.00
21.7000      263.00
21.7200      293.00
21.7400      303.00
21.7600      280.00
21.7800      251.00
21.8000      295.00
21.8200      256.00
21.8400      291.00
21.8600      305.00
21.8800      320.00
21.9000      304.00
21.9200      290.00
21.9400      293.00
21.9600      294.00
21.9800      334.00
22.0000      341.00
22.0200      354.00
22.0400      346.00
22.0600      386.00
22.0800      411.00
22.1000      422.00
22.1200      439.00
22.1400      494.00
22.1600      471.00
22.1800      500.00
22.2000      568.00
22.2200      540.00
22.2400      619.00
22.2600      626.00
22.2800      638.00
22.3000      736.00
22.3200      716.00
22.3400      716.00
22.3600      760.00
22.3800      740.00
22.4000      708.00
22.4200      808.00
22.4400      848.00
22.4600      851.00
22.4800      926.00
22.5000     1046.00
22.5200     1091.00
22.5400     1192.00
22.5600     1249.00
22.5800     1288.00
22.6000     1300.00
22.6200     1252.00
22.6400     1249.00
22.6600     1190.00
22.6800     1171.00
22.7000     1029.00
22.7200      989.00
22.7400      919.00
22.7600      785.00
22.7800      755.00
22.8000      674.00
22.8200      703.00
22.8400      653.00
22.8600      622.00
22.8800      632.00
22.9000      642.00
22.9200      657.00
22.9400      695.00
22.9600      773.00
22.9800      765.00
23.0000      876.00
23.0200      895.00
23.0400      974.00
23.0600      938.00
23.0800     1003.00
23.1000      988.00
23.1200      971.00
23.1400      994.00
23.1600      872.00
23.1800      863.00
23.2000      904.00
23.2200      827.00
23.2400      890.00
23.2600      878.00
23.2800      849.00
23.3000      813.00
23.3200      823.00
23.3400      892.00
23.3600      914.00
23.3800      970.00
23.4000      907.00
23.4200      908.00
23.4400      869.00
23.4600      852.00
23.4800      839.00
23.5000      755.00
23.5200      704.00
23.5400      622.00
23.5600      636.00
23.5800      511.00
23.6000      475.00
23.6200      387.00
23.6400      393.00
23.6600      355.00
23.6800      345.00
23.7000      367.00
23.7200      323.00
23.7400      348.00
23.7600      338.00
23.7800      402.00
23.8000      380.00
23.8200      400.00
23.8400      406.00
23.8600      442.00
23.8800      533.00
23.9000      513.00
23.9200      597.00
23.9400      565.00
23.9600      680.00
23.9800      729.00
24.0000      773.00
24.0200      837.00
24.0400      837.00
24.0600      882.00
24.0800      877.00
24.1000      927.00
24.1200      913.00
24.1400      850.00
24.1600      892.00
24.1800      795.00
24.2000      854.00
24.2200      939.00
24.2400      956.00
24.2600     1032.00
24.2800     1121.00
24.3000     1178.00
24.3200     1165.00
24.3400     1306.00
24.3600     1264.00
24.3800     1362.00
24.4000     1330.00
24.4200     1286.00
24.4400     1180.00
24.4600     1100.00
24.4800      980.00
24.5000      845.00
24.5200      786.00
24.5400      687.00
24.5600      618.00
24.5800      531.00
24.6000      476.00
24.6200      468.00
24.6400      400.00
24.6600      409.00
24.6800      416.00
24.7000      430.00
24.7200      470.00
24.7400      507.00
24.7600      552.00
24.7800      600.00
24.8000      666.00
24.8200      725.00
24.8400      831.00
24.8600      931.00
24.8800      908.00
24.9000     1020.00
24.9200      994.00
24.9400     1009.00
24.9600      918.00
24.9800      942.00
25.0000      845.00
25.0200      809.00
25.0400      755.00
25.0600      621.00
25.0800      589.00
25.1000      494.00
25.1200      481.00
25.1400      456.00
25.1600      377.00
25.1800      330.00
25.2000      311.00
25.2200      295.00
25.2400      289.00
25.2600      295.00
25.2800      273.00
25.3000      276.00
25.3200      243.00
25.3400      265.00
25.3600      253.00
25.3800      231.00
25.4000      220.00
25.4200      243.00
25.4400      225.00
25.4600      244.00
25.4800      225.00
25.5000      239.00
25.5200      223.00
25.5400      242.00
25.5600      238.00
25.5800      237.00
25.6000      253.00
25.6200      243.00
25.6400      246.00
25.6600      264.00
25.6800      244.00
25.7000      251.00
25.7200      221.00
25.7400      246.00
25.7600      264.00
25.7800      285.00
25.8000      260.00
25.8200      270.00
25.8400      299.00
25.8600      354.00
25.8800      344.00
25.9000      319.00
25.9200      367.00
25.9400      406.00
25.9600      448.00
25.9800      459.00
26.0000      497.00
26.0200      490.00
26.0400      510.00
26.0600      524.00
26.0800      565.00
26.1000      584.00
26.1200      607.00
26.1400      600.00
26.1600      643.00
26.1800      686.00
26.2000      701.00
26.2200      699.00
26.2400      678.00
26.2600      672.00
26.2800      628.00
26.3000      609.00
26.3200      591.00
26.3400      651.00
26.3600      608.00
26.3800      579.00
26.4000      538.00
26.4200      539.00
26.4400      599.00
26.4600      548.00
26.4800      550.00
26.5000      524.00
26.5200      512.00
26.5400      514.00
26.5600      555.00
26.5800      404.00
26.6000      444.00
26.6200      415.00
26.6400      367.00
26.6600      361.00
26.6800      316.00
26.7000      321.00
26.7200      248.00
26.7400      244.00
26.7600      239.00
26.7800      280.00
26.8000      284.00
26.8200      258.00
26.8400      225.00
26.8600      236.00
26.8800      259.00
26.9000      246.00
26.9200      295.00
26.9400      275.00
26.9600      266.00
26.9800      301.00
27.0000      287.00
27.0200      276.00
27.0400      269.00
27.0600      288.00
27.0800      271.00
27.1000      319.00
27.1200      298.00
27.1400      295.00
27.1600      320.00
27.1800      361.00
27.2000      365.00
27.2200      350.00
27.2400      414.00
27.2600      378.00
27.2800      413.00
27.3000      441.00
27.3200      435.00
27.3400      396.00
27.3600      466.00
27.3800      414.00
27.4000      466.00
27.4200      449.00
27.4400      441.00
27.4600      443.00
27.4800      495.00
27.5000      468.00
27.5200      543.00
27.5400      618.00
27.5600      594.00
27.5800      660.00
27.6000      699.00
27.6200      673.00
27.6400      727.00
27.6600      705.00
27.6800      672.00
27.7000      671.00
27.7200      660.00
27.7400      638.00
27.7600      582.00
27.7800      572.00
27.8000      531.00
27.8200      484.00
27.8400      471.00
27.8600      446.00
27.8800      433.00
27.9000      418.00
27.9200      376.00
27.9400      403.00
27.9600      371.00
27.9800      361.00
28.0000      338.00
28.0200      344.00
28.0400      352.00
28.0600      320.00
28.0800      334.00
28.1000      322.00
28.1200      311.00
28.1400      292.00
28.1600      300.00
28.1800      314.00
28.2000      328.00
28.2200      340.00
28.2400      376.00
28.2600      425.00
28.2800      497.00
28.3000      525.00
28.3200      592.00
28.3400      639.00
28.3600      767.00
28.3800      853.00
28.4000     1053.00
28.4200     1173.00
28.4400     1161.00
28.4600     1219.00
28.4800     1228.00
28.5000     1305.00
28.5200     1322.00
28.5400     1295.00
28.5600     1171.00
28.5800     1158.00
28.6000     1068.00
28.6200      995.00
28.6400     1028.00
28.6600      946.00
28.6800      813.00
28.7000      792.00
28.7200      683.00
28.7400      619.00
28.7600      584.00
28.7800      543.00
28.8000      555.00
28.8200      528.00
28.8400      499.00
28.8600      449.00
28.8800      431.00
28.9000      445.00
28.9200      424.00
28.9400      444.00
28.9600      448.00
28.9800      465.00
29.0000      435.00
29.0200      479.00
29.0400      453.00
29.0600      451.00
29.0800      491.00
29.1000      494.00
29.1200      513.00
29.1400      540.00
29.1600      561.00
29.1800      524.00
29.2000      551.00
29.2200      550.00
29.2400      592.00
29.2600      581.00
29.2800      545.00
29.3000      543.00
29.3200      564.00
29.3400      531.00
29.3600      601.00
29.3800      620.00
29.4000      634.00
29.4200      661.00
29.4400      656.00
29.4600      609.00
29.4800      667.00
29.5000      650.00
29.5200      547.00
29.5400      557.00
29.5600      488.00
29.5800      500.00
29.6000      436.00
29.6200      401.00
29.6400      376.00
29.6600      333.00
29.6800      272.00
29.7000      284.00
29.7200      267.00
29.7400      261.00
29.7600      229.00
29.7800      232.00
29.8000      233.00
29.8200      191.00
29.8400      214.00
29.8600      229.00
29.8800      220.00
29.9000      244.00
29.9200      259.00
29.9400      259.00
29.9600      296.00
29.9800      344.00
30.0000      331.00
30.0200      341.00
30.0400      358.00
30.0600      413.00
30.0800      415.00
30.1000      427.00
30.1200      470.00
30.1400      421.00
30.1600      427.00
30.1800      470.00
30.2000      439.00
30.2200      401.00
30.2400      457.00
30.2600      420.00
30.2800      370.00
30.3000      378.00
30.3200      383.00
30.3400      349.00
30.3600      298.00
30.3800      321.00
30.4000      325.00
30.4200      318.00
30.4400      274.00
30.4600      288.00
30.4800      263.00
30.5000      261.00
30.5200      292.00
30.5400      252.00
30.5600      264.00
30.5800      267.00
30.6000      245.00
30.6200      283.00
30.6400      267.00
30.6600      265.00
30.6800      266.00
30.7000      305.00
30.7200      269.00
30.7400      261.00
30.7600      253.00
30.7800      245.00
30.8000      258.00
30.8200      243.00
30.8400      256.00
30.8600      227.00
30.8800      231.00
30.9000      218.00
30.9200      235.00
30.9400      237.00
30.9600      256.00
30.9800      245.00
31.0000      241.00
31.0200      254.00
31.0400      221.00
31.0600      210.00
31.0800      244.00
31.1000      210.00
31.1200      217.00
31.1400      198.00
31.1600      206.00
31.1800      215.00
31.2000      195.00
31.2200      188.00
31.2400      195.00
31.2600      213.00
31.2800      193.00
31.3000      182.00
31.3200      204.00
31.3400      191.00
31.3600      196.00
31.3800      185.00
31.4000      203.00
31.4200      217.00
31.4400      218.00
31.4600      220.00
31.4800      228.00
31.5000      215.00
31.5200      208.00
31.5400      261.00
31.5600      255.00
31.5800      266.00
31.6000      266.00
31.6200      238.00
31.6400      237.00
31.6600      240.00
31.6800      238.00
31.7000      232.00
31.7200      224.00
31.7400      224.00
31.7600      205.00
31.7800      217.00
31.8000      209.00
31.8200      216.00
31.8400      225.00
31.8600      241.00
31.8800      196.00
31.9000      249.00
31.9200      267.00
31.9400      276.00
31.9600      279.00
31.9800      306.00
32.0000      287.00
32.0200      301.00
32.0400      322.00
32.0600      318.00
32.0800      325.00
32.1000      343.00
32.1200      364.00
32.1400      368.00
32.1600      360.00
32.1800      337.00
32.2000      345.00
32.2200      342.00
32.2400      352.00
32.2600      337.00
32.2800      306.00
32.3000      346.00
32.3200      342.00
32.3400      349.00
32.3600      354.00
32.3800      350.00
32.4000      333.00
32.4200      342.00
32.4400      364.00
32.4600      363.00
32.4800      339.00
32.5000      388.00
32.5200      459.00
32.5400      414.00
32.5600      429.00
32.5800      418.00
32.6000      428.00
32.6200      450.00
32.6400      394.00
32.6600      422.00
32.6800      401.00
32.7000      351.00
32.7200      374.00
32.7400      359.00
32.7600      356.00
32.7800      303.00
32.8000      306.00
32.8200      323.00
32.8400      294.00
32.8600      298.00
32.8800      299.00
32.9000      265.00
32.9200      286.00
32.9400      310.00
32.9600      279.00
32.9800      303.00
33.0000      316.00
33.0200      268.00
33.0400      280.00
33.0600      260.00
33.0800      257.00
33.1000      300.00
33.1200      298.00
33.1400      294.00
33.1600      344.00
33.1800      327.00
33.2000      386.00
33.2200      386.00
33.2400      404.00
33.2600      403.00
33.2800      417.00
33.3000      425.00
33.3200      434.00
33.3400      437.00
33.3600      416.00
33.3800      371.00
33.4000      375.00
33.4200      380.00
33.4400      376.00
33.4600      355.00
33.4800      341.00
33.5000      319.00
33.5200      304.00
33.5400      261.00
33.5600      287.00
33.5800      262.00
33.6000      225.00
33.6200      231.00
33.6400      211.00
33.6600      219.00
33.6800      227.00
33.7000      191.00
33.7200      180.00
33.7400      198.00
33.7600      202.00
33.7800      177.00
33.8000      189.00
33.8200      169.00
33.8400      174.00
33.8600      174.00
33.8800      161.00
33.9000      193.00
33.9200      182.00
33.9400      186.00
33.9600      195.00
33.9800      201.00
34.0000      201.00
34.0200      239.00
34.0400      252.00
34.0600      240.00
34.0800      244.00
34.1000      295.00
34.1200      318.00
34.1400      335.00
34.1600      363.00
34.1800      371.00
34.2000      325.00
34.2200      369.00
34.2400      352.00
34.2600      323.00
34.2800      300.00
34.3000      290.00
34.3200      295.00
34.3400      270.00
34.3600      245.00
34.3800      211.00
34.4000      215.00
34.4200      219.00
34.4400      193.00
34.4600      190.00
34.4800      180.00
34.5000      183.00
34.5200      187.00
34.5400      176.00
34.5600      181.00
34.5800      190.00
34.6000      152.00
34.6200      200.00
34.6400      201.00
34.6600      164.00
34.6800      204.00
34.7000      199.00
34.7200      177.00
34.7400      184.00
34.7600      185.00
34.7800      201.00
34.8000      179.00
34.8200      189.00
34.8400      228.00
34.8600      184.00
34.8800      203.00
34.9000      199.00
34.9200      179.00
34.9400      212.00
34.9600      193.00
34.9800      209.00
35.0000      242.00
