 2.2000      362.00
 2.2200      334.00
 2.2400      337.00
 2.2600      312.00
 2.2800      325.00
 2.3000      325.00
 2.3200      359.00
 2.3400      298.00
 2.3600      298.00
 2.3800      314.00
 2.4000      302.00
 2.4200      339.00
 2.4400      306.00
 2.4600      295.00
 2.4800      303.00
 2.5000      290.00
 2.5200      295.00
 2.5400      269.00
 2.5600      257.00
 2.5800      294.00
 2.6000      266.00
 2.6200      290.00
 2.6400      305.00
 2.6600      271.00
 2.6800      264.00
 2.7000      289.00
 2.7200      273.00
 2.7400      269.00
 2.7600      253.00
 2.7800      287.00
 2.8000      277.00
 2.8200      265.00
 2.8400      287.00
 2.8600      274.00
 2.8800      228.00
 2.9000      284.00
 2.9200      252.00
 2.9400      252.00
 2.9600      278.00
 2.9800      242.00
 3.0000      254.00
 3.0200      257.00
 3.0400      251.00
 3.0600      240.00
 3.0800      254.00
 3.1000      282.00
 3.1200      224.00
 3.1400      272.00
 3.1600      276.00
 3.1800      250.00
 3.2000      232.00
 3.2200      250.00
 3.2400      220.00
 3.2600      233.00
 3.2800      254.00
 3.3000      236.00
 3.3200      221.00
 3.3400      234.00
 3.3600      228.00
 3.3800      214.00
 3.4000      218.00
 3.4200      242.00
 3.4400      239.00
 3.4600      199.00
 3.4800      210.00
 3.5000      211.00
 3.5200      214.00
 3.5400      217.00
 3.5600      203.00
 3.5800      201.00
 3.6000      217.00
 3.6200      186.00
 3.6400      217.00
 3.6600      199.00
 3.6800      206.00
 3.7000      205.00
 3.7200      198.00
 3.7400      191.00
 3.7600      180.00
 3.7800      211.00
 3.8000      189.00
 3.8200      200.00
 3.8400      189.00
 3.8600      205.00
 3.8800      197.00
 3.9000      176.00
 3.9200      177.00
 3.9400      163.00
 3.9600      168.00
 3.9800      169.00
 4.0000      182.00
 4.0200      183.00
 4.0400      153.00
 4.0600      184.00
 4.0800      180.00
 4.1000      183.00
 4.1200      191.00
 4.1400      142.00
 4.1600      179.00
 4.1800      174.00
 4.2000      172.00
 4.2200      182.00
 4.2400      155.00
 4.2600      156.00
 4.2800      179.00
 4.3000      147.00
 4.3200      144.00
 4.3400      152.00
 4.3600      146.00
 4.3800      183.00
 4.4000      191.00
 4.4200      168.00
 4.4400      136.00
 4.4600      164.00
 4.4800      140.00
 4.5000      137.00
 4.5200      131.00
 4.5400      137.00
 4.5600      144.00
 4.5800      155.00
 4.6000      131.00
 4.6200      167.00
 4.6400      162.00
 4.6600      139.00
 4.6800      156.00
 4.7000      137.00
 4.7200      129.00
 4.7400      146.00
 4.7600      149.00
 4.7800      146.00
 4.8000      146.00
 4.8200      122.00
 4.8400      125.00
 4.8600      142.00
 4.8800      139.00
 4.9000      148.00
 4.9200      137.00
 4.9400      136.00
 4.9600      173.00
 4.9800      153.00
 5.0000      147.00
 5.0200      155.00
 5.0400      133.00
 5.0600      147.00
 5.0800      129.00
 5.1000      148.00
 5.1200      130.00
 5.1400      138.00
 5.1600      154.00
 5.1800      132.00
 5.2000      128.00
 5.2200      145.00
 5.2400      143.00
 5.2600      165.00
 5.2800      150.00
 5.3000      149.00
 5.3200      131.00
 5.3400      142.00
 5.3600      142.00
 5.3800      151.00
 5.4000      139.00
 5.4200      137.00
 5.4400      127.00
 5.4600      157.00
 5.4800      136.00
 5.5000      152.00
 5.5200      157.00
 5.5400      135.00
 5.5600      150.00
 5.5800      135.00
 5.6000      149.00
 5.6200      139.00
 5.6400      143.00
 5.6600      155.00
 5.6800      151.00
 5.7000      152.00
 5.7200      138.00
 5.7400      143.00
 5.7600      153.00
 5.7800      148.00
 5.8000      140.00
 5.8200      126.00
 5.8400      127.00
 5.8600      123.00
 5.8800      155.00
 5.9000      134.00
 5.9200      166.00
 5.9400      130.00
 5.9600      144.00
 5.9800      153.00
 6.0000      145.00
 6.0200      150.00
 6.0400      144.00
 6.0600      126.00
 6.0800      123.00
 6.1000      150.00
 6.1200      148.00
 6.1400      143.00
 6.1600      137.00
 6.1800      133.00
 6.2000      152.00
 6.2200      138.00
 6.2400      133.00
 6.2600      131.00
 6.2800      152.00
 6.3000      132.00
 6.3200      154.00
 6.3400      160.00
 6.3600      150.00
 6.3800      150.00
 6.4000      144.00
 6.4200      132.00
 6.4400      154.00
 6.4600      155.00
 6.4800      134.00
 6.5000      176.00
 6.5200      147.00
 6.5400      150.00
 6.5600      148.00
 6.5800      137.00
 6.6000      143.00
 6.6200      156.00
 6.6400      132.00
 6.6600      141.00
 6.6800      177.00
 6.7000      150.00
 6.7200      138.00
 6.7400      177.00
 6.7600      142.00
 6.7800      154.00
 6.8000      174.00
 6.8200      157.00
 6.8400      175.00
 6.8600      164.00
 6.8800      169.00
 6.9000      144.00
 6.9200      156.00
 6.9400      154.00
 6.9600      182.00
 6.9800      181.00
 7.0000      160.00
 7.0200      156.00
 7.0400      133.00
 7.0600      149.00
 7.0800      145.00
 7.1000      155.00
 7.1200      161.00
 7.1400      147.00
 7.1600      157.00
 7.1800      149.00
 7.2000      137.00
 7.2200      156.00
 7.2400      164.00
 7.2600      162.00
 7.2800      149.00
 7.3000      134.00
 7.3200      191.00
 7.3400      140.00
 7.3600      147.00
 7.3800      149.00
 7.4000      120.00
 7.4200      128.00
 7.4400      142.00
 7.4600      149.00
 7.4800      152.00
 7.5000      137.00
 7.5200      154.00
 7.5400      150.00
 7.5600      164.00
 7.5800      144.00
 7.6000      174.00
 7.6200      152.00
 7.6400      168.00
 7.6600      160.00
 7.6800      151.00
 7.7000      146.00
 7.7200      151.00
 7.7400      124.00
 7.7600      158.00
 7.7800      148.00
 7.8000      135.00
 7.8200      164.00
 7.8400      142.00
 7.8600      154.00
 7.8800      175.00
 7.9000      155.00
 7.9200      136.00
 7.9400      159.00
 7.9600      144.00
 7.9800      159.00
 8.0000      154.00
 8.0200      159.00
 8.0400      148.00
 8.0600      162.00
 8.0800      141.00
 8.1000      161.00
 8.1200      153.00
 8.1400      154.00
 8.1600      149.00
 8.1800      149.00
 8.2000      155.00
 8.2200      136.00
 8.2400      149.00
 8.2600      179.00
 8.2800      170.00
 8.3000      130.00
 8.3200      175.00
 8.3400      146.00
 8.3600      157.00
 8.3800      157.00
 8.4000      168.00
 8.4200      153.00
 8.4400      143.00
 8.4600      175.00
 8.4800      154.00
 8.5000      197.00
 8.5200      142.00
 8.5400      164.00
 8.5600      178.00
 8.5800      170.00
 8.6000      155.00
 8.6200      170.00
 8.6400      162.00
 8.6600      152.00
 8.6800      163.00
 8.7000      192.00
 8.7200      203.00
 8.7400      190.00
 8.7600      202.00
 8.7800      172.00
 8.8000      193.00
 8.8200      183.00
 8.8400      182.00
 8.8600      207.00
 8.8800      217.00
 8.9000      179.00
 8.9200      201.00
 8.9400      155.00
 8.9600      190.00
 8.9800      158.00
 9.0000      165.00
 9.0200      167.00
 9.0400      165.00
 9.0600      153.00
 9.0800      171.00
 9.1000      169.00
 9.1200      155.00
 9.1400      174.00
 9.1600      175.00
 9.1800      173.00
 9.2000      143.00
 9.2200      197.00
 9.2400      166.00
 9.2600      177.00
 9.2800      137.00
 9.3000      164.00
 9.3200      153.00
 9.3400      167.00
 9.3600      147.00
 9.3800      162.00
 9.4000      152.00
 9.4200      138.00
 9.4400      170.00
 9.4600      157.00
 9.4800      155.00
 9.5000      150.00
 9.5200      169.00
 9.5400      180.00
 9.5600      165.00
 9.5800      155.00
 9.6000      182.00
 9.6200      152.00
 9.6400      145.00
 9.6600      164.00
 9.6800      175.00
 9.7000      186.00
 9.7200      149.00
 9.7400      175.00
 9.7600      167.00
 9.7800      156.00
 9.8000      189.00
 9.8200      181.00
 9.8400      191.00
 9.8600      212.00
 9.8800      188.00
 9.9000      205.00
 9.9200      177.00
 9.9400      181.00
 9.9600      198.00
 9.9800      197.00
10.0000      189.00
10.0200      201.00
10.0400      206.00
10.0600      185.00
10.0800      201.00
10.1000      206.00
10.1200      199.00
10.1400      193.00
10.1600      194.00
10.1800      159.00
10.2000      172.00
10.2200      155.00
10.2400      162.00
10.2600      162.00
10.2800      187.00
10.3000      184.00
10.3200      182.00
10.3400      156.00
10.3600      214.00
10.3800      181.00
10.4000      200.00
10.4200      172.00
10.4400      165.00
10.4600      169.00
10.4800      153.00
10.5000      182.00
10.5200      172.00
10.5400      203.00
10.5600      181.00
10.5800      181.00
10.6000      186.00
10.6200      187.00
10.6400      183.00
10.6600      206.00
10.6800      207.00
10.7000      217.00
10.7200      217.00
10.7400      194.00
10.7600      248.00
10.7800      244.00
10.8000      252.00
10.8200      237.00
10.8400      266.00
10.8600      288.00
10.8800      297.00
10.9000      332.00
10.9200      346.00
10.9400      341.00
10.9600      408.00
10.9800      416.00
11.0000      459.00
11.0200      536.00
11.0400      569.00
11.0600      525.00
11.0800      597.00
11.1000      595.00
11.1200      517.00
11.1400      557.00
11.1600      564.00
11.1800      528.00
11.2000      561.00
11.2200      522.00
11.2400      539.00
11.2600      578.00
11.2800      499.00
11.3000      544.00
11.3200      491.00
11.3400      507.00
11.3600      465.00
11.3800      439.00
11.4000      347.00
11.4200      320.00
11.4400      328.00
11.4600      266.00
11.4800      244.00
11.5000      234.00
11.5200      218.00
11.5400      250.00
11.5600      231.00
11.5800      191.00
11.6000      210.00
11.6200      198.00
11.6400      249.00
11.6600      216.00
11.6800      213.00
11.7000      235.00
11.7200      184.00
11.7400      202.00
11.7600      214.00
11.7800      252.00
11.8000      245.00
11.8200      232.00
11.8400      257.00
11.8600      275.00
11.8800      258.00
11.9000      291.00
11.9200      332.00
11.9400      362.00
11.9600      328.00
11.9800      404.00
12.0000      394.00
12.0200      418.00
12.0400      471.00
12.0600      532.00
12.0800      553.00
12.1000      582.00
12.1200      602.00
12.1400      660.00
12.1600      622.00
12.1800      632.00
12.2000      614.00
12.2200      604.00
12.2400      534.00
12.2600      524.00
12.2800      480.00
12.3000      413.00
12.3200      422.00
12.3400      423.00
12.3600      361.00
12.3800      412.00
12.4000      442.00
12.4200      473.00
12.4400      545.00
12.4600      565.00
12.4800      598.00
12.5000      667.00
12.5200      705.00
12.5400      779.00
12.5600      743.00
12.5800      730.00
12.6000      673.00
12.6200      615.00
12.6400      573.00
12.6600      513.00
12.6800      422.00
12.7000      359.00
12.7200      331.00
12.7400      269.00
12.7600      228.00
12.7800      226.00
12.8000      208.00
12.8200      204.00
12.8400      205.00
12.8600      206.00
12.8800      217.00
12.9000      190.00
12.9200      200.00
12.9400      183.00
12.9600      224.00
12.9800      182.00
13.0000      191.00
13.0200      181.00
13.0400      204.00
13.0600      219.00
13.0800      193.00
13.1000      214.00
13.1200      187.00
13.1400      191.00
13.1600      196.00
13.1800      231.00
13.2000      246.00
13.2200      214.00
13.2400      203.00
13.2600      189.00
13.2800      193.00
13.3000      204.00
13.3200      204.00
13.3400      185.00
13.3600      188.00
13.3800      168.00
13.4000      208.00
13.4200      214.00
13.4400      183.00
13.4600      178.00
13.4800      222.00
13.5000      198.00
13.5200      184.00
13.5400      196.00
13.5600      197.00
13.5800      221.00
13.6000      204.00
13.6200      200.00
13.6400      174.00
13.6600      217.00
13.6800      187.00
13.7000      188.00
13.7200      236.00
13.7400      209.00
13.7600      205.00
13.7800      250.00
13.8000      237.00
13.8200      190.00
13.8400      258.00
13.8600      239.00
13.8800      252.00
13.9000      229.00
13.9200      261.00
13.9400      256.00
13.9600      282.00
13.9800      290.00
14.0000      318.00
14.0200      358.00
14.0400      348.00
14.0600      422.00
14.0800      469.00
14.1000      551.00
14.1200      617.00
14.1400      629.00
14.1600      720.00
14.1800      762.00
14.2000      830.00
14.2200      896.00
14.2400      853.00
14.2600      896.00
14.2800      869.00
14.3000      874.00
14.3200      804.00
14.3400      752.00
14.3600      684.00
14.3800      655.00
14.4000      569.00
14.4200      519.00
14.4400      445.00
14.4600      466.00
14.4800      435.00
14.5000      370.00
14.5200      342.00
14.5400      279.00
14.5600      276.00
14.5800      222.00
14.6000      223.00
14.6200      220.00
14.6400      201.00
14.6600      185.00
14.6800      188.00
14.7000      229.00
14.7200      225.00
14.7400      187.00
14.7600      225.00
14.7800      209.00
14.8000      203.00
14.8200      196.00
14.8400      185.00
14.8600      199.00
14.8800      236.00
14.9000      197.00
14.9200      182.00
14.9400      213.00
14.9600      236.00
14.9800      219.00
15.0000      210.00
15.0200      208.00
15.0400      206.00
15.0600      224.00
15.0800      198.00
15.1000      204.00
15.1200      207.00
15.1400      188.00
15.1600      181.00
15.1800      183.00
15.2000      189.00
15.2200      184.00
15.2400      200.00
15.2600      187.00
15.2800      179.00
15.3000      207.00
15.3200      199.00
15.3400      205.00
15.3600      184.00
15.3800      202.00
15.4000      172.00
15.4200      215.00
15.4400      160.00
15.4600      191.00
15.4800      200.00
15.5000      201.00
15.5200      204.00
15.5400      201.00
15.5600      196.00
15.5800      204.00
15.6000      197.00
15.6200      206.00
15.6400      206.00
15.6600      207.00
15.6800      208.00
15.7000      217.00
15.7200      232.00
15.7400      262.00
15.7600      242.00
15.7800      231.00
15.8000      250.00
15.8200      318.00
15.8400      333.00
15.8600      315.00
15.8800      378.00
15.9000      417.00
15.9200      363.00
15.9400      430.00
15.9600      420.00
15.9800      429.00
16.0000      432.00
16.0200      409.00
16.0400      413.00
16.0600      348.00
16.0800      436.00
16.1000      367.00
16.1200      354.00
16.1400      379.00
16.1600      419.00
16.1800      407.00
16.2000      368.00
16.2200      391.00
16.2400      420.00
16.2600      431.00
16.2800      394.00
16.3000      387.00
16.3200      384.00
16.3400      395.00
16.3600      388.00
16.3800      390.00
16.4000      431.00
16.4200      462.00
16.4400      446.00
16.4600      489.00
16.4800      531.00
16.5000      532.00
16.5200      540.00
16.5400      527.00
16.5600      540.00
16.5800      496.00
16.6000      445.00
16.6200      430.00
16.6400      369.00
16.6600      327.00
16.6800      284.00
16.7000      257.00
16.7200      288.00
16.7400      237.00
16.7600      240.00
16.7800      239.00
16.8000      255.00
16.8200      242.00
16.8400      256.00
16.8600      265.00
16.8800      289.00
16.9000      251.00
16.9200      322.00
16.9400      336.00
16.9600      399.00
16.9800      414.00
17.0000      429.00
17.0200      499.00
17.0400      508.00
17.0600      536.00
17.0800      559.00
17.1000      562.00
17.1200      612.00
17.1400      580.00
17.1600      563.00
17.1800      524.00
17.2000      551.00
17.2200      490.00
17.2400      460.00
17.2600      492.00
17.2800      486.00
17.3000      535.00
17.3200      567.00
17.3400      642.00
17.3600      676.00
17.3800      795.00
17.4000      978.00
17.4200     1106.00
17.4400     1237.00
17.4600     1345.00
17.4800     1481.00
17.5000     1719.00
17.5200     1836.00
17.5400     1918.00
17.5600     2137.00
17.5800     2174.00
17.6000     2148.00
17.6200     2005.00
17.6400     1945.00
17.6600     1908.00
17.6800     1631.00
17.7000     1454.00
17.7200     1229.00
17.7400     1075.00
17.7600      913.00
17.7800      730.00
17.8000      617.00
17.8200      554.00
17.8400      453.00
17.8600      433.00
17.8800      408.00
17.9000      407.00
17.9200      401.00
17.9400      379.00
17.9600      361.00
17.9800      339.00
18.0000      351.00
18.0200      326.00
18.0400      295.00
18.0600      287.00
18.0800      273.00
18.1000      294.00
18.1200      258.00
18.1400      264.00
18.1600      260.00
18.1800      256.00
18.2000      292.00
18.2200      319.00
18.2400      312.00
18.2600      412.00
18.2800      458.00
18.3000      462.00
18.3200      548.00
18.3400      629.00
18.3600      655.00
18.3800      703.00
18.4000      796.00
18.4200      867.00
18.4400      898.00
18.4600      846.00
18.4800      866.00
18.5000      771.00
18.5200      705.00
18.5400      647.00
18.5600      611.00
18.5800      561.00
18.6000      454.00
18.6200      426.00
18.6400      360.00
18.6600      337.00
18.6800      332.00
18.7000      293.00
18.7200      320.00
18.7400      348.00
18.7600      333.00
18.7800      342.00
18.8000      331.00
18.8200      363.00
18.8400      349.00
18.8600      338.00
18.8800      311.00
18.9000      311.00
18.9200      319.00
18.9400      292.00
18.9600      308.00
18.9800      265.00
19.0000      324.00
19.0200      333.00
19.0400      301.00
19.0600      310.00
19.0800      351.00
19.1000      309.00
19.1200      337.00
19.1400      365.00
19.1600      395.00
19.1800      380.00
19.2000      402.00
19.2200      363.00
19.2400      385.00
19.2600      347.00
19.2800      333.00
19.3000      347.00
19.3200      355.00
19.3400      337.00
19.3600      322.00
19.3800      340.00
19.4000      385.00
19.4200      400.00
19.4400      404.00
19.4600      453.00
19.4800      492.00
19.5000      611.00
19.5200      718.00
19.5400      843.00
19.5600     1051.00
19.5800     1188.00
19.6000     1301.00
19.6200     1428.00
19.6400     1588.00
19.6600     1629.00
19.6800     1688.00
19.7000     1724.00
19.7200     1602.00
19.7400     1539.00
19.7600     1459.00
19.7800     1254.00
19.8000     1155.00
19.8200     1025.00
19.8400      876.00
19.8600      774.00
19.8800      583.00
19.9000      559.00
19.9200      501.00
19.9400      422.00
19.9600      401.00
19.9800      370.00
20.0000      347.00
20.0200      348.00
20.0400      317.00
20.0600      300.00
20.0800      289.00
20.1000      288.00
20.1200      272.00
20.1400      257.00
20.1600      283.00
20.1800      253.00
20.2000      299.00
20.2200      264.00
20.2400      229.00
20.2600      253.00
20.2800      264.00
20.3000      273.00
20.3200      268.00
20.3400      271.00
20.3600      261.00
20.3800      269.00
20.4000      281.00
20.4200      337.00
20.4400      275.00
20.4600      360.00
20.4800      336.00
20.5000      372.00
20.5200      387.00
20.5400      427.00
20.5600      521.00
20.5800      538.00
20.6000      640.00
20.6200      672.00
20.6400      733.00
20.6600      775.00
20.6800      842.00
20.7000      887.00
20.7200      941.00
20.7400      943.00
20.7600      989.00
20.7800     1009.00
20.8000      998.00
20.8200     1040.00
20.8400     1107.00
20.8600     1140.00
20.8800     1254.00
20.9000     1426.00
20.9200     1634.00
20.9400     1869.00
20.9600     2075.00
20.9800     2364.00
21.0000     2482.00
21.0200     2727.00
21.0400     2834.00
21.0600     2921.00
21.0800     2839.00
21.1000     2799.00
21.1200     2757.00
21.1400     2346.00
21.1600     2052.00
21.1800     1832.00
21.2000     1492.00
21.2200     1218.00
21.2400      997.00
21.2600      774.00
21.2800      602.00
21.3000      465.00
21.3200      407.00
21.3400      353.00
21.3600      318.00
21.3800      282.00
21.4000      310.00
21.4200      300.00
21.4400      287.00
21.4600      258.00
21.4800      280.00
21.5000      261.00
21.5200      313.00
21.5400      219.00
21.5600      233.00
21.5800      280.00
21.6000      248.00
21.6200      239.00
21.6400      233.00
21.6600      239.00
21.6800      231.00
21.7000      252.00
21.7200      253.00
21.7400      221.00
21.7600      259.00
21.7800      222.00
21.8000      240.00
21.8200      261.00
21.8400      225.00
21.8600      243.00
21.8800      248.00
21.9000      250.00
21.9200      241.00
21.9400      259.00
21.9600      278.00
21.9800      264.00
22.0000      298.00
22.0200      287.00
22.0400      295.00
22.0600      298.00
22.0800      299.00
22.1000      346.00
22.1200      332.00
22.1400      344.00
22.1600      382.00
22.1800      438.00
22.2000      415.00
22.2200      428.00
22.2400      482.00
22.2600      504.00
22.2800      569.00
22.3000      602.00
22.3200      613.00
22.3400      573.00
22.3600      561.00
22.3800      591.00
22.4000      582.00
22.4200      607.00
22.4400      600.00
22.4600      627.00
22.4800      661.00
22.5000      736.00
22.5200      817.00
22.5400      875.00
22.5600     1029.00
22.5800     1087.00
22.6000     1146.00
22.6200     1122.00
22.6400     1219.00
22.6600     1152.00
22.6800     1188.00
22.7000     1056.00
22.7200      954.00
22.7400      812.00
22.7600      762.00
22.7800      691.00
22.8000      544.00
22.8200      576.00
22.8400      535.00
22.8600      524.00
22.8800      492.00
22.9000      520.00
22.9200      527.00
22.9400      601.00
22.9600      561.00
22.9800      649.00
23.0000      612.00
23.0200      684.00
23.0400      715.00
23.0600      763.00
23.0800      796.00
23.1000      798.00
23.1200      832.00
23.1400      885.00
23.1600      817.00
23.1800      833.00
23.2000      771.00
23.2200      794.00
23.2400      656.00
23.2600      648.00
23.2800      640.00
23.3000      657.00
23.3200      688.00
23.3400      679.00
23.3600      754.00
23.3800      729.00
23.4000      774.00
23.4200      749.00
23.4400      776.00
23.4600      763.00
23.4800      702.00
23.5000      751.00
23.5200      618.00
23.5400      543.00
23.5600      456.00
23.5800      421.00
23.6000      402.00
23.6200      353.00
23.6400      324.00
23.6600      304.00
23.6800      291.00
23.7000      287.00
23.7200      278.00
23.7400      261.00
23.7600      294.00
23.7800      357.00
23.8000      346.00
23.8200      302.00
23.8400      357.00
23.8600      331.00
23.8800      364.00
23.9000      395.00
23.9200      434.00
23.9400      462.00
23.9600      499.00
23.9800      573.00
24.0000      568.00
24.0200      662.00
24.0400      716.00
24.0600      740.00
24.0800      775.00
24.1000      850.00
24.1200      823.00
24.1400      857.00
24.1600      803.00
24.1800      807.00
24.2000      742.00
24.2200      787.00
24.2400      774.00
24.2600      805.00
24.2800      901.00
24.3000      938.00
24.3200      993.00
24.3400     1090.00
24.3600     1088.00
24.3800     1146.00
24.4000     1188.00
24.4200     1162.00
24.4400     1066.00
24.4600     1021.00
24.4800      973.00
24.5000      892.00
24.5200      739.00
24.5400      617.00
24.5600      584.00
24.5800      496.00
24.6000      436.00
24.6200      395.00
24.6400      366.00
24.6600      353.00
24.6800      358.00
24.7000      324.00
24.7200      344.00
24.7400      350.00
24.7600      377.00
24.7800      411.00
24.8000      507.00
24.8200      539.00
24.8400      619.00
24.8600      694.00
24.8800      757.00
24.9000      808.00
24.9200      833.00
24.9400      904.00
24.9600      902.00
24.9800      847.00
25.0000      849.00
25.0200      768.00
25.0400      731.00
25.0600      642.00
25.0800      585.00
25.1000      531.00
25.1200      429.00
25.1400      384.00
25.1600      304.00
25.1800      302.00
25.2000      272.00
25.2200      262.00
25.2400      250.00
25.2600      259.00
25.2800      232.00
25.3000      258.00
25.3200      222.00
25.3400      206.00
25.3600      207.00
25.3800      224.00
25.4000      227.00
25.4200      226.00
25.4400      252.00
25.4600      224.00
25.4800      201.00
25.5000      232.00
25.5200      218.00
25.5400      214.00
25.5600      195.00
25.5800      231.00
25.6000      204.00
25.6200      195.00
25.6400      231.00
25.6600      229.00
25.6800      213.00
25.7000      231.00
25.7200      214.00
25.7400      212.00
25.7600      220.00
25.7800      257.00
25.8000      231.00
25.8200      241.00
25.8400      224.00
25.8600      239.00
25.8800      280.00
25.9000      333.00
25.9200      321.00
25.9400      314.00
25.9600      377.00
25.9800      397.00
26.0000      372.00
26.0200      405.00
26.0400      404.00
26.0600      478.00
26.0800      497.00
26.1000      508.00
26.1200      520.00
26.1400      527.00
26.1600      600.00
26.1800      602.00
26.2000      638.00
26.2200      646.00
26.2400      609.00
26.2600      610.00
26.2800      588.00
26.3000      542.00
26.3200      590.00
26.3400      533.00
26.3600      556.00
26.3800      498.00
26.4000      501.00
26.4200      529.00
26.4400      511.00
26.4600      497.00
26.4800      525.00
26.5000      508.00
26.5200      501.00
26.5400      486.00
26.5600      492.00
26.5800      463.00
26.6000      406.00
26.6200      351.00
26.6400      350.00
26.6600      291.00
26.6800      281.00
26.7000      276.00
26.7200      252.00
26.7400      208.00
26.7600      228.00
26.7800      224.00
26.8000      216.00
26.8200      232.00
26.8400      221.00
26.8600      230.00
26.8800      233.00
26.9000      223.00
26.9200      274.00
26.9400      226.00
26.9600      239.00
26.9800      246.00
27.0000      251.00
27.0200      253.00
27.0400      261.00
27.0600      237.00
27.0800      279.00
27.1000      275.00
27.1200      236.00
27.1400      281.00
27.1600      291.00
27.1800      312.00
27.2000      287.00
27.2200      268.00
27.2400      336.00
27.2600      327.00
27.2800      356.00
27.3000      349.00
27.3200      393.00
27.3400      401.00
27.3600      383.00
27.3800      373.00
27.4000      392.00
27.4200      413.00
27.4400      404.00
27.4600      380.00
27.4800      401.00
27.5000      405.00
27.5200      436.00
27.5400      431.00
27.5600      466.00
27.5800      496.00
27.6000      523.00
27.6200      610.00
27.6400      609.00
27.6600      620.00
27.6800      676.00
27.7000      705.00
27.7200      657.00
27.7400      717.00
27.7600      681.00
27.7800      616.00
27.8000      578.00
27.8200      523.00
27.8400      492.00
27.8600      449.00
27.8800      434.00
27.9000      396.00
27.9200      368.00
27.9400      367.00
27.9600      349.00
27.9800      346.00
28.0000      314.00
28.0200      340.00
28.0400      324.00
28.0600      338.00
28.0800      293.00
28.1000      284.00
28.1200      282.00
28.1400      285.00
28.1600      316.00
28.1800      302.00
28.2000      295.00
28.2200      306.00
28.2400      279.00
28.2600      308.00
28.2800      394.00
28.3000      387.00
28.3200      460.00
28.3400      563.00
28.3600      591.00
28.3800      698.00
28.4000      714.00
28.4200      909.00
28.4400      957.00
28.4600     1062.00
28.4800     1117.00
28.5000     1190.00
28.5200     1265.00
28.5400     1222.00
28.5600     1182.00
28.5800     1081.00
28.6000     1056.00
28.6200      964.00
28.6400      899.00
28.6600      782.00
28.6800      728.00
28.7000      680.00
28.7200      643.00
28.7400      656.00
28.7600      574.00
28.7800      528.00
28.8000      508.00
28.8200      482.00
28.8400      471.00
28.8600      450.00
28.8800      406.00
28.9000      395.00
28.9200      419.00
28.9400      368.00
28.9600      409.00
28.9800      417.00
29.0000      342.00
29.0200      409.00
29.0400      399.00
29.0600      402.00
29.0800      406.00
29.1000      469.00
29.1200      445.00
29.1400      454.00
29.1600      551.00
29.1800      491.00
29.2000      510.00
29.2200      511.00
29.2400      542.00
29.2600      551.00
29.2800      493.00
29.3000      510.00
29.3200      492.00
29.3400      497.00
29.3600      537.00
29.3800      513.00
29.4000      560.00
29.4200      603.00
29.4400      595.00
29.4600      595.00
29.4800      581.00
29.5000      616.00
29.5200      570.00
29.5400      554.00
29.5600      544.00
29.5800      479.00
29.6000      437.00
29.6200      397.00
29.6400      337.00
29.6600      337.00
29.6800      288.00
29.7000      271.00
29.7200      221.00
29.7400      226.00
29.7600      237.00
29.7800      206.00
29.8000      200.00
29.8200      199.00
29.8400      189.00
29.8600      208.00
29.8800      209.00
29.9000      240.00
29.9200      236.00
29.9400      232.00
29.9600      262.00
29.9800      267.00
30.0000      273.00
30.0200      294.00
30.0400      338.00
30.0600      297.00
30.0800      392.00
30.1000      395.00
30.1200      395.00
30.1400      407.00
30.1600      407.00
30.1800      456.00
30.2000      422.00
30.2200      439.00
30.2400      431.00
30.2600      405.00
30.2800      338.00
30.3000      394.00
30.3200      400.00
30.3400      332.00
30.3600      336.00
30.3800      326.00
30.4000      295.00
30.4200      285.00
30.4400      283.00
30.4600      244.00
30.4800      266.00
30.5000      224.00
30.5200      234.00
30.5400      185.00
30.5600      219.00
30.5800      224.00
30.6000      214.00
30.6200      259.00
30.6400      239.00
30.6600      248.00
30.6800      263.00
30.7000      248.00
30.7200      256.00
30.7400      259.00
30.7600      244.00
30.7800      218.00
30.8000      230.00
30.8200      209.00
30.8400      226.00
30.8600      244.00
30.8800      232.00
30.9000      209.00
30.9200      219.00
30.9400      213.00
30.9600      237.00
30.9800      222.00
31.0000      269.00
31.0200      216.00
31.0400      242.00
31.0600      221.00
31.0800      222.00
31.1000      187.00
31.1200      187.00
31.1400      211.00
31.1600      210.00
31.1800      201.00
31.2000      215.00
31.2200      166.00
31.2400      200.00
31.2600      179.00
31.2800      194.00
31.3000      184.00
31.3200      192.00
31.3400      193.00
31.3600      162.00
31.3800      162.00
31.4000      198.00
31.4200      222.00
31.4400      184.00
31.4600      204.00
31.4800      232.00
31.5000      200.00
31.5200      246.00
31.5400      258.00
31.5600      244.00
31.5800      250.00
31.6000      208.00
31.6200      256.00
31.6400      249.00
31.6600      235.00
31.6800      231.00
31.7000      218.00
31.7200      229.00
31.7400      217.00
31.7600      202.00
31.7800      202.00
31.8000      207.00
31.8200      207.00
31.8400      213.00
31.8600      215.00
31.8800      230.00
31.9000      246.00
31.9200      249.00
31.9400      255.00
31.9600      324.00
31.9800      299.00
32.0000      289.00
32.0200      257.00
32.0400      275.00
32.0600      307.00
32.0800      327.00
32.1000      329.00
32.1200      323.00
32.1400      349.00
32.1600      360.00
32.1800      325.00
32.2000      335.00
32.2200      342.00
32.2400      329.00
32.2600      333.00
32.2800      313.00
32.3000      350.00
32.3200      320.00
32.3400      346.00
32.3600      339.00
32.3800      338.00
32.4000      341.00
32.4200      327.00
32.4400      351.00
32.4600      313.00
32.4800      368.00
32.5000      367.00
32.5200      425.00
32.5400      366.00
32.5600      388.00
32.5800      409.00
32.6000      407.00
32.6200      365.00
32.6400      445.00
32.6600      408.00
32.6800      395.00
32.7000      366.00
32.7200      354.00
32.7400      361.00
32.7600      385.00
32.7800      357.00
32.8000      309.00
32.8200      347.00
32.8400      300.00
32.8600      293.00
32.8800      304.00
32.9000      271.00
32.9200      301.00
32.9400      238.00
32.9600      270.00
32.9800      250.00
33.0000      291.00
33.0200      286.00
33.0400      270.00
33.0600      307.00
33.0800      245.00
33.1000      274.00
33.1200      294.00
33.1400      292.00
33.1600      326.00
33.1800      339.00
33.2000      358.00
33.2200      331.00
33.2400      328.00
33.2600      432.00
33.2800      402.00
33.3000      412.00
33.3200      406.00
33.3400      414.00
33.3600      423.00
33.3800      398.00
33.4000      364.00
33.4200      377.00
33.4400      345.00
33.4600      335.00
33.4800      326.00
33.5000      297.00
33.5200      309.00
33.5400      317.00
33.5600      296.00
33.5800      287.00
33.6000      256.00
33.6200      239.00
33.6400      235.00
33.6600      222.00
33.6800      190.00
33.7000      220.00
33.7200      198.00
33.7400      183.00
33.7600      193.00
33.7800      198.00
33.8000      155.00
33.8200      193.00
33.8400      192.00
33.8600      184.00
33.8800      187.00
33.9000      192.00
33.9200      184.00
33.9400      196.00
33.9600      211.00
33.9800      194.00
34.0000      188.00
34.0200      217.00
34.0400      196.00
34.0600      221.00
34.0800      243.00
34.1000      259.00
34.1200      307.00
34.1400      308.00
34.1600      287.00
34.1800      362.00
34.2000      331.00
34.2200      384.00
34.2400      383.00
34.2600      333.00
34.2800      320.00
34.3000      333.00
34.3200      297.00
34.3400      270.00
34.3600      259.00
34.3800      229.00
34.4000      228.00
34.4200      188.00
34.4400      225.00
34.4600      207.00
34.4800      191.00
34.5000      213.00
34.5200      171.00
34.5400      234.00
34.5600      182.00
34.5800      189.00
34.6000      197.00
34.6200      197.00
34.6400      166.00
34.6600      214.00
34.6800      216.00
34.7000      191.00
34.7200      193.00
34.7400      177.00
34.7600      187.00
34.7800      203.00
34.8000      191.00
34.8200      191.00
34.8400      205.00
34.8600      195.00
34.8800      221.00
34.9000      222.00
34.9200      212.00
34.9400      182.00
34.9600      230.00
34.9800      210.00
35.0000      208.00
