 2.2000      308.00
 2.2200      288.00
 2.2400      275.00
 2.2600      259.00
 2.2800      280.00
 2.3000      278.00
 2.3200      272.00
 2.3400      297.00
 2.3600      263.00
 2.3800      244.00
 2.4000      259.00
 2.4200      285.00
 2.4400      243.00
 2.4600      276.00
 2.4800      258.00
 2.5000      249.00
 2.5200      287.00
 2.5400      260.00
 2.5600      264.00
 2.5800      264.00
 2.6000      247.00
 2.6200      234.00
 2.6400      255.00
 2.6600      255.00
 2.6800      275.00
 2.7000      271.00
 2.7200      241.00
 2.7400      273.00
 2.7600      231.00
 2.7800      264.00
 2.8000      270.00
 2.8200      261.00
 2.8400      253.00
 2.8600      240.00
 2.8800      250.00
 2.9000      246.00
 2.9200      247.00
 2.9400      227.00
 2.9600      225.00
 2.9800      241.00
 3.0000      252.00
 3.0200      249.00
 3.0400      241.00
 3.0600      241.00
 3.0800      217.00
 3.1000      235.00
 3.1200      214.00
 3.1400      240.00
 3.1600      220.00
 3.1800      236.00
 3.2000      221.00
 3.2200      228.00
 3.2400      215.00
 3.2600      217.00
 3.2800      238.00
 3.3000      214.00
 3.3200      195.00
 3.3400      216.00
 3.3600      219.00
 3.3800      172.00
 3.4000      201.00
 3.4200      194.00
 3.4400      212.00
 3.4600      201.00
 3.4800      202.00
 3.5000      225.00
 3.5200      180.00
 3.5400      197.00
 3.5600      211.00
 3.5800      208.00
 3.6000      188.00
 3.6200      177.00
 3.6400      202.00
 3.6600      165.00
 3.6800      182.00
 3.7000      207.00
 3.7200      214.00
 3.7400      205.00
 3.7600      206.00
 3.7800      183.00
 3.8000      147.00
 3.8200      214.00
 3.8400      193.00
 3.8600      150.00
 3.8800      183.00
 3.9000      203.00
 3.9200      190.00
 3.9400      183.00
 3.9600      189.00
 3.9800      188.00
 4.0000      168.00
 4.0200      178.00
 4.0400      172.00
 4.0600      146.00
 4.0800      210.00
 4.1000      185.00
 4.1200      176.00
 4.1400      159.00
 4.1600      169.00
 4.1800      157.00
 4.2000      153.00
 4.2200      166.00
 4.2400      143.00
 4.2600      186.00
 4.2800      153.00
 4.3000      182.00
 4.3200      165.00
 4.3400      158.00
 4.3600      152.00
 4.3800      135.00
 4.4000      159.00
 4.4200      132.00
 4.4400      144.00
 4.4600      139.00
 4.4800      146.00
 4.5000      127.00
 4.5200      154.00
 4.5400      146.00
 4.5600      145.00
 4.5800      131.00
 4.6000      143.00
 4.6200      126.00
 4.6400      153.00
 4.6600      148.00
 4.6800      145.00
 4.7000      173.00
 4.7200      135.00
 4.7400      148.00
 4.7600      113.00
 4.7800      162.00
 4.8000      149.00
 4.8200      154.00
 4.8400      145.00
 4.8600      157.00
 4.8800      140.00
 4.9000      147.00
 4.9200      160.00
 4.9400      145.00
 4.9600      146.00
 4.9800      145.00
 5.0000      127.00
 5.0200      146.00
 5.0400      135.00
 5.0600      155.00
 5.0800      151.00
 5.1000      132.00
 5.1200      151.00
 5.1400      134.00
 5.1600      139.00
 5.1800      135.00
 5.2000      137.00
 5.2200      136.00
 5.2400      169.00
 5.2600      145.00
 5.2800      156.00
 5.3000      165.00
 5.3200      142.00
 5.3400      135.00
 5.3600      143.00
 5.3800      127.00
 5.4000      142.00
 5.4200      168.00
 5.4400      116.00
 5.4600      151.00
 5.4800      141.00
 5.5000      165.00
 5.5200      165.00
 5.5400      142.00
 5.5600      155.00
 5.5800      130.00
 5.6000      154.00
 5.6200      167.00
 5.6400      155.00
 5.6600      155.00
 5.6800      132.00
 5.7000      163.00
 5.7200      124.00
 5.7400      164.00
 5.7600      161.00
 5.7800      173.00
 5.8000      134.00
 5.8200      158.00
 5.8400      164.00
 5.8600      147.00
 5.8800      147.00
 5.9000      147.00
 5.9200      141.00
 5.9400      142.00
 5.9600      144.00
 5.9800      154.00
 6.0000      178.00
 6.0200      153.00
 6.0400      169.00
 6.0600      171.00
 6.0800      169.00
 6.1000      156.00
 6.1200      163.00
 6.1400      156.00
 6.1600      147.00
 6.1800      164.00
 6.2000      148.00
 6.2200      160.00
 6.2400      171.00
 6.2600      188.00
 6.2800      168.00
 6.3000      163.00
 6.3200      204.00
 6.3400      160.00
 6.3600      157.00
 6.3800      171.00
 6.4000      159.00
 6.4200      194.00
 6.4400      181.00
 6.4600      161.00
 6.4800      185.00
 6.5000      190.00
 6.5200      181.00
 6.5400      165.00
 6.5600      174.00
 6.5800      180.00
 6.6000      181.00
 6.6200      191.00
 6.6400      186.00
 6.6600      190.00
 6.6800      172.00
 6.7000      169.00
 6.7200      192.00
 6.7400      194.00
 6.7600      180.00
 6.7800      172.00
 6.8000      189.00
 6.8200      193.00
 6.8400      215.00
 6.8600      185.00
 6.8800      180.00
 6.9000      176.00
 6.9200      178.00
 6.9400      174.00
 6.9600      205.00
 6.9800      182.00
 7.0000      223.00
 7.0200      190.00
 7.0400      218.00
 7.0600      204.00
 7.0800      202.00
 7.1000      196.00
 7.1200      210.00
 7.1400      209.00
 7.1600      209.00
 7.1800      177.00
 7.2000      188.00
 7.2200      177.00
 7.2400      182.00
 7.2600      196.00
 7.2800      199.00
 7.3000      180.00
 7.3200      161.00
 7.3400      180.00
 7.3600      181.00
 7.3800      196.00
 7.4000      184.00
 7.4200      182.00
 7.4400      203.00
 7.4600      185.00
 7.4800      197.00
 7.5000      198.00
 7.5200      189.00
 7.5400      193.00
 7.5600      187.00
 7.5800      184.00
 7.6000      195.00
 7.6200      181.00
 7.6400      208.00
 7.6600      192.00
 7.6800      176.00
 7.7000      174.00
 7.7200      203.00
 7.7400      186.00
 7.7600      196.00
 7.7800      201.00
 7.8000      194.00
 7.8200      205.00
 7.8400      190.00
 7.8600      177.00
 7.8800      197.00
 7.9000      209.00
 7.9200      181.00
 7.9400      209.00
 7.9600      229.00
 7.9800      173.00
 8.0000      209.00
 8.0200      196.00
 8.0400      211.00
 8.0600      196.00
 8.0800      213.00
 8.1000      225.00
 8.1200      207.00
 8.1400      210.00
 8.1600      181.00
 8.1800      203.00
 8.2000      191.00
 8.2200      233.00
 8.2400      213.00
 8.2600      207.00
 8.2800      203.00
 8.3000      202.00
 8.3200      194.00
 8.3400      223.00
 8.3600      228.00
 8.3800      190.00
 8.4000      191.00
 8.4200      223.00
 8.4400      241.00
 8.4600      223.00
 8.4800      181.00
 8.5000      199.00
 8.5200      224.00
 8.5400      209.00
 8.5600      213.00
 8.5800      207.00
 8.6000      218.00
 8.6200      233.00
 8.6400      219.00
 8.6600      250.00
 8.6800      253.00
 8.7000      255.00
 8.7200      236.00
 8.7400      255.00
 8.7600      276.00
 8.7800      213.00
 8.8000      295.00
 8.8200      277.00
 8.8400      263.00
 8.8600      287.00
 8.8800      258.00
 8.9000      303.00
 8.9200      309.00
 8.9400      298.00
 8.9600      308.00
 8.9800      292.00
 9.0000      305.00
 9.0200      266.00
 9.0400      288.00
 9.0600      262.00
 9.0800      292.00
 9.1000      276.00
 9.1200      250.00
 9.1400      274.00
 9.1600      239.00
 9.1800      262.00
 9.2000      225.00
 9.2200      228.00
 9.2400      225.00
 9.2600      222.00
 9.2800      248.00
 9.3000      235.00
 9.3200      229.00
 9.3400      244.00
 9.3600      206.00
 9.3800      243.00
 9.4000      228.00
 9.4200      238.00
 9.4400      253.00
 9.4600      249.00
 9.4800      229.00
 9.5000      220.00
 9.5200      241.00
 9.5400      283.00
 9.5600      260.00
 9.5800      209.00
 9.6000      243.00
 9.6200      232.00
 9.6400      247.00
 9.6600      259.00
 9.6800      245.00
 9.7000      288.00
 9.7200      246.00
 9.7400      270.00
 9.7600      280.00
 9.7800      254.00
 9.8000      300.00
 9.8200      244.00
 9.8400      257.00
 9.8600      279.00
 9.8800      270.00
 9.9000      286.00
 9.9200      266.00
 9.9400      280.00
 9.9600      279.00
 9.9800      287.00
10.0000      271.00
10.0200      283.00
10.0400      309.00
10.0600      324.00
10.0800      309.00
10.1000      323.00
10.1200      293.00
10.1400      304.00
10.1600      329.00
10.1800      318.00
10.2000      301.00
10.2200      305.00
10.2400      277.00
10.2600      299.00
10.2800      298.00
10.3000      260.00
10.3200      286.00
10.3400      326.00
10.3600      220.00
10.3800      283.00
10.4000      291.00
10.4200      280.00
10.4400      261.00
10.4600      262.00
10.4800      256.00
10.5000      277.00
10.5200      274.00
10.5400      254.00
10.5600      317.00
10.5800      267.00
10.6000      302.00
10.6200      293.00
10.6400      299.00
10.6600      303.00
10.6800      283.00
10.7000      328.00
10.7200      323.00
10.7400      272.00
10.7600      315.00
10.7800      336.00
10.8000      353.00
10.8200      326.00
10.8400      370.00
10.8600      335.00
10.8800      380.00
10.9000      405.00
10.9200      415.00
10.9400      419.00
10.9600      457.00
10.9800      512.00
11.0000      478.00
11.0200      537.00
11.0400      558.00
11.0600      645.00
11.0800      640.00
11.1000      688.00
11.1200      789.00
11.1400      810.00
11.1600      845.00
11.1800      864.00
11.2000      949.00
11.2200      919.00
11.2400      885.00
11.2600      909.00
11.2800      908.00
11.3000      898.00
11.3200      896.00
11.3400      890.00
11.3600      840.00
11.3800      874.00
11.4000      790.00
11.4200      750.00
11.4400      710.00
11.4600      777.00
11.4800      737.00
11.5000      719.00
11.5200      650.00
11.5400      598.00
11.5600      561.00
11.5800      495.00
11.6000      442.00
11.6200      423.00
11.6400      394.00
11.6600      379.00
11.6800      387.00
11.7000      364.00
11.7200      329.00
11.7400      352.00
11.7600      338.00
11.7800      353.00
11.8000      380.00
11.8200      342.00
11.8400      405.00
11.8600      354.00
11.8800      397.00
11.9000      362.00
11.9200      391.00
11.9400      404.00
11.9600      455.00
11.9800      505.00
12.0000      492.00
12.0200      543.00
12.0400      502.00
12.0600      571.00
12.0800      549.00
12.1000      627.00
12.1200      716.00
12.1400      664.00
12.1600      714.00
12.1800      779.00
12.2000      776.00
12.2200      810.00
12.2400      884.00
12.2600      894.00
12.2800      836.00
12.3000      894.00
12.3200      867.00
12.3400      836.00
12.3600      854.00
12.3800      845.00
12.4000      809.00
12.4200      792.00
12.4400      802.00
12.4600      793.00
12.4800      791.00
12.5000      806.00
12.5200      828.00
12.5400      849.00
12.5600      909.00
12.5800      934.00
12.6000      897.00
12.6200     1041.00
12.6400     1040.00
12.6600     1082.00
12.6800     1088.00
12.7000     1110.00
12.7200      998.00
12.7400      993.00
12.7600      933.00
12.7800      855.00
12.8000      785.00
12.8200      661.00
12.8400      610.00
12.8600      516.00
12.8800      471.00
12.9000      434.00
12.9200      431.00
12.9400      391.00
12.9600      359.00
12.9800      357.00
13.0000      357.00
13.0200      338.00
13.0400      343.00
13.0600      329.00
13.0800      343.00
13.1000      318.00
13.1200      354.00
13.1400      322.00
13.1600      332.00
13.1800      321.00
13.2000      338.00
13.2200      357.00
13.2400      318.00
13.2600      316.00
13.2800      310.00
13.3000      325.00
13.3200      326.00
13.3400      346.00
13.3600      330.00
13.3800      333.00
13.4000      322.00
13.4200      342.00
13.4400      309.00
13.4600      322.00
13.4800      313.00
13.5000      345.00
13.5200      315.00
13.5400      333.00
13.5600      309.00
13.5800      329.00
13.6000      294.00
13.6200      324.00
13.6400      310.00
13.6600      303.00
13.6800      341.00
13.7000      299.00
13.7200      305.00
13.7400      326.00
13.7600      369.00
13.7800      321.00
13.8000      351.00
13.8200      361.00
13.8400      385.00
13.8600      383.00
13.8800      346.00
13.9000      399.00
13.9200      360.00
13.9400      417.00
13.9600      416.00
13.9800      406.00
14.0000      457.00
14.0200      452.00
14.0400      508.00
14.0600      516.00
14.0800      536.00
14.1000      614.00
14.1200      657.00
14.1400      711.00
14.1600      787.00
14.1800      789.00
14.2000      863.00
14.2200      896.00
14.2400      969.00
14.2600     1037.00
14.2800     1071.00
14.3000     1211.00
14.3200     1215.00
14.3400     1247.00
14.3600     1272.00
14.3800     1260.00
14.4000     1318.00
14.4200     1288.00
14.4400     1243.00
14.4600     1198.00
14.4800     1064.00
14.5000      940.00
14.5200      935.00
14.5400      819.00
14.5600      754.00
14.5800      700.00
14.6000      696.00
14.6200      676.00
14.6400      588.00
14.6600      554.00
14.6800      575.00
14.7000      477.00
14.7200      459.00
14.7400      383.00
14.7600      388.00
14.7800      371.00
14.8000      402.00
14.8200      406.00
14.8400      397.00
14.8600      320.00
14.8800      352.00
14.9000      326.00
14.9200      367.00
14.9400      362.00
14.9600      360.00
14.9800      357.00
15.0000      310.00
15.0200      322.00
15.0400      334.00
15.0600      321.00
15.0800      349.00
15.1000      329.00
15.1200      306.00
15.1400      348.00
15.1600      301.00
15.1800      345.00
15.2000      335.00
15.2200      369.00
15.2400      302.00
15.2600      334.00
15.2800      305.00
15.3000      309.00
15.3200      323.00
15.3400      312.00
15.3600      334.00
15.3800      295.00
15.4000      289.00
15.4200      346.00
15.4400      297.00
15.4600      305.00
15.4800      324.00
15.5000      322.00
15.5200      298.00
15.5400      334.00
15.5600      305.00
15.5800      331.00
15.6000      355.00
15.6200      300.00
15.6400      318.00
15.6600      311.00
15.6800      325.00
15.7000      318.00
15.7200      337.00
15.7400      352.00
15.7600      386.00
15.7800      397.00
15.8000      395.00
15.8200      438.00
15.8400      468.00
15.8600      486.00
15.8800      497.00
15.9000      457.00
15.9200      512.00
15.9400      574.00
15.9600      560.00
15.9800      596.00
16.0000      629.00
16.0200      648.00
16.0400      727.00
16.0600      739.00
16.0800      718.00
16.1000      708.00
16.1200      685.00
16.1400      682.00
16.1600      680.00
16.1800      711.00
16.2000      728.00
16.2200      655.00
16.2400      653.00
16.2600      617.00
16.2800      665.00
16.3000      674.00
16.3200      664.00
16.3400      636.00
16.3600      686.00
16.3800      642.00
16.4000      695.00
16.4200      714.00
16.4400      722.00
16.4600      662.00
16.4800      675.00
16.5000      679.00
16.5200      683.00
16.5400      666.00
16.5600      710.00
16.5800      699.00
16.6000      733.00
16.6200      735.00
16.6400      747.00
16.6600      707.00
16.6800      727.00
16.7000      692.00
16.7200      678.00
16.7400      625.00
16.7600      529.00
16.7800      593.00
16.8000      489.00
16.8200      496.00
16.8400      454.00
16.8600      475.00
16.8800      402.00
16.9000      529.00
16.9200      498.00
16.9400      508.00
16.9600      538.00
16.9800      535.00
17.0000      576.00
17.0200      599.00
17.0400      662.00
17.0600      668.00
17.0800      693.00
17.1000      713.00
17.1200      739.00
17.1400      817.00
17.1600      821.00
17.1800      809.00
17.2000      904.00
17.2200      904.00
17.2400      931.00
17.2600      952.00
17.2800      945.00
17.3000      992.00
17.3200     1031.00
17.3400     1055.00
17.3600     1153.00
17.3800     1237.00
17.4000     1256.00
17.4200     1410.00
17.4400     1547.00
17.4600     1680.00
17.4800     1875.00
17.5000     2090.00
17.5200     2229.00
17.5400     2447.00
17.5600     2691.00
17.5800     2862.00
17.6000     3121.00
17.6200     3233.00
17.6400     3341.00
17.6600     3343.00
17.6800     3637.00
17.7000     3619.00
17.7200     3679.00
17.7400     3689.00
17.7600     3661.00
17.7800     3440.00
17.8000     3185.00
17.8200     3010.00
17.8400     2734.00
17.8600     2490.00
17.8800     2166.00
17.9000     1768.00
17.9200     1583.00
17.9400     1304.00
17.9600     1167.00
17.9800     1001.00
18.0000      906.00
18.0200      881.00
18.0400      822.00
18.0600      756.00
18.0800      768.00
18.1000      715.00
18.1200      697.00
18.1400      677.00
18.1600      644.00
18.1800      653.00
18.2000      646.00
18.2200      673.00
18.2400      650.00
18.2600      673.00
18.2800      670.00
18.3000      694.00
18.3200      688.00
18.3400      752.00
18.3600      791.00
18.3800      833.00
18.4000      917.00
18.4200      929.00
18.4400     1024.00
18.4600     1070.00
18.4800     1112.00
18.5000     1113.00
18.5200     1181.00
18.5400     1206.00
18.5600     1170.00
18.5800     1110.00
18.6000     1155.00
18.6200     1162.00
18.6400     1082.00
18.6600     1039.00
18.6800      968.00
18.7000      895.00
18.7200      824.00
18.7400      808.00
18.7600      709.00
18.7800      657.00
18.8000      602.00
18.8200      631.00
18.8400      594.00
18.8600      634.00
18.8800      612.00
18.9000      560.00
18.9200      605.00
18.9400      596.00
18.9600      568.00
18.9800      590.00
19.0000      575.00
19.0200      566.00
19.0400      580.00
19.0600      579.00
19.0800      559.00
19.1000      565.00
19.1200      543.00
19.1400      567.00
19.1600      521.00
19.1800      587.00
19.2000      623.00
19.2200      538.00
19.2400      599.00
19.2600      589.00
19.2800      530.00
19.3000      605.00
19.3200      597.00
19.3400      645.00
19.3600      625.00
19.3800      658.00
19.4000      621.00
19.4200      602.00
19.4400      702.00
19.4600      731.00
19.4800      708.00
19.5000      797.00
19.5200      888.00
19.5400      960.00
19.5600     1070.00
19.5800     1212.00
19.6000     1300.00
19.6200     1456.00
19.6400     1497.00
19.6600     1686.00
19.6800     1782.00
19.7000     1928.00
19.7200     2043.00
19.7400     2146.00
19.7600     2209.00
19.7800     2203.00
19.8000     2335.00
19.8200     2323.00
19.8400     2306.00
19.8600     2259.00
19.8800     2094.00
19.9000     2078.00
19.9200     1900.00
19.9400     1751.00
19.9600     1625.00
19.9800     1403.00
20.0000     1236.00
20.0200     1097.00
20.0400     1021.00
20.0600      896.00
20.0800      817.00
20.1000      750.00
20.1200      662.00
20.1400      635.00
20.1600      633.00
20.1800      590.00
20.2000      542.00
20.2200      561.00
20.2400      502.00
20.2600      480.00
20.2800      466.00
20.3000      529.00
20.3200      500.00
20.3400      485.00
20.3600      503.00
20.3800      505.00
20.4000      484.00
20.4200      477.00
20.4400      451.00
20.4600      542.00
20.4800      521.00
20.5000      543.00
20.5200      560.00
20.5400      586.00
20.5600      614.00
20.5800      654.00
20.6000      753.00
20.6200      723.00
20.6400      740.00
20.6600      863.00
20.6800      916.00
20.7000      961.00
20.7200     1020.00
20.7400     1098.00
20.7600     1187.00
20.7800     1278.00
20.8000     1359.00
20.8200     1579.00
20.8400     1669.00
20.8600     1840.00
20.8800     1846.00
20.9000     2001.00
20.9200     2234.00
20.9400     2295.00
20.9600     2566.00
20.9800     2729.00
21.0000     2806.00
21.0200     3149.00
21.0400     3293.00
21.0600     3568.00
21.0800     3661.00
21.1000     3832.00
21.1200     4113.00
21.1400     4030.00
21.1600     4197.00
21.1800     4083.00
21.2000     4180.00
21.2200     3994.00
21.2400     3780.00
21.2600     3579.00
21.2800     3260.00
21.3000     2933.00
21.3200     2595.00
21.3400     2229.00
21.3600     1915.00
21.3800     1590.00
21.4000     1381.00
21.4200     1166.00
21.4400     1012.00
21.4600      869.00
21.4800      706.00
21.5000      730.00
21.5200      607.00
21.5400      576.00
21.5600      586.00
21.5800      561.00
21.6000      474.00
21.6200      502.00
21.6400      458.00
21.6600      452.00
21.6800      472.00
21.7000      457.00
21.7200      440.00
21.7400      439.00
21.7600      439.00
21.7800      416.00
21.8000      398.00
21.8200      384.00
21.8400      437.00
21.8600      424.00
21.8800      404.00
21.9000      417.00
21.9200      445.00
21.9400      419.00
21.9600      421.00
21.9800      454.00
22.0000      431.00
22.0200      464.00
22.0400      442.00
22.0600      484.00
22.0800      476.00
22.1000      510.00
22.1200      500.00
22.1400      519.00
22.1600      576.00
22.1800      586.00
22.2000      608.00
22.2200      649.00
22.2400      693.00
22.2600      729.00
22.2800      690.00
22.3000      723.00
22.3200      810.00
22.3400      804.00
22.3600      868.00
22.3800      883.00
22.4000      910.00
22.4200      939.00
22.4400     1000.00
22.4600      986.00
22.4800     1064.00
22.5000     1099.00
22.5200     1152.00
22.5400     1268.00
22.5600     1244.00
22.5800     1355.00
22.6000     1319.00
22.6200     1327.00
22.6400     1387.00
22.6600     1364.00
22.6800     1444.00
22.7000     1499.00
22.7200     1475.00
22.7400     1525.00
22.7600     1605.00
22.7800     1508.00
22.8000     1497.00
22.8200     1435.00
22.8400     1383.00
22.8600     1273.00
22.8800     1257.00
22.9000     1181.00
22.9200     1115.00
22.9400     1061.00
22.9600      970.00
22.9800      993.00
23.0000      996.00
23.0200     1018.00
23.0400      966.00
23.0600     1042.00
23.0800     1105.00
23.1000     1124.00
23.1200     1146.00
23.1400     1141.00
23.1600     1111.00
23.1800     1204.00
23.2000     1161.00
23.2200     1188.00
23.2400     1156.00
23.2600     1229.00
23.2800     1152.00
23.3000     1304.00
23.3200     1254.00
23.3400     1359.00
23.3600     1251.00
23.3800     1222.00
23.4000     1193.00
23.4200     1181.00
23.4400     1231.00
23.4600     1286.00
23.4800     1244.00
23.5000     1154.00
23.5200     1178.00
23.5400     1174.00
23.5600     1169.00
23.5800     1117.00
23.6000     1121.00
23.6200     1051.00
23.6400     1077.00
23.6600      935.00
23.6800      841.00
23.7000      821.00
23.7200      695.00
23.7400      692.00
23.7600      661.00
23.7800      654.00
23.8000      585.00
23.8200      601.00
23.8400      636.00
23.8600      578.00
23.8800      637.00
23.9000      672.00
23.9200      666.00
23.9400      655.00
23.9600      766.00
23.9800      725.00
24.0000      832.00
24.0200      831.00
24.0400      862.00
24.0600      907.00
24.0800      940.00
24.1000     1026.00
24.1200     1086.00
24.1400     1105.00
24.1600     1123.00
24.1800     1242.00
24.2000     1304.00
24.2200     1314.00
24.2400     1301.00
24.2600     1402.00
24.2800     1459.00
24.3000     1537.00
24.3200     1534.00
24.3400     1665.00
24.3600     1605.00
24.3800     1601.00
24.4000     1563.00
24.4200     1518.00
24.4400     1643.00
24.4600     1670.00
24.4800     1677.00
24.5000     1611.00
24.5200     1600.00
24.5400     1584.00
24.5600     1539.00
24.5800     1472.00
24.6000     1337.00
24.6200     1297.00
24.6400     1209.00
24.6600     1072.00
24.6800      975.00
24.7000      924.00
24.7200      868.00
24.7400      863.00
24.7600      768.00
24.7800      788.00
24.8000      815.00
24.8200      856.00
24.8400      935.00
24.8600      911.00
24.8800     1073.00
24.9000     1042.00
24.9200     1197.00
24.9400     1187.00
24.9600     1235.00
24.9800     1330.00
25.0000     1382.00
25.0200     1395.00
25.0400     1347.00
25.0600     1474.00
25.0800     1484.00
25.1000     1397.00
25.1200     1406.00
25.1400     1306.00
25.1600     1280.00
25.1800     1188.00
25.2000     1026.00
25.2200      909.00
25.2400      858.00
25.2600      779.00
25.2800      707.00
25.3000      627.00
25.3200      596.00
25.3400      540.00
25.3600      459.00
25.3800      474.00
25.4000      464.00
25.4200      453.00
25.4400      443.00
25.4600      409.00
25.4800      415.00
25.5000      430.00
25.5200      409.00
25.5400      386.00
25.5600      372.00
25.5800      371.00
25.6000      355.00
25.6200      391.00
25.6400      406.00
25.6600      374.00
25.6800      374.00
25.7000      348.00
25.7200      351.00
25.7400      381.00
25.7600      372.00
25.7800      391.00
25.8000      368.00
25.8200      439.00
25.8400      422.00
25.8600      428.00
25.8800      422.00
25.9000      418.00
25.9200      515.00
25.9400      485.00
25.9600      504.00
25.9800      528.00
26.0000      624.00
26.0200      571.00
26.0400      628.00
26.0600      689.00
26.0800      704.00
26.1000      745.00
26.1200      838.00
26.1400      854.00
26.1600      838.00
26.1800      897.00
26.2000      930.00
26.2200      999.00
26.2400     1001.00
26.2600     1034.00
26.2800     1026.00
26.3000     1117.00
26.3200     1040.00
26.3400     1008.00
26.3600     1121.00
26.3800     1065.00
26.4000     1083.00
26.4200     1097.00
26.4400     1076.00
26.4600     1106.00
26.4800     1055.00
26.5000      965.00
26.5200     1002.00
26.5400      959.00
26.5600      946.00
26.5800      928.00
26.6000      910.00
26.6200      881.00
26.6400      919.00
26.6600      847.00
26.6800      809.00
26.7000      827.00
26.7200      746.00
26.7400      705.00
26.7600      673.00
26.7800      648.00
26.8000      586.00
26.8200      555.00
26.8400      529.00
26.8600      463.00
26.8800      451.00
26.9000      446.00
26.9200      442.00
26.9400      447.00
26.9600      439.00
26.9800      410.00
27.0000      423.00
27.0200      421.00
27.0400      458.00
27.0600      428.00
27.0800      479.00
27.1000      492.00
27.1200      437.00
27.1400      414.00
27.1600      517.00
27.1800      484.00
27.2000      507.00
27.2200      492.00
27.2400      542.00
27.2600      518.00
27.2800      566.00
27.3000      587.00
27.3200      638.00
27.3400      599.00
27.3600      656.00
27.3800      641.00
27.4000      655.00
27.4200      719.00
27.4400      730.00
27.4600      707.00
27.4800      686.00
27.5000      716.00
27.5200      780.00
27.5400      781.00
27.5600      782.00
27.5800      783.00
27.6000      807.00
27.6200      834.00
27.6400      814.00
27.6600      833.00
27.6800      888.00
27.7000      909.00
27.7200      924.00
27.7400      973.00
27.7600      977.00
27.7800      939.00
27.8000      898.00
27.8200      974.00
27.8400      942.00
27.8600      906.00
27.8800      935.00
27.9000      896.00
27.9200      860.00
27.9400      829.00
27.9600      773.00
27.9800      780.00
28.0000      700.00
28.0200      692.00
28.0400      664.00
28.0600      637.00
28.0800      620.00
28.1000      629.00
28.1200      622.00
28.1400      647.00
28.1600      634.00
28.1800      579.00
28.2000      623.00
28.2200      604.00
28.2400      569.00
28.2600      602.00
28.2800      636.00
28.3000      660.00
28.3200      704.00
28.3400      761.00
28.3600      817.00
28.3800      872.00
28.4000      962.00
28.4200     1033.00
28.4400     1146.00
28.4600     1288.00
28.4800     1414.00
28.5000     1545.00
28.5200     1638.00
28.5400     1694.00
28.5600     1845.00
28.5800     1833.00
28.6000     1972.00
28.6200     1965.00
28.6400     1957.00
28.6600     1972.00
28.6800     1949.00
28.7000     1850.00
28.7200     1831.00
28.7400     1800.00
28.7600     1603.00
28.7800     1490.00
28.8000     1386.00
28.8200     1274.00
28.8400     1193.00
28.8600     1057.00
28.8800     1056.00
28.9000      970.00
28.9200      882.00
28.9400      884.00
28.9600      847.00
28.9800      899.00
29.0000      738.00
29.0200      770.00
29.0400      779.00
29.0600      713.00
29.0800      709.00
29.1000      752.00
29.1200      747.00
29.1400      761.00
29.1600      768.00
29.1800      783.00
29.2000      811.00
29.2200      860.00
29.2400      838.00
29.2600      812.00
29.2800      889.00
29.3000      839.00
29.3200      921.00
29.3400      883.00
29.3600      917.00
29.3800      977.00
29.4000     1062.00
29.4200      974.00
29.4400     1029.00
29.4600     1020.00
29.4800     1048.00
29.5000     1055.00
29.5200     1095.00
29.5400     1068.00
29.5600     1057.00
29.5800      998.00
29.6000     1009.00
29.6200      996.00
29.6400      960.00
29.6600      987.00
29.6800      866.00
29.7000      886.00
29.7200      764.00
29.7400      718.00
29.7600      630.00
29.7800      601.00
29.8000      546.00
29.8200      504.00
29.8400      445.00
29.8600      474.00
29.8800      431.00
29.9000      438.00
29.9200      448.00
29.9400      474.00
29.9600      403.00
29.9800      412.00
30.0000      455.00
30.0200      476.00
30.0400      466.00
30.0600      502.00
30.0800      556.00
30.1000      539.00
30.1200      591.00
30.1400      604.00
30.1600      636.00
30.1800      685.00
30.2000      649.00
30.2200      698.00
30.2400      743.00
30.2600      669.00
30.2800      712.00
30.3000      714.00
30.3200      720.00
30.3400      688.00
30.3600      702.00
30.3800      670.00
30.4000      606.00
30.4200      623.00
30.4400      617.00
30.4600      581.00
30.4800      568.00
30.5000      545.00
30.5200      520.00
30.5400      476.00
30.5600      483.00
30.5800      472.00
30.6000      439.00
30.6200      446.00
30.6400      438.00
30.6600      438.00
30.6800      401.00
30.7000      435.00
30.7200      412.00
30.7400      405.00
30.7600      409.00
30.7800      454.00
30.8000      438.00
30.8200      398.00
30.8400      406.00
30.8600      409.00
30.8800      394.00
30.9000      394.00
30.9200      429.00
30.9400      402.00
30.9600      428.00
30.9800      391.00
31.0000      352.00
31.0200      407.00
31.0400      401.00
31.0600      408.00
31.0800      407.00
31.1000      410.00
31.1200      400.00
31.1400      381.00
31.1600      367.00
31.1800      378.00
31.2000      370.00
31.2200      348.00
31.2400      358.00
31.2600      363.00
31.2800      337.00
31.3000      358.00
31.3200      388.00
31.3400      357.00
31.3600      331.00
31.3800      293.00
31.4000      348.00
31.4200      371.00
31.4400      324.00
31.4600      349.00
31.4800      312.00
31.5000      337.00
31.5200      364.00
31.5400      365.00
31.5600      352.00
31.5800      389.00
31.6000      421.00
31.6200      398.00
31.6400      405.00
31.6600      403.00
31.6800      425.00
31.7000      426.00
31.7200      410.00
31.7400      396.00
31.7600      395.00
31.7800      382.00
31.8000      437.00
31.8200      431.00
31.8400      409.00
31.8600      419.00
31.8800      434.00
31.9000      375.00
31.9200      427.00
31.9400      452.00
31.9600      427.00
31.9800      455.00
32.0000      485.00
32.0200      453.00
32.0400      478.00
32.0600      539.00
32.0800      530.00
32.1000      557.00
32.1200      525.00
32.1400      566.00
32.1600      571.00
32.1800      613.00
32.2000      607.00
32.2200      632.00
32.2400      629.00
32.2600      632.00
32.2800      618.00
32.3000      612.00
32.3200      592.00
32.3400      718.00
32.3600      651.00
32.3800      666.00
32.4000      665.00
32.4200      640.00
32.4400      604.00
32.4600      674.00
32.4800      685.00
32.5000      625.00
32.5200      696.00
32.5400      660.00
32.5600      653.00
32.5800      726.00
32.6000      678.00
32.6200      665.00
32.6400      647.00
32.6600      702.00
32.6800      686.00
32.7000      675.00
32.7200      657.00
32.7400      678.00
32.7600      650.00
32.7800      684.00
32.8000      674.00
32.8200      664.00
32.8400      597.00
32.8600      628.00
32.8800      614.00
32.9000      576.00
32.9200      559.00
32.9400      562.00
32.9600      543.00
32.9800      534.00
33.0000      582.00
33.0200      558.00
33.0400      533.00
33.0600      527.00
33.0800      564.00
33.1000      590.00
33.1200      557.00
33.1400      603.00
33.1600      554.00
33.1800      584.00
33.2000      573.00
33.2200      612.00
33.2400      609.00
33.2600      643.00
33.2800      689.00
33.3000      656.00
33.3200      686.00
33.3400      649.00
33.3600      671.00
33.3800      723.00
33.4000      687.00
33.4200      710.00
33.4400      693.00
33.4600      642.00
33.4800      653.00
33.5000      682.00
33.5200      596.00
33.5400      647.00
33.5600      559.00
33.5800      552.00
33.6000      522.00
33.6200      513.00
33.6400      479.00
33.6600      434.00
33.6800      437.00
33.7000      453.00
33.7200      409.00
33.7400      392.00
33.7600      378.00
33.7800      343.00
33.8000      350.00
33.8200      331.00
33.8400      352.00
33.8600      344.00
33.8800      327.00
33.9000      362.00
33.9200      340.00
33.9400      364.00
33.9600      322.00
33.9800      358.00
34.0000      341.00
34.0200      342.00
34.0400      339.00
34.0600      387.00
34.0800      363.00
34.1000      388.00
34.1200      398.00
34.1400      388.00
34.1600      424.00
34.1800      440.00
34.2000      450.00
34.2200      468.00
34.2400      478.00
34.2600      514.00
34.2800      507.00
34.3000      501.00
34.3200      500.00
34.3400      537.00
34.3600      480.00
34.3800      473.00
34.4000      497.00
34.4200      461.00
34.4400      452.00
34.4600      476.00
34.4800      399.00
34.5000      395.00
34.5200      355.00
34.5400      391.00
34.5600      339.00
34.5800      358.00
34.6000      344.00
34.6200      334.00
34.6400      352.00
34.6600      325.00
34.6800      321.00
34.7000      329.00
34.7200      314.00
34.7400      331.00
34.7600      315.00
34.7800      313.00
34.8000      321.00
34.8200      330.00
34.8400      326.00
34.8600      315.00
34.8800      342.00
34.9000      352.00
34.9200      351.00
34.9400      335.00
34.9600      326.00
34.9800      348.00
35.0000      367.00
