 2.2000      258.00
 2.2200      314.00
 2.2400      287.00
 2.2600      285.00
 2.2800      284.00
 2.3000      259.00
 2.3200      272.00
 2.3400      273.00
 2.3600      266.00
 2.3800      266.00
 2.4000      278.00
 2.4200      266.00
 2.4400      282.00
 2.4600      283.00
 2.4800      242.00
 2.5000      260.00
 2.5200      275.00
 2.5400      293.00
 2.5600      257.00
 2.5800      250.00
 2.6000      244.00
 2.6200      267.00
 2.6400      242.00
 2.6600      269.00
 2.6800      236.00
 2.7000      246.00
 2.7200      239.00
 2.7400      280.00
 2.7600      251.00
 2.7800      250.00
 2.8000      256.00
 2.8200      249.00
 2.8400      245.00
 2.8600      209.00
 2.8800      236.00
 2.9000      218.00
 2.9200      219.00
 2.9400      244.00
 2.9600      230.00
 2.9800      229.00
 3.0000      240.00
 3.0200      218.00
 3.0400      220.00
 3.0600      222.00
 3.0800      225.00
 3.1000      213.00
 3.1200      218.00
 3.1400      201.00
 3.1600      213.00
 3.1800      199.00
 3.2000      214.00
 3.2200      212.00
 3.2400      220.00
 3.2600      236.00
 3.2800      219.00
 3.3000      204.00
 3.3200      231.00
 3.3400      218.00
 3.3600      193.00
 3.3800      208.00
 3.4000      209.00
 3.4200      198.00
 3.4400      208.00
 3.4600      207.00
 3.4800      212.00
 3.5000      198.00
 3.5200      182.00
 3.5400      193.00
 3.5600      187.00
 3.5800      188.00
 3.6000      213.00
 3.6200      206.00
 3.6400      211.00
 3.6600      187.00
 3.6800      186.00
 3.7000      196.00
 3.7200      187.00
 3.7400      187.00
 3.7600      151.00
 3.7800      197.00
 3.8000      183.00
 3.8200      182.00
 3.8400      178.00
 3.8600      199.00
 3.8800      156.00
 3.9000      170.00
 3.9200      174.00
 3.9400      157.00
 3.9600      179.00
 3.9800      148.00
 4.0000      177.00
 4.0200      155.00
 4.0400      176.00
 4.0600      164.00
 4.0800      173.00
 4.1000      159.00
 4.1200      157.00
 4.1400      145.00
 4.1600      126.00
 4.1800      162.00
 4.2000      154.00
 4.2200      137.00
 4.2400      146.00
 4.2600      131.00
 4.2800      153.00
 4.3000      138.00
 4.3200      147.00
 4.3400      143.00
 4.3600      132.00
 4.3800      164.00
 4.4000      136.00
 4.4200      144.00
 4.4400      137.00
 4.4600      148.00
 4.4800      140.00
 4.5000      124.00
 4.5200      140.00
 4.5400      137.00
 4.5600      140.00
 4.5800      153.00
 4.6000      159.00
 4.6200      143.00
 4.6400      112.00
 4.6600      145.00
 4.6800      132.00
 4.7000      141.00
 4.7200      121.00
 4.7400      132.00
 4.7600      120.00
 4.7800      135.00
 4.8000      125.00
 4.8200      139.00
 4.8400      143.00
 4.8600      148.00
 4.8800      117.00
 4.9000      148.00
 4.9200      133.00
 4.9400      136.00
 4.9600      149.00
 4.9800      150.00
 5.0000      115.00
 5.0200      141.00
 5.0400      118.00
 5.0600      113.00
 5.0800      133.00
 5.1000      121.00
 5.1200      127.00
 5.1400      105.00
 5.1600      130.00
 5.1800      139.00
 5.2000      109.00
 5.2200      154.00
 5.2400      140.00
 5.2600      147.00
 5.2800      141.00
 5.3000      124.00
 5.3200      140.00
 5.3400      143.00
 5.3600      149.00
 5.3800      121.00
 5.4000      149.00
 5.4200      138.00
 5.4400      127.00
 5.4600      120.00
 5.4800      134.00
 5.5000      135.00
 5.5200      118.00
 5.5400      149.00
 5.5600      136.00
 5.5800      139.00
 5.6000      132.00
 5.6200      152.00
 5.6400      130.00
 5.6600      139.00
 5.6800      134.00
 5.7000      142.00
 5.7200      154.00
 5.7400      125.00
 5.7600      141.00
 5.7800      140.00
 5.8000      142.00
 5.8200      134.00
 5.8400      156.00
 5.8600      146.00
 5.8800      130.00
 5.9000      127.00
 5.9200      150.00
 5.9400      124.00
 5.9600      134.00
 5.9800      151.00
 6.0000      127.00
 6.0200      138.00
 6.0400      134.00
 6.0600      133.00
 6.0800      151.00
 6.1000      139.00
 6.1200      123.00
 6.1400      149.00
 6.1600      134.00
 6.1800      157.00
 6.2000      138.00
 6.2200      140.00
 6.2400      123.00
 6.2600      130.00
 6.2800      156.00
 6.3000      142.00
 6.3200      168.00
 6.3400      171.00
 6.3600      142.00
 6.3800      144.00
 6.4000      152.00
 6.4200      146.00
 6.4400      158.00
 6.4600      134.00
 6.4800      164.00
 6.5000      134.00
 6.5200      150.00
 6.5400      154.00
 6.5600      159.00
 6.5800      159.00
 6.6000      139.00
 6.6200      135.00
 6.6400      164.00
 6.6600      167.00
 6.6800      168.00
 6.7000      148.00
 6.7200      154.00
 6.7400      168.00
 6.7600      163.00
 6.7800      161.00
 6.8000      163.00
 6.8200      184.00
 6.8400      168.00
 6.8600      170.00
 6.8800      157.00
 6.9000      188.00
 6.9200      171.00
 6.9400      179.00
 6.9600      207.00
 6.9800      214.00
 7.0000      176.00
 7.0200      179.00
 7.0400      185.00
 7.0600      203.00
 7.0800      164.00
 7.1000      194.00
 7.1200      184.00
 7.1400      163.00
 7.1600      158.00
 7.1800      172.00
 7.2000      157.00
 7.2200      144.00
 7.2400      135.00
 7.2600      175.00
 7.2800      166.00
 7.3000      158.00
 7.3200      163.00
 7.3400      147.00
 7.3600      149.00
 7.3800      134.00
 7.4000      166.00
 7.4200      140.00
 7.4400      152.00
 7.4600      148.00
 7.4800      163.00
 7.5000      154.00
 7.5200      164.00
 7.5400      152.00
 7.5600      154.00
 7.5800      173.00
 7.6000      144.00
 7.6200      176.00
 7.6400      144.00
 7.6600      166.00
 7.6800      177.00
 7.7000      159.00
 7.7200      151.00
 7.7400      167.00
 7.7600      173.00
 7.7800      178.00
 7.8000      156.00
 7.8200      147.00
 7.8400      174.00
 7.8600      155.00
 7.8800      149.00
 7.9000      157.00
 7.9200      184.00
 7.9400      168.00
 7.9600      179.00
 7.9800      184.00
 8.0000      140.00
 8.0200      149.00
 8.0400      158.00
 8.0600      171.00
 8.0800      164.00
 8.1000      171.00
 8.1200      182.00
 8.1400      166.00
 8.1600      169.00
 8.1800      149.00
 8.2000      162.00
 8.2200      160.00
 8.2400      178.00
 8.2600      166.00
 8.2800      147.00
 8.3000      155.00
 8.3200      168.00
 8.3400      189.00
 8.3600      180.00
 8.3800      174.00
 8.4000      179.00
 8.4200      184.00
 8.4400      164.00
 8.4600      170.00
 8.4800      186.00
 8.5000      186.00
 8.5200      212.00
 8.5400      172.00
 8.5600      170.00
 8.5800      207.00
 8.6000      158.00
 8.6200      203.00
 8.6400      216.00
 8.6600      188.00
 8.6800      193.00
 8.7000      230.00
 8.7200      190.00
 8.7400      187.00
 8.7600      214.00
 8.7800      190.00
 8.8000      218.00
 8.8200      245.00
 8.8400      247.00
 8.8600      270.00
 8.8800      232.00
 8.9000      269.00
 8.9200      269.00
 8.9400      218.00
 8.9600      239.00
 8.9800      239.00
 9.0000      238.00
 9.0200      207.00
 9.0400      194.00
 9.0600      206.00
 9.0800      202.00
 9.1000      164.00
 9.1200      187.00
 9.1400      173.00
 9.1600      189.00
 9.1800      184.00
 9.2000      177.00
 9.2200      196.00
 9.2400      162.00
 9.2600      196.00
 9.2800      202.00
 9.3000      189.00
 9.3200      170.00
 9.3400      182.00
 9.3600      170.00
 9.3800      194.00
 9.4000      171.00
 9.4200      167.00
 9.4400      185.00
 9.4600      202.00
 9.4800      196.00
 9.5000      181.00
 9.5200      195.00
 9.5400      174.00
 9.5600      191.00
 9.5800      184.00
 9.6000      195.00
 9.6200      179.00
 9.6400      158.00
 9.6600      184.00
 9.6800      193.00
 9.7000      195.00
 9.7200      210.00
 9.7400      172.00
 9.7600      179.00
 9.7800      206.00
 9.8000      204.00
 9.8200      202.00
 9.8400      197.00
 9.8600      215.00
 9.8800      233.00
 9.9000      226.00
 9.9200      235.00
 9.9400      211.00
 9.9600      226.00
 9.9800      203.00
10.0000      246.00
10.0200      243.00
10.0400      239.00
10.0600      244.00
10.0800      223.00
10.1000      226.00
10.1200      222.00
10.1400      232.00
10.1600      240.00
10.1800      225.00
10.2000      213.00
10.2200      230.00
10.2400      233.00
10.2600      193.00
10.2800      210.00
10.3000      215.00
10.3200      198.00
10.3400      210.00
10.3600      221.00
10.3800      192.00
10.4000      187.00
10.4200      195.00
10.4400      198.00
10.4600      204.00
10.4800      216.00
10.5000      189.00
10.5200      214.00
10.5400      212.00
10.5600      214.00
10.5800      216.00
10.6000      200.00
10.6200      200.00
10.6400      248.00
10.6600      252.00
10.6800      215.00
10.7000      192.00
10.7200      254.00
10.7400      252.00
10.7600      265.00
10.7800      266.00
10.8000      285.00
10.8200      292.00
10.8400      280.00
10.8600      294.00
10.8800      327.00
10.9000      340.00
10.9200      368.00
10.9400      377.00
10.9600      404.00
10.9800      417.00
11.0000      453.00
11.0200      440.00
11.0400      472.00
11.0600      506.00
11.0800      568.00
11.1000      594.00
11.1200      657.00
11.1400      687.00
11.1600      676.00
11.1800      713.00
11.2000      686.00
11.2200      748.00
11.2400      706.00
11.2600      664.00
11.2800      618.00
11.3000      572.00
11.3200      562.00
11.3400      568.00
11.3600      607.00
11.3800      571.00
11.4000      575.00
11.4200      564.00
11.4400      534.00
11.4600      469.00
11.4800      473.00
11.5000      455.00
11.5200      428.00
11.5400      384.00
11.5600      341.00
11.5800      319.00
11.6000      264.00
11.6200      291.00
11.6400      240.00
11.6600      245.00
11.6800      254.00
11.7000      259.00
11.7200      254.00
11.7400      269.00
11.7600      263.00
11.7800      270.00
11.8000      296.00
11.8200      315.00
11.8400      322.00
11.8600      344.00
11.8800      330.00
11.9000      341.00
11.9200      369.00
11.9400      375.00
11.9600      395.00
11.9800      440.00
12.0000      457.00
12.0200      478.00
12.0400      523.00
12.0600      555.00
12.0800      593.00
12.1000      601.00
12.1200      653.00
12.1400      708.00
12.1600      718.00
12.1800      778.00
12.2000      810.00
12.2200      850.00
12.2400      832.00
12.2600      801.00
12.2800      853.00
12.3000      827.00
12.3200      764.00
12.3400      703.00
12.3600      670.00
12.3800      653.00
12.4000      646.00
12.4200      606.00
12.4400      603.00
12.4600      570.00
12.4800      567.00
12.5000      589.00
12.5200      638.00
12.5400      671.00
12.5600      707.00
12.5800      793.00
12.6000      830.00
12.6200      853.00
12.6400      884.00
12.6600      849.00
12.6800      815.00
12.7000      833.00
12.7200      678.00
12.7400      655.00
12.7600      590.00
12.7800      498.00
12.8000      390.00
12.8200      372.00
12.8400      314.00
12.8600      316.00
12.8800      254.00
12.9000      280.00
12.9200      271.00
12.9400      250.00
12.9600      277.00
12.9800      277.00
13.0000      249.00
13.0200      247.00
13.0400      234.00
13.0600      278.00
13.0800      232.00
13.1000      218.00
13.1200      255.00
13.1400      233.00
13.1600      228.00
13.1800      237.00
13.2000      267.00
13.2200      242.00
13.2400      238.00
13.2600      238.00
13.2800      236.00
13.3000      232.00
13.3200      230.00
13.3400      246.00
13.3600      227.00
13.3800      244.00
13.4000      229.00
13.4200      270.00
13.4400      231.00
13.4600      239.00
13.4800      247.00
13.5000      223.00
13.5200      221.00
13.5400      232.00
13.5600      245.00
13.5800      248.00
13.6000      234.00
13.6200      239.00
13.6400      256.00
13.6600      266.00
13.6800      261.00
13.7000      232.00
13.7200      275.00
13.7400      250.00
13.7600      257.00
13.7800      237.00
13.8000      253.00
13.8200      280.00
13.8400      293.00
13.8600      263.00
13.8800      281.00
13.9000      331.00
13.9200      351.00
13.9400      379.00
13.9600      362.00
13.9800      344.00
14.0000      353.00
14.0200      382.00
14.0400      431.00
14.0600      445.00
14.0800      475.00
14.1000      498.00
14.1200      585.00
14.1400      610.00
14.1600      687.00
14.1800      739.00
14.2000      784.00
14.2200      842.00
14.2400      930.00
14.2600      977.00
14.2800     1099.00
14.3000     1127.00
14.3200     1196.00
14.3400     1254.00
14.3600     1176.00
14.3800     1114.00
14.4000     1108.00
14.4200      893.00
14.4400      895.00
14.4600      835.00
14.4800      756.00
14.5000      621.00
14.5200      619.00
14.5400      608.00
14.5600      488.00
14.5800      472.00
14.6000      468.00
14.6200      416.00
14.6400      443.00
14.6600      377.00
14.6800      338.00
14.7000      335.00
14.7200      293.00
14.7400      272.00
14.7600      297.00
14.7800      266.00
14.8000      270.00
14.8200      292.00
14.8400      252.00
14.8600      268.00
14.8800      249.00
14.9000      247.00
14.9200      247.00
14.9400      213.00
14.9600      249.00
14.9800      269.00
15.0000      248.00
15.0200      255.00
15.0400      252.00
15.0600      255.00
15.0800      234.00
15.1000      246.00
15.1200      247.00
15.1400      270.00
15.1600      234.00
15.1800      216.00
15.2000      225.00
15.2200      229.00
15.2400      235.00
15.2600      221.00
15.2800      221.00
15.3000      227.00
15.3200      208.00
15.3400      243.00
15.3600      216.00
15.3800      226.00
15.4000      223.00
15.4200      208.00
15.4400      222.00
15.4600      228.00
15.4800      235.00
15.5000      227.00
15.5200      235.00
15.5400      219.00
15.5600      254.00
15.5800      217.00
15.6000      247.00
15.6200      265.00
15.6400      255.00
15.6600      235.00
15.6800      281.00
15.7000      307.00
15.7200      271.00
15.7400      272.00
15.7600      294.00
15.7800      320.00
15.8000      305.00
15.8200      363.00
15.8400      364.00
15.8600      375.00
15.8800      396.00
15.9000      391.00
15.9200      405.00
15.9400      403.00
15.9600      449.00
15.9800      468.00
16.0000      481.00
16.0200      508.00
16.0400      515.00
16.0600      552.00
16.0800      558.00
16.1000      592.00
16.1200      640.00
16.1400      552.00
16.1600      583.00
16.1800      573.00
16.2000      490.00
16.2200      497.00
16.2400      487.00
16.2600      474.00
16.2800      464.00
16.3000      463.00
16.3200      435.00
16.3400      482.00
16.3600      506.00
16.3800      481.00
16.4000      517.00
16.4200      513.00
16.4400      526.00
16.4600      454.00
16.4800      500.00
16.5000      518.00
16.5200      521.00
16.5400      501.00
16.5600      504.00
16.5800      577.00
16.6000      575.00
16.6200      562.00
16.6400      553.00
16.6600      537.00
16.6800      543.00
16.7000      474.00
16.7200      479.00
16.7400      431.00
16.7600      393.00
16.7800      373.00
16.8000      315.00
16.8200      351.00
16.8400      295.00
16.8600      373.00
16.8800      355.00
16.9000      330.00
16.9200      388.00
16.9400      361.00
16.9600      393.00
16.9800      390.00
17.0000      463.00
17.0200      471.00
17.0400      507.00
17.0600      526.00
17.0800      588.00
17.1000      567.00
17.1200      675.00
17.1400      663.00
17.1600      690.00
17.1800      746.00
17.2000      799.00
17.2200      820.00
17.2400      850.00
17.2600      935.00
17.2800      886.00
17.3000      876.00
17.3200      811.00
17.3400      856.00
17.3600      916.00
17.3800      956.00
17.4000     1069.00
17.4200     1160.00
17.4400     1237.00
17.4600     1475.00
17.4800     1673.00
17.5000     1834.00
17.5200     2027.00
17.5400     2286.00
17.5600     2391.00
17.5800     2471.00
17.6000     2677.00
17.6200     2680.00
17.6400     2855.00
17.6600     2854.00
17.6800     2879.00
17.7000     2977.00
17.7200     2786.00
17.7400     2718.00
17.7600     2435.00
17.7800     2186.00
17.8000     2058.00
17.8200     1638.00
17.8400     1374.00
17.8600     1131.00
17.8800      925.00
17.9000      720.00
17.9200      659.00
17.9400      577.00
17.9600      508.00
17.9800      492.00
18.0000      453.00
18.0200      452.00
18.0400      443.00
18.0600      428.00
18.0800      382.00
18.1000      411.00
18.1200      382.00
18.1400      371.00
18.1600      330.00
18.1800      348.00
18.2000      373.00
18.2200      384.00
18.2400      418.00
18.2600      421.00
18.2800      439.00
18.3000      465.00
18.3200      535.00
18.3400      571.00
18.3600      568.00
18.3800      600.00
18.4000      691.00
18.4200      721.00
18.4400      761.00
18.4600      772.00
18.4800      829.00
18.5000      855.00
18.5200      885.00
18.5400      885.00
18.5600      903.00
18.5800      863.00
18.6000      847.00
18.6200      865.00
18.6400      763.00
18.6600      698.00
18.6800      633.00
18.7000      560.00
18.7200      488.00
18.7400      442.00
18.7600      458.00
18.7800      397.00
18.8000      401.00
18.8200      419.00
18.8400      390.00
18.8600      349.00
18.8800      432.00
18.9000      408.00
18.9200      430.00
18.9400      455.00
18.9600      456.00
18.9800      472.00
19.0000      452.00
19.0200      426.00
19.0400      425.00
19.0600      396.00
19.0800      435.00
19.1000      395.00
19.1200      404.00
19.1400      446.00
19.1600      412.00
19.1800      438.00
19.2000      419.00
19.2200      466.00
19.2400      447.00
19.2600      498.00
19.2800      491.00
19.3000      487.00
19.3200      460.00
19.3400      474.00
19.3600      497.00
19.3800      490.00
19.4000      520.00
19.4200      551.00
19.4400      572.00
19.4600      605.00
19.4800      643.00
19.5000      723.00
19.5200      756.00
19.5400      766.00
19.5600      894.00
19.5800     1016.00
19.6000     1174.00
19.6200     1298.00
19.6400     1580.00
19.6600     1745.00
19.6800     1990.00
19.7000     2213.00
19.7200     2426.00
19.7400     2536.00
19.7600     2528.00
19.7800     2378.00
19.8000     2310.00
19.8200     1963.00
19.8400     1896.00
19.8600     1670.00
19.8800     1496.00
19.9000     1372.00
19.9200     1160.00
19.9400      936.00
19.9600      869.00
19.9800      803.00
20.0000      701.00
20.0200      584.00
20.0400      552.00
20.0600      468.00
20.0800      481.00
20.1000      416.00
20.1200      394.00
20.1400      353.00
20.1600      394.00
20.1800      352.00
20.2000      356.00
20.2200      358.00
20.2400      298.00
20.2600      334.00
20.2800      335.00
20.3000      324.00
20.3200      319.00
20.3400      332.00
20.3600      352.00
20.3800      336.00
20.4000      368.00
20.4200      426.00
20.4400      427.00
20.4600      398.00
20.4800      434.00
20.5000      421.00
20.5200      497.00
20.5400      480.00
20.5600      485.00
20.5800      566.00
20.6000      609.00
20.6200      593.00
20.6400      689.00
20.6600      675.00
20.6800      776.00
20.7000      830.00
20.7200      857.00
20.7400      890.00
20.7600      976.00
20.7800     1080.00
20.8000     1056.00
20.8200     1170.00
20.8400     1306.00
20.8600     1437.00
20.8800     1440.00
20.9000     1547.00
20.9200     1778.00
20.9400     1913.00
20.9600     2153.00
20.9800     2213.00
21.0000     2384.00
21.0200     2598.00
21.0400     2854.00
21.0600     3061.00
21.0800     3095.00
21.1000     3177.00
21.1200     3241.00
21.1400     3208.00
21.1600     3170.00
21.1800     3145.00
21.2000     3036.00
21.2200     2875.00
21.2400     2469.00
21.2600     2179.00
21.2800     2000.00
21.3000     1655.00
21.3200     1367.00
21.3400     1116.00
21.3600      885.00
21.3800      711.00
21.4000      570.00
21.4200      525.00
21.4400      428.00
21.4600      432.00
21.4800      379.00
21.5000      342.00
21.5200      338.00
21.5400      334.00
21.5600      327.00
21.5800      304.00
21.6000      299.00
21.6200      336.00
21.6400      307.00
21.6600      310.00
21.6800      310.00
21.7000      318.00
21.7200      313.00
21.7400      321.00
21.7600      299.00
21.7800      320.00
21.8000      318.00
21.8200      291.00
21.8400      329.00
21.8600      261.00
21.8800      340.00
21.9000      323.00
21.9200      325.00
21.9400      310.00
21.9600      356.00
21.9800      308.00
22.0000      364.00
22.0200      362.00
22.0400      379.00
22.0600      362.00
22.0800      377.00
22.1000      389.00
22.1200      414.00
22.1400      410.00
22.1600      435.00
22.1800      468.00
22.2000      515.00
22.2200      494.00
22.2400      534.00
22.2600      521.00
22.2800      571.00
22.3000      635.00
22.3200      616.00
22.3400      675.00
22.3600      677.00
22.3800      704.00
22.4000      735.00
22.4200      715.00
22.4400      809.00
22.4600      848.00
22.4800      982.00
22.5000      959.00
22.5200     1030.00
22.5400     1029.00
22.5600     1111.00
22.5800     1156.00
22.6000     1262.00
22.6200     1391.00
22.6400     1441.00
22.6600     1480.00
22.6800     1539.00
22.7000     1583.00
22.7200     1506.00
22.7400     1596.00
22.7600     1528.00
22.7800     1574.00
22.8000     1464.00
22.8200     1397.00
22.8400     1164.00
22.8600     1119.00
22.8800      984.00
22.9000      879.00
22.9200      837.00
22.9400      813.00
22.9600      796.00
22.9800      807.00
23.0000      802.00
23.0200      793.00
23.0400      828.00
23.0600      834.00
23.0800      923.00
23.1000      927.00
23.1200     1015.00
23.1400     1012.00
23.1600      968.00
23.1800      999.00
23.2000     1005.00
23.2200      961.00
23.2400      988.00
23.2600      957.00
23.2800      948.00
23.3000      955.00
23.3200      955.00
23.3400      929.00
23.3600      895.00
23.3800      892.00
23.4000      958.00
23.4200      886.00
23.4400      968.00
23.4600      901.00
23.4800      903.00
23.5000      884.00
23.5200      906.00
23.5400      865.00
23.5600      810.00
23.5800      723.00
23.6000      720.00
23.6200      741.00
23.6400      631.00
23.6600      597.00
23.6800      526.00
23.7000      544.00
23.7200      500.00
23.7400      389.00
23.7600      399.00
23.7800      394.00
23.8000      370.00
23.8200      410.00
23.8400      408.00
23.8600      428.00
23.8800      440.00
23.9000      440.00
23.9200      484.00
23.9400      538.00
23.9600      614.00
23.9800      632.00
24.0000      735.00
24.0200      783.00
24.0400      802.00
24.0600      863.00
24.0800      987.00
24.1000     1017.00
24.1200     1051.00
24.1400     1069.00
24.1600     1022.00
24.1800      963.00
24.2000      980.00
24.2200     1060.00
24.2400     1021.00
24.2600     1158.00
24.2800     1218.00
24.3000     1170.00
24.3200     1248.00
24.3400     1276.00
24.3600     1266.00
24.3800     1270.00
24.4000     1304.00
24.4200     1303.00
24.4400     1230.00
24.4600     1296.00
24.4800     1346.00
24.5000     1375.00
24.5200     1231.00
24.5400     1226.00
24.5600     1184.00
24.5800     1118.00
24.6000     1011.00
24.6200      981.00
24.6400      880.00
24.6600      756.00
24.6800      644.00
24.7000      562.00
24.7200      535.00
24.7400      520.00
24.7600      527.00
24.7800      513.00
24.8000      525.00
24.8200      544.00
24.8400      571.00
24.8600      654.00
24.8800      699.00
24.9000      716.00
24.9200      779.00
24.9400      783.00
24.9600      881.00
24.9800      968.00
25.0000     1015.00
25.0200     1121.00
25.0400     1098.00
25.0600     1128.00
25.0800     1055.00
25.1000     1034.00
25.1200      914.00
25.1400      843.00
25.1600      748.00
25.1800      630.00
25.2000      551.00
25.2200      522.00
25.2400      482.00
25.2600      409.00
25.2800      368.00
25.3000      353.00
25.3200      358.00
25.3400      339.00
25.3600      337.00
25.3800      291.00
25.4000      300.00
25.4200      254.00
25.4400      293.00
25.4600      283.00
25.4800      258.00
25.5000      272.00
25.5200      274.00
25.5400      292.00
25.5600      247.00
25.5800      290.00
25.6000      282.00
25.6200      279.00
25.6400      280.00
25.6600      277.00
25.6800      264.00
25.7000      249.00
25.7200      282.00
25.7400      275.00
25.7600      278.00
25.7800      303.00
25.8000      322.00
25.8200      318.00
25.8400      294.00
25.8600      303.00
25.8800      327.00
25.9000      344.00
25.9200      370.00
25.9400      369.00
25.9600      332.00
25.9800      381.00
26.0000      423.00
26.0200      409.00
26.0400      521.00
26.0600      500.00
26.0800      459.00
26.1000      538.00
26.1200      563.00
26.1400      635.00
26.1600      595.00
26.1800      643.00
26.2000      676.00
26.2200      696.00
26.2400      751.00
26.2600      806.00
26.2800      750.00
26.3000      827.00
26.3200      841.00
26.3400      893.00
26.3600      821.00
26.3800      932.00
26.4000      808.00
26.4200      835.00
26.4400      812.00
26.4600      793.00
26.4800      772.00
26.5000      749.00
26.5200      681.00
26.5400      721.00
26.5600      690.00
26.5800      714.00
26.6000      723.00
26.6200      700.00
26.6400      620.00
26.6600      568.00
26.6800      621.00
26.7000      519.00
26.7200      449.00
26.7400      407.00
26.7600      421.00
26.7800      354.00
26.8000      332.00
26.8200      328.00
26.8400      321.00
26.8600      299.00
26.8800      315.00
26.9000      304.00
26.9200      311.00
26.9400      297.00
26.9600      325.00
26.9800      303.00
27.0000      340.00
27.0200      304.00
27.0400      341.00
27.0600      327.00
27.0800      352.00
27.1000      306.00
27.1200      346.00
27.1400      328.00
27.1600      325.00
27.1800      352.00
27.2000      359.00
27.2200      375.00
27.2400      389.00
27.2600      383.00
27.2800      396.00
27.3000      411.00
27.3200      416.00
27.3400      466.00
27.3600      445.00
27.3800      488.00
27.4000      520.00
27.4200      506.00
27.4400      539.00
27.4600      526.00
27.4800      513.00
27.5000      514.00
27.5200      578.00
27.5400      534.00
27.5600      538.00
27.5800      563.00
27.6000      588.00
27.6200      620.00
27.6400      620.00
27.6600      707.00
27.6800      690.00
27.7000      733.00
27.7200      834.00
27.7400      776.00
27.7600      821.00
27.7800      829.00
27.8000      784.00
27.8200      791.00
27.8400      777.00
27.8600      764.00
27.8800      748.00
27.9000      733.00
27.9200      691.00
27.9400      633.00
27.9600      598.00
27.9800      548.00
28.0000      523.00
28.0200      505.00
28.0400      439.00
28.0600      449.00
28.0800      385.00
28.1000      441.00
28.1200      375.00
28.1400      414.00
28.1600      432.00
28.1800      342.00
28.2000      355.00
28.2200      380.00
28.2400      414.00
28.2600      436.00
28.2800      427.00
28.3000      465.00
28.3200      504.00
28.3400      533.00
28.3600      609.00
28.3800      690.00
28.4000      772.00
28.4200      903.00
28.4400      955.00
28.4600     1115.00
28.4800     1151.00
28.5000     1224.00
28.5200     1236.00
28.5400     1303.00
28.5600     1311.00
28.5800     1339.00
28.6000     1401.00
28.6200     1350.00
28.6400     1395.00
28.6600     1310.00
28.6800     1237.00
28.7000     1133.00
28.7200     1071.00
28.7400      970.00
28.7600      898.00
28.7800      916.00
28.8000      794.00
28.8200      699.00
28.8400      628.00
28.8600      656.00
28.8800      619.00
28.9000      599.00
28.9200      568.00
28.9400      605.00
28.9600      600.00
28.9800      602.00
29.0000      565.00
29.0200      603.00
29.0400      574.00
29.0600      538.00
29.0800      554.00
29.1000      589.00
29.1200      565.00
29.1400      557.00
29.1600      575.00
29.1800      574.00
29.2000      605.00
29.2200      578.00
29.2400      551.00
29.2600      629.00
29.2800      629.00
29.3000      631.00
29.3200      684.00
29.3400      752.00
29.3600      752.00
29.3800      705.00
29.4000      695.00
29.4200      706.00
29.4400      710.00
29.4600      743.00
29.4800      755.00
29.5000      727.00
29.5200      758.00
29.5400      767.00
29.5600      734.00
29.5800      747.00
29.6000      758.00
29.6200      723.00
29.6400      661.00
29.6600      622.00
29.6800      518.00
29.7000      470.00
29.7200      441.00
29.7400      439.00
29.7600      355.00
29.7800      344.00
29.8000      352.00
29.8200      322.00
29.8400      310.00
29.8600      306.00
29.8800      304.00
29.9000      315.00
29.9200      290.00
29.9400      237.00
29.9600      279.00
29.9800      311.00
30.0000      312.00
30.0200      304.00
30.0400      360.00
30.0600      436.00
30.0800      404.00
30.1000      426.00
30.1200      428.00
30.1400      478.00
30.1600      522.00
30.1800      483.00
30.2000      532.00
30.2200      554.00
30.2400      508.00
30.2600      530.00
30.2800      553.00
30.3000      522.00
30.3200      516.00
30.3400      515.00
30.3600      520.00
30.3800      500.00
30.4000      528.00
30.4200      412.00
30.4400      388.00
30.4600      377.00
30.4800      431.00
30.5000      363.00
30.5200      352.00
30.5400      346.00
30.5600      343.00
30.5800      294.00
30.6000      315.00
30.6200      303.00
30.6400      290.00
30.6600      292.00
30.6800      307.00
30.7000      341.00
30.7200      319.00
30.7400      337.00
30.7600      329.00
30.7800      295.00
30.8000      313.00
30.8200      317.00
30.8400      281.00
30.8600      309.00
30.8800      316.00
30.9000      296.00
30.9200      299.00
30.9400      330.00
30.9600      315.00
30.9800      287.00
31.0000      327.00
31.0200      311.00
31.0400      296.00
31.0600      283.00
31.0800      321.00
31.1000      313.00
31.1200      323.00
31.1400      275.00
31.1600      304.00
31.1800      302.00
31.2000      279.00
31.2200      255.00
31.2400      253.00
31.2600      232.00
31.2800      259.00
31.3000      240.00
31.3200      268.00
31.3400      255.00
31.3600      238.00
31.3800      218.00
31.4000      237.00
31.4200      257.00
31.4400      249.00
31.4600      257.00
31.4800      266.00
31.5000      254.00
31.5200      249.00
31.5400      253.00
31.5600      228.00
31.5800      279.00
31.6000      325.00
31.6200      328.00
31.6400      317.00
31.6600      337.00
31.6800      309.00
31.7000      345.00
31.7200      306.00
31.7400      278.00
31.7600      297.00
31.7800      285.00
31.8000      291.00
31.8200      286.00
31.8400      282.00
31.8600      296.00
31.8800      290.00
31.9000      262.00
31.9200      294.00
31.9400      318.00
31.9600      334.00
31.9800      316.00
32.0000      324.00
32.0200      312.00
32.0400      339.00
32.0600      356.00
32.0800      377.00
32.1000      407.00
32.1200      400.00
32.1400      382.00
32.1600      400.00
32.1800      429.00
32.2000      411.00
32.2200      432.00
32.2400      419.00
32.2600      409.00
32.2800      417.00
32.3000      459.00
32.3200      465.00
32.3400      434.00
32.3600      475.00
32.3800      441.00
32.4000      448.00
32.4200      492.00
32.4400      418.00
32.4600      424.00
32.4800      432.00
32.5000      483.00
32.5200      482.00
32.5400      504.00
32.5600      526.00
32.5800      525.00
32.6000      494.00
32.6200      476.00
32.6400      458.00
32.6600      479.00
32.6800      476.00
32.7000      474.00
32.7200      493.00
32.7400      479.00
32.7600      497.00
32.7800      498.00
32.8000      430.00
32.8200      450.00
32.8400      422.00
32.8600      426.00
32.8800      470.00
32.9000      393.00
32.9200      391.00
32.9400      407.00
32.9600      372.00
32.9800      376.00
33.0000      379.00
33.0200      372.00
33.0400      341.00
33.0600      405.00
33.0800      369.00
33.1000      367.00
33.1200      384.00
33.1400      342.00
33.1600      398.00
33.1800      359.00
33.2000      416.00
33.2200      475.00
33.2400      448.00
33.2600      474.00
33.2800      455.00
33.3000      511.00
33.3200      506.00
33.3400      494.00
33.3600      515.00
33.3800      562.00
33.4000      497.00
33.4200      498.00
33.4400      537.00
33.4600      544.00
33.4800      505.00
33.5000      519.00
33.5200      482.00
33.5400      520.00
33.5600      481.00
33.5800      443.00
33.6000      382.00
33.6200      397.00
33.6400      356.00
33.6600      366.00
33.6800      346.00
33.7000      287.00
33.7200      272.00
33.7400      290.00
33.7600      254.00
33.7800      259.00
33.8000      249.00
33.8200      246.00
33.8400      222.00
33.8600      251.00
33.8800      233.00
33.9000      229.00
33.9200      242.00
33.9400      259.00
33.9600      235.00
33.9800      263.00
34.0000      241.00
34.0200      278.00
34.0400      265.00
34.0600      263.00
34.0800      294.00
34.1000      326.00
34.1200      319.00
34.1400      354.00
34.1600      349.00
34.1800      370.00
34.2000      385.00
34.2200      392.00
34.2400      409.00
34.2600      406.00
34.2800      419.00
34.3000      406.00
34.3200      399.00
34.3400      407.00
34.3600      391.00
34.3800      390.00
34.4000      385.00
34.4200      345.00
34.4400      326.00
34.4600      312.00
34.4800      294.00
34.5000      282.00
34.5200      274.00
34.5400      254.00
34.5600      248.00
34.5800      269.00
34.6000      259.00
34.6200      202.00
34.6400      243.00
34.6600      245.00
34.6800      264.00
34.7000      249.00
34.7200      219.00
34.7400      244.00
34.7600      237.00
34.7800      235.00
34.8000      234.00
34.8200      228.00
34.8400      251.00
34.8600      262.00
34.8800      250.00
34.9000      261.00
34.9200      289.00
34.9400      236.00
34.9600      264.00
34.9800      280.00
35.0000      286.00
