 2.2000      322.00
 2.2200      314.00
 2.2400      327.00
 2.2600      321.00
 2.2800      328.00
 2.3000      278.00
 2.3200      299.00
 2.3400      322.00
 2.3600      275.00
 2.3800      309.00
 2.4000      320.00
 2.4200      285.00
 2.4400      260.00
 2.4600      289.00
 2.4800      284.00
 2.5000      270.00
 2.5200      301.00
 2.5400      243.00
 2.5600      293.00
 2.5800      273.00
 2.6000      269.00
 2.6200      281.00
 2.6400      299.00
 2.6600      281.00
 2.6800      277.00
 2.7000      275.00
 2.7200      260.00
 2.7400      276.00
 2.7600      284.00
 2.7800      239.00
 2.8000      278.00
 2.8200      262.00
 2.8400      309.00
 2.8600      273.00
 2.8800      268.00
 2.9000      275.00
 2.9200      274.00
 2.9400      270.00
 2.9600      274.00
 2.9800      259.00
 3.0000      242.00
 3.0200      267.00
 3.0400      286.00
 3.0600      266.00
 3.0800      269.00
 3.1000      257.00
 3.1200      241.00
 3.1400      223.00
 3.1600      266.00
 3.1800      261.00
 3.2000      246.00
 3.2200      228.00
 3.2400      244.00
 3.2600      254.00
 3.2800      253.00
 3.3000      250.00
 3.3200      219.00
 3.3400      234.00
 3.3600      201.00
 3.3800      207.00
 3.4000      247.00
 3.4200      222.00
 3.4400      246.00
 3.4600      262.00
 3.4800      228.00
 3.5000      252.00
 3.5200      220.00
 3.5400      208.00
 3.5600      242.00
 3.5800      249.00
 3.6000      228.00
 3.6200      246.00
 3.6400      253.00
 3.6600      238.00
 3.6800      226.00
 3.7000      221.00
 3.7200      229.00
 3.7400      225.00
 3.7600      238.00
 3.7800      226.00
 3.8000      232.00
 3.8200      207.00
 3.8400      238.00
 3.8600      230.00
 3.8800      239.00
 3.9000      227.00
 3.9200      217.00
 3.9400      228.00
 3.9600      238.00
 3.9800      242.00
 4.0000      232.00
 4.0200      222.00
 4.0400      201.00
 4.0600      225.00
 4.0800      211.00
 4.1000      194.00
 4.1200      190.00
 4.1400      215.00
 4.1600      207.00
 4.1800      229.00
 4.2000      222.00
 4.2200      224.00
 4.2400      177.00
 4.2600      211.00
 4.2800      196.00
 4.3000      212.00
 4.3200      169.00
 4.3400      195.00
 4.3600      179.00
 4.3800      203.00
 4.4000      200.00
 4.4200      209.00
 4.4400      182.00
 4.4600      206.00
 4.4800      183.00
 4.5000      196.00
 4.5200      199.00
 4.5400      190.00
 4.5600      183.00
 4.5800      221.00
 4.6000      171.00
 4.6200      211.00
 4.6400      198.00
 4.6600      203.00
 4.6800      165.00
 4.7000      170.00
 4.7200      178.00
 4.7400      182.00
 4.7600      184.00
 4.7800      187.00
 4.8000      198.00
 4.8200      162.00
 4.8400      177.00
 4.8600      187.00
 4.8800      189.00
 4.9000      176.00
 4.9200      169.00
 4.9400      206.00
 4.9600      185.00
 4.9800      183.00
 5.0000      188.00
 5.0200      174.00
 5.0400      185.00
 5.0600      173.00
 5.0800      208.00
 5.1000      168.00
 5.1200      193.00
 5.1400      182.00
 5.1600      196.00
 5.1800      166.00
 5.2000      222.00
 5.2200      194.00
 5.2400      180.00
 5.2600      197.00
 5.2800      197.00
 5.3000      201.00
 5.3200      233.00
 5.3400      233.00
 5.3600      194.00
 5.3800      222.00
 5.4000      198.00
 5.4200      193.00
 5.4400      194.00
 5.4600      223.00
 5.4800      189.00
 5.5000      243.00
 5.5200      225.00
 5.5400      214.00
 5.5600      220.00
 5.5800      230.00
 5.6000      253.00
 5.6200      247.00
 5.6400      242.00
 5.6600      258.00
 5.6800      259.00
 5.7000      281.00
 5.7200      298.00
 5.7400      323.00
 5.7600      350.00
 5.7800      367.00
 5.8000      398.00
 5.8200      417.00
 5.8400      448.00
 5.8600      470.00
 5.8800      423.00
 5.9000      498.00
 5.9200      460.00
 5.9400      445.00
 5.9600      416.00
 5.9800      348.00
 6.0000      309.00
 6.0200      306.00
 6.0400      235.00
 6.0600      237.00
 6.0800      189.00
 6.1000      198.00
 6.1200      190.00
 6.1400      212.00
 6.1600      187.00
 6.1800      212.00
 6.2000      211.00
 6.2200      200.00
 6.2400      183.00
 6.2600      195.00
 6.2800      186.00
 6.3000      193.00
 6.3200      176.00
 6.3400      176.00
 6.3600      189.00
 6.3800      195.00
 6.4000      174.00
 6.4200      176.00
 6.4400      191.00
 6.4600      198.00
 6.4800      214.00
 6.5000      170.00
 6.5200      192.00
 6.5400      194.00
 6.5600      209.00
 6.5800      166.00
 6.6000      207.00
 6.6200      186.00
 6.6400      165.00
 6.6600      180.00
 6.6800      218.00
 6.7000      182.00
 6.7200      164.00
 6.7400      183.00
 6.7600      170.00
 6.7800      186.00
 6.8000      208.00
 6.8200      230.00
 6.8400      226.00
 6.8600      200.00
 6.8800      187.00
 6.9000      206.00
 6.9200      197.00
 6.9400      222.00
 6.9600      239.00
 6.9800      240.00
 7.0000      198.00
 7.0200      191.00
 7.0400      228.00
 7.0600      226.00
 7.0800      187.00
 7.1000      232.00
 7.1200      232.00
 7.1400      204.00
 7.1600      259.00
 7.1800      231.00
 7.2000      235.00
 7.2200      249.00
 7.2400      257.00
 7.2600      255.00
 7.2800      288.00
 7.3000      287.00
 7.3200      299.00
 7.3400      316.00
 7.3600      361.00
 7.3800      358.00
 7.4000      394.00
 7.4200      382.00
 7.4400      449.00
 7.4600      465.00
 7.4800      486.00
 7.5000      540.00
 7.5200      618.00
 7.5400      667.00
 7.5600      725.00
 7.5800      823.00
 7.6000      871.00
 7.6200      979.00
 7.6400      944.00
 7.6600     1109.00
 7.6800     1075.00
 7.7000     1096.00
 7.7200     1107.00
 7.7400     1036.00
 7.7600     1083.00
 7.7800      967.00
 7.8000      821.00
 7.8200      768.00
 7.8400      628.00
 7.8600      531.00
 7.8800      451.00
 7.9000      361.00
 7.9200      354.00
 7.9400      349.00
 7.9600      281.00
 7.9800      321.00
 8.0000      273.00
 8.0200      321.00
 8.0400      334.00
 8.0600      316.00
 8.0800      366.00
 8.1000      375.00
 8.1200      338.00
 8.1400      380.00
 8.1600      395.00
 8.1800      445.00
 8.2000      464.00
 8.2200      493.00
 8.2400      559.00
 8.2600      580.00
 8.2800      658.00
 8.3000      720.00
 8.3200      718.00
 8.3400      822.00
 8.3600      907.00
 8.3800      929.00
 8.4000      968.00
 8.4200      950.00
 8.4400      959.00
 8.4600      909.00
 8.4800      876.00
 8.5000      766.00
 8.5200      647.00
 8.5400      599.00
 8.5600      459.00
 8.5800      383.00
 8.6000      325.00
 8.6200      258.00
 8.6400      249.00
 8.6600      253.00
 8.6800      247.00
 8.7000      229.00
 8.7200      234.00
 8.7400      234.00
 8.7600      216.00
 8.7800      231.00
 8.8000      235.00
 8.8200      225.00
 8.8400      228.00
 8.8600      251.00
 8.8800      247.00
 8.9000      222.00
 8.9200      241.00
 8.9400      233.00
 8.9600      237.00
 8.9800      258.00
 9.0000      231.00
 9.0200      236.00
 9.0400      253.00
 9.0600      243.00
 9.0800      258.00
 9.1000      259.00
 9.1200      261.00
 9.1400      270.00
 9.1600      288.00
 9.1800      300.00
 9.2000      305.00
 9.2200      319.00
 9.2400      320.00
 9.2600      331.00
 9.2800      364.00
 9.3000      383.00
 9.3200      408.00
 9.3400      454.00
 9.3600      480.00
 9.3800      473.00
 9.4000      522.00
 9.4200      503.00
 9.4400      598.00
 9.4600      589.00
 9.4800      596.00
 9.5000      654.00
 9.5200      649.00
 9.5400      636.00
 9.5600      629.00
 9.5800      586.00
 9.6000      581.00
 9.6200      554.00
 9.6400      508.00
 9.6600      458.00
 9.6800      448.00
 9.7000      381.00
 9.7200      389.00
 9.7400      355.00
 9.7600      353.00
 9.7800      311.00
 9.8000      294.00
 9.8200      302.00
 9.8400      303.00
 9.8600      279.00
 9.8800      274.00
 9.9000      252.00
 9.9200      210.00
 9.9400      271.00
 9.9600      241.00
 9.9800      260.00
10.0000      264.00
10.0200      266.00
10.0400      265.00
10.0600      289.00
10.0800      255.00
10.1000      264.00
10.1200      276.00
10.1400      257.00
10.1600      264.00
10.1800      270.00
10.2000      287.00
10.2200      284.00
10.2400      277.00
10.2600      246.00
10.2800      280.00
10.3000      282.00
10.3200      304.00
10.3400      317.00
10.3600      312.00
10.3800      315.00
10.4000      344.00
10.4200      341.00
10.4400      359.00
10.4600      333.00
10.4800      331.00
10.5000      339.00
10.5200      348.00
10.5400      313.00
10.5600      291.00
10.5800      272.00
10.6000      274.00
10.6200      266.00
10.6400      261.00
10.6600      292.00
10.6800      261.00
10.7000      259.00
10.7200      258.00
10.7400      284.00
10.7600      237.00
10.7800      283.00
10.8000      289.00
10.8200      287.00
10.8400      284.00
10.8600      285.00
10.8800      305.00
10.9000      325.00
10.9200      322.00
10.9400      304.00
10.9600      316.00
10.9800      311.00
11.0000      352.00
11.0200      335.00
11.0400      393.00
11.0600      415.00
11.0800      372.00
11.1000      428.00
11.1200      394.00
11.1400      417.00
11.1600      478.00
11.1800      471.00
11.2000      465.00
11.2200      436.00
11.2400      434.00
11.2600      444.00
11.2800      447.00
11.3000      463.00
11.3200      429.00
11.3400      425.00
11.3600      427.00
11.3800      439.00
11.4000      378.00
11.4200      417.00
11.4400      407.00
11.4600      381.00
11.4800      426.00
11.5000      394.00
11.5200      353.00
11.5400      395.00
11.5600      394.00
11.5800      403.00
11.6000      470.00
11.6200      436.00
11.6400      418.00
11.6600      445.00
11.6800      437.00
11.7000      463.00
11.7200      493.00
11.7400      482.00
11.7600      520.00
11.7800      498.00
11.8000      605.00
11.8200      528.00
11.8400      619.00
11.8600      635.00
11.8800      736.00
11.9000      822.00
11.9200      896.00
11.9400      953.00
11.9600     1141.00
11.9800     1204.00
12.0000     1342.00
12.0200     1355.00
12.0400     1460.00
12.0600     1436.00
12.0800     1485.00
12.1000     1441.00
12.1200     1271.00
12.1400     1205.00
12.1600     1015.00
12.1800      883.00
12.2000      723.00
12.2200      581.00
12.2400      481.00
12.2600      402.00
12.2800      358.00
12.3000      351.00
12.3200      310.00
12.3400      296.00
12.3600      330.00
12.3800      322.00
12.4000      271.00
12.4200      345.00
12.4400      316.00
12.4600      356.00
12.4800      326.00
12.5000      317.00
12.5200      347.00
12.5400      362.00
12.5600      384.00
12.5800      370.00
12.6000      421.00
12.6200      438.00
12.6400      514.00
12.6600      441.00
12.6800      494.00
12.7000      518.00
12.7200      560.00
12.7400      624.00
12.7600      687.00
12.7800      735.00
12.8000      790.00
12.8200      901.00
12.8400      988.00
12.8600     1082.00
12.8800     1120.00
12.9000     1198.00
12.9200     1216.00
12.9400     1390.00
12.9600     1404.00
12.9800     1350.00
13.0000     1480.00
13.0200     1414.00
13.0400     1443.00
13.0600     1315.00
13.0800     1374.00
13.1000     1289.00
13.1200     1198.00
13.1400     1105.00
13.1600     1047.00
13.1800      951.00
13.2000      838.00
13.2200      809.00
13.2400      738.00
13.2600      668.00
13.2800      591.00
13.3000      502.00
13.3200      471.00
13.3400      429.00
13.3600      384.00
13.3800      361.00
13.4000      337.00
13.4200      328.00
13.4400      344.00
13.4600      321.00
13.4800      355.00
13.5000      332.00
13.5200      312.00
13.5400      289.00
13.5600      331.00
13.5800      287.00
13.6000      274.00
13.6200      286.00
13.6400      301.00
13.6600      313.00
13.6800      268.00
13.7000      312.00
13.7200      328.00
13.7400      286.00
13.7600      287.00
13.7800      326.00
13.8000      293.00
13.8200      281.00
13.8400      301.00
13.8600      315.00
13.8800      293.00
13.9000      317.00
13.9200      317.00
13.9400      337.00
13.9600      369.00
13.9800      328.00
14.0000      346.00
14.0200      383.00
14.0400      404.00
14.0600      450.00
14.0800      402.00
14.1000      442.00
14.1200      505.00
14.1400      491.00
14.1600      487.00
14.1800      516.00
14.2000      529.00
14.2200      484.00
14.2400      535.00
14.2600      513.00
14.2800      477.00
14.3000      466.00
14.3200      420.00
14.3400      418.00
14.3600      400.00
14.3800      362.00
14.4000      347.00
14.4200      338.00
14.4400      341.00
14.4600      326.00
14.4800      315.00
14.5000      348.00
14.5200      312.00
14.5400      292.00
14.5600      322.00
14.5800      325.00
14.6000      342.00
14.6200      416.00
14.6400      376.00
14.6600      403.00
14.6800      404.00
14.7000      415.00
14.7200      393.00
14.7400      416.00
14.7600      395.00
14.7800      401.00
14.8000      402.00
14.8200      365.00
14.8400      359.00
14.8600      326.00
14.8800      346.00
14.9000      315.00
14.9200      344.00
14.9400      331.00
14.9600      333.00
14.9800      334.00
15.0000      350.00
15.0200      344.00
15.0400      385.00
15.0600      396.00
15.0800      378.00
15.1000      393.00
15.1200      417.00
15.1400      450.00
15.1600      469.00
15.1800      437.00
15.2000      529.00
15.2200      532.00
15.2400      539.00
15.2600      593.00
15.2800      585.00
15.3000      573.00
15.3200      573.00
15.3400      598.00
15.3600      609.00
15.3800      582.00
15.4000      594.00
15.4200      535.00
15.4400      594.00
15.4600      518.00
15.4800      537.00
15.5000      474.00
15.5200      452.00
15.5400      422.00
15.5600      429.00
15.5800      400.00
15.6000      355.00
15.6200      314.00
15.6400      288.00
15.6600      293.00
15.6800      299.00
15.7000      309.00
15.7200      285.00
15.7400      280.00
15.7600      294.00
15.7800      300.00
15.8000      311.00
15.8200      273.00
15.8400      266.00
15.8600      285.00
15.8800      296.00
15.9000      285.00
15.9200      292.00
15.9400      319.00
15.9600      320.00
15.9800      284.00
16.0000      295.00
16.0200      277.00
16.0400      292.00
16.0600      271.00
16.0800      325.00
16.1000      358.00
16.1200      321.00
16.1400      317.00
16.1600      368.00
16.1800      367.00
16.2000      375.00
16.2200      395.00
16.2400      393.00
16.2600      411.00
16.2800      440.00
16.3000      454.00
16.3200      453.00
16.3400      503.00
16.3600      494.00
16.3800      551.00
16.4000      555.00
16.4200      609.00
16.4400      620.00
16.4600      692.00
16.4800      790.00
16.5000      804.00
16.5200      847.00
16.5400      899.00
16.5600      999.00
16.5800     1083.00
16.6000     1217.00
16.6200     1277.00
16.6400     1465.00
16.6600     1547.00
16.6800     1729.00
16.7000     1850.00
16.7200     2117.00
16.7400     2149.00
16.7600     2185.00
16.7800     2194.00
16.8000     2250.00
16.8200     2109.00
16.8400     1908.00
16.8600     1826.00
16.8800     1628.00
16.9000     1383.00
16.9200     1184.00
16.9400     1028.00
16.9600      884.00
16.9800      762.00
17.0000      667.00
17.0200      593.00
17.0400      548.00
17.0600      564.00
17.0800      549.00
17.1000      535.00
17.1200      536.00
17.1400      561.00
17.1600      536.00
17.1800      571.00
17.2000      600.00
17.2200      630.00
17.2400      641.00
17.2600      735.00
17.2800      724.00
17.3000      814.00
17.3200      930.00
17.3400     1046.00
17.3600     1106.00
17.3800     1219.00
17.4000     1393.00
17.4200     1615.00
17.4400     1696.00
17.4600     1784.00
17.4800     1930.00
17.5000     1938.00
17.5200     2015.00
17.5400     1939.00
17.5600     1813.00
17.5800     1749.00
17.6000     1519.00
17.6200     1358.00
17.6400     1250.00
17.6600     1023.00
17.6800      847.00
17.7000      802.00
17.7200      684.00
17.7400      556.00
17.7600      534.00
17.7800      493.00
17.8000      439.00
17.8200      452.00
17.8400      435.00
17.8600      400.00
17.8800      430.00
17.9000      427.00
17.9200      393.00
17.9400      411.00
17.9600      404.00
17.9800      437.00
18.0000      458.00
18.0200      499.00
18.0400      482.00
18.0600      495.00
18.0800      492.00
18.1000      547.00
18.1200      587.00
18.1400      669.00
18.1600      761.00
18.1800      774.00
18.2000      863.00
18.2200      900.00
18.2400     1035.00
18.2600     1129.00
18.2800     1183.00
18.3000     1184.00
18.3200     1212.00
18.3400     1285.00
18.3600     1306.00
18.3800     1330.00
18.4000     1364.00
18.4200     1376.00
18.4400     1456.00
18.4600     1450.00
18.4800     1605.00
18.5000     1722.00
18.5200     1849.00
18.5400     1903.00
18.5600     2008.00
18.5800     2056.00
18.6000     2157.00
18.6200     2123.00
18.6400     2048.00
18.6600     2021.00
18.6800     1936.00
18.7000     1816.00
18.7200     1765.00
18.7400     1568.00
18.7600     1479.00
18.7800     1372.00
18.8000     1263.00
18.8200     1122.00
18.8400     1037.00
18.8600     1006.00
18.8800      904.00
18.9000      862.00
18.9200      842.00
18.9400      905.00
18.9600      897.00
18.9800      893.00
19.0000      846.00
19.0200      794.00
19.0400      808.00
19.0600      831.00
19.0800      723.00
19.1000      697.00
19.1200      698.00
19.1400      615.00
19.1600      613.00
19.1800      588.00
19.2000      543.00
19.2200      554.00
19.2400      554.00
19.2600      588.00
19.2800      636.00
19.3000      607.00
19.3200      666.00
19.3400      682.00
19.3600      732.00
19.3800      707.00
19.4000      686.00
19.4200      755.00
19.4400      775.00
19.4600      777.00
19.4800      849.00
19.5000      864.00
19.5200      894.00
19.5400      914.00
19.5600      974.00
19.5800     1081.00
19.6000     1060.00
19.6200     1046.00
19.6400     1111.00
19.6600     1067.00
19.6800     1078.00
19.7000     1078.00
19.7200     1086.00
19.7400     1061.00
19.7600     1090.00
19.7800      998.00
19.8000     1042.00
19.8200      976.00
19.8400     1036.00
19.8600     1071.00
19.8800     1074.00
19.9000     1029.00
19.9200     1138.00
19.9400     1149.00
19.9600     1282.00
19.9800     1287.00
20.0000     1365.00
20.0200     1480.00
20.0400     1502.00
20.0600     1633.00
20.0800     1644.00
20.1000     1860.00
20.1200     1989.00
20.1400     1989.00
20.1600     2095.00
20.1800     2097.00
20.2000     2052.00
20.2200     2209.00
20.2400     2103.00
20.2600     2090.00
20.2800     2080.00
20.3000     1961.00
20.3200     1946.00
20.3400     1873.00
20.3600     1750.00
20.3800     1834.00
20.4000     1794.00
20.4200     1785.00
20.4400     1857.00
20.4600     1834.00
20.4800     1850.00
20.5000     1818.00
20.5200     1757.00
20.5400     1689.00
20.5600     1658.00
20.5800     1488.00
20.6000     1430.00
20.6200     1310.00
20.6400     1192.00
20.6600     1137.00
20.6800     1028.00
20.7000      931.00
20.7200      882.00
20.7400      856.00
20.7600      709.00
20.7800      628.00
20.8000      604.00
20.8200      607.00
20.8400      526.00
20.8600      524.00
20.8800      473.00
20.9000      470.00
20.9200      496.00
20.9400      491.00
20.9600      486.00
20.9800      491.00
21.0000      462.00
21.0200      540.00
21.0400      533.00
21.0600      509.00
21.0800      546.00
21.1000      533.00
21.1200      530.00
21.1400      526.00
21.1600      498.00
21.1800      511.00
21.2000      509.00
21.2200      549.00
21.2400      558.00
21.2600      503.00
21.2800      586.00
21.3000      575.00
21.3200      650.00
21.3400      653.00
21.3600      699.00
21.3800      746.00
21.4000      848.00
21.4200      915.00
21.4400      996.00
21.4600     1033.00
21.4800     1096.00
21.5000     1158.00
21.5200     1174.00
21.5400     1181.00
21.5600     1215.00
21.5800     1171.00
21.6000     1192.00
21.6200     1018.00
21.6400      991.00
21.6600      937.00
21.6800      799.00
21.7000      703.00
21.7200      610.00
21.7400      592.00
21.7600      563.00
21.7800      584.00
21.8000      573.00
21.8200      562.00
21.8400      588.00
21.8600      658.00
21.8800      677.00
21.9000      667.00
21.9200      700.00
21.9400      746.00
21.9600      737.00
21.9800      710.00
22.0000      775.00
22.0200      815.00
22.0400      774.00
22.0600      769.00
22.0800      704.00
22.1000      719.00
22.1200      791.00
22.1400      682.00
22.1600      687.00
22.1800      659.00
22.2000      625.00
22.2200      619.00
22.2400      636.00
22.2600      626.00
22.2800      644.00
22.3000      654.00
22.3200      772.00
22.3400      771.00
22.3600      834.00
22.3800      865.00
22.4000     1039.00
22.4200     1072.00
22.4400     1132.00
22.4600     1109.00
22.4800     1228.00
22.5000     1164.00
22.5200     1234.00
22.5400     1182.00
22.5600     1210.00
22.5800     1123.00
22.6000     1159.00
22.6200     1117.00
22.6400     1124.00
22.6600     1078.00
22.6800      966.00
22.7000      995.00
22.7200      985.00
22.7400      999.00
22.7600     1011.00
22.7800      980.00
22.8000      965.00
22.8200     1056.00
22.8400     1003.00
22.8600     1081.00
22.8800     1130.00
22.9000     1049.00
22.9200     1152.00
22.9400     1161.00
22.9600     1117.00
22.9800     1153.00
23.0000     1088.00
23.0200     1143.00
23.0400     1111.00
23.0600     1086.00
23.0800     1011.00
23.1000     1027.00
23.1200      984.00
23.1400      913.00
23.1600      933.00
23.1800      881.00
23.2000      871.00
23.2200      808.00
23.2400      828.00
23.2600      840.00
23.2800      879.00
23.3000      903.00
23.3200      930.00
23.3400      900.00
23.3600      926.00
23.3800      952.00
23.4000      999.00
23.4200     1009.00
23.4400     1009.00
23.4600      962.00
23.4800      935.00
23.5000      922.00
23.5200      858.00
23.5400      760.00
23.5600      759.00
23.5800      735.00
23.6000      696.00
23.6200      714.00
23.6400      695.00
23.6600      689.00
23.6800      663.00
23.7000      625.00
23.7200      604.00
23.7400      595.00
23.7600      610.00
23.7800      620.00
23.8000      561.00
23.8200      552.00
23.8400      568.00
23.8600      484.00
23.8800      487.00
23.9000      542.00
23.9200      537.00
23.9400      543.00
23.9600      577.00
23.9800      581.00
24.0000      612.00
24.0200      670.00
24.0400      671.00
24.0600      763.00
24.0800      797.00
24.1000      842.00
24.1200      884.00
24.1400      860.00
24.1600      989.00
24.1800      964.00
24.2000      984.00
24.2200      939.00
24.2400      985.00
24.2600      984.00
24.2800      953.00
24.3000      853.00
24.3200      866.00
24.3400      871.00
24.3600      842.00
24.3800      788.00
24.4000      746.00
24.4200      744.00
24.4400      719.00
24.4600      711.00
24.4800      697.00
24.5000      667.00
24.5200      603.00
24.5400      613.00
24.5600      591.00
24.5800      552.00
24.6000      561.00
24.6200      563.00
24.6400      521.00
24.6600      534.00
24.6800      512.00
24.7000      569.00
24.7200      560.00
24.7400      580.00
24.7600      544.00
24.7800      575.00
24.8000      559.00
24.8200      549.00
24.8400      513.00
24.8600      542.00
24.8800      547.00
24.9000      506.00
24.9200      523.00
24.9400      476.00
24.9600      549.00
24.9800      513.00
25.0000      493.00
25.0200      547.00
25.0400      546.00
25.0600      604.00
25.0800      612.00
25.1000      627.00
25.1200      702.00
25.1400      743.00
25.1600      789.00
25.1800      851.00
25.2000      803.00
25.2200      782.00
25.2400      885.00
25.2600      895.00
25.2800      867.00
25.3000      882.00
25.3200      828.00
25.3400      837.00
25.3600      881.00
25.3800      850.00
25.4000      885.00
25.4200      865.00
25.4400      845.00
25.4600      908.00
25.4800      892.00
25.5000      854.00
25.5200      936.00
25.5400      914.00
25.5600      864.00
25.5800      806.00
25.6000      776.00
25.6200      752.00
25.6400      700.00
25.6600      726.00
25.6800      642.00
25.7000      589.00
25.7200      607.00
25.7400      552.00
25.7600      533.00
25.7800      552.00
25.8000      507.00
25.8200      600.00
25.8400      600.00
25.8600      647.00
25.8800      686.00
25.9000      747.00
25.9200      731.00
25.9400      752.00
25.9600      785.00
25.9800      811.00
26.0000      774.00
26.0200      817.00
26.0400      798.00
26.0600      804.00
26.0800      735.00
26.1000      757.00
26.1200      691.00
26.1400      691.00
26.1600      690.00
26.1800      616.00
26.2000      642.00
26.2200      603.00
26.2400      670.00
26.2600      587.00
26.2800      664.00
26.3000      636.00
26.3200      701.00
26.3400      716.00
26.3600      722.00
26.3800      750.00
26.4000      713.00
26.4200      696.00
26.4400      709.00
26.4600      711.00
26.4800      793.00
26.5000      791.00
26.5200      780.00
26.5400      830.00
26.5600      868.00
26.5800      855.00
26.6000     1038.00
26.6200     1106.00
26.6400     1220.00
26.6600     1301.00
26.6800     1298.00
26.7000     1417.00
26.7200     1569.00
26.7400     1548.00
26.7600     1598.00
26.7800     1543.00
26.8000     1580.00
26.8200     1561.00
26.8400     1479.00
26.8600     1385.00
26.8800     1301.00
26.9000     1255.00
26.9200     1108.00
26.9400     1097.00
26.9600      973.00
26.9800      993.00
27.0000      856.00
27.0200      850.00
27.0400      813.00
27.0600      756.00
27.0800      716.00
27.1000      737.00
27.1200      640.00
27.1400      646.00
27.1600      627.00
27.1800      656.00
27.2000      661.00
27.2200      607.00
27.2400      544.00
27.2600      555.00
27.2800      537.00
27.3000      562.00
27.3200      558.00
27.3400      521.00
27.3600      510.00
27.3800      526.00
27.4000      505.00
27.4200      480.00
27.4400      461.00
27.4600      451.00
27.4800      409.00
27.5000      432.00
27.5200      408.00
27.5400      423.00
27.5600      416.00
27.5800      410.00
27.6000      407.00
27.6200      406.00
27.6400      421.00
27.6600      424.00
27.6800      384.00
27.7000      442.00
27.7200      385.00
27.7400      391.00
27.7600      405.00
27.7800      423.00
27.8000      420.00
27.8200      420.00
27.8400      412.00
27.8600      389.00
27.8800      390.00
27.9000      394.00
27.9200      416.00
27.9400      424.00
27.9600      432.00
27.9800      399.00
28.0000      402.00
28.0200      445.00
28.0400      392.00
28.0600      433.00
28.0800      410.00
28.1000      395.00
28.1200      404.00
28.1400      402.00
28.1600      339.00
28.1800      378.00
28.2000      361.00
28.2200      340.00
28.2400      353.00
28.2600      386.00
28.2800      400.00
28.3000      366.00
28.3200      390.00
28.3400      359.00
28.3600      397.00
28.3800      407.00
28.4000      458.00
28.4200      445.00
28.4400      439.00
28.4600      473.00
28.4800      482.00
28.5000      504.00
28.5200      471.00
28.5400      497.00
28.5600      533.00
28.5800      557.00
28.6000      515.00
28.6200      517.00
28.6400      524.00
28.6600      601.00
28.6800      567.00
28.7000      573.00
28.7200      545.00
28.7400      540.00
28.7600      582.00
28.7800      515.00
28.8000      573.00
28.8200      534.00
28.8400      596.00
28.8600      582.00
28.8800      523.00
28.9000      525.00
28.9200      559.00
28.9400      520.00
28.9600      563.00
28.9800      554.00
29.0000      541.00
29.0200      510.00
29.0400      518.00
29.0600      500.00
29.0800      499.00
29.1000      530.00
29.1200      551.00
29.1400      562.00
29.1600      547.00
29.1800      597.00
29.2000      657.00
29.2200      622.00
29.2400      674.00
29.2600      723.00
29.2800      741.00
29.3000      744.00
29.3200      760.00
29.3400      788.00
29.3600      742.00
29.3800      683.00
29.4000      744.00
29.4200      681.00
29.4400      689.00
29.4600      698.00
29.4800      664.00
29.5000      745.00
29.5200      739.00
29.5400      764.00
29.5600      764.00
29.5800      844.00
29.6000      916.00
29.6200      863.00
29.6400      992.00
29.6600      954.00
29.6800      975.00
29.7000     1005.00
29.7200      981.00
29.7400      965.00
29.7600      883.00
29.7800      836.00
29.8000      879.00
29.8200      794.00
29.8400      740.00
29.8600      780.00
29.8800      719.00
29.9000      711.00
29.9200      673.00
29.9400      674.00
29.9600      676.00
29.9800      611.00
30.0000      648.00
30.0200      585.00
30.0400      624.00
30.0600      575.00
30.0800      564.00
30.1000      551.00
30.1200      554.00
30.1400      448.00
30.1600      424.00
30.1800      451.00
30.2000      383.00
30.2200      438.00
30.2400      418.00
30.2600      368.00
30.2800      381.00
30.3000      356.00
30.3200      408.00
30.3400      360.00
30.3600      404.00
30.3800      398.00
30.4000      448.00
30.4200      422.00
30.4400      415.00
30.4600      472.00
30.4800      469.00
30.5000      478.00
30.5200      538.00
30.5400      496.00
30.5600      544.00
30.5800      597.00
30.6000      611.00
30.6200      624.00
30.6400      615.00
30.6600      792.00
30.6800      838.00
30.7000      858.00
30.7200      873.00
30.7400      964.00
30.7600     1031.00
30.7800     1018.00
30.8000     1020.00
30.8200     1025.00
30.8400      962.00
30.8600      987.00
30.8800      953.00
30.9000      902.00
30.9200      830.00
30.9400      782.00
30.9600      690.00
30.9800      652.00
31.0000      656.00
31.0200      571.00
31.0400      562.00
31.0600      538.00
31.0800      538.00
31.1000      509.00
31.1200      494.00
31.1400      513.00
31.1600      452.00
31.1800      477.00
31.2000      477.00
31.2200      421.00
31.2400      396.00
31.2600      379.00
31.2800      400.00
31.3000      407.00
31.3200      395.00
31.3400      330.00
31.3600      382.00
31.3800      358.00
31.4000      358.00
31.4200      337.00
31.4400      348.00
31.4600      350.00
31.4800      330.00
31.5000      346.00
31.5200      318.00
31.5400      337.00
31.5600      355.00
31.5800      347.00
31.6000      335.00
31.6200      330.00
31.6400      309.00
31.6600      353.00
31.6800      372.00
31.7000      386.00
31.7200      365.00
31.7400      396.00
31.7600      370.00
31.7800      355.00
31.8000      394.00
31.8200      387.00
31.8400      390.00
31.8600      400.00
31.8800      332.00
31.9000      358.00
31.9200      322.00
31.9400      298.00
31.9600      298.00
31.9800      345.00
32.0000      287.00
32.0200      321.00
32.0400      303.00
32.0600      297.00
32.0800      287.00
32.1000      285.00
32.1200      302.00
32.1400      258.00
32.1600      253.00
32.1800      271.00
32.2000      284.00
32.2200      277.00
32.2400      274.00
32.2600      285.00
32.2800      277.00
32.3000      275.00
32.3200      268.00
32.3400      292.00
32.3600      273.00
32.3800      294.00
32.4000      288.00
32.4200      301.00
32.4400      312.00
32.4600      325.00
32.4800      361.00
32.5000      339.00
32.5200      326.00
32.5400      336.00
32.5600      366.00
32.5800      356.00
32.6000      385.00
32.6200      333.00
32.6400      404.00
32.6600      385.00
32.6800      414.00
32.7000      407.00
32.7200      438.00
32.7400      476.00
32.7600      475.00
32.7800      517.00
32.8000      506.00
32.8200      533.00
32.8400      548.00
32.8600      549.00
32.8800      518.00
32.9000      500.00
32.9200      510.00
32.9400      470.00
32.9600      491.00
32.9800      481.00
33.0000      450.00
33.0200      432.00
33.0400      388.00
33.0600      385.00
33.0800      344.00
33.1000      371.00
33.1200      319.00
33.1400      297.00
33.1600      330.00
33.1800      306.00
33.2000      332.00
33.2200      300.00
33.2400      300.00
33.2600      335.00
33.2800      331.00
33.3000      333.00
33.3200      339.00
33.3400      343.00
33.3600      358.00
33.3800      369.00
33.4000      397.00
33.4200      379.00
33.4400      413.00
33.4600      430.00
33.4800      409.00
33.5000      386.00
33.5200      452.00
33.5400      452.00
33.5600      484.00
33.5800      429.00
33.6000      448.00
33.6200      456.00
33.6400      444.00
33.6600      535.00
33.6800      516.00
33.7000      493.00
33.7200      499.00
33.7400      493.00
33.7600      465.00
33.7800      514.00
33.8000      536.00
33.8200      504.00
33.8400      506.00
33.8600      470.00
33.8800      462.00
33.9000      513.00
33.9200      514.00
33.9400      491.00
33.9600      465.00
33.9800      450.00
34.0000      421.00
34.0200      453.00
34.0400      427.00
34.0600      483.00
34.0800      428.00
34.1000      423.00
34.1200      384.00
34.1400      394.00
34.1600      401.00
34.1800      383.00
34.2000      350.00
34.2200      383.00
34.2400      343.00
34.2600      354.00
34.2800      357.00
34.3000      337.00
34.3200      345.00
34.3400      310.00
34.3600      319.00
34.3800      311.00
34.4000      343.00
34.4200      312.00
34.4400      329.00
34.4600      347.00
34.4800      334.00
34.5000      349.00
34.5200      333.00
34.5400      300.00
34.5600      347.00
34.5800      338.00
34.6000      361.00
34.6200      352.00
34.6400      350.00
34.6600      370.00
34.6800      333.00
34.7000      377.00
34.7200      384.00
34.7400      406.00
34.7600      398.00
34.7800      458.00
34.8000      446.00
34.8200      405.00
34.8400      397.00
34.8600      457.00
34.8800      453.00
34.9000      450.00
34.9200      451.00
34.9400      445.00
34.9600      429.00
34.9800      432.00
35.0000      394.00
