 2.2000      314.00
 2.2200      291.00
 2.2400      307.00
 2.2600      288.00
 2.2800      280.00
 2.3000      290.00
 2.3200      313.00
 2.3400      261.00
 2.3600      286.00
 2.3800      300.00
 2.4000      293.00
 2.4200      297.00
 2.4400      274.00
 2.4600      264.00
 2.4800      289.00
 2.5000      261.00
 2.5200      307.00
 2.5400      283.00
 2.5600      281.00
 2.5800      281.00
 2.6000      279.00
 2.6200      298.00
 2.6400      289.00
 2.6600      292.00
 2.6800      259.00
 2.7000      264.00
 2.7200      270.00
 2.7400      245.00
 2.7600      276.00
 2.7800      286.00
 2.8000      223.00
 2.8200      251.00
 2.8400      249.00
 2.8600      259.00
 2.8800      247.00
 2.9000      257.00
 2.9200      227.00
 2.9400      273.00
 2.9600      244.00
 2.9800      259.00
 3.0000      221.00
 3.0200      234.00
 3.0400      220.00
 3.0600      255.00
 3.0800      240.00
 3.1000      231.00
 3.1200      231.00
 3.1400      234.00
 3.1600      231.00
 3.1800      249.00
 3.2000      200.00
 3.2200      224.00
 3.2400      253.00
 3.2600      241.00
 3.2800      222.00
 3.3000      217.00
 3.3200      199.00
 3.3400      231.00
 3.3600      198.00
 3.3800      220.00
 3.4000      191.00
 3.4200      225.00
 3.4400      209.00
 3.4600      206.00
 3.4800      214.00
 3.5000      215.00
 3.5200      204.00
 3.5400      201.00
 3.5600      200.00
 3.5800      229.00
 3.6000      208.00
 3.6200      196.00
 3.6400      204.00
 3.6600      171.00
 3.6800      205.00
 3.7000      200.00
 3.7200      194.00
 3.7400      188.00
 3.7600      200.00
 3.7800      196.00
 3.8000      186.00
 3.8200      214.00
 3.8400      204.00
 3.8600      194.00
 3.8800      213.00
 3.9000      190.00
 3.9200      202.00
 3.9400      180.00
 3.9600      159.00
 3.9800      174.00
 4.0000      192.00
 4.0200      197.00
 4.0400      150.00
 4.0600      178.00
 4.0800      159.00
 4.1000      183.00
 4.1200      176.00
 4.1400      178.00
 4.1600      159.00
 4.1800      135.00
 4.2000      160.00
 4.2200      144.00
 4.2400      158.00
 4.2600      146.00
 4.2800      172.00
 4.3000      150.00
 4.3200      169.00
 4.3400      151.00
 4.3600      170.00
 4.3800      138.00
 4.4000      135.00
 4.4200      129.00
 4.4400      163.00
 4.4600      151.00
 4.4800      153.00
 4.5000      157.00
 4.5200      140.00
 4.5400      149.00
 4.5600      149.00
 4.5800      121.00
 4.6000      140.00
 4.6200      141.00
 4.6400      145.00
 4.6600      133.00
 4.6800      152.00
 4.7000      145.00
 4.7200      137.00
 4.7400      110.00
 4.7600      135.00
 4.7800      148.00
 4.8000      131.00
 4.8200      154.00
 4.8400      122.00
 4.8600      156.00
 4.8800      129.00
 4.9000      132.00
 4.9200      130.00
 4.9400       98.00
 4.9600      142.00
 4.9800      139.00
 5.0000      143.00
 5.0200      140.00
 5.0400      132.00
 5.0600      147.00
 5.0800      131.00
 5.1000      124.00
 5.1200      155.00
 5.1400      107.00
 5.1600      134.00
 5.1800      133.00
 5.2000      116.00
 5.2200      140.00
 5.2400      146.00
 5.2600      130.00
 5.2800      137.00
 5.3000      143.00
 5.3200      119.00
 5.3400      128.00
 5.3600      141.00
 5.3800      144.00
 5.4000      126.00
 5.4200      130.00
 5.4400      120.00
 5.4600      116.00
 5.4800      118.00
 5.5000      132.00
 5.5200      131.00
 5.5400      115.00
 5.5600      127.00
 5.5800      119.00
 5.6000      114.00
 5.6200      133.00
 5.6400      124.00
 5.6600      115.00
 5.6800      113.00
 5.7000      117.00
 5.7200      122.00
 5.7400      118.00
 5.7600      124.00
 5.7800      130.00
 5.8000      114.00
 5.8200      149.00
 5.8400      157.00
 5.8600      137.00
 5.8800      128.00
 5.9000      141.00
 5.9200      130.00
 5.9400      129.00
 5.9600      126.00
 5.9800      139.00
 6.0000      128.00
 6.0200      139.00
 6.0400      124.00
 6.0600      131.00
 6.0800      117.00
 6.1000      128.00
 6.1200      126.00
 6.1400      114.00
 6.1600      132.00
 6.1800      126.00
 6.2000      124.00
 6.2200      120.00
 6.2400      161.00
 6.2600      138.00
 6.2800      140.00
 6.3000      130.00
 6.3200      160.00
 6.3400      140.00
 6.3600      154.00
 6.3800      157.00
 6.4000      122.00
 6.4200      161.00
 6.4400      148.00
 6.4600      141.00
 6.4800      125.00
 6.5000      152.00
 6.5200      156.00
 6.5400      116.00
 6.5600      127.00
 6.5800      120.00
 6.6000      135.00
 6.6200      141.00
 6.6400      148.00
 6.6600      133.00
 6.6800      147.00
 6.7000      140.00
 6.7200      142.00
 6.7400      127.00
 6.7600      135.00
 6.7800      136.00
 6.8000      144.00
 6.8200      149.00
 6.8400      144.00
 6.8600      159.00
 6.8800      145.00
 6.9000      171.00
 6.9200      145.00
 6.9400      135.00
 6.9600      141.00
 6.9800      138.00
 7.0000      138.00
 7.0200      158.00
 7.0400      121.00
 7.0600      132.00
 7.0800      110.00
 7.1000      119.00
 7.1200      119.00
 7.1400      127.00
 7.1600      134.00
 7.1800      150.00
 7.2000      149.00
 7.2200      110.00
 7.2400      152.00
 7.2600      115.00
 7.2800      131.00
 7.3000      138.00
 7.3200      147.00
 7.3400      146.00
 7.3600      123.00
 7.3800      129.00
 7.4000      142.00
 7.4200      113.00
 7.4400      116.00
 7.4600      114.00
 7.4800      134.00
 7.5000      135.00
 7.5200      135.00
 7.5400      133.00
 7.5600      123.00
 7.5800      144.00
 7.6000      135.00
 7.6200      136.00
 7.6400      118.00
 7.6600      130.00
 7.6800      123.00
 7.7000      123.00
 7.7200      141.00
 7.7400      123.00
 7.7600      135.00
 7.7800      134.00
 7.8000      131.00
 7.8200      136.00
 7.8400      154.00
 7.8600      109.00
 7.8800      123.00
 7.9000      129.00
 7.9200      144.00
 7.9400      125.00
 7.9600      134.00
 7.9800      112.00
 8.0000      132.00
 8.0200      124.00
 8.0400      148.00
 8.0600      136.00
 8.0800      119.00
 8.1000      138.00
 8.1200      113.00
 8.1400      139.00
 8.1600      122.00
 8.1800      138.00
 8.2000      127.00
 8.2200      122.00
 8.2400      142.00
 8.2600      127.00
 8.2800      147.00
 8.3000      147.00
 8.3200      121.00
 8.3400      122.00
 8.3600      145.00
 8.3800      125.00
 8.4000      128.00
 8.4200      131.00
 8.4400      120.00
 8.4600      147.00
 8.4800      129.00
 8.5000      150.00
 8.5200      135.00
 8.5400      126.00
 8.5600      153.00
 8.5800      151.00
 8.6000      146.00
 8.6200      160.00
 8.6400      146.00
 8.6600      141.00
 8.6800      179.00
 8.7000      129.00
 8.7200      157.00
 8.7400      163.00
 8.7600      177.00
 8.7800      176.00
 8.8000      158.00
 8.8200      155.00
 8.8400      153.00
 8.8600      145.00
 8.8800      143.00
 8.9000      164.00
 8.9200      159.00
 8.9400      119.00
 8.9600      156.00
 8.9800      137.00
 9.0000      114.00
 9.0200      150.00
 9.0400      149.00
 9.0600      134.00
 9.0800      145.00
 9.1000      128.00
 9.1200      118.00
 9.1400      130.00
 9.1600      127.00
 9.1800      141.00
 9.2000      137.00
 9.2200      138.00
 9.2400      139.00
 9.2600      129.00
 9.2800      139.00
 9.3000      123.00
 9.3200      154.00
 9.3400      146.00
 9.3600      132.00
 9.3800      130.00
 9.4000      136.00
 9.4200      140.00
 9.4400      143.00
 9.4600      141.00
 9.4800      135.00
 9.5000      132.00
 9.5200      128.00
 9.5400      154.00
 9.5600      149.00
 9.5800      125.00
 9.6000      141.00
 9.6200      145.00
 9.6400      134.00
 9.6600      143.00
 9.6800      133.00
 9.7000      158.00
 9.7200      147.00
 9.7400      139.00
 9.7600      161.00
 9.7800      122.00
 9.8000      154.00
 9.8200      125.00
 9.8400      160.00
 9.8600      141.00
 9.8800      151.00
 9.9000      183.00
 9.9200      155.00
 9.9400      143.00
 9.9600      145.00
 9.9800      153.00
10.0000      155.00
10.0200      151.00
10.0400      148.00
10.0600      128.00
10.0800      159.00
10.1000      140.00
10.1200      154.00
10.1400      163.00
10.1600      159.00
10.1800      160.00
10.2000      160.00
10.2200      134.00
10.2400      135.00
10.2600      160.00
10.2800      131.00
10.3000      126.00
10.3200      151.00
10.3400      150.00
10.3600      130.00
10.3800      167.00
10.4000      136.00
10.4200      162.00
10.4400      130.00
10.4600      155.00
10.4800      144.00
10.5000      161.00
10.5200      120.00
10.5400      147.00
10.5600      148.00
10.5800      153.00
10.6000      153.00
10.6200      139.00
10.6400      153.00
10.6600      178.00
10.6800      151.00
10.7000      144.00
10.7200      159.00
10.7400      152.00
10.7600      170.00
10.7800      201.00
10.8000      172.00
10.8200      172.00
10.8400      194.00
10.8600      208.00
10.8800      204.00
10.9000      223.00
10.9200      282.00
10.9400      269.00
10.9600      321.00
10.9800      335.00
11.0000      321.00
11.0200      380.00
11.0400      393.00
11.0600      396.00
11.0800      369.00
11.1000      377.00
11.1200      385.00
11.1400      367.00
11.1600      367.00
11.1800      347.00
11.2000      344.00
11.2200      369.00
11.2400      378.00
11.2600      324.00
11.2800      327.00
11.3000      352.00
11.3200      364.00
11.3400      351.00
11.3600      293.00
11.3800      254.00
11.4000      223.00
11.4200      210.00
11.4400      207.00
11.4600      188.00
11.4800      159.00
11.5000      163.00
11.5200      166.00
11.5400      171.00
11.5600      173.00
11.5800      162.00
11.6000      174.00
11.6200      141.00
11.6400      149.00
11.6600      159.00
11.6800      159.00
11.7000      162.00
11.7200      156.00
11.7400      182.00
11.7600      186.00
11.7800      183.00
11.8000      185.00
11.8200      190.00
11.8400      194.00
11.8600      184.00
11.8800      214.00
11.9000      193.00
11.9200      233.00
11.9400      247.00
11.9600      283.00
11.9800      286.00
12.0000      276.00
12.0200      321.00
12.0400      348.00
12.0600      384.00
12.0800      373.00
12.1000      399.00
12.1200      392.00
12.1400      440.00
12.1600      409.00
12.1800      359.00
12.2000      362.00
12.2200      291.00
12.2400      309.00
12.2600      294.00
12.2800      231.00
12.3000      276.00
12.3200      261.00
12.3400      244.00
12.3600      280.00
12.3800      256.00
12.4000      284.00
12.4200      324.00
12.4400      372.00
12.4600      421.00
12.4800      439.00
12.5000      448.00
12.5200      449.00
12.5400      499.00
12.5600      457.00
12.5800      445.00
12.6000      409.00
12.6200      357.00
12.6400      310.00
12.6600      278.00
12.6800      246.00
12.7000      218.00
12.7200      166.00
12.7400      163.00
12.7600      187.00
12.7800      181.00
12.8000      166.00
12.8200      137.00
12.8400      140.00
12.8600      177.00
12.8800      149.00
12.9000      168.00
12.9200      153.00
12.9400      148.00
12.9600      164.00
12.9800      160.00
13.0000      143.00
13.0200      144.00
13.0400      142.00
13.0600      151.00
13.0800      140.00
13.1000      174.00
13.1200      136.00
13.1400      146.00
13.1600      138.00
13.1800      165.00
13.2000      151.00
13.2200      153.00
13.2400      146.00
13.2600      154.00
13.2800      154.00
13.3000      163.00
13.3200      161.00
13.3400      148.00
13.3600      151.00
13.3800      158.00
13.4000      160.00
13.4200      154.00
13.4400      133.00
13.4600      159.00
13.4800      116.00
13.5000      152.00
13.5200      155.00
13.5400      143.00
13.5600      165.00
13.5800      144.00
13.6000      140.00
13.6200      156.00
13.6400      162.00
13.6600      173.00
13.6800      166.00
13.7000      152.00
13.7200      167.00
13.7400      158.00
13.7600      149.00
13.7800      153.00
13.8000      151.00
13.8200      167.00
13.8400      199.00
13.8600      160.00
13.8800      186.00
13.9000      177.00
13.9200      210.00
13.9400      191.00
13.9600      216.00
13.9800      220.00
14.0000      216.00
14.0200      257.00
14.0400      275.00
14.0600      296.00
14.0800      311.00
14.1000      372.00
14.1200      384.00
14.1400      454.00
14.1600      516.00
14.1800      561.00
14.2000      552.00
14.2200      606.00
14.2400      513.00
14.2600      518.00
14.2800      553.00
14.3000      517.00
14.3200      448.00
14.3400      437.00
14.3600      399.00
14.3800      335.00
14.4000      342.00
14.4200      310.00
14.4400      268.00
14.4600      291.00
14.4800      249.00
14.5000      237.00
14.5200      213.00
14.5400      194.00
14.5600      180.00
14.5800      147.00
14.6000      183.00
14.6200      178.00
14.6400      167.00
14.6600      162.00
14.6800      153.00
14.7000      140.00
14.7200      155.00
14.7400      148.00
14.7600      169.00
14.7800      184.00
14.8000      153.00
14.8200      159.00
14.8400      150.00
14.8600      133.00
14.8800      159.00
14.9000      171.00
14.9200      140.00
14.9400      148.00
14.9600      148.00
14.9800      135.00
15.0000      164.00
15.0200      127.00
15.0400      136.00
15.0600      155.00
15.0800      161.00
15.1000      160.00
15.1200      140.00
15.1400      154.00
15.1600      163.00
15.1800      138.00
15.2000      145.00
15.2200      129.00
15.2400      159.00
15.2600      150.00
15.2800      127.00
15.3000      150.00
15.3200      173.00
15.3400      138.00
15.3600      159.00
15.3800      157.00
15.4000      159.00
15.4200      150.00
15.4400      176.00
15.4600      175.00
15.4800      138.00
15.5000      127.00
15.5200      149.00
15.5400      159.00
15.5600      152.00
15.5800      148.00
15.6000      150.00
15.6200      143.00
15.6400      172.00
15.6600      131.00
15.6800      167.00
15.7000      162.00
15.7200      179.00
15.7400      154.00
15.7600      201.00
15.7800      196.00
15.8000      149.00
15.8200      198.00
15.8400      220.00
15.8600      265.00
15.8800      267.00
15.9000      263.00
15.9200      284.00
15.9400      302.00
15.9600      304.00
15.9800      321.00
16.0000      250.00
16.0200      266.00
16.0400      232.00
16.0600      233.00
16.0800      250.00
16.1000      250.00
16.1200      249.00
16.1400      295.00
16.1600      262.00
16.1800      284.00
16.2000      279.00
16.2200      234.00
16.2400      291.00
16.2600      258.00
16.2800      261.00
16.3000      245.00
16.3200      249.00
16.3400      255.00
16.3600      243.00
16.3800      278.00
16.4000      293.00
16.4200      327.00
16.4400      341.00
16.4600      368.00
16.4800      354.00
16.5000      353.00
16.5200      342.00
16.5400      334.00
16.5600      315.00
16.5800      262.00
16.6000      238.00
16.6200      204.00
16.6400      200.00
16.6600      191.00
16.6800      168.00
16.7000      175.00
16.7200      191.00
16.7400      192.00
16.7600      171.00
16.7800      170.00
16.8000      157.00
16.8200      181.00
16.8400      202.00
16.8600      215.00
16.8800      211.00
16.9000      214.00
16.9200      265.00
16.9400      262.00
16.9600      245.00
16.9800      340.00
17.0000      356.00
17.0200      330.00
17.0400      366.00
17.0600      354.00
17.0800      367.00
17.1000      345.00
17.1200      371.00
17.1400      374.00
17.1600      349.00
17.1800      318.00
17.2000      323.00
17.2200      297.00
17.2400      300.00
17.2600      340.00
17.2800      328.00
17.3000      369.00
17.3200      385.00
17.3400      416.00
17.3600      481.00
17.3800      584.00
17.4000      647.00
17.4200      688.00
17.4400      788.00
17.4600      944.00
17.4800      991.00
17.5000     1137.00
17.5200     1241.00
17.5400     1233.00
17.5600     1328.00
17.5800     1407.00
17.6000     1349.00
17.6200     1299.00
17.6400     1241.00
17.6600     1152.00
17.6800      951.00
17.7000      861.00
17.7200      750.00
17.7400      572.00
17.7600      466.00
17.7800      405.00
17.8000      345.00
17.8200      305.00
17.8400      307.00
17.8600      267.00
17.8800      271.00
17.9000      244.00
17.9200      264.00
17.9400      240.00
17.9600      244.00
17.9800      235.00
18.0000      221.00
18.0200      203.00
18.0400      209.00
18.0600      215.00
18.0800      217.00
18.1000      188.00
18.1200      203.00
18.1400      202.00
18.1600      184.00
18.1800      204.00
18.2000      199.00
18.2200      210.00
18.2400      251.00
18.2600      231.00
18.2800      258.00
18.3000      284.00
18.3200      307.00
18.3400      335.00
18.3600      379.00
18.3800      455.00
18.4000      496.00
18.4200      521.00
18.4400      508.00
18.4600      498.00
18.4800      455.00
18.5000      442.00
18.5200      386.00
18.5400      364.00
18.5600      297.00
18.5800      260.00
18.6000      244.00
18.6200      228.00
18.6400      232.00
18.6600      238.00
18.6800      222.00
18.7000      204.00
18.7200      219.00
18.7400      235.00
18.7600      270.00
18.7800      249.00
18.8000      243.00
18.8200      237.00
18.8400      257.00
18.8600      253.00
18.8800      233.00
18.9000      218.00
18.9200      196.00
18.9400      197.00
18.9600      198.00
18.9800      207.00
19.0000      209.00
19.0200      225.00
19.0400      214.00
19.0600      217.00
19.0800      235.00
19.1000      242.00
19.1200      256.00
19.1400      235.00
19.1600      233.00
19.1800      240.00
19.2000      227.00
19.2200      257.00
19.2400      219.00
19.2600      233.00
19.2800      246.00
19.3000      192.00
19.3200      212.00
19.3400      224.00
19.3600      215.00
19.3800      236.00
19.4000      263.00
19.4200      234.00
19.4400      277.00
19.4600      286.00
19.4800      333.00
19.5000      370.00
19.5200      455.00
19.5400      492.00
19.5600      579.00
19.5800      653.00
19.6000      757.00
19.6200      852.00
19.6400      893.00
19.6600      957.00
19.6800      941.00
19.7000      987.00
19.7200      902.00
19.7400      856.00
19.7600      778.00
19.7800      702.00
19.8000      633.00
19.8200      502.00
19.8400      449.00
19.8600      410.00
19.8800      345.00
19.9000      342.00
19.9200      293.00
19.9400      273.00
19.9600      245.00
19.9800      234.00
20.0000      242.00
20.0200      219.00
20.0400      183.00
20.0600      202.00
20.0800      182.00
20.1000      209.00
20.1200      173.00
20.1400      171.00
20.1600      217.00
20.1800      193.00
20.2000      178.00
20.2200      181.00
20.2400      184.00
20.2600      179.00
20.2800      200.00
20.3000      184.00
20.3200      198.00
20.3400      227.00
20.3600      193.00
20.3800      196.00
20.4000      184.00
20.4200      215.00
20.4400      203.00
20.4600      219.00
20.4800      226.00
20.5000      225.00
20.5200      241.00
20.5400      293.00
20.5600      310.00
20.5800      391.00
20.6000      422.00
20.6200      415.00
20.6400      462.00
20.6600      478.00
20.6800      489.00
20.7000      557.00
20.7200      555.00
20.7400      487.00
20.7600      519.00
20.7800      477.00
20.8000      562.00
20.8200      563.00
20.8400      631.00
20.8600      703.00
20.8800      770.00
20.9000      883.00
20.9200      940.00
20.9400     1058.00
20.9600     1182.00
20.9800     1349.00
21.0000     1495.00
21.0200     1630.00
21.0400     1635.00
21.0600     1680.00
21.0800     1645.00
21.1000     1590.00
21.1200     1385.00
21.1400     1307.00
21.1600     1067.00
21.1800      958.00
21.2000      750.00
21.2200      627.00
21.2400      466.00
21.2600      367.00
21.2800      322.00
21.3000      272.00
21.3200      242.00
21.3400      235.00
21.3600      231.00
21.3800      178.00
21.4000      213.00
21.4200      195.00
21.4400      185.00
21.4600      204.00
21.4800      189.00
21.5000      185.00
21.5200      173.00
21.5400      185.00
21.5600      154.00
21.5800      175.00
21.6000      175.00
21.6200      187.00
21.6400      168.00
21.6600      178.00
21.6800      169.00
21.7000      179.00
21.7200      169.00
21.7400      169.00
21.7600      173.00
21.7800      156.00
21.8000      170.00
21.8200      158.00
21.8400      188.00
21.8600      167.00
21.8800      164.00
21.9000      183.00
21.9200      172.00
21.9400      190.00
21.9600      192.00
21.9800      171.00
22.0000      187.00
22.0200      186.00
22.0400      177.00
22.0600      200.00
22.0800      213.00
22.1000      241.00
22.1200      231.00
22.1400      241.00
22.1600      240.00
22.1800      275.00
22.2000      304.00
22.2200      294.00
22.2400      299.00
22.2600      301.00
22.2800      336.00
22.3000      317.00
22.3200      349.00
22.3400      364.00
22.3600      339.00
22.3800      345.00
22.4000      358.00
22.4200      315.00
22.4400      359.00
22.4600      391.00
22.4800      382.00
22.5000      444.00
22.5200      520.00
22.5400      530.00
22.5600      588.00
22.5800      631.00
22.6000      667.00
22.6200      683.00
22.6400      669.00
22.6600      656.00
22.6800      623.00
22.7000      586.00
22.7200      507.00
22.7400      460.00
22.7600      391.00
22.7800      350.00
22.8000      354.00
22.8200      305.00
22.8400      325.00
22.8600      334.00
22.8800      338.00
22.9000      330.00
22.9200      334.00
22.9400      357.00
22.9600      378.00
22.9800      395.00
23.0000      368.00
23.0200      385.00
23.0400      455.00
23.0600      441.00
23.0800      421.00
23.1000      471.00
23.1200      453.00
23.1400      496.00
23.1600      510.00
23.1800      455.00
23.2000      399.00
23.2200      383.00
23.2400      398.00
23.2600      377.00
23.2800      339.00
23.3000      386.00
23.3200      392.00
23.3400      383.00
23.3600      402.00
23.3800      419.00
23.4000      491.00
23.4200      463.00
23.4400      452.00
23.4600      469.00
23.4800      396.00
23.5000      388.00
23.5200      336.00
23.5400      322.00
23.5600      275.00
23.5800      244.00
23.6000      254.00
23.6200      226.00
23.6400      197.00
23.6600      180.00
23.6800      214.00
23.7000      198.00
23.7200      184.00
23.7400      183.00
23.7600      191.00
23.7800      214.00
23.8000      209.00
23.8200      227.00
23.8400      214.00
23.8600      251.00
23.8800      258.00
23.9000      249.00
23.9200      274.00
23.9400      280.00
23.9600      316.00
23.9800      327.00
24.0000      352.00
24.0200      459.00
24.0400      477.00
24.0600      472.00
24.0800      492.00
24.1000      547.00
24.1200      543.00
24.1400      482.00
24.1600      491.00
24.1800      409.00
24.2000      399.00
24.2200      424.00
24.2400      437.00
24.2600      477.00
24.2800      500.00
24.3000      504.00
24.3200      629.00
24.3400      676.00
24.3600      664.00
24.3800      660.00
24.4000      724.00
24.4200      673.00
24.4400      615.00
24.4600      572.00
24.4800      498.00
24.5000      447.00
24.5200      380.00
24.5400      326.00
24.5600      301.00
24.5800      227.00
24.6000      257.00
24.6200      229.00
24.6400      230.00
24.6600      227.00
24.6800      211.00
24.7000      217.00
24.7200      238.00
24.7400      241.00
24.7600      253.00
24.7800      299.00
24.8000      293.00
24.8200      307.00
24.8400      410.00
24.8600      398.00
24.8800      429.00
24.9000      488.00
24.9200      555.00
24.9400      570.00
24.9600      587.00
24.9800      528.00
25.0000      457.00
25.0200      401.00
25.0400      390.00
25.0600      344.00
25.0800      321.00
25.1000      258.00
25.1200      230.00
25.1400      235.00
25.1600      218.00
25.1800      184.00
25.2000      194.00
25.2200      174.00
25.2400      178.00
25.2600      171.00
25.2800      152.00
25.3000      173.00
25.3200      177.00
25.3400      158.00
25.3600      148.00
25.3800      146.00
25.4000      127.00
25.4200      140.00
25.4400      162.00
25.4600      139.00
25.4800      160.00
25.5000      148.00
25.5200      159.00
25.5400      136.00
25.5600      134.00
25.5800      118.00
25.6000      150.00
25.6200      148.00
25.6400      137.00
25.6600      136.00
25.6800      171.00
25.7000      135.00
25.7200      145.00
25.7400      138.00
25.7600      142.00
25.7800      163.00
25.8000      135.00
25.8200      154.00
25.8400      157.00
25.8600      152.00
25.8800      163.00
25.9000      186.00
25.9200      239.00
25.9400      217.00
25.9600      223.00
25.9800      241.00
26.0000      233.00
26.0200      262.00
26.0400      266.00
26.0600      297.00
26.0800      265.00
26.1000      278.00
26.1200      303.00
26.1400      345.00
26.1600      339.00
26.1800      343.00
26.2000      381.00
26.2200      380.00
26.2400      387.00
26.2600      354.00
26.2800      391.00
26.3000      357.00
26.3200      372.00
26.3400      329.00
26.3600      283.00
26.3800      339.00
26.4000      329.00
26.4200      322.00
26.4400      299.00
26.4600      325.00
26.4800      311.00
26.5000      323.00
26.5200      302.00
26.5400      291.00
26.5600      292.00
26.5800      257.00
26.6000      245.00
26.6200      251.00
26.6400      247.00
26.6600      218.00
26.6800      193.00
26.7000      189.00
26.7200      164.00
26.7400      167.00
26.7600      155.00
26.7800      148.00
26.8000      161.00
26.8200      169.00
26.8400      150.00
26.8600      146.00
26.8800      161.00
26.9000      164.00
26.9200      145.00
26.9400      186.00
26.9600      171.00
26.9800      149.00
27.0000      162.00
27.0200      163.00
27.0400      159.00
27.0600      189.00
27.0800      169.00
27.1000      172.00
27.1200      171.00
27.1400      149.00
27.1600      185.00
27.1800      180.00
27.2000      155.00
27.2200      220.00
27.2400      218.00
27.2600      217.00
27.2800      240.00
27.3000      224.00
27.3200      263.00
27.3400      240.00
27.3600      239.00
27.3800      256.00
27.4000      253.00
27.4200      259.00
27.4400      234.00
27.4600      252.00
27.4800      249.00
27.5000      265.00
27.5200      261.00
27.5400      257.00
27.5600      298.00
27.5800      294.00
27.6000      332.00
27.6200      371.00
27.6400      402.00
27.6600      419.00
27.6800      385.00
27.7000      368.00
27.7200      374.00
27.7400      381.00
27.7600      328.00
27.7800      316.00
27.8000      310.00
27.8200      271.00
27.8400      268.00
27.8600      261.00
27.8800      247.00
27.9000      215.00
27.9200      209.00
27.9400      201.00
27.9600      233.00
27.9800      224.00
28.0000      179.00
28.0200      208.00
28.0400      229.00
28.0600      221.00
28.0800      222.00
28.1000      198.00
28.1200      202.00
28.1400      194.00
28.1600      165.00
28.1800      175.00
28.2000      212.00
28.2200      177.00
28.2400      189.00
28.2600      193.00
28.2800      230.00
28.3000      267.00
28.3200      261.00
28.3400      286.00
28.3600      339.00
28.3800      400.00
28.4000      435.00
28.4200      454.00
28.4400      570.00
28.4600      611.00
28.4800      659.00
28.5000      719.00
28.5200      690.00
28.5400      744.00
28.5600      683.00
28.5800      684.00
28.6000      610.00
28.6200      555.00
28.6400      506.00
28.6600      484.00
28.6800      434.00
28.7000      428.00
28.7200      408.00
28.7400      391.00
28.7600      327.00
28.7800      330.00
28.8000      290.00
28.8200      295.00
28.8400      262.00
28.8600      278.00
28.8800      238.00
28.9000      256.00
28.9200      253.00
28.9400      227.00
28.9600      239.00
28.9800      256.00
29.0000      249.00
29.0200      245.00
29.0400      266.00
29.0600      234.00
29.0800      258.00
29.1000      266.00
29.1200      254.00
29.1400      291.00
29.1600      273.00
29.1800      297.00
29.2000      340.00
29.2200      295.00
29.2400      329.00
29.2600      290.00
29.2800      293.00
29.3000      297.00
29.3200      284.00
29.3400      277.00
29.3600      267.00
29.3800      320.00
29.4000      329.00
29.4200      358.00
29.4400      344.00
29.4600      402.00
29.4800      363.00
29.5000      368.00
29.5200      334.00
29.5400      350.00
29.5600      323.00
29.5800      284.00
29.6000      220.00
29.6200      245.00
29.6400      194.00
29.6600      194.00
29.6800      193.00
29.7000      191.00
29.7200      138.00
29.7400      150.00
29.7600      133.00
29.7800      126.00
29.8000      141.00
29.8200      143.00
29.8400      131.00
29.8600      122.00
29.8800      132.00
29.9000      148.00
29.9200      163.00
29.9400      134.00
29.9600      162.00
29.9800      164.00
30.0000      204.00
30.0200      162.00
30.0400      206.00
30.0600      260.00
30.0800      235.00
30.1000      236.00
30.1200      243.00
30.1400      258.00
30.1600      242.00
30.1800      239.00
30.2000      241.00
30.2200      243.00
30.2400      255.00
30.2600      220.00
30.2800      213.00
30.3000      216.00
30.3200      213.00
30.3400      210.00
30.3600      192.00
30.3800      176.00
30.4000      187.00
30.4200      159.00
30.4400      143.00
30.4600      150.00
30.4800      154.00
30.5000      172.00
30.5200      160.00
30.5400      136.00
30.5600      151.00
30.5800      152.00
30.6000      150.00
30.6200      160.00
30.6400      154.00
30.6600      179.00
30.6800      164.00
30.7000      158.00
30.7200      162.00
30.7400      162.00
30.7600      144.00
30.7800      157.00
30.8000      125.00
30.8200      127.00
30.8400      147.00
30.8600      156.00
30.8800      150.00
30.9000      135.00
30.9200      162.00
30.9400      161.00
30.9600      162.00
30.9800      143.00
31.0000      151.00
31.0200      161.00
31.0400      151.00
31.0600      145.00
31.0800      145.00
31.1000      131.00
31.1200      117.00
31.1400      156.00
31.1600      123.00
31.1800      138.00
31.2000      135.00
31.2200      119.00
31.2400      133.00
31.2600      124.00
31.2800      119.00
31.3000      139.00
31.3200      130.00
31.3400      124.00
31.3600      117.00
31.3800      124.00
31.4000      133.00
31.4200      124.00
31.4400      136.00
31.4600      141.00
31.4800      145.00
31.5000      138.00
31.5200      152.00
31.5400      170.00
31.5600      164.00
31.5800      160.00
31.6000      161.00
31.6200      141.00
31.6400      171.00
31.6600      179.00
31.6800      129.00
31.7000      148.00
31.7200      151.00
31.7400      131.00
31.7600      135.00
31.7800      140.00
31.8000      141.00
31.8200      148.00
31.8400      149.00
31.8600      129.00
31.8800      155.00
31.9000      169.00
31.9200      176.00
31.9400      166.00
31.9600      161.00
31.9800      167.00
32.0000      202.00
32.0200      186.00
32.0400      190.00
32.0600      222.00
32.0800      249.00
32.1000      204.00
32.1200      220.00
32.1400      206.00
32.1600      205.00
32.1800      238.00
32.2000      199.00
32.2200      201.00
32.2400      201.00
32.2600      214.00
32.2800      191.00
32.3000      203.00
32.3200      200.00
32.3400      194.00
32.3600      227.00
32.3800      240.00
32.4000      216.00
32.4200      195.00
32.4400      207.00
32.4600      230.00
32.4800      225.00
32.5000      226.00
32.5200      226.00
32.5400      231.00
32.5600      232.00
32.5800      227.00
32.6000      283.00
32.6200      239.00
32.6400      214.00
32.6600      243.00
32.6800      243.00
32.7000      219.00
32.7200      201.00
32.7400      224.00
32.7600      182.00
32.7800      207.00
32.8000      162.00
32.8200      190.00
32.8400      187.00
32.8600      166.00
32.8800      194.00
32.9000      191.00
32.9200      180.00
32.9400      187.00
32.9600      176.00
32.9800      203.00
33.0000      204.00
33.0200      170.00
33.0400      201.00
33.0600      198.00
33.0800      187.00
33.1000      165.00
33.1200      164.00
33.1400      178.00
33.1600      213.00
33.1800      210.00
33.2000      202.00
33.2200      205.00
33.2400      235.00
33.2600      255.00
33.2800      274.00
33.3000      249.00
33.3200      271.00
33.3400      251.00
33.3600      247.00
33.3800      256.00
33.4000      215.00
33.4200      217.00
33.4400      229.00
33.4600      215.00
33.4800      165.00
33.5000      204.00
33.5200      199.00
33.5400      173.00
33.5600      168.00
33.5800      167.00
33.6000      133.00
33.6200      168.00
33.6400      143.00
33.6600      155.00
33.6800      133.00
33.7000      126.00
33.7200      128.00
33.7400      127.00
33.7600      119.00
33.7800      132.00
33.8000      124.00
33.8200      127.00
33.8400       97.00
33.8600      138.00
33.8800      141.00
33.9000      133.00
33.9200      134.00
33.9400      130.00
33.9600      129.00
33.9800      135.00
34.0000      149.00
34.0200      144.00
34.0400      146.00
34.0600      147.00
34.0800      152.00
34.1000      183.00
34.1200      170.00
34.1400      212.00
34.1600      198.00
34.1800      231.00
34.2000      259.00
34.2200      218.00
34.2400      229.00
34.2600      207.00
34.2800      218.00
34.3000      188.00
34.3200      161.00
34.3400      162.00
34.3600      153.00
34.3800      169.00
34.4000      132.00
34.4200      128.00
34.4400      129.00
34.4600      133.00
34.4800      138.00
34.5000      138.00
34.5200      127.00
34.5400      128.00
34.5600      113.00
34.5800      119.00
34.6000      118.00
34.6200      109.00
34.6400      108.00
34.6600      146.00
34.6800      124.00
34.7000      121.00
34.7200      118.00
34.7400      149.00
34.7600      136.00
34.7800      133.00
34.8000      120.00
34.8200      127.00
34.8400      134.00
34.8600      133.00
34.8800      122.00
34.9000      125.00
34.9200      140.00
34.9400      123.00
34.9600      154.00
34.9800      135.00
35.0000      155.00
