 0.1000        0.10
 0.1200        0.10
 0.1400        0.10
 0.1600        0.10
 0.1800        0.10
 0.2000        0.10
 0.2200        0.10
 0.2400        0.10
 0.2600        0.10
 0.2800        0.10
 0.3000        0.10
 0.3200        0.10
 0.3400        0.10
 0.3600        0.10
 0.3800        0.10
 0.4000        0.10
 0.4200        0.10
 0.4400        0.10
 0.4600        0.10
 0.4800        0.10
 0.5000        0.10
 0.5200        0.10
 0.5400        0.10
 0.5600        0.10
 0.5800        0.10
 0.6000        0.10
 0.6200        0.10
 0.6400        0.10
 0.6600        0.10
 0.6800        0.10
 0.7000        0.10
 0.7200        0.10
 0.7400        0.10
 0.7600        0.10
 0.7800        0.10
 0.8000        0.10
 0.8200        0.10
 0.8400        0.10
 0.8600        0.10
 0.8800        0.10
 0.9000        0.10
 0.9200        0.10
 0.9400        0.10
 0.9600        0.10
 0.9800        0.10
 1.0000        0.10
 1.0200        0.10
 1.0400        0.10
 1.0600        0.10
 1.0800        0.10
 1.1000        0.10
 1.1200        0.10
 1.1400        0.10
 1.1600        0.10
 1.1800        0.10
 1.2000        0.10
 1.2200        0.10
 1.2400        0.10
 1.2600        0.10
 1.2800        0.10
 1.3000        0.10
 1.3200        0.10
 1.3400        0.10
 1.3600        0.10
 1.3800        0.10
 1.4000        0.10
 1.4200        0.10
 1.4400        0.10
 1.4600        0.10
 1.4800        0.10
 1.5000        0.10
 1.5200        0.10
 1.5400        0.10
 1.5600        0.10
 1.5800        0.10
 1.6000        0.10
 1.6200        0.10
 1.6400        0.10
 1.6600        0.10
 1.6800        0.10
 1.7000        0.10
 1.7200        0.10
 1.7400        0.10
 1.7600        0.10
 1.7800        0.10
 1.8000        0.10
 1.8200        0.10
 1.8400        0.10
 1.8600        0.10
 1.8800        0.10
 1.9000        0.10
 1.9200        0.10
 1.9400        0.10
 1.9600        0.10
 1.9800        0.10
 2.0000        0.10
 2.0200        0.10
 2.0400        0.10
 2.0600        0.10
 2.0800        0.10
 2.1000        0.10
 2.1200        0.10
 2.1400        0.10
 2.1600        0.10
 2.1800        0.10
 2.2000        0.10
 2.2200        0.10
 2.2400        0.10
 2.2600        0.26
 2.2800        0.26
 2.3000        0.27
 2.3200        0.28
 2.3400        0.29
 2.3600        0.29
 2.3800        0.30
 2.4000        0.31
 2.4200        0.32
 2.4400        0.33
 2.4600        0.34
 2.4800        0.35
 2.5000        0.37
 2.5200        0.38
 2.5400        0.39
 2.5600        0.41
 2.5800        0.42
 2.6000        0.43
 2.6200        0.45
 2.6400        0.47
 2.6600        0.49
 2.6800        0.50
 2.7000        0.52
 2.7200        0.55
 2.7400        0.57
 2.7600        0.59
 2.7800        0.62
 2.8000        0.64
 2.8200        0.67
 2.8400        0.70
 2.8600        0.74
 2.8800        0.77
 2.9000        0.81
 2.9200        0.85
 2.9400        0.90
 2.9600        0.94
 2.9800        1.00
 3.0000        1.05
 3.0200        1.11
 3.0400        1.18
 3.0600        1.25
 3.0800        1.33
 3.1000        1.42
 3.1200        1.52
 3.1400        1.62
 3.1600        1.74
 3.1800        1.87
 3.2000        2.02
 3.2200        2.18
 3.2400        2.37
 3.2600        2.58
 3.2800        2.82
 3.3000        3.09
 3.3200        3.40
 3.3400        3.77
 3.3600        4.20
 3.3800        4.70
 3.4000        5.30
 3.4200        6.02
 3.4400        6.90
 3.4600        7.97
 3.4800        9.32
 3.5000       11.04
 3.5200       13.26
 3.5400       16.22
 3.5600       20.28
 3.5800       26.12
 3.6000       35.12
 3.6200       49.90
 3.6400       74.85
 3.6600      115.55
 3.6800      174.99
 3.7000      239.53
 3.7200      261.00
 3.7400      215.06
 3.7600      148.78
 3.7800       96.76
 3.8000       63.13
 3.8200       42.95
 3.8400       30.95
 3.8600       23.46
 3.8800       18.46
 3.9000       14.91
 3.9200       12.29
 3.9400       10.29
 3.9600        8.74
 3.9800        7.51
 4.0000        6.52
 4.0200        5.71
 4.0400        5.04
 4.0600        4.49
 4.0800        4.02
 4.1000        3.62
 4.1200        3.27
 4.1400        2.97
 4.1600        2.72
 4.1800        2.49
 4.2000        2.29
 4.2200        2.11
 4.2400        1.96
 4.2600        1.82
 4.2800        1.69
 4.3000        1.58
 4.3200        1.48
 4.3400        1.38
 4.3600        1.30
 4.3800        1.22
 4.4000        1.15
 4.4200        1.09
 4.4400        1.03
 4.4600        0.98
 4.4800        0.92
 4.5000        0.88
 4.5200        0.84
 4.5400        0.80
 4.5600        0.76
 4.5800        0.72
 4.6000        0.69
 4.6200        0.66
 4.6400        0.63
 4.6600        0.61
 4.6800        0.58
 4.7000        0.56
 4.7200        0.54
 4.7400        0.52
 4.7600        0.50
 4.7800        0.48
 4.8000        0.46
 4.8200        0.44
 4.8400        0.43
 4.8600        0.41
 4.8800        0.40
 4.9000        0.39
 4.9200        0.37
 4.9400        0.36
 4.9600        0.35
 4.9800        0.34
 5.0000        0.33
 5.0200        0.32
 5.0400        0.31
 5.0600        0.30
 5.0800        0.29
 5.1000        0.28
 5.1200        6.56
 5.1400        6.72
 5.1600        6.90
 5.1800        6.83
 5.2000        7.03
 5.2200        7.23
 5.2400        7.45
 5.2600        7.67
 5.2800        7.91
 5.3000        8.16
 5.3200        8.41
 5.3400        8.69
 5.3600        8.97
 5.3800        9.27
 5.4000        9.58
 5.4200        9.91
 5.4400       10.26
 5.4600       10.62
 5.4800       11.01
 5.5000       11.42
 5.5200       11.85
 5.5400       12.30
 5.5600       12.78
 5.5800       13.29
 5.6000       13.83
 5.6200       14.41
 5.6400       15.02
 5.6600       15.67
 5.6800       16.36
 5.7000       17.11
 5.7200       17.90
 5.7400       18.75
 5.7600       19.66
 5.7800       20.64
 5.8000       21.69
 5.8200       22.83
 5.8400       24.06
 5.8600       25.38
 5.8800       26.83
 5.9000       28.40
 5.9200       30.11
 5.9400       31.98
 5.9600       34.03
 5.9800       37.25
 6.0000       39.76
 6.0200       42.53
 6.0400       45.61
 6.0600       49.09
 6.0800       52.92
 6.1000       57.22
 6.1200       62.07
 6.1400       67.56
 6.1600       73.83
 6.1800       81.02
 6.2000       89.31
 6.2200       98.93
 6.2400      110.21
 6.2600      123.52
 6.2800      139.40
 6.3000      158.54
 6.3200      181.89
 6.3400      210.76
 6.3600      247.02
 6.3800      293.36
 6.4000      353.84
 6.4200      434.85
 6.4400      547.37
 6.4600      712.33
 6.4800      971.44
 6.5000     1402.76
 6.5200     2128.42
 6.5400     3285.79
 6.5600     4883.55
 6.5800     6341.05
 6.6000     6353.51
 6.6200     4906.65
 6.6400     3305.15
 6.6600     2141.68
 6.6800     1411.45
 6.7000      977.43
 6.7200      716.95
 6.7400      551.42
 6.7600      438.71
 6.7800      357.74
 6.8000      297.43
 6.8200      251.35
 6.8400      215.43
 6.8600      186.96
 6.8800      164.07
 6.9000      145.46
 6.9200      130.17
 6.9400      117.53
 6.9600      107.01
 6.9800       98.24
 7.0000       90.93
 7.0200       84.85
 7.0400       79.86
 7.0600       75.83
 7.0800       72.69
 7.1000       70.39
 7.1200       68.94
 7.1400       68.36
 7.1600       68.73
 7.1800       70.20
 7.2000       72.98
 7.2200       77.40
 7.2400       84.01
 7.2600       93.62
 7.2800      107.65
 7.3000      128.70
 7.3200      162.01
 7.3400      217.64
 7.3600      312.34
 7.3800      467.45
 7.4000      694.42
 7.4200      941.06
 7.4400     1024.83
 7.4600      856.50
 7.4800      616.34
 7.5000      431.88
 7.5200      308.80
 7.5400      224.06
 7.5600      167.35
 7.5800      131.77
 7.6000      109.81
 7.6200       93.92
 7.6400       78.88
 7.6600       65.29
 7.6800       54.60
 7.7000       46.59
 7.7200       40.58
 7.7400       35.95
 7.7600       32.27
 7.7800       29.26
 7.8000       26.74
 7.8200       24.59
 7.8400       22.74
 7.8600       21.14
 7.8800       19.72
 7.9000       18.48
 7.9200       17.37
 7.9400       16.37
 7.9600       15.47
 7.9800       14.66
 8.0000       13.92
 8.0200       13.25
 8.0400       12.63
 8.0600       12.06
 8.0800        5.42
 8.1000        5.09
 8.1200        4.80
 8.1400        4.52
 8.1600        4.28
 8.1800        4.05
 8.2000        3.83
 8.2200        3.64
 8.2400        3.46
 8.2600        3.29
 8.2800        3.14
 8.3000        2.99
 8.3200        2.86
 8.3400        2.73
 8.3600        2.61
 8.3800        2.50
 8.4000        2.40
 8.4200        3.45
 8.4400        3.39
 8.4600        3.34
 8.4800        3.30
 8.5000        3.26
 8.5200        3.22
 8.5400        3.20
 8.5600        3.17
 8.5800        4.40
 8.6000        4.43
 8.6200        4.46
 8.6400        4.49
 8.6600        4.54
 8.6800        4.59
 8.7000        4.65
 8.7200        4.71
 8.7400        4.78
 8.7600        4.86
 8.7800        4.95
 8.8000        5.05
 8.8200        5.16
 8.8400        5.27
 8.8600        5.40
 8.8800        5.53
 8.9000        4.72
 8.9200        4.90
 8.9400        5.10
 8.9600        5.30
 8.9800        5.48
 9.0000        5.71
 9.0200        5.97
 9.0400        6.24
 9.0600        6.53
 9.0800        6.82
 9.1000        7.16
 9.1200        7.52
 9.1400        7.90
 9.1600        8.32
 9.1800        8.78
 9.2000        9.27
 9.2200        9.80
 9.2400       10.38
 9.2600       11.02
 9.2800       11.72
 9.3000       12.49
 9.3200       13.33
 9.3400       14.27
 9.3600       15.31
 9.3800       16.47
 9.4000       17.77
 9.4200       19.23
 9.4400       20.88
 9.4600       22.76
 9.4800       24.90
 9.5000       27.38
 9.5200       33.34
 9.5400       36.79
 9.5600       40.84
 9.5800       45.66
 9.6000       51.47
 9.6200       58.56
 9.6400       67.34
 9.6600       78.42
 9.6800       92.71
 9.7000      111.67
 9.7200      137.87
 9.7400      176.21
 9.7600      236.39
 9.7800      335.45
 9.8000      497.59
 9.8200      744.15
 9.8400     1051.61
 9.8600     1256.00
 9.8800     1164.33
 9.9000      913.56
 9.9200      718.73
 9.9400      649.96
 9.9600      717.94
 9.9800      918.78
10.0000     1198.07
10.0200     1350.15
10.0400     1178.37
10.0600      849.88
10.0800      570.28
10.1000      382.83
10.1200      267.91
10.1400      198.76
10.1600      155.55
10.1800      126.70
10.2000      106.25
10.2200       91.16
10.2400       79.73
10.2600       70.92
10.2800       64.05
10.3000       58.66
10.3200       54.41
10.3400       51.08
10.3600       48.51
10.3800       46.56
10.4000       45.17
10.4200       44.25
10.4400       43.77
10.4600       43.72
10.4800       44.06
10.5000       44.82
10.5200       45.99
10.5400       47.61
10.5600       49.73
10.5800       52.39
10.6000       55.69
10.6200       59.73
10.6400       64.66
10.6600       70.66
10.6800       77.99
10.7000       87.00
10.7200       98.15
10.7400      112.11
10.7600      129.81
10.7800      152.60
10.8000      185.80
10.8200      226.23
10.8400      282.69
10.8600      365.96
10.8800      497.53
10.9000      717.24
10.9200     1086.39
10.9400     1671.40
10.9600     2465.78
10.9800     3152.48
11.0000     3093.97
11.0200     2358.47
11.0400     1584.20
11.0600     1031.12
11.0800      687.50
11.1000      485.86
11.1200      367.92
11.1400      296.08
11.1600      246.85
11.1800      205.42
11.2000      169.42
11.2200      140.87
11.2400      119.20
11.2600      102.78
11.2800       90.12
11.3000       80.66
11.3200       72.61
11.3400       65.00
11.3600       59.56
11.3800       55.03
11.4000       53.61
11.4200       50.48
11.4400       47.87
11.4600       45.68
11.4800       42.66
11.5000       41.21
11.5200       40.06
11.5400       39.16
11.5600       38.51
11.5800       38.07
11.6000       37.85
11.6200       37.88
11.6400       38.07
11.6600       38.46
11.6800       39.06
11.7000       39.88
11.7200       40.92
11.7400       42.22
11.7600       48.57
11.7800       50.57
11.8000       52.92
11.8200       55.66
11.8400       58.86
11.8600       62.58
11.8800       66.94
11.9000       72.04
11.9200       78.06
11.9400       85.19
11.9600       93.72
11.9800      104.01
12.0000      116.55
12.0200      132.05
12.0400      151.47
12.0600      176.26
12.0800      208.54
12.1000      251.69
12.1200      311.57
12.1400      399.33
12.1600      537.19
12.1800      766.54
12.2000     1151.45
12.2200     1762.42
12.2400     2597.24
12.2600     3335.15
12.2800     3301.98
12.3000     2538.31
12.3200     1718.70
12.3400     1129.79
12.3600      762.81
12.3800      546.38
12.4000      417.96
12.4200      337.92
12.4400      285.21
12.4600      249.36
12.4800      221.98
12.5000      206.11
12.5200      196.94
12.5400      193.54
12.5600      195.60
12.5800      203.44
12.6000      218.11
12.6200      242.01
12.6400      279.94
12.6600      340.67
12.6800      437.52
12.7000      585.76
12.7200      788.43
12.7400      996.11
12.7600     1130.64
12.7800     1262.97
12.8000     1533.25
12.8200     1995.19
12.8400     2516.14
12.8600     2629.58
12.8800     2152.29
12.9000     1532.59
12.9200     1062.96
12.9400      769.69
12.9600      606.93
12.9800      525.09
13.0000      495.06
13.0200      502.60
13.0400      543.65
13.0600      619.16
13.0800      739.83
13.1000      946.51
13.1200     1315.05
13.1400     1945.86
13.1600     2922.84
13.1800     4135.89
13.2000     4883.17
13.2200     4366.31
13.2400     3155.60
13.2600     2088.50
13.2800     1368.17
13.3000      928.41
13.3200      667.06
13.3400      506.50
13.3600      401.02
13.3800      327.09
13.4000      272.82
13.4200      231.72
13.4400      199.89
13.4600      174.86
13.4800      154.75
13.5000      138.45
13.5200      125.13
13.5400      114.21
13.5600      105.29
13.5800       98.15
13.6000       92.70
13.6200       93.35
13.6400       91.13
13.6600       89.36
13.6800       87.13
13.7000       85.84
13.7200       87.43
13.7400       92.63
13.7600       96.46
13.7800       98.65
13.8000       91.69
13.8200       81.89
13.8400       74.36
13.8600       69.85
13.8800       67.71
13.9000       67.21
13.9200       67.86
13.9400       69.43
13.9600       71.86
13.9800       75.17
14.0000       79.48
14.0200       84.97
14.0400       91.89
14.0600      100.64
14.0800      111.74
14.1000      125.98
14.1200      144.54
14.1400      169.28
14.1600      203.40
14.1800      252.97
14.2000      329.90
14.2200      455.20
14.2400      662.13
14.2600      983.31
14.2800     1408.47
14.3000     1761.17
14.3200     1748.61
14.3400     1490.94
14.3600     1317.96
14.3800     1348.37
14.4000     1506.00
14.4200     1525.24
14.4400     1250.92
14.4600      891.68
14.4800      611.85
14.5000      429.22
14.5200      317.78
14.5400      250.18
14.5600      207.60
14.5800      179.35
14.6000      159.98
14.6200      146.65
14.6400      137.79
14.6600      127.78
14.6800      125.54
14.7000      125.99
14.7200      129.06
14.7400      134.89
14.7600      144.40
14.7800      157.24
14.8000      175.25
14.8200      200.59
14.8400      236.40
14.8600      286.29
14.8800      351.74
14.9000      425.66
14.9200      501.97
14.9400      609.73
14.9600      795.72
14.9800     1128.82
15.0000     1698.47
15.0200     2585.84
15.0400     3714.00
15.0600     4481.06
15.0800     4093.80
15.1000     2989.23
15.1200     1981.06
15.1400     1294.43
15.1600      877.09
15.1800      635.04
15.2000      494.88
15.2200      411.08
15.2400      349.76
15.2600      293.80
15.2800      243.26
15.3000      201.11
15.3200      168.31
15.3400      144.90
15.3600      126.16
15.3800      111.59
15.4000       99.95
15.4200       90.46
15.4400       82.59
15.4600       75.99
15.4800       70.41
15.5000       65.68
15.5200       61.65
15.5400       58.20
15.5600       55.25
15.5800       52.75
15.6000       50.62
15.6200       48.83
15.6400       47.34
15.6600       46.14
15.6800       45.19
15.7000       44.49
15.7200       44.16
15.7400       43.93
15.7600       43.94
15.7800       42.67
15.8000       48.69
15.8200       49.64
15.8400       50.88
15.8600       52.45
15.8800       53.15
15.9000       55.55
15.9200       58.46
15.9400       61.98
15.9600       66.24
15.9800       71.45
16.0000       77.87
16.0200       85.91
16.0400       96.16
16.0600      109.59
16.0800      128.02
16.1000      154.89
16.1200      196.73
16.1400      263.93
16.1600      369.04
16.1800      516.44
16.2000      666.89
16.2200      710.97
16.2400      625.09
16.2600      523.58
16.2800      475.87
16.3000      500.19
16.3200      612.24
16.3400      842.07
16.3600     1225.12
16.3800     1745.46
16.4000     2172.32
16.4200     2093.25
16.4400     1600.56
16.4600     1107.39
16.4800      765.27
16.5000      561.54
16.5200      452.17
16.5400      395.32
16.5600      377.00
16.5800      388.95
16.6000      441.05
16.6200      551.08
16.6400      739.27
16.6600     1004.66
16.6800     1252.56
16.7000     1302.92
16.7200     1196.82
16.7400     1163.16
16.7600     1296.09
16.7800     1524.64
16.8000     1583.26
16.8200     1318.33
16.8400      956.18
16.8600      674.96
16.8800      494.12
16.9000      388.07
16.9200      328.79
16.9400      297.08
16.9600      282.47
16.9800      280.12
17.0000      288.28
17.0200      312.24
17.0400      343.27
17.0600      390.04
17.0800      458.95
17.1000      560.71
17.1200      712.93
17.1400      943.22
17.1600     1290.84
17.1800     1829.58
17.2000     2693.94
17.2200     3960.31
17.2400     5296.37
17.2600     5635.06
17.2800     4569.60
17.3000     3152.01
17.3200     2063.57
17.3400     1365.28
17.3600      947.51
17.3800      698.63
17.4000      543.16
17.4200      439.45
17.4400      366.28
17.4600      311.95
17.4800      269.64
17.5000      236.31
17.5200      210.22
17.5400      189.77
17.5600      173.65
17.5800      160.91
17.6000      150.84
17.6200      142.95
17.6400      136.89
17.6600      132.40
17.6800      129.31
17.7000      126.96
17.7200      126.37
17.7400      126.96
17.7600      128.75
17.7800      131.79
17.8000      136.17
17.8200      142.09
17.8400      149.72
17.8600      159.39
17.8800      169.52
17.9000      184.79
17.9200      203.94
17.9400      228.15
17.9600      263.97
17.9800      304.36
18.0000      357.99
18.0200      431.59
18.0400      537.83
18.0600      701.83
18.0800      970.73
18.1000     1419.12
18.1200     2133.11
18.1400     3127.82
18.1600     4074.76
18.1800     4174.13
18.2000     3358.59
18.2200     2439.91
18.2400     1828.11
18.2600     1543.94
18.2800     1497.37
18.3000     1517.80
18.3200     1433.79
18.3400     1301.94
18.3600     1268.85
18.3800     1415.34
18.4000     1817.90
18.4200     2578.02
18.4400     3741.08
18.4600     5052.05
18.4800     5543.53
18.5000     4635.00
18.5200     3255.15
18.5400     2155.07
18.5600     1438.93
18.5800     1009.05
18.6000      755.98
18.6200      602.98
18.6400      505.15
18.6600      432.74
18.6800      371.14
18.7000      316.11
18.7200      267.47
18.7400      234.75
18.7600      209.89
18.7800      190.71
18.8000      175.66
18.8200      163.73
18.8400      154.24
18.8600      147.03
18.8800      141.24
18.9000      136.91
18.9200      133.90
18.9400      132.09
18.9600      131.44
18.9800      131.92
19.0000      133.55
19.0200      136.38
19.0400      140.52
19.0600      146.11
19.0800      153.38
19.1000      162.63
19.1200      174.28
19.1400      188.94
19.1600      207.48
19.1800      231.21
19.2000      262.00
19.2200      302.34
19.2400      355.13
19.2600      422.59
19.2800      508.92
19.3000      631.55
19.3200      826.80
19.3400     1154.98
19.3600     1709.87
19.3800     2597.60
19.4000     3829.71
19.4200     4973.74
19.4400     5022.58
19.4600     3926.46
19.4800     2692.35
19.5000     1794.78
19.5200     1235.86
19.5400      910.72
19.5600      724.59
19.5800      616.90
19.6000      555.92
19.6200      527.07
19.6400      524.62
19.6600      548.14
19.6800      602.72
19.7000      696.02
19.7200      848.08
19.7400     1097.19
19.7600     1501.29
19.7800     2110.20
19.8000     2903.84
19.8200     3852.14
19.8400     4888.15
19.8600     5314.04
19.8800     4521.17
19.9000     3253.24
19.9200     2222.58
19.9400     1543.54
19.9600     1150.98
19.9800      945.63
20.0000      865.39
20.0200      890.24
20.0400     1037.29
20.0600     1347.38
20.0800     1849.10
20.1000     2443.95
20.1200     2719.95
20.1400     2348.26
20.1600     1703.18
20.1800     1165.95
20.2000      810.54
20.2200      599.07
20.2400      482.76
20.2600      428.63
20.2800      420.46
20.3000      447.83
20.3200      481.51
20.3400      461.74
20.3600      384.88
20.3800      300.04
20.4000      236.85
20.4200      195.08
20.4400      168.37
20.4600      151.02
20.4800      139.32
20.5000      131.26
20.5200      125.83
20.5400      122.55
20.5600      121.21
20.5800      121.83
20.6000      124.65
20.6200      130.30
20.6400      148.84
20.6600      165.74
20.6800      194.24
20.7000      243.79
20.7200      314.01
20.7400      398.95
20.7600      450.39
20.7800      421.00
20.8000      353.56
20.8200      300.29
20.8400      272.99
20.8600      268.86
20.8800      281.21
20.9000      308.31
20.9200      346.14
20.9400      408.68
20.9600      500.81
20.9800      645.60
21.0000      877.70
21.0200     1269.24
21.0400     1917.86
21.0600     2890.19
21.0800     4043.09
21.1000     4679.69
21.1200     4187.37
21.1400     3084.37
21.1600     2074.45
21.1800     1378.15
21.2000      954.02
21.2200      700.83
21.2400      548.49
21.2600      451.37
21.2800      388.63
21.3000      348.91
21.3200      322.40
21.3400      314.34
21.3600      313.84
21.3800      304.27
21.4000      281.36
21.4200      257.31
21.4400      240.69
21.4600      232.19
21.4800      230.24
21.5000      233.44
21.5200      240.99
21.5400      252.74
21.5600      269.75
21.5800      289.10
21.6000      317.77
21.6200      355.53
21.6400      406.02
21.6600      475.80
21.6800      577.43
21.7000      735.79
21.7200      995.19
21.7400     1419.58
21.7600     2068.00
21.7800     2889.41
21.8000     3465.62
21.8200     3240.25
21.8400     2518.64
21.8600     1875.85
21.8800     1475.26
21.9000     1287.50
21.9200     1257.56
21.9400     1354.08
21.9600     1586.10
21.9800     2015.56
22.0000     2770.33
22.0200     4037.13
22.0400     5979.27
22.0600     8387.50
22.0800    10000.00
22.1000     9611.52
22.1200     8252.66
22.1400     6891.02
22.1600     5384.16
22.1800     3912.84
22.2000     2843.34
22.2200     2200.89
22.2400     1889.54
22.2600     1822.19
22.2800     1913.72
22.3000     2006.46
22.3200     1954.88
22.3400     1884.85
22.3600     1996.01
22.3800     2399.20
22.4000     3150.68
22.4200     4155.59
22.4400     4941.54
22.4600     5128.29
22.4800     4802.12
22.5000     3944.67
22.5200     2959.39
22.5400     2251.71
22.5600     1884.96
22.5800     1834.90
22.6000     2097.00
22.6200     2702.85
22.6400     3626.58
22.6600     4491.95
22.6800     4520.06
22.7000     3720.85
22.7200     2843.89
22.7400     2293.05
22.7600     2127.77
22.7800     2242.55
22.8000     2335.19
22.8200     2063.54
22.8400     1569.85
22.8600     1140.58
22.8800      849.60
22.9000      673.92
22.9200      579.48
22.9400      545.03
22.9600      565.80
22.9800      647.25
23.0000      786.90
23.0200      925.84
23.0400      923.93
23.0600      762.41
23.0800      580.56
23.1000      445.25
23.1200      354.61
23.1400      296.81
23.1600      262.15
23.1800      243.42
23.2000      237.25
23.2200      244.01
23.2400      267.14
23.2600      309.25
23.2800      366.36
23.3000      408.39
23.3200      396.21
23.3400      353.03
23.3600      321.04
23.3800      314.01
23.4000      334.60
23.4200      387.80
23.4400      485.09
23.4600      642.07
23.4800      863.00
23.5000     1091.92
23.5200     1205.99
23.5400     1236.00
23.5600     1396.45
23.5800     1804.49
23.6000     2469.43
23.6200     3115.13
23.6400     3122.31
23.6600     2439.04
23.6800     1672.51
23.7000     1115.07
23.7200      769.42
23.7400      570.87
23.7600      454.17
23.7800      370.97
23.8000      302.05
23.8200      246.43
23.8400      205.20
23.8600      175.06
23.8800      152.76
23.9000      133.26
23.9200      120.15
23.9400      107.17
23.9600       98.87
23.9800       92.18
24.0000       86.77
24.0200       82.44
24.0400       79.01
24.0600       76.36
24.0800       74.40
24.1000       74.15
24.1200       73.47
24.1400       73.36
24.1600       69.98
24.1800       71.20
24.2000       73.16
24.2200       75.78
24.2400       79.22
24.2600       83.68
24.2800       87.85
24.3000       95.15
24.3200      104.47
24.3400      116.55
24.3600      132.62
24.3800      154.95
24.4000      187.92
24.4200      241.17
24.4400      323.80
24.4600      451.82
24.4800      623.31
24.5000      779.81
24.5200      799.43
24.5400      698.81
24.5600      606.32
24.5800      581.72
24.6000      636.86
24.6200      783.58
24.6400     1058.73
24.6600     1510.40
24.6800     2136.11
24.7000     2835.04
24.7200     3295.30
24.7400     3041.99
24.7600     2293.22
24.7800     1570.94
24.8000     1057.35
24.8200      737.74
24.8400      550.49
24.8600      442.81
24.8800      382.83
24.9000      356.11
24.9200      359.82
24.9400      398.08
24.9600      476.37
24.9800      585.69
25.0000      671.70
25.0200      680.87
25.0400      650.85
25.0600      624.47
25.0800      629.47
25.1000      666.09
25.1200      664.85
25.1400      601.29
25.1600      548.06
25.1800      563.01
25.2000      674.90
25.2200      906.15
25.2400     1250.80
25.2600     1572.97
25.2800     1579.24
25.3000     1271.79
25.3200      946.54
25.3400      733.65
25.3600      611.67
25.3800      516.73
25.4000      433.08
25.4200      380.29
25.4400      366.87
25.4600      398.71
25.4800      488.92
25.5000      656.10
25.5200      904.61
25.5400     1155.93
25.5600     1199.18
25.5800      989.57
25.6000      739.58
25.6200      566.86
25.6400      471.91
25.6600      416.57
25.6800      377.59
25.7000      362.21
25.7200      375.56
25.7400      411.12
25.7600      460.30
25.7800      542.83
25.8000      702.32
25.8200      984.85
25.8400     1415.65
25.8600     1909.39
25.8800     2169.75
25.9000     2082.90
25.9200     1885.74
25.9400     1587.86
25.9600     1177.89
25.9800      813.91
26.0000      561.31
26.0200      402.23
26.0400      303.99
26.0600      241.85
26.0800      207.51
26.1000      178.78
26.1200      158.14
26.1400      142.87
26.1600      132.48
26.1800      125.88
26.2000      119.89
26.2200      119.14
26.2400      119.12
26.2600      118.86
26.2800      120.14
26.3000      123.47
26.3200      128.07
26.3400      135.07
26.3600      146.78
26.3800      165.23
26.4000      192.80
26.4200      232.51
26.4400      286.98
26.4600      359.16
26.4800      468.88
26.5000      658.27
26.5200      976.20
26.5400     1448.93
26.5600     1964.14
26.5800     2140.40
26.6000     1779.09
26.6200     1247.34
26.6400      826.73
26.6600      554.19
26.6800      391.13
26.7000      295.09
26.7200      236.75
26.7400      199.82
26.7600      174.68
26.7800      158.77
26.8000      146.95
26.8200      135.10
26.8400      126.04
26.8600      119.86
26.8800      114.44
26.9000      110.28
26.9200      108.27
26.9400      108.54
26.9600      110.82
26.9800      113.88
27.0000      117.53
27.0200      123.53
27.0400      132.03
27.0600      144.14
27.0800      155.69
27.1000      167.06
27.1200      185.21
27.1400      214.33
27.1600      262.44
27.1800      337.35
27.2000      441.68
27.2200      554.20
27.2400      625.09
27.2600      617.33
27.2800      553.67
27.3000      500.18
27.3200      487.58
27.3400      515.89
27.3600      588.46
27.3800      711.30
27.4000      908.95
27.4200     1234.75
27.4400     1790.94
27.4600     2720.83
27.4800     4155.43
27.5000     5953.18
27.5200     7130.71
27.5400     6460.62
27.5600     4697.91
27.5800     3112.01
27.6000     2036.56
27.6200     1381.14
27.6400      994.00
27.6600      760.25
27.6800      610.64
27.7000      510.33
27.7200      441.59
27.7400      394.44
27.7600      360.72
27.7800      335.26
27.8000      319.24
27.8200      315.14
27.8400      325.31
27.8600      354.70
27.8800      414.44
27.9000      525.44
27.9200      718.42
27.9400     1021.82
27.9600     1410.33
27.9800     1679.78
28.0000     1564.30
28.0200     1216.83
28.0400      903.73
28.0600      682.83
28.0800      528.97
28.1000      432.54
28.1200      383.59
28.1400      372.77
28.1600      399.65
28.1800      475.66
28.2000      623.71
28.2200      869.34
28.2400     1203.77
28.2600     1479.77
28.2800     1440.79
28.3000     1154.08
28.3200      868.76
28.3400      651.85
28.3600      491.79
28.3800      386.06
28.4000      323.80
28.4200      291.58
28.4400      280.57
28.4600      287.75
28.4800      315.80
28.5000      374.49
28.5200      481.59
28.5400      658.81
28.5600      911.82
28.5800     1162.91
28.6000     1206.90
28.6200     1006.69
28.6400      768.57
28.6600      605.15
28.6800      525.72
28.7000      516.96
28.7200      571.26
28.7400      688.97
28.7600      867.42
28.7800     1062.72
28.8000     1209.15
28.8200     1372.52
28.8400     1683.44
28.8600     2217.14
28.8800     2991.32
28.9000     3785.80
28.9200     4026.54
28.9400     3424.17
28.9600     2545.93
28.9800     1880.04
29.0000     1526.83
29.0200     1478.85
29.0400     1675.83
29.0600     1987.64
29.0800     2151.61
29.1000     1993.97
29.1200     1636.75
29.1400     1268.47
29.1600      948.52
29.1800      694.26
29.2000      510.44
29.2200      387.57
29.2400      307.73
29.2600      254.38
29.2800      217.52
29.3000      191.19
29.3200      171.86
29.3400      158.90
29.3600      152.40
29.3800      153.88
29.4000      166.49
29.4200      194.33
29.4400      238.43
29.4600      281.82
29.4800      285.84
29.5000      240.22
29.5200      186.49
29.5400      146.37
29.5600      120.02
29.5800      103.58
29.6000       94.66
29.6200       91.58
29.6400       93.50
29.6600      100.02
29.6800      110.11
29.7000      125.31
29.7200      151.44
29.7400      193.90
29.7600      252.45
29.7800      294.11
29.8000      278.92
29.8200      228.46
29.8400      189.28
29.8600      173.14
29.8800      169.82
29.9000      158.92
29.9200      137.99
29.9400      119.55
29.9600      107.42
29.9800      102.58
30.0000      107.65
30.0200      124.16
30.0400      150.01
30.0600      171.16
30.0800      164.39
30.1000      138.79
30.1200      115.52
30.1400      101.18
30.1600       95.43
30.1800       96.26
30.2000      102.34
30.2200      113.53
30.2400      131.10
30.2600      158.22
30.2800      202.29
30.3000      275.75
30.3200      397.91
30.3400      587.14
30.3600      831.42
30.3800     1022.50
30.4000     1005.65
30.4200      800.31
30.4400      575.94
30.4600      418.16
30.4800      329.73
30.5000      294.53
30.5200      301.86
30.5400      352.07
30.5600      458.12
30.5800      630.52
30.6000      851.18
30.6200     1001.96
30.6400      972.50
30.6600      882.52
30.6800      866.73
30.7000      904.86
30.7200      893.01
30.7400      816.75
30.7600      691.39
30.7800      528.09
30.8000      386.76
30.8200      291.77
30.8400      233.33
30.8600      201.44
30.8800      190.84
30.9000      197.98
30.9200      216.92
30.9400      233.28
30.9600      238.90
30.9800      239.41
31.0000      228.59
31.0200      211.17
31.0400      205.74
31.0600      220.58
31.0800      260.59
31.1000      327.32
31.1200      409.61
31.1400      480.55
31.1600      549.24
31.1800      666.83
31.2000      880.04
31.2200     1210.95
31.2400     1551.44
31.2600     1594.60
31.2800     1270.65
31.3000      879.74
31.3200      588.48
31.3400      404.88
31.3600      297.62
31.3800      236.83
31.4000      203.75
31.4200      189.22
31.4400      190.79
31.4600      209.37
31.4800      244.61
31.5000      286.99
31.5200      332.44
31.5400      393.60
31.5600      453.51
31.5800      462.37
31.6000      411.45
31.6200      338.76
31.6400      291.39
31.6600      287.51
31.6800      319.60
31.7000      348.65
31.7200      320.22
31.7400      248.76
31.7600      182.88
31.7800      137.88
31.8000      111.13
31.8200       97.16
31.8400       91.01
31.8600       89.16
31.8800       87.67
31.9000       84.51
31.9200       82.80
31.9400       85.36
31.9600       92.53
31.9800      106.74
32.0000      131.83
32.0200      173.54
32.0400      236.92
32.0600      316.02
32.0800      371.67
32.1000      368.13
32.1200      346.28
32.1400      357.80
32.1600      411.48
32.1800      473.08
32.2000      493.81
32.2200      499.03
32.2400      547.61
32.2600      632.58
32.2800      661.44
32.3000      580.44
32.3200      459.45
32.3400      356.45
32.3600      291.76
32.3800      270.02
32.4000      291.79
32.4200      362.42
32.4400      488.25
32.4600      652.85
32.4800      763.21
32.5000      716.80
32.5200      594.41
32.5400      516.83
32.5600      517.36
32.5800      561.96
32.6000      555.36
32.6200      455.74
32.6400      338.78
32.6600      254.19
32.6800      203.34
32.7000      173.98
32.7200      160.79
32.7400      160.17
32.7600      166.82
32.7800      168.54
32.8000      163.32
32.8200      150.64
32.8400      139.11
32.8600      140.63
32.8800      162.23
32.9000      208.93
32.9200      280.22
32.9400      350.46
32.9600      358.58
32.9800      295.21
33.0000      221.69
33.0200      170.67
33.0400      144.69
33.0600      141.05
33.0800      159.23
33.1000      203.28
33.1200      278.50
33.1400      377.02
33.1600      444.59
33.1800      410.54
33.2000      315.08
33.2200      230.62
33.2400      177.79
33.2600      153.64
33.2800      153.42
33.3000      177.38
33.3200      232.04
33.3400      325.66
33.3600      454.04
33.3800      559.12
33.4000      543.36
33.4200      429.84
33.4400      311.66
33.4600      220.50
33.4800      155.41
33.5000      112.76
33.5200       86.09
33.5400       68.83
33.5600       57.68
33.5800       50.12
33.6000       45.12
33.6200       41.99
33.6400       40.72
33.6600       41.14
33.6800       43.81
33.7000       47.95
33.7200       53.11
33.7400       56.73
33.7600       53.59
33.7800       46.38
33.8000       40.29
33.8200       36.75
33.8400       35.50
33.8600       36.06
33.8800       39.26
33.9000       43.13
33.9200       49.03
33.9400       57.15
33.9600       69.48
33.9800       86.36
34.0000      110.40
34.0200      143.65
34.0400      185.42
34.0600      243.05
34.0800      328.48
34.1000      422.64
34.1200      474.99
34.1400      455.39
34.1600      371.95
34.1800      271.29
34.2000      191.96
34.2200      141.69
34.2400      114.03
34.2600      101.22
34.2800       97.28
34.3000       99.06
34.3200      107.89
34.3400      125.40
34.3600      150.46
34.3800      183.51
34.4000      220.47
34.4200      247.06
34.4400      247.28
34.4600      231.00
34.4800      227.53
34.5000      249.38
34.5200      282.78
34.5400      286.15
34.5600      243.53
34.5800      193.17
34.6000      155.83
34.6200      128.35
34.6400      109.39
34.6600      101.55
34.6800      104.87
34.7000      120.51
34.7200      150.92
34.7400      199.08
34.7600      262.44
34.7800      315.39
34.8000      317.31
34.8200      275.75
34.8400      231.17
34.8600      203.67
34.8800      196.26
34.9000      197.62
34.9200      204.07
34.9400      218.17
34.9600      227.64
34.9800      216.71
35.0000      201.93
