 2.2000      303.00
 2.2200      279.00
 2.2400      275.00
 2.2600      282.00
 2.2800      269.00
 2.3000      297.00
 2.3200      256.00
 2.3400      257.00
 2.3600      243.00
 2.3800      262.00
 2.4000      260.00
 2.4200      274.00
 2.4400      299.00
 2.4600      257.00
 2.4800      274.00
 2.5000      281.00
 2.5200      280.00
 2.5400      260.00
 2.5600      264.00
 2.5800      272.00
 2.6000      266.00
 2.6200      219.00
 2.6400      291.00
 2.6600      256.00
 2.6800      236.00
 2.7000      258.00
 2.7200      256.00
 2.7400      290.00
 2.7600      252.00
 2.7800      244.00
 2.8000      274.00
 2.8200      267.00
 2.8400      227.00
 2.8600      242.00
 2.8800      233.00
 2.9000      281.00
 2.9200      264.00
 2.9400      268.00
 2.9600      264.00
 2.9800      206.00
 3.0000      272.00
 3.0200      244.00
 3.0400      245.00
 3.0600      258.00
 3.0800      256.00
 3.1000      274.00
 3.1200      249.00
 3.1400      251.00
 3.1600      239.00
 3.1800      233.00
 3.2000      216.00
 3.2200      222.00
 3.2400      251.00
 3.2600      239.00
 3.2800      221.00
 3.3000      236.00
 3.3200      209.00
 3.3400      218.00
 3.3600      206.00
 3.3800      214.00
 3.4000      203.00
 3.4200      225.00
 3.4400      235.00
 3.4600      200.00
 3.4800      224.00
 3.5000      226.00
 3.5200      204.00
 3.5400      214.00
 3.5600      232.00
 3.5800      236.00
 3.6000      211.00
 3.6200      206.00
 3.6400      207.00
 3.6600      222.00
 3.6800      221.00
 3.7000      211.00
 3.7200      193.00
 3.7400      207.00
 3.7600      244.00
 3.7800      200.00
 3.8000      206.00
 3.8200      202.00
 3.8400      209.00
 3.8600      185.00
 3.8800      186.00
 3.9000      188.00
 3.9200      185.00
 3.9400      178.00
 3.9600      186.00
 3.9800      218.00
 4.0000      201.00
 4.0200      198.00
 4.0400      179.00
 4.0600      210.00
 4.0800      189.00
 4.1000      178.00
 4.1200      189.00
 4.1400      164.00
 4.1600      206.00
 4.1800      187.00
 4.2000      185.00
 4.2200      185.00
 4.2400      184.00
 4.2600      164.00
 4.2800      195.00
 4.3000      191.00
 4.3200      178.00
 4.3400      165.00
 4.3600      155.00
 4.3800      165.00
 4.4000      173.00
 4.4200      148.00
 4.4400      160.00
 4.4600      148.00
 4.4800      159.00
 4.5000      149.00
 4.5200      163.00
 4.5400      159.00
 4.5600      160.00
 4.5800      149.00
 4.6000      136.00
 4.6200      143.00
 4.6400      165.00
 4.6600      162.00
 4.6800      165.00
 4.7000      181.00
 4.7200      181.00
 4.7400      158.00
 4.7600      166.00
 4.7800      135.00
 4.8000      156.00
 4.8200      160.00
 4.8400      168.00
 4.8600      168.00
 4.8800      169.00
 4.9000      140.00
 4.9200      141.00
 4.9400      154.00
 4.9600      161.00
 4.9800      165.00
 5.0000      159.00
 5.0200      153.00
 5.0400      172.00
 5.0600      136.00
 5.0800      169.00
 5.1000      169.00
 5.1200      154.00
 5.1400      154.00
 5.1600      152.00
 5.1800      121.00
 5.2000      156.00
 5.2200      125.00
 5.2400      159.00
 5.2600      150.00
 5.2800      156.00
 5.3000      165.00
 5.3200      149.00
 5.3400      175.00
 5.3600      128.00
 5.3800      164.00
 5.4000      143.00
 5.4200      180.00
 5.4400      167.00
 5.4600      175.00
 5.4800      161.00
 5.5000      152.00
 5.5200      166.00
 5.5400      164.00
 5.5600      153.00
 5.5800      165.00
 5.6000      161.00
 5.6200      164.00
 5.6400      155.00
 5.6600      148.00
 5.6800      180.00
 5.7000      215.00
 5.7200      193.00
 5.7400      183.00
 5.7600      165.00
 5.7800      176.00
 5.8000      163.00
 5.8200      186.00
 5.8400      177.00
 5.8600      157.00
 5.8800      175.00
 5.9000      157.00
 5.9200      191.00
 5.9400      182.00
 5.9600      193.00
 5.9800      195.00
 6.0000      201.00
 6.0200      211.00
 6.0400      203.00
 6.0600      172.00
 6.0800      212.00
 6.1000      196.00
 6.1200      226.00
 6.1400      195.00
 6.1600      201.00
 6.1800      211.00
 6.2000      224.00
 6.2200      212.00
 6.2400      227.00
 6.2600      235.00
 6.2800      257.00
 6.3000      269.00
 6.3200      290.00
 6.3400      313.00
 6.3600      299.00
 6.3800      325.00
 6.4000      352.00
 6.4200      350.00
 6.4400      359.00
 6.4600      421.00
 6.4800      434.00
 6.5000      482.00
 6.5200      476.00
 6.5400      526.00
 6.5600      479.00
 6.5800      600.00
 6.6000      606.00
 6.6200      643.00
 6.6400      590.00
 6.6600      600.00
 6.6800      514.00
 6.7000      478.00
 6.7200      398.00
 6.7400      348.00
 6.7600      294.00
 6.7800      233.00
 6.8000      224.00
 6.8200      206.00
 6.8400      168.00
 6.8600      187.00
 6.8800      209.00
 6.9000      203.00
 6.9200      202.00
 6.9400      194.00
 6.9600      193.00
 6.9800      199.00
 7.0000      191.00
 7.0200      189.00
 7.0400      225.00
 7.0600      220.00
 7.0800      178.00
 7.1000      213.00
 7.1200      189.00
 7.1400      205.00
 7.1600      195.00
 7.1800      222.00
 7.2000      230.00
 7.2200      226.00
 7.2400      229.00
 7.2600      212.00
 7.2800      222.00
 7.3000      257.00
 7.3200      224.00
 7.3400      253.00
 7.3600      247.00
 7.3800      261.00
 7.4000      243.00
 7.4200      244.00
 7.4400      252.00
 7.4600      225.00
 7.4800      214.00
 7.5000      230.00
 7.5200      224.00
 7.5400      198.00
 7.5600      202.00
 7.5800      208.00
 7.6000      187.00
 7.6200      175.00
 7.6400      201.00
 7.6600      207.00
 7.6800      193.00
 7.7000      209.00
 7.7200      218.00
 7.7400      190.00
 7.7600      187.00
 7.7800      225.00
 7.8000      191.00
 7.8200      201.00
 7.8400      194.00
 7.8600      193.00
 7.8800      213.00
 7.9000      225.00
 7.9200      217.00
 7.9400      201.00
 7.9600      209.00
 7.9800      224.00
 8.0000      223.00
 8.0200      209.00
 8.0400      191.00
 8.0600      202.00
 8.0800      194.00
 8.1000      191.00
 8.1200      199.00
 8.1400      192.00
 8.1600      199.00
 8.1800      209.00
 8.2000      187.00
 8.2200      195.00
 8.2400      196.00
 8.2600      216.00
 8.2800      198.00
 8.3000      187.00
 8.3200      201.00
 8.3400      215.00
 8.3600      210.00
 8.3800      203.00
 8.4000      216.00
 8.4200      234.00
 8.4400      236.00
 8.4600      214.00
 8.4800      206.00
 8.5000      228.00
 8.5200      216.00
 8.5400      211.00
 8.5600      219.00
 8.5800      207.00
 8.6000      242.00
 8.6200      216.00
 8.6400      208.00
 8.6600      213.00
 8.6800      217.00
 8.7000      213.00
 8.7200      209.00
 8.7400      221.00
 8.7600      234.00
 8.7800      223.00
 8.8000      225.00
 8.8200      220.00
 8.8400      210.00
 8.8600      210.00
 8.8800      225.00
 8.9000      242.00
 8.9200      243.00
 8.9400      240.00
 8.9600      246.00
 8.9800      228.00
 9.0000      235.00
 9.0200      249.00
 9.0400      204.00
 9.0600      227.00
 9.0800      208.00
 9.1000      269.00
 9.1200      223.00
 9.1400      218.00
 9.1600      221.00
 9.1800      223.00
 9.2000      223.00
 9.2200      228.00
 9.2400      210.00
 9.2600      242.00
 9.2800      242.00
 9.3000      233.00
 9.3200      273.00
 9.3400      245.00
 9.3600      246.00
 9.3800      206.00
 9.4000      253.00
 9.4200      259.00
 9.4400      281.00
 9.4600      273.00
 9.4800      271.00
 9.5000      294.00
 9.5200      279.00
 9.5400      309.00
 9.5600      299.00
 9.5800      316.00
 9.6000      331.00
 9.6200      324.00
 9.6400      322.00
 9.6600      370.00
 9.6800      350.00
 9.7000      376.00
 9.7200      404.00
 9.7400      404.00
 9.7600      390.00
 9.7800      361.00
 9.8000      374.00
 9.8200      357.00
 9.8400      379.00
 9.8600      372.00
 9.8800      413.00
 9.9000      371.00
 9.9200      382.00
 9.9400      414.00
 9.9600      396.00
 9.9800      411.00
10.0000      383.00
10.0200      387.00
10.0400      344.00
10.0600      351.00
10.0800      317.00
10.1000      316.00
10.1200      251.00
10.1400      303.00
10.1600      298.00
10.1800      266.00
10.2000      268.00
10.2200      283.00
10.2400      218.00
10.2600      289.00
10.2800      273.00
10.3000      246.00
10.3200      257.00
10.3400      263.00
10.3600      232.00
10.3800      254.00
10.4000      256.00
10.4200      257.00
10.4400      290.00
10.4600      298.00
10.4800      296.00
10.5000      282.00
10.5200      306.00
10.5400      287.00
10.5600      295.00
10.5800      292.00
10.6000      332.00
10.6200      360.00
10.6400      358.00
10.6600      368.00
10.6800      306.00
10.7000      363.00
10.7200      374.00
10.7400      425.00
10.7600      461.00
10.7800      450.00
10.8000      473.00
10.8200      549.00
10.8400      532.00
10.8600      561.00
10.8800      622.00
10.9000      626.00
10.9200      659.00
10.9400      623.00
10.9600      619.00
10.9800      639.00
11.0000      619.00
11.0200      560.00
11.0400      510.00
11.0600      415.00
11.0800      407.00
11.1000      338.00
11.1200      372.00
11.1400      364.00
11.1600      333.00
11.1800      291.00
11.2000      287.00
11.2200      345.00
11.2400      314.00
11.2600      283.00
11.2800      313.00
11.3000      319.00
11.3200      320.00
11.3400      273.00
11.3600      302.00
11.3800      318.00
11.4000      315.00
11.4200      311.00
11.4400      302.00
11.4600      298.00
11.4800      276.00
11.5000      298.00
11.5200      314.00
11.5400      295.00
11.5600      278.00
11.5800      283.00
11.6000      271.00
11.6200      311.00
11.6400      295.00
11.6600      296.00
11.6800      306.00
11.7000      300.00
11.7200      291.00
11.7400      331.00
11.7600      360.00
11.7800      346.00
11.8000      329.00
11.8200      325.00
11.8400      351.00
11.8600      343.00
11.8800      365.00
11.9000      362.00
11.9200      418.00
11.9400      387.00
11.9600      409.00
11.9800      436.00
12.0000      493.00
12.0200      527.00
12.0400      556.00
12.0600      626.00
12.0800      634.00
12.1000      664.00
12.1200      706.00
12.1400      760.00
12.1600      813.00
12.1800      810.00
12.2000      786.00
12.2200      804.00
12.2400      801.00
12.2600      796.00
12.2800      688.00
12.3000      598.00
12.3200      581.00
12.3400      518.00
12.3600      446.00
12.3800      440.00
12.4000      409.00
12.4200      348.00
12.4400      372.00
12.4600      385.00
12.4800      393.00
12.5000      364.00
12.5200      429.00
12.5400      425.00
12.5600      436.00
12.5800      418.00
12.6000      486.00
12.6200      480.00
12.6400      533.00
12.6600      537.00
12.6800      536.00
12.7000      548.00
12.7200      551.00
12.7400      600.00
12.7600      601.00
12.7800      610.00
12.8000      643.00
12.8200      655.00
12.8400      655.00
12.8600      686.00
12.8800      678.00
12.9000      734.00
12.9200      799.00
12.9400      819.00
12.9600      873.00
12.9800      902.00
13.0000     1002.00
13.0200     1010.00
13.0400     1085.00
13.0600     1209.00
13.0800     1120.00
13.1000     1206.00
13.1200     1201.00
13.1400     1161.00
13.1600     1178.00
13.1800     1055.00
13.2000      880.00
13.2200      771.00
13.2400      633.00
13.2600      517.00
13.2800      428.00
13.3000      378.00
13.3200      346.00
13.3400      324.00
13.3600      338.00
13.3800      371.00
13.4000      317.00
13.4200      332.00
13.4400      301.00
13.4600      303.00
13.4800      335.00
13.5000      278.00
13.5200      294.00
13.5400      315.00
13.5600      344.00
13.5800      333.00
13.6000      325.00
13.6200      321.00
13.6400      320.00
13.6600      306.00
13.6800      328.00
13.7000      305.00
13.7200      312.00
13.7400      284.00
13.7600      306.00
13.7800      306.00
13.8000      312.00
13.8200      339.00
13.8400      367.00
13.8600      405.00
13.8800      356.00
13.9000      391.00
13.9200      391.00
13.9400      445.00
13.9600      450.00
13.9800      465.00
14.0000      508.00
14.0200      495.00
14.0400      539.00
14.0600      549.00
14.0800      618.00
14.1000      608.00
14.1200      686.00
14.1400      669.00
14.1600      763.00
14.1800      656.00
14.2000      646.00
14.2200      651.00
14.2400      627.00
14.2600      607.00
14.2800      593.00
14.3000      576.00
14.3200      616.00
14.3400      538.00
14.3600      546.00
14.3800      493.00
14.4000      469.00
14.4200      486.00
14.4400      455.00
14.4600      465.00
14.4800      438.00
14.5000      422.00
14.5200      473.00
14.5400      471.00
14.5600      530.00
14.5800      587.00
14.6000      639.00
14.6200      718.00
14.6400      727.00
14.6600      827.00
14.6800      948.00
14.7000     1063.00
14.7200     1157.00
14.7400     1211.00
14.7600     1325.00
14.7800     1400.00
14.8000     1433.00
14.8200     1578.00
14.8400     1504.00
14.8600     1496.00
14.8800     1363.00
14.9000     1211.00
14.9200     1090.00
14.9400      953.00
14.9600      758.00
14.9800      678.00
15.0000      545.00
15.0200      465.00
15.0400      399.00
15.0600      397.00
15.0800      394.00
15.1000      381.00
15.1200      369.00
15.1400      340.00
15.1600      330.00
15.1800      331.00
15.2000      341.00
15.2200      319.00
15.2400      307.00
15.2600      336.00
15.2800      283.00
15.3000      322.00
15.3200      307.00
15.3400      346.00
15.3600      311.00
15.3800      319.00
15.4000      323.00
15.4200      339.00
15.4400      342.00
15.4600      341.00
15.4800      326.00
15.5000      322.00
15.5200      353.00
15.5400      318.00
15.5600      338.00
15.5800      328.00
15.6000      346.00
15.6200      356.00
15.6400      364.00
15.6600      381.00
15.6800      376.00
15.7000      411.00
15.7200      420.00
15.7400      466.00
15.7600      443.00
15.7800      501.00
15.8000      491.00
15.8200      554.00
15.8400      530.00
15.8600      548.00
15.8800      547.00
15.9000      626.00
15.9200      551.00
15.9400      502.00
15.9600      540.00
15.9800      536.00
16.0000      534.00
16.0200      546.00
16.0400      581.00
16.0600      544.00
16.0800      587.00
16.1000      632.00
16.1200      670.00
16.1400      650.00
16.1600      686.00
16.1800      683.00
16.2000      701.00
16.2200      662.00
16.2400      572.00
16.2600      547.00
16.2800      548.00
16.3000      524.00
16.3200      543.00
16.3400      507.00
16.3600      512.00
16.3800      527.00
16.4000      509.00
16.4200      513.00
16.4400      554.00
16.4600      629.00
16.4800      613.00
16.5000      626.00
16.5200      641.00
16.5400      640.00
16.5600      655.00
16.5800      594.00
16.6000      541.00
16.6200      553.00
16.6400      543.00
16.6600      533.00
16.6800      457.00
16.7000      465.00
16.7200      448.00
16.7400      464.00
16.7600      459.00
16.7800      504.00
16.8000      448.00
16.8200      486.00
16.8400      530.00
16.8600      586.00
16.8800      651.00
16.9000      676.00
16.9200      746.00
16.9400      916.00
16.9600      952.00
16.9800     1100.00
17.0000     1236.00
17.0200     1281.00
17.0400     1358.00
17.0600     1471.00
17.0800     1453.00
17.1000     1565.00
17.1200     1625.00
17.1400     1559.00
17.1600     1584.00
17.1800     1408.00
17.2000     1288.00
17.2200     1153.00
17.2400     1022.00
17.2600      810.00
17.2800      653.00
17.3000      620.00
17.3200      514.00
17.3400      482.00
17.3600      477.00
17.3800      441.00
17.4000      391.00
17.4200      463.00
17.4400      470.00
17.4600      471.00
17.4800      501.00
17.5000      497.00
17.5200      501.00
17.5400      569.00
17.5600      588.00
17.5800      622.00
17.6000      656.00
17.6200      716.00
17.6400      809.00
17.6600      782.00
17.6800      907.00
17.7000      948.00
17.7200     1017.00
17.7400     1163.00
17.7600     1194.00
17.7800     1274.00
17.8000     1348.00
17.8200     1462.00
17.8400     1423.00
17.8600     1433.00
17.8800     1443.00
17.9000     1544.00
17.9200     1447.00
17.9400     1340.00
17.9600     1247.00
17.9800     1223.00
18.0000     1082.00
18.0200     1014.00
18.0400      914.00
18.0600      964.00
18.0800      961.00
18.1000      968.00
18.1200     1074.00
18.1400     1169.00
18.1600     1225.00
18.1800     1336.00
18.2000     1484.00
18.2200     1588.00
18.2400     1656.00
18.2600     1790.00
18.2800     1816.00
18.3000     1830.00
18.3200     1845.00
18.3400     1887.00
18.3600     1885.00
18.3800     1682.00
18.4000     1512.00
18.4200     1408.00
18.4400     1173.00
18.4600      914.00
18.4800      832.00
18.5000      679.00
18.5200      574.00
18.5400      535.00
18.5600      494.00
18.5800      419.00
18.6000      376.00
18.6200      389.00
18.6400      417.00
18.6600      395.00
18.6800      420.00
18.7000      377.00
18.7200      382.00
18.7400      405.00
18.7600      404.00
18.7800      407.00
18.8000      428.00
18.8200      435.00
18.8400      446.00
18.8600      467.00
18.8800      468.00
18.9000      539.00
18.9200      586.00
18.9400      656.00
18.9600      649.00
18.9800      792.00
19.0000      823.00
19.0200      875.00
19.0400      951.00
19.0600     1138.00
19.0800     1176.00
19.1000     1224.00
19.1200     1220.00
19.1400     1249.00
19.1600     1387.00
19.1800     1294.00
19.2000     1297.00
19.2200     1274.00
19.2400     1189.00
19.2600     1149.00
19.2800      937.00
19.3000      884.00
19.3200      818.00
19.3400      813.00
19.3600      773.00
19.3800      777.00
19.4000      820.00
19.4200      886.00
19.4400      970.00
19.4600      998.00
19.4800     1156.00
19.5000     1242.00
19.5200     1327.00
19.5400     1444.00
19.5600     1592.00
19.5800     1647.00
19.6000     1739.00
19.6200     1903.00
19.6400     1912.00
19.6600     1919.00
19.6800     1932.00
19.7000     1972.00
19.7200     1880.00
19.7400     1710.00
19.7600     1617.00
19.7800     1461.00
19.8000     1392.00
19.8200     1280.00
19.8400     1137.00
19.8600     1106.00
19.8800     1175.00
19.9000     1118.00
19.9200     1062.00
19.9400      943.00
19.9600      894.00
19.9800      841.00
20.0000      709.00
20.0200      694.00
20.0400      581.00
20.0600      566.00
20.0800      553.00
20.1000      529.00
20.1200      503.00
20.1400      505.00
20.1600      461.00
20.1800      472.00
20.2000      513.00
20.2200      434.00
20.2400      457.00
20.2600      393.00
20.2800      386.00
20.3000      377.00
20.3200      399.00
20.3400      371.00
20.3600      368.00
20.3800      384.00
20.4000      409.00
20.4200      411.00
20.4400      381.00
20.4600      375.00
20.4800      420.00
20.5000      408.00
20.5200      443.00
20.5400      447.00
20.5600      449.00
20.5800      459.00
20.6000      487.00
20.6200      474.00
20.6400      571.00
20.6600      601.00
20.6800      640.00
20.7000      683.00
20.7200      746.00
20.7400      871.00
20.7600      867.00
20.7800      966.00
20.8000      984.00
20.8200     1046.00
20.8400     1017.00
20.8600     1029.00
20.8800     1149.00
20.9000     1157.00
20.9200     1092.00
20.9400     1069.00
20.9600     1052.00
20.9800      930.00
21.0000      837.00
21.0200      853.00
21.0400      790.00
21.0600      777.00
21.0800      622.00
21.1000      673.00
21.1200      621.00
21.1400      580.00
21.1600      543.00
21.1800      584.00
21.2000      513.00
21.2200      542.00
21.2400      539.00
21.2600      498.00
21.2800      495.00
21.3000      494.00
21.3200      559.00
21.3400      528.00
21.3600      555.00
21.3800      636.00
21.4000      622.00
21.4200      665.00
21.4400      726.00
21.4600      790.00
21.4800      861.00
21.5000      932.00
21.5200     1016.00
21.5400     1031.00
21.5600     1117.00
21.5800     1215.00
21.6000     1355.00
21.6200     1452.00
21.6400     1524.00
21.6600     1749.00
21.6800     1806.00
21.7000     1919.00
21.7200     2039.00
21.7400     2199.00
21.7600     2197.00
21.7800     2455.00
21.8000     2504.00
21.8200     2564.00
21.8400     2725.00
21.8600     2690.00
21.8800     2820.00
21.9000     2611.00
21.9200     2586.00
21.9400     2503.00
21.9600     2371.00
21.9800     2265.00
22.0000     2167.00
22.0200     2150.00
22.0400     2013.00
22.0600     1975.00
22.0800     2039.00
22.1000     2032.00
22.1200     2091.00
22.1400     2082.00
22.1600     2188.00
22.1800     2293.00
22.2000     2228.00
22.2200     2222.00
22.2400     2284.00
22.2600     2079.00
22.2800     2141.00
22.3000     2029.00
22.3200     2052.00
22.3400     1918.00
22.3600     1942.00
22.3800     1904.00
22.4000     1835.00
22.4200     1913.00
22.4400     1805.00
22.4600     1721.00
22.4800     1598.00
22.5000     1628.00
22.5200     1486.00
22.5400     1348.00
22.5600     1284.00
22.5800     1181.00
22.6000     1068.00
22.6200     1071.00
22.6400     1013.00
22.6600      996.00
22.6800      949.00
22.7000      881.00
22.7200      882.00
22.7400      802.00
22.7600      755.00
22.7800      652.00
22.8000      636.00
22.8200      675.00
22.8400      611.00
22.8600      579.00
22.8800      565.00
22.9000      594.00
22.9200      582.00
22.9400      572.00
22.9600      550.00
22.9800      531.00
23.0000      617.00
23.0200      630.00
23.0400      579.00
23.0600      658.00
23.0800      676.00
23.1000      674.00
23.1200      740.00
23.1400      767.00
23.1600      802.00
23.1800      798.00
23.2000      935.00
23.2200      980.00
23.2400     1032.00
23.2600      976.00
23.2800     1108.00
23.3000     1171.00
23.3200     1126.00
23.3400     1143.00
23.3600     1128.00
23.3800     1042.00
23.4000     1025.00
23.4200      928.00
23.4400      854.00
23.4600      799.00
23.4800      664.00
23.5000      640.00
23.5200      585.00
23.5400      510.00
23.5600      493.00
23.5800      445.00
23.6000      458.00
23.6200      394.00
23.6400      427.00
23.6600      394.00
23.6800      382.00
23.7000      367.00
23.7200      380.00
23.7400      387.00
23.7600      375.00
23.7800      388.00
23.8000      408.00
23.8200      415.00
23.8400      369.00
23.8600      429.00
23.8800      473.00
23.9000      445.00
23.9200      510.00
23.9400      536.00
23.9600      581.00
23.9800      620.00
24.0000      717.00
24.0200      776.00
24.0400      893.00
24.0600      952.00
24.0800     1109.00
24.1000     1173.00
24.1200     1279.00
24.1400     1401.00
24.1600     1386.00
24.1800     1468.00
24.2000     1471.00
24.2200     1470.00
24.2400     1491.00
24.2600     1458.00
24.2800     1258.00
24.3000     1216.00
24.3200     1104.00
24.3400     1022.00
24.3600      973.00
24.3800      871.00
24.4000      821.00
24.4200      768.00
24.4400      804.00
24.4600      681.00
24.4800      695.00
24.5000      723.00
24.5200      668.00
24.5400      728.00
24.5600      696.00
24.5800      613.00
24.6000      643.00
24.6200      615.00
24.6400      629.00
24.6600      648.00
24.6800      673.00
24.7000      727.00
24.7200      752.00
24.7400      772.00
24.7600      744.00
24.7800      846.00
24.8000      852.00
24.8200      936.00
24.8400     1004.00
24.8600     1069.00
24.8800     1034.00
24.9000     1061.00
24.9200     1084.00
24.9400     1175.00
24.9600     1118.00
24.9800     1311.00
25.0000     1224.00
25.0200     1220.00
25.0400     1076.00
25.0600     1061.00
25.0800     1025.00
25.1000      885.00
25.1200      816.00
25.1400      745.00
25.1600      703.00
25.1800      621.00
25.2000      603.00
25.2200      554.00
25.2400      503.00
25.2600      516.00
25.2800      498.00
25.3000      496.00
25.3200      518.00
25.3400      535.00
25.3600      493.00
25.3800      513.00
25.4000      524.00
25.4200      516.00
25.4400      542.00
25.4600      594.00
25.4800      586.00
25.5000      605.00
25.5200      643.00
25.5400      668.00
25.5600      661.00
25.5800      668.00
25.6000      610.00
25.6200      671.00
25.6400      648.00
25.6600      691.00
25.6800      609.00
25.7000      609.00
25.7200      561.00
25.7400      545.00
25.7600      522.00
25.7800      446.00
25.8000      414.00
25.8200      458.00
25.8400      401.00
25.8600      383.00
25.8800      372.00
25.9000      375.00
25.9200      364.00
25.9400      399.00
25.9600      442.00
25.9800      480.00
26.0000      456.00
26.0200      497.00
26.0400      538.00
26.0600      566.00
26.0800      637.00
26.1000      658.00
26.1200      728.00
26.1400      680.00
26.1600      779.00
26.1800      756.00
26.2000      822.00
26.2200      854.00
26.2400      836.00
26.2600      847.00
26.2800      844.00
26.3000      765.00
26.3200      740.00
26.3400      642.00
26.3600      635.00
26.3800      582.00
26.4000      527.00
26.4200      475.00
26.4400      462.00
26.4600      456.00
26.4800      440.00
26.5000      412.00
26.5200      406.00
26.5400      436.00
26.5600      396.00
26.5800      409.00
26.6000      407.00
26.6200      405.00
26.6400      436.00
26.6600      430.00
26.6800      427.00
26.7000      408.00
26.7200      469.00
26.7400      465.00
26.7600      512.00
26.7800      577.00
26.8000      657.00
26.8200      658.00
26.8400      774.00
26.8600      893.00
26.8800     1044.00
26.9000     1185.00
26.9200     1289.00
26.9400     1517.00
26.9600     1718.00
26.9800     1752.00
27.0000     2061.00
27.0200     2255.00
27.0400     2367.00
27.0600     2428.00
27.0800     2496.00
27.1000     2541.00
27.1200     2416.00
27.1400     2397.00
27.1600     2223.00
27.1800     2107.00
27.2000     1889.00
27.2200     1598.00
27.2400     1442.00
27.2600     1319.00
27.2800     1222.00
27.3000     1125.00
27.3200      999.00
27.3400      956.00
27.3600      926.00
27.3800      930.00
27.4000      930.00
27.4200      915.00
27.4400      868.00
27.4600      824.00
27.4800      872.00
27.5000      810.00
27.5200      783.00
27.5400      805.00
27.5600      854.00
27.5800      833.00
27.6000      850.00
27.6200      819.00
27.6400      916.00
27.6600      914.00
27.6800      851.00
27.7000      821.00
27.7200      798.00
27.7400      694.00
27.7600      680.00
27.7800      631.00
27.8000      598.00
27.8200      535.00
27.8400      530.00
27.8600      502.00
27.8800      437.00
27.9000      468.00
27.9200      485.00
27.9400      454.00
27.9600      419.00
27.9800      453.00
28.0000      434.00
28.0200      496.00
28.0400      497.00
28.0600      532.00
28.0800      601.00
28.1000      582.00
28.1200      686.00
28.1400      687.00
28.1600      774.00
28.1800      810.00
28.2000      879.00
28.2200      923.00
28.2400      953.00
28.2600     1021.00
28.2800     1085.00
28.3000     1093.00
28.3200     1090.00
28.3400     1236.00
28.3600     1251.00
28.3800     1349.00
28.4000     1274.00
28.4200     1330.00
28.4400     1343.00
28.4600     1336.00
28.4800     1403.00
28.5000     1423.00
28.5200     1444.00
28.5400     1326.00
28.5600     1380.00
28.5800     1211.00
28.6000     1258.00
28.6200     1103.00
28.6400     1125.00
28.6600      985.00
28.6800      947.00
28.7000      911.00
28.7200      840.00
28.7400      818.00
28.7600      724.00
28.7800      703.00
28.8000      688.00
28.8200      675.00
28.8400      601.00
28.8600      572.00
28.8800      544.00
28.9000      533.00
28.9200      466.00
28.9400      490.00
28.9600      489.00
28.9800      442.00
29.0000      436.00
29.0200      453.00
29.0400      438.00
29.0600      427.00
29.0800      438.00
29.1000      358.00
29.1200      435.00
29.1400      397.00
29.1600      408.00
29.1800      380.00
29.2000      452.00
29.2200      369.00
29.2400      377.00
29.2600      386.00
29.2800      401.00
29.3000      394.00
29.3200      381.00
29.3400      388.00
29.3600      362.00
29.3800      405.00
29.4000      396.00
29.4200      351.00
29.4400      356.00
29.4600      406.00
29.4800      335.00
29.5000      340.00
29.5200      382.00
29.5400      372.00
29.5600      371.00
29.5800      390.00
29.6000      406.00
29.6200      383.00
29.6400      408.00
29.6600      382.00
29.6800      456.00
29.7000      446.00
29.7200      461.00
29.7400      538.00
29.7600      510.00
29.7800      534.00
29.8000      637.00
29.8200      634.00
29.8400      652.00
29.8600      667.00
29.8800      672.00
29.9000      655.00
29.9200      704.00
29.9400      702.00
29.9600      667.00
29.9800      670.00
30.0000      634.00
30.0200      617.00
30.0400      591.00
30.0600      610.00
30.0800      575.00
30.1000      519.00
30.1200      521.00
30.1400      462.00
30.1600      487.00
30.1800      451.00
30.2000      466.00
30.2200      440.00
30.2400      459.00
30.2600      427.00
30.2800      469.00
30.3000      461.00
30.3200      399.00
30.3400      460.00
30.3600      397.00
30.3800      387.00
30.4000      384.00
30.4200      370.00
30.4400      364.00
30.4600      379.00
30.4800      384.00
30.5000      385.00
30.5200      358.00
30.5400      326.00
30.5600      335.00
30.5800      374.00
30.6000      428.00
30.6200      398.00
30.6400      433.00
30.6600      473.00
30.6800      511.00
30.7000      554.00
30.7200      584.00
30.7400      626.00
30.7600      680.00
30.7800      662.00
30.8000      625.00
30.8200      704.00
30.8400      756.00
30.8600      712.00
30.8800      741.00
30.9000      694.00
30.9200      621.00
30.9400      653.00
30.9600      568.00
30.9800      547.00
31.0000      544.00
31.0200      509.00
31.0400      479.00
31.0600      450.00
31.0800      456.00
31.1000      408.00
31.1200      410.00
31.1400      346.00
31.1600      356.00
31.1800      322.00
31.2000      353.00
31.2200      312.00
31.2400      286.00
31.2600      356.00
31.2800      343.00
31.3000      336.00
31.3200      291.00
31.3400      361.00
31.3600      289.00
31.3800      312.00
31.4000      338.00
31.4200      324.00
31.4400      298.00
31.4600      327.00
31.4800      328.00
31.5000      336.00
31.5200      402.00
31.5400      389.00
31.5600      411.00
31.5800      444.00
31.6000      462.00
31.6200      429.00
31.6400      492.00
31.6600      480.00
31.6800      552.00
31.7000      558.00
31.7200      516.00
31.7400      540.00
31.7600      561.00
31.7800      552.00
31.8000      513.00
31.8200      527.00
31.8400      545.00
31.8600      512.00
31.8800      472.00
31.9000      471.00
31.9200      464.00
31.9400      459.00
31.9600      415.00
31.9800      399.00
32.0000      413.00
32.0200      438.00
32.0400      404.00
32.0600      428.00
32.0800      391.00
32.1000      375.00
32.1200      385.00
32.1400      418.00
32.1600      397.00
32.1800      428.00
32.2000      379.00
32.2200      396.00
32.2400      378.00
32.2600      407.00
32.2800      392.00
32.3000      395.00
32.3200      409.00
32.3400      387.00
32.3600      394.00
32.3800      433.00
32.4000      447.00
32.4200      446.00
32.4400      435.00
32.4600      455.00
32.4800      469.00
32.5000      473.00
32.5200      501.00
32.5400      507.00
32.5600      474.00
32.5800      483.00
32.6000      485.00
32.6200      465.00
32.6400      438.00
32.6600      432.00
32.6800      363.00
32.7000      420.00
32.7200      414.00
32.7400      345.00
32.7600      368.00
32.7800      307.00
32.8000      344.00
32.8200      361.00
32.8400      353.00
32.8600      343.00
32.8800      356.00
32.9000      370.00
32.9200      357.00
32.9400      364.00
32.9600      389.00
32.9800      353.00
33.0000      369.00
33.0200      345.00
33.0400      352.00
33.0600      332.00
33.0800      360.00
33.1000      338.00
33.1200      326.00
33.1400      309.00
33.1600      306.00
33.1800      274.00
33.2000      301.00
33.2200      285.00
33.2400      282.00
33.2600      282.00
33.2800      305.00
33.3000      288.00
33.3200      298.00
33.3400      261.00
33.3600      327.00
33.3800      295.00
33.4000      302.00
33.4200      295.00
33.4400      326.00
33.4600      312.00
33.4800      353.00
33.5000      355.00
33.5200      353.00
33.5400      394.00
33.5600      406.00
33.5800      374.00
33.6000      404.00
33.6200      424.00
33.6400      444.00
33.6600      418.00
33.6800      399.00
33.7000      394.00
33.7200      421.00
33.7400      403.00
33.7600      451.00
33.7800      385.00
33.8000      420.00
33.8200      356.00
33.8400      360.00
33.8600      348.00
33.8800      336.00
33.9000      318.00
33.9200      338.00
33.9400      322.00
33.9600      338.00
33.9800      307.00
34.0000      298.00
34.0200      264.00
34.0400      296.00
34.0600      303.00
34.0800      314.00
34.1000      295.00
34.1200      309.00
34.1400      302.00
34.1600      329.00
34.1800      316.00
34.2000      315.00
34.2200      292.00
34.2400      348.00
34.2600      364.00
34.2800      335.00
34.3000      337.00
34.3200      328.00
34.3400      336.00
34.3600      344.00
34.3800      351.00
34.4000      348.00
34.4200      330.00
34.4400      355.00
34.4600      329.00
34.4800      316.00
34.5000      316.00
34.5200      340.00
34.5400      357.00
34.5600      369.00
34.5800      394.00
34.6000      409.00
34.6200      401.00
34.6400      489.00
34.6600      444.00
34.6800      536.00
34.7000      502.00
34.7200      545.00
34.7400      597.00
34.7600      606.00
34.7800      626.00
34.8000      672.00
34.8200      668.00
34.8400      674.00
34.8600      680.00
34.8800      691.00
34.9000      677.00
34.9200      629.00
34.9400      638.00
34.9600      645.00
34.9800      612.00
35.0000      569.00
