 2.2000      292.00
 2.2200      273.00
 2.2400      300.00
 2.2600      315.00
 2.2800      271.00
 2.3000      296.00
 2.3200      290.00
 2.3400      305.00
 2.3600      296.00
 2.3800      297.00
 2.4000      300.00
 2.4200      285.00
 2.4400      305.00
 2.4600      291.00
 2.4800      278.00
 2.5000      270.00
 2.5200      294.00
 2.5400      284.00
 2.5600      255.00
 2.5800      253.00
 2.6000      286.00
 2.6200      269.00
 2.6400      275.00
 2.6600      264.00
 2.6800      267.00
 2.7000      265.00
 2.7200      266.00
 2.7400      294.00
 2.7600      260.00
 2.7800      237.00
 2.8000      276.00
 2.8200      269.00
 2.8400      245.00
 2.8600      256.00
 2.8800      237.00
 2.9000      224.00
 2.9200      250.00
 2.9400      239.00
 2.9600      259.00
 2.9800      260.00
 3.0000      249.00
 3.0200      216.00
 3.0400      227.00
 3.0600      261.00
 3.0800      252.00
 3.1000      250.00
 3.1200      234.00
 3.1400      232.00
 3.1600      245.00
 3.1800      225.00
 3.2000      251.00
 3.2200      236.00
 3.2400      226.00
 3.2600      211.00
 3.2800      231.00
 3.3000      232.00
 3.3200      235.00
 3.3400      240.00
 3.3600      226.00
 3.3800      224.00
 3.4000      230.00
 3.4200      228.00
 3.4400      220.00
 3.4600      216.00
 3.4800      206.00
 3.5000      223.00
 3.5200      228.00
 3.5400      209.00
 3.5600      190.00
 3.5800      199.00
 3.6000      199.00
 3.6200      214.00
 3.6400      209.00
 3.6600      189.00
 3.6800      199.00
 3.7000      202.00
 3.7200      179.00
 3.7400      191.00
 3.7600      180.00
 3.7800      188.00
 3.8000      183.00
 3.8200      184.00
 3.8400      185.00
 3.8600      201.00
 3.8800      194.00
 3.9000      183.00
 3.9200      192.00
 3.9400      210.00
 3.9600      188.00
 3.9800      182.00
 4.0000      168.00
 4.0200      178.00
 4.0400      190.00
 4.0600      171.00
 4.0800      176.00
 4.1000      178.00
 4.1200      196.00
 4.1400      155.00
 4.1600      162.00
 4.1800      145.00
 4.2000      169.00
 4.2200      154.00
 4.2400      165.00
 4.2600      167.00
 4.2800      169.00
 4.3000      151.00
 4.3200      154.00
 4.3400      140.00
 4.3600      146.00
 4.3800      165.00
 4.4000      152.00
 4.4200      151.00
 4.4400      150.00
 4.4600      105.00
 4.4800      140.00
 4.5000      143.00
 4.5200      120.00
 4.5400      128.00
 4.5600      137.00
 4.5800      158.00
 4.6000      155.00
 4.6200      126.00
 4.6400      146.00
 4.6600      135.00
 4.6800      140.00
 4.7000      139.00
 4.7200      147.00
 4.7400      154.00
 4.7600      132.00
 4.7800      130.00
 4.8000      132.00
 4.8200      129.00
 4.8400      114.00
 4.8600      135.00
 4.8800      153.00
 4.9000      166.00
 4.9200      134.00
 4.9400      140.00
 4.9600      124.00
 4.9800      119.00
 5.0000      117.00
 5.0200      126.00
 5.0400      137.00
 5.0600      135.00
 5.0800      126.00
 5.1000      129.00
 5.1200      136.00
 5.1400      126.00
 5.1600      118.00
 5.1800      130.00
 5.2000      125.00
 5.2200      133.00
 5.2400      133.00
 5.2600      117.00
 5.2800      143.00
 5.3000      134.00
 5.3200      132.00
 5.3400      115.00
 5.3600      134.00
 5.3800      144.00
 5.4000      121.00
 5.4200      121.00
 5.4400      119.00
 5.4600      115.00
 5.4800      146.00
 5.5000      149.00
 5.5200      136.00
 5.5400      143.00
 5.5600      128.00
 5.5800      144.00
 5.6000      141.00
 5.6200      131.00
 5.6400      159.00
 5.6600      132.00
 5.6800      121.00
 5.7000      107.00
 5.7200      125.00
 5.7400      130.00
 5.7600      146.00
 5.7800      130.00
 5.8000      128.00
 5.8200      108.00
 5.8400      139.00
 5.8600      131.00
 5.8800      128.00
 5.9000      112.00
 5.9200      153.00
 5.9400      113.00
 5.9600      131.00
 5.9800      131.00
 6.0000      116.00
 6.0200      128.00
 6.0400      142.00
 6.0600      143.00
 6.0800      119.00
 6.1000      140.00
 6.1200      120.00
 6.1400      152.00
 6.1600      123.00
 6.1800      138.00
 6.2000      135.00
 6.2200      134.00
 6.2400      140.00
 6.2600      139.00
 6.2800      118.00
 6.3000      125.00
 6.3200      111.00
 6.3400      138.00
 6.3600      127.00
 6.3800      138.00
 6.4000      147.00
 6.4200      122.00
 6.4400      136.00
 6.4600      159.00
 6.4800      151.00
 6.5000      116.00
 6.5200      121.00
 6.5400      138.00
 6.5600      129.00
 6.5800      125.00
 6.6000      151.00
 6.6200      116.00
 6.6400      123.00
 6.6600      139.00
 6.6800      135.00
 6.7000      126.00
 6.7200      140.00
 6.7400      130.00
 6.7600      149.00
 6.7800      153.00
 6.8000      147.00
 6.8200      142.00
 6.8400      154.00
 6.8600      163.00
 6.8800      139.00
 6.9000      145.00
 6.9200      130.00
 6.9400      134.00
 6.9600      136.00
 6.9800      134.00
 7.0000      155.00
 7.0200      150.00
 7.0400      153.00
 7.0600      145.00
 7.0800      141.00
 7.1000      139.00
 7.1200      165.00
 7.1400      137.00
 7.1600      118.00
 7.1800      140.00
 7.2000      122.00
 7.2200      140.00
 7.2400      139.00
 7.2600      142.00
 7.2800      131.00
 7.3000      143.00
 7.3200      136.00
 7.3400      109.00
 7.3600      115.00
 7.3800      123.00
 7.4000      131.00
 7.4200      118.00
 7.4400      141.00
 7.4600      138.00
 7.4800      134.00
 7.5000      121.00
 7.5200      128.00
 7.5400      127.00
 7.5600      125.00
 7.5800      159.00
 7.6000      133.00
 7.6200      144.00
 7.6400      118.00
 7.6600      106.00
 7.6800      126.00
 7.7000      120.00
 7.7200      139.00
 7.7400      146.00
 7.7600      114.00
 7.7800      136.00
 7.8000      120.00
 7.8200      129.00
 7.8400      119.00
 7.8600      117.00
 7.8800      148.00
 7.9000      142.00
 7.9200      137.00
 7.9400      153.00
 7.9600      149.00
 7.9800      128.00
 8.0000      132.00
 8.0200      119.00
 8.0400      141.00
 8.0600      143.00
 8.0800      161.00
 8.1000      126.00
 8.1200      132.00
 8.1400      125.00
 8.1600      124.00
 8.1800      136.00
 8.2000      153.00
 8.2200      126.00
 8.2400      127.00
 8.2600      143.00
 8.2800      157.00
 8.3000      113.00
 8.3200      159.00
 8.3400      138.00
 8.3600      157.00
 8.3800      124.00
 8.4000      128.00
 8.4200      132.00
 8.4400      129.00
 8.4600      119.00
 8.4800      149.00
 8.5000      137.00
 8.5200      136.00
 8.5400      122.00
 8.5600      158.00
 8.5800      138.00
 8.6000      157.00
 8.6200      137.00
 8.6400      150.00
 8.6600      143.00
 8.6800      175.00
 8.7000      161.00
 8.7200      163.00
 8.7400      158.00
 8.7600      149.00
 8.7800      186.00
 8.8000      144.00
 8.8200      149.00
 8.8400      175.00
 8.8600      191.00
 8.8800      161.00
 8.9000      172.00
 8.9200      140.00
 8.9400      146.00
 8.9600      154.00
 8.9800      134.00
 9.0000      143.00
 9.0200      128.00
 9.0400      117.00
 9.0600      136.00
 9.0800      124.00
 9.1000      144.00
 9.1200      121.00
 9.1400      126.00
 9.1600      131.00
 9.1800      119.00
 9.2000      132.00
 9.2200      124.00
 9.2400      110.00
 9.2600      114.00
 9.2800      143.00
 9.3000      150.00
 9.3200      120.00
 9.3400      134.00
 9.3600      157.00
 9.3800      140.00
 9.4000      172.00
 9.4200      137.00
 9.4400      146.00
 9.4600      143.00
 9.4800      146.00
 9.5000      120.00
 9.5200      143.00
 9.5400      127.00
 9.5600      128.00
 9.5800      129.00
 9.6000      151.00
 9.6200      132.00
 9.6400      139.00
 9.6600      155.00
 9.6800      135.00
 9.7000      140.00
 9.7200      138.00
 9.7400      140.00
 9.7600      147.00
 9.7800      135.00
 9.8000      168.00
 9.8200      144.00
 9.8400      146.00
 9.8600      158.00
 9.8800      134.00
 9.9000      149.00
 9.9200      168.00
 9.9400      145.00
 9.9600      153.00
 9.9800      165.00
10.0000      170.00
10.0200      165.00
10.0400      157.00
10.0600      154.00
10.0800      172.00
10.1000      166.00
10.1200      152.00
10.1400      128.00
10.1600      147.00
10.1800      150.00
10.2000      141.00
10.2200      145.00
10.2400      145.00
10.2600      127.00
10.2800      172.00
10.3000      144.00
10.3200      123.00
10.3400      134.00
10.3600      153.00
10.3800      152.00
10.4000      135.00
10.4200      124.00
10.4400      148.00
10.4600      132.00
10.4800      144.00
10.5000      142.00
10.5200      125.00
10.5400      136.00
10.5600      152.00
10.5800      135.00
10.6000      147.00
10.6200      146.00
10.6400      129.00
10.6600      168.00
10.6800      131.00
10.7000      173.00
10.7200      143.00
10.7400      157.00
10.7600      161.00
10.7800      153.00
10.8000      165.00
10.8200      174.00
10.8400      186.00
10.8600      201.00
10.8800      193.00
10.9000      214.00
10.9200      235.00
10.9400      222.00
10.9600      260.00
10.9800      276.00
11.0000      291.00
11.0200      293.00
11.0400      305.00
11.0600      301.00
11.0800      320.00
11.1000      319.00
11.1200      327.00
11.1400      356.00
11.1600      315.00
11.1800      360.00
11.2000      344.00
11.2200      383.00
11.2400      371.00
11.2600      347.00
11.2800      362.00
11.3000      334.00
11.3200      335.00
11.3400      305.00
11.3600      357.00
11.3800      339.00
11.4000      314.00
11.4200      301.00
11.4400      265.00
11.4600      268.00
11.4800      200.00
11.5000      186.00
11.5200      158.00
11.5400      160.00
11.5600      144.00
11.5800      157.00
11.6000      171.00
11.6200      143.00
11.6400      144.00
11.6600      141.00
11.6800      145.00
11.7000      189.00
11.7200      164.00
11.7400      171.00
11.7600      152.00
11.7800      167.00
11.8000      181.00
11.8200      165.00
11.8400      154.00
11.8600      208.00
11.8800      165.00
11.9000      199.00
11.9200      198.00
11.9400      226.00
11.9600      250.00
11.9800      207.00
12.0000      235.00
12.0200      281.00
12.0400      292.00
12.0600      298.00
12.0800      348.00
12.1000      341.00
12.1200      335.00
12.1400      381.00
12.1600      410.00
12.1800      390.00
12.2000      383.00
12.2200      378.00
12.2400      362.00
12.2600      342.00
12.2800      380.00
12.3000      349.00
12.3200      329.00
12.3400      284.00
12.3600      292.00
12.3800      273.00
12.4000      260.00
12.4200      262.00
12.4400      306.00
12.4600      323.00
12.4800      322.00
12.5000      346.00
12.5200      415.00
12.5400      415.00
12.5600      424.00
12.5800      451.00
12.6000      455.00
12.6200      439.00
12.6400      452.00
12.6600      398.00
12.6800      419.00
12.7000      319.00
12.7200      282.00
12.7400      264.00
12.7600      227.00
12.7800      207.00
12.8000      193.00
12.8200      152.00
12.8400      169.00
12.8600      184.00
12.8800      162.00
12.9000      172.00
12.9200      158.00
12.9400      153.00
12.9600      146.00
12.9800      172.00
13.0000      153.00
13.0200      159.00
13.0400      157.00
13.0600      146.00
13.0800      168.00
13.1000      142.00
13.1200      158.00
13.1400      156.00
13.1600      156.00
13.1800      167.00
13.2000      184.00
13.2200      177.00
13.2400      148.00
13.2600      142.00
13.2800      141.00
13.3000      166.00
13.3200      154.00
13.3400      130.00
13.3600      150.00
13.3800      144.00
13.4000      151.00
13.4200      152.00
13.4400      142.00
13.4600      142.00
13.4800      142.00
13.5000      173.00
13.5200      153.00
13.5400      143.00
13.5600      143.00
13.5800      123.00
13.6000      158.00
13.6200      155.00
13.6400      156.00
13.6600      135.00
13.6800      150.00
13.7000      167.00
13.7200      154.00
13.7400      119.00
13.7600      145.00
13.7800      158.00
13.8000      152.00
13.8200      154.00
13.8400      166.00
13.8600      163.00
13.8800      162.00
13.9000      174.00
13.9200      175.00
13.9400      179.00
13.9600      196.00
13.9800      184.00
14.0000      204.00
14.0200      227.00
14.0400      241.00
14.0600      231.00
14.0800      247.00
14.1000      299.00
14.1200      317.00
14.1400      329.00
14.1600      370.00
14.1800      416.00
14.2000      427.00
14.2200      485.00
14.2400      472.00
14.2600      499.00
14.2800      526.00
14.3000      519.00
14.3200      498.00
14.3400      499.00
14.3600      467.00
14.3800      430.00
14.4000      370.00
14.4200      388.00
14.4400      320.00
14.4600      338.00
14.4800      323.00
14.5000      271.00
14.5200      267.00
14.5400      260.00
14.5600      228.00
14.5800      211.00
14.6000      214.00
14.6200      174.00
14.6400      179.00
14.6600      168.00
14.6800      154.00
14.7000      176.00
14.7200      158.00
14.7400      165.00
14.7600      149.00
14.7800      164.00
14.8000      173.00
14.8200      145.00
14.8400      125.00
14.8600      158.00
14.8800      158.00
14.9000      179.00
14.9200      143.00
14.9400      184.00
14.9600      145.00
14.9800      140.00
15.0000      132.00
15.0200      171.00
15.0400      162.00
15.0600      157.00
15.0800      164.00
15.1000      169.00
15.1200      135.00
15.1400      151.00
15.1600      147.00
15.1800      136.00
15.2000      152.00
15.2200      170.00
15.2400      135.00
15.2600      144.00
15.2800      144.00
15.3000      139.00
15.3200      137.00
15.3400      174.00
15.3600      140.00
15.3800      121.00
15.4000      138.00
15.4200      139.00
15.4400      148.00
15.4600      155.00
15.4800      148.00
15.5000      142.00
15.5200      145.00
15.5400      130.00
15.5600      133.00
15.5800      156.00
15.6000      153.00
15.6200      158.00
15.6400      139.00
15.6600      144.00
15.6800      137.00
15.7000      166.00
15.7200      160.00
15.7400      181.00
15.7600      163.00
15.7800      173.00
15.8000      192.00
15.8200      180.00
15.8400      172.00
15.8600      238.00
15.8800      242.00
15.9000      218.00
15.9200      228.00
15.9400      254.00
15.9600      283.00
15.9800      252.00
16.0000      274.00
16.0200      262.00
16.0400      275.00
16.0600      274.00
16.0800      289.00
16.1000      287.00
16.1200      249.00
16.1400      288.00
16.1600      243.00
16.1800      250.00
16.2000      258.00
16.2200      281.00
16.2400      282.00
16.2600      254.00
16.2800      255.00
16.3000      244.00
16.3200      232.00
16.3400      256.00
16.3600      254.00
16.3800      256.00
16.4000      265.00
16.4200      232.00
16.4400      273.00
16.4600      286.00
16.4800      323.00
16.5000      338.00
16.5200      335.00
16.5400      347.00
16.5600      324.00
16.5800      341.00
16.6000      287.00
16.6200      260.00
16.6400      251.00
16.6600      231.00
16.6800      223.00
16.7000      214.00
16.7200      173.00
16.7400      190.00
16.7600      155.00
16.7800      165.00
16.8000      161.00
16.8200      170.00
16.8400      167.00
16.8600      205.00
16.8800      194.00
16.9000      180.00
16.9200      185.00
16.9400      208.00
16.9600      188.00
16.9800      236.00
17.0000      268.00
17.0200      259.00
17.0400      300.00
17.0600      287.00
17.0800      315.00
17.1000      321.00
17.1200      342.00
17.1400      337.00
17.1600      333.00
17.1800      359.00
17.2000      341.00
17.2200      321.00
17.2400      324.00
17.2600      331.00
17.2800      311.00
17.3000      304.00
17.3200      322.00
17.3400      330.00
17.3600      359.00
17.3800      383.00
17.4000      417.00
17.4200      470.00
17.4400      610.00
17.4600      725.00
17.4800      703.00
17.5000      818.00
17.5200      943.00
17.5400     1018.00
17.5600     1231.00
17.5800     1213.00
17.6000     1346.00
17.6200     1340.00
17.6400     1342.00
17.6600     1398.00
17.6800     1325.00
17.7000     1228.00
17.7200     1103.00
17.7400      988.00
17.7600      786.00
17.7800      674.00
17.8000      574.00
17.8200      493.00
17.8400      405.00
17.8600      311.00
17.8800      313.00
17.9000      247.00
17.9200      292.00
17.9400      237.00
17.9600      261.00
17.9800      223.00
18.0000      203.00
18.0200      251.00
18.0400      194.00
18.0600      214.00
18.0800      214.00
18.1000      195.00
18.1200      191.00
18.1400      181.00
18.1600      188.00
18.1800      207.00
18.2000      183.00
18.2200      177.00
18.2400      189.00
18.2600      207.00
18.2800      222.00
18.3000      236.00
18.3200      278.00
18.3400      279.00
18.3600      321.00
18.3800      364.00
18.4000      386.00
18.4200      397.00
18.4400      447.00
18.4600      454.00
18.4800      486.00
18.5000      459.00
18.5200      444.00
18.5400      405.00
18.5600      445.00
18.5800      376.00
18.6000      353.00
18.6200      330.00
18.6400      320.00
18.6600      282.00
18.6800      262.00
18.7000      263.00
18.7200      210.00
18.7400      215.00
18.7600      211.00
18.7800      192.00
18.8000      220.00
18.8200      215.00
18.8400      230.00
18.8600      208.00
18.8800      252.00
18.9000      215.00
18.9200      222.00
18.9400      215.00
18.9600      208.00
18.9800      202.00
19.0000      218.00
19.0200      208.00
19.0400      187.00
19.0600      181.00
19.0800      217.00
19.1000      217.00
19.1200      220.00
19.1400      200.00
19.1600      173.00
19.1800      199.00
19.2000      211.00
19.2200      222.00
19.2400      224.00
19.2600      248.00
19.2800      233.00
19.3000      228.00
19.3200      226.00
19.3400      215.00
19.3600      204.00
19.3800      241.00
19.4000      256.00
19.4200      226.00
19.4400      211.00
19.4600      231.00
19.4800      249.00
19.5000      247.00
19.5200      320.00
19.5400      351.00
19.5600      381.00
19.5800      438.00
19.6000      575.00
19.6200      632.00
19.6400      750.00
19.6600      815.00
19.6800      883.00
19.7000      913.00
19.7200      947.00
19.7400      955.00
19.7600      930.00
19.7800      910.00
19.8000      872.00
19.8200      784.00
19.8400      660.00
19.8600      586.00
19.8800      527.00
19.9000      461.00
19.9200      370.00
19.9400      326.00
19.9600      328.00
19.9800      256.00
20.0000      251.00
20.0200      222.00
20.0400      219.00
20.0600      216.00
20.0800      211.00
20.1000      210.00
20.1200      186.00
20.1400      185.00
20.1600      188.00
20.1800      196.00
20.2000      193.00
20.2200      180.00
20.2400      199.00
20.2600      167.00
20.2800      173.00
20.3000      176.00
20.3200      180.00
20.3400      171.00
20.3600      169.00
20.3800      190.00
20.4000      175.00
20.4200      196.00
20.4400      167.00
20.4600      184.00
20.4800      196.00
20.5000      201.00
20.5200      206.00
20.5400      243.00
20.5600      241.00
20.5800      268.00
20.6000      282.00
20.6200      309.00
20.6400      336.00
20.6600      348.00
20.6800      400.00
20.7000      425.00
20.7200      420.00
20.7400      489.00
20.7600      454.00
20.7800      501.00
20.8000      563.00
20.8200      561.00
20.8400      573.00
20.8600      569.00
20.8800      596.00
20.9000      638.00
20.9200      726.00
20.9400      817.00
20.9600      884.00
20.9800     1071.00
21.0000     1106.00
21.0200     1262.00
21.0400     1434.00
21.0600     1557.00
21.0800     1573.00
21.1000     1649.00
21.1200     1616.00
21.1400     1515.00
21.1600     1468.00
21.1800     1351.00
21.2000     1265.00
21.2200     1068.00
21.2400      938.00
21.2600      778.00
21.2800      668.00
21.3000      507.00
21.3200      411.00
21.3400      333.00
21.3600      258.00
21.3800      218.00
21.4000      202.00
21.4200      203.00
21.4400      196.00
21.4600      193.00
21.4800      171.00
21.5000      175.00
21.5200      149.00
21.5400      171.00
21.5600      163.00
21.5800      183.00
21.6000      157.00
21.6200      154.00
21.6400      173.00
21.6600      170.00
21.6800      153.00
21.7000      157.00
21.7200      152.00
21.7400      169.00
21.7600      171.00
21.7800      165.00
21.8000      154.00
21.8200      153.00
21.8400      141.00
21.8600      167.00
21.8800      149.00
21.9000      168.00
21.9200      166.00
21.9400      159.00
21.9600      200.00
21.9800      163.00
22.0000      188.00
22.0200      167.00
22.0400      189.00
22.0600      179.00
22.0800      183.00
22.1000      226.00
22.1200      196.00
22.1400      196.00
22.1600      218.00
22.1800      185.00
22.2000      225.00
22.2200      238.00
22.2400      254.00
22.2600      265.00
22.2800      282.00
22.3000      293.00
22.3200      318.00
22.3400      296.00
22.3600      311.00
22.3800      342.00
22.4000      336.00
22.4200      334.00
22.4400      347.00
22.4600      345.00
22.4800      330.00
22.5000      343.00
22.5200      372.00
22.5400      422.00
22.5600      464.00
22.5800      427.00
22.6000      489.00
22.6200      520.00
22.6400      559.00
22.6600      585.00
22.6800      620.00
22.7000      602.00
22.7200      594.00
22.7400      561.00
22.7600      499.00
22.7800      477.00
22.8000      436.00
22.8200      360.00
22.8400      376.00
22.8600      349.00
22.8800      318.00
22.9000      270.00
22.9200      283.00
22.9400      290.00
22.9600      328.00
22.9800      283.00
23.0000      293.00
23.0200      316.00
23.0400      363.00
23.0600      371.00
23.0800      347.00
23.1000      395.00
23.1200      460.00
23.1400      458.00
23.1600      406.00
23.1800      429.00
23.2000      441.00
23.2200      433.00
23.2400      444.00
23.2600      408.00
23.2800      401.00
23.3000      386.00
23.3200      397.00
23.3400      394.00
23.3600      381.00
23.3800      388.00
23.4000      414.00
23.4200      447.00
23.4400      422.00
23.4600      493.00
23.4800      471.00
23.5000      453.00
23.5200      452.00
23.5400      383.00
23.5600      359.00
23.5800      360.00
23.6000      292.00
23.6200      298.00
23.6400      276.00
23.6600      239.00
23.6800      203.00
23.7000      179.00
23.7200      159.00
23.7400      192.00
23.7600      154.00
23.7800      192.00
23.8000      177.00
23.8200      186.00
23.8400      179.00
23.8600      207.00
23.8800      199.00
23.9000      224.00
23.9200      202.00
23.9400      272.00
23.9600      226.00
23.9800      258.00
24.0000      271.00
24.0200      309.00
24.0400      340.00
24.0600      366.00
24.0800      363.00
24.1000      412.00
24.1200      415.00
24.1400      419.00
24.1600      425.00
24.1800      374.00
24.2000      423.00
24.2200      452.00
24.2400      414.00
24.2600      425.00
24.2800      450.00
24.3000      452.00
24.3200      528.00
24.3400      505.00
24.3600      584.00
24.3800      619.00
24.4000      670.00
24.4200      639.00
24.4400      644.00
24.4600      640.00
24.4800      614.00
24.5000      554.00
24.5200      526.00
24.5400      508.00
24.5600      399.00
24.5800      352.00
24.6000      311.00
24.6200      281.00
24.6400      262.00
24.6600      219.00
24.6800      234.00
24.7000      197.00
24.7200      194.00
24.7400      228.00
24.7600      240.00
24.7800      260.00
24.8000      249.00
24.8200      298.00
24.8400      337.00
24.8600      319.00
24.8800      368.00
24.9000      367.00
24.9200      441.00
24.9400      499.00
24.9600      466.00
24.9800      506.00
25.0000      544.00
25.0200      498.00
25.0400      508.00
25.0600      478.00
25.0800      416.00
25.1000      401.00
25.1200      356.00
25.1400      335.00
25.1600      297.00
25.1800      249.00
25.2000      199.00
25.2200      204.00
25.2400      168.00
25.2600      177.00
25.2800      147.00
25.3000      157.00
25.3200      154.00
25.3400      160.00
25.3600      149.00
25.3800      158.00
25.4000      170.00
25.4200      170.00
25.4400      152.00
25.4600      135.00
25.4800      153.00
25.5000      140.00
25.5200      144.00
25.5400      158.00
25.5600      121.00
25.5800      143.00
25.6000      132.00
25.6200      130.00
25.6400      125.00
25.6600      140.00
25.6800      147.00
25.7000      134.00
25.7200      154.00
25.7400      149.00
25.7600      123.00
25.7800      144.00
25.8000      114.00
25.8200      151.00
25.8400      136.00
25.8600      149.00
25.8800      153.00
25.9000      173.00
25.9200      169.00
25.9400      171.00
25.9600      231.00
25.9800      187.00
26.0000      197.00
26.0200      219.00
26.0400      240.00
26.0600      241.00
26.0800      247.00
26.1000      256.00
26.1200      289.00
26.1400      287.00
26.1600      295.00
26.1800      338.00
26.2000      314.00
26.2200      354.00
26.2400      331.00
26.2600      378.00
26.2800      386.00
26.3000      374.00
26.3200      346.00
26.3400      354.00
26.3600      344.00
26.3800      367.00
26.4000      284.00
26.4200      361.00
26.4400      291.00
26.4600      337.00
26.4800      299.00
26.5000      308.00
26.5200      281.00
26.5400      335.00
26.5600      310.00
26.5800      279.00
26.6000      290.00
26.6200      288.00
26.6400      249.00
26.6600      235.00
26.6800      245.00
26.7000      193.00
26.7200      204.00
26.7400      187.00
26.7600      173.00
26.7800      151.00
26.8000      159.00
26.8200      147.00
26.8400      136.00
26.8600      124.00
26.8800      145.00
26.9000      135.00
26.9200      166.00
26.9400      153.00
26.9600      136.00
26.9800      154.00
27.0000      165.00
27.0200      128.00
27.0400      157.00
27.0600      154.00
27.0800      172.00
27.1000      157.00
27.1200      168.00
27.1400      148.00
27.1600      156.00
27.1800      165.00
27.2000      193.00
27.2200      166.00
27.2400      163.00
27.2600      198.00
27.2800      192.00
27.3000      234.00
27.3200      191.00
27.3400      203.00
27.3600      221.00
27.3800      252.00
27.4000      231.00
27.4200      229.00
27.4400      256.00
27.4600      221.00
27.4800      228.00
27.5000      256.00
27.5200      215.00
27.5400      249.00
27.5600      257.00
27.5800      244.00
27.6000      267.00
27.6200      336.00
27.6400      292.00
27.6600      336.00
27.6800      355.00
27.7000      348.00
27.7200      335.00
27.7400      354.00
27.7600      357.00
27.7800      324.00
27.8000      341.00
27.8200      345.00
27.8400      318.00
27.8600      305.00
27.8800      286.00
27.9000      302.00
27.9200      242.00
27.9400      228.00
27.9600      219.00
27.9800      200.00
28.0000      196.00
28.0200      187.00
28.0400      211.00
28.0600      198.00
28.0800      179.00
28.1000      193.00
28.1200      195.00
28.1400      195.00
28.1600      202.00
28.1800      178.00
28.2000      156.00
28.2200      166.00
28.2400      199.00
28.2600      182.00
28.2800      197.00
28.3000      184.00
28.3200      204.00
28.3400      243.00
28.3600      261.00
28.3800      294.00
28.4000      290.00
28.4200      356.00
28.4400      409.00
28.4600      479.00
28.4800      528.00
28.5000      603.00
28.5200      602.00
28.5400      670.00
28.5600      629.00
28.5800      678.00
28.6000      666.00
28.6200      660.00
28.6400      607.00
28.6600      591.00
28.6800      546.00
28.7000      504.00
28.7200      457.00
28.7400      423.00
28.7600      344.00
28.7800      344.00
28.8000      305.00
28.8200      328.00
28.8400      305.00
28.8600      258.00
28.8800      284.00
28.9000      229.00
28.9200      257.00
28.9400      220.00
28.9600      208.00
28.9800      217.00
29.0000      202.00
29.0200      227.00
29.0400      207.00
29.0600      219.00
29.0800      227.00
29.1000      227.00
29.1200      263.00
29.1400      225.00
29.1600      219.00
29.1800      268.00
29.2000      278.00
29.2200      282.00
29.2400      277.00
29.2600      286.00
29.2800      306.00
29.3000      289.00
29.3200      269.00
29.3400      252.00
29.3600      299.00
29.3800      300.00
29.4000      287.00
29.4200      290.00
29.4400      349.00
29.4600      311.00
29.4800      313.00
29.5000      320.00
29.5200      360.00
29.5400      349.00
29.5600      372.00
29.5800      306.00
29.6000      315.00
29.6200      286.00
29.6400      274.00
29.6600      265.00
29.6800      216.00
29.7000      202.00
29.7200      171.00
29.7400      168.00
29.7600      171.00
29.7800      137.00
29.8000      141.00
29.8200      132.00
29.8400      132.00
29.8600      129.00
29.8800      140.00
29.9000      126.00
29.9200      133.00
29.9400      132.00
29.9600      136.00
29.9800      131.00
30.0000      148.00
30.0200      151.00
30.0400      161.00
30.0600      162.00
30.0800      188.00
30.1000      184.00
30.1200      196.00
30.1400      209.00
30.1600      213.00
30.1800      215.00
30.2000      266.00
30.2200      219.00
30.2400      216.00
30.2600      266.00
30.2800      254.00
30.3000      250.00
30.3200      202.00
30.3400      224.00
30.3600      193.00
30.3800      196.00
30.4000      185.00
30.4200      196.00
30.4400      183.00
30.4600      184.00
30.4800      152.00
30.5000      179.00
30.5200      155.00
30.5400      147.00
30.5600      149.00
30.5800      134.00
30.6000      155.00
30.6200      149.00
30.6400      146.00
30.6600      161.00
30.6800      156.00
30.7000      163.00
30.7200      182.00
30.7400      121.00
30.7600      182.00
30.7800      139.00
30.8000      131.00
30.8200      157.00
30.8400      159.00
30.8600      149.00
30.8800      132.00
30.9000      132.00
30.9200      136.00
30.9400      126.00
30.9600      127.00
30.9800      144.00
31.0000      152.00
31.0200      138.00
31.0400      131.00
31.0600      154.00
31.0800      133.00
31.1000      130.00
31.1200      125.00
31.1400      121.00
31.1600      118.00
31.1800      113.00
31.2000      116.00
31.2200      130.00
31.2400      104.00
31.2600      117.00
31.2800      136.00
31.3000      135.00
31.3200      122.00
31.3400      122.00
31.3600      119.00
31.3800      126.00
31.4000      116.00
31.4200      130.00
31.4400      128.00
31.4600       97.00
31.4800      127.00
31.5000      130.00
31.5200      137.00
31.5400      143.00
31.5600      144.00
31.5800      153.00
31.6000      155.00
31.6200      132.00
31.6400      163.00
31.6600      143.00
31.6800      139.00
31.7000      129.00
31.7200      156.00
31.7400      146.00
31.7600      147.00
31.7800      139.00
31.8000      131.00
31.8200      136.00
31.8400      117.00
31.8600      134.00
31.8800      105.00
31.9000      132.00
31.9200      148.00
31.9400      140.00
31.9600      163.00
31.9800      167.00
32.0000      150.00
32.0200      138.00
32.0400      171.00
32.0600      179.00
32.0800      171.00
32.1000      205.00
32.1200      199.00
32.1400      174.00
32.1600      201.00
32.1800      182.00
32.2000      204.00
32.2200      177.00
32.2400      217.00
32.2600      220.00
32.2800      164.00
32.3000      219.00
32.3200      202.00
32.3400      194.00
32.3600      191.00
32.3800      197.00
32.4000      191.00
32.4200      183.00
32.4400      200.00
32.4600      208.00
32.4800      184.00
32.5000      200.00
32.5200      193.00
32.5400      232.00
32.5600      202.00
32.5800      217.00
32.6000      222.00
32.6200      229.00
32.6400      218.00
32.6600      213.00
32.6800      210.00
32.7000      215.00
32.7200      214.00
32.7400      193.00
32.7600      214.00
32.7800      203.00
32.8000      208.00
32.8200      185.00
32.8400      190.00
32.8600      202.00
32.8800      171.00
32.9000      190.00
32.9200      178.00
32.9400      152.00
32.9600      166.00
32.9800      153.00
33.0000      179.00
33.0200      158.00
33.0400      187.00
33.0600      155.00
33.0800      156.00
33.1000      167.00
33.1200      169.00
33.1400      171.00
33.1600      196.00
33.1800      174.00
33.2000      194.00
33.2200      190.00
33.2400      181.00
33.2600      200.00
33.2800      206.00
33.3000      211.00
33.3200      228.00
33.3400      232.00
33.3600      224.00
33.3800      252.00
33.4000      207.00
33.4200      254.00
33.4400      211.00
33.4600      232.00
33.4800      214.00
33.5000      222.00
33.5200      181.00
33.5400      203.00
33.5600      204.00
33.5800      176.00
33.6000      159.00
33.6200      172.00
33.6400      171.00
33.6600      158.00
33.6800      130.00
33.7000      147.00
33.7200      148.00
33.7400      131.00
33.7600      119.00
33.7800      121.00
33.8000      123.00
33.8200      116.00
33.8400      136.00
33.8600      128.00
33.8800       96.00
33.9000      109.00
33.9200      117.00
33.9400      127.00
33.9600      120.00
33.9800      132.00
34.0000      115.00
34.0200      106.00
34.0400      136.00
34.0600      143.00
34.0800      148.00
34.1000      137.00
34.1200      154.00
34.1400      150.00
34.1600      174.00
34.1800      185.00
34.2000      180.00
34.2200      202.00
34.2400      190.00
34.2600      225.00
34.2800      212.00
34.3000      185.00
34.3200      209.00
34.3400      196.00
34.3600      187.00
34.3800      167.00
34.4000      162.00
34.4200      141.00
34.4400      139.00
34.4600      124.00
34.4800      123.00
34.5000      132.00
34.5200      143.00
34.5400      114.00
34.5600      107.00
34.5800      143.00
34.6000      115.00
34.6200      120.00
34.6400      107.00
34.6600      120.00
34.6800      122.00
34.7000       92.00
34.7200       95.00
34.7400      125.00
34.7600      135.00
34.7800      123.00
34.8000      128.00
34.8200      103.00
34.8400      151.00
34.8600      112.00
34.8800      100.00
34.9000      144.00
34.9200      125.00
34.9400      138.00
34.9600      114.00
34.9800      125.00
35.0000      130.00
