 2.2000      301.00
 2.2200      296.00
 2.2400      290.00
 2.2600      258.00
 2.2800      272.00
 2.3000      268.00
 2.3200      257.00
 2.3400      268.00
 2.3600      243.00
 2.3800      279.00
 2.4000      254.00
 2.4200      257.00
 2.4400      246.00
 2.4600      253.00
 2.4800      266.00
 2.5000      264.00
 2.5200      264.00
 2.5400      258.00
 2.5600      251.00
 2.5800      272.00
 2.6000      279.00
 2.6200      286.00
 2.6400      246.00
 2.6600      235.00
 2.6800      285.00
 2.7000      273.00
 2.7200      227.00
 2.7400      270.00
 2.7600      253.00
 2.7800      261.00
 2.8000      246.00
 2.8200      221.00
 2.8400      261.00
 2.8600      272.00
 2.8800      258.00
 2.9000      263.00
 2.9200      236.00
 2.9400      238.00
 2.9600      244.00
 2.9800      230.00
 3.0000      222.00
 3.0200      238.00
 3.0400      223.00
 3.0600      221.00
 3.0800      225.00
 3.1000      240.00
 3.1200      223.00
 3.1400      234.00
 3.1600      240.00
 3.1800      227.00
 3.2000      202.00
 3.2200      204.00
 3.2400      215.00
 3.2600      199.00
 3.2800      218.00
 3.3000      233.00
 3.3200      205.00
 3.3400      198.00
 3.3600      243.00
 3.3800      204.00
 3.4000      204.00
 3.4200      196.00
 3.4400      212.00
 3.4600      212.00
 3.4800      185.00
 3.5000      209.00
 3.5200      169.00
 3.5400      192.00
 3.5600      194.00
 3.5800      177.00
 3.6000      190.00
 3.6200      198.00
 3.6400      212.00
 3.6600      203.00
 3.6800      196.00
 3.7000      191.00
 3.7200      189.00
 3.7400      210.00
 3.7600      181.00
 3.7800      188.00
 3.8000      161.00
 3.8200      213.00
 3.8400      186.00
 3.8600      194.00
 3.8800      183.00
 3.9000      161.00
 3.9200      178.00
 3.9400      165.00
 3.9600      181.00
 3.9800      175.00
 4.0000      169.00
 4.0200      168.00
 4.0400      163.00
 4.0600      160.00
 4.0800      161.00
 4.1000      198.00
 4.1200      170.00
 4.1400      154.00
 4.1600      169.00
 4.1800      170.00
 4.2000      163.00
 4.2200      156.00
 4.2400      168.00
 4.2600      155.00
 4.2800      124.00
 4.3000      151.00
 4.3200      138.00
 4.3400      177.00
 4.3600      171.00
 4.3800      161.00
 4.4000      160.00
 4.4200      141.00
 4.4400      134.00
 4.4600      149.00
 4.4800      142.00
 4.5000      144.00
 4.5200      122.00
 4.5400      155.00
 4.5600      165.00
 4.5800      155.00
 4.6000      136.00
 4.6200      159.00
 4.6400      164.00
 4.6600      130.00
 4.6800      157.00
 4.7000      160.00
 4.7200      128.00
 4.7400      139.00
 4.7600      131.00
 4.7800      141.00
 4.8000      132.00
 4.8200      144.00
 4.8400      135.00
 4.8600      136.00
 4.8800      131.00
 4.9000      132.00
 4.9200      136.00
 4.9400      131.00
 4.9600      123.00
 4.9800      135.00
 5.0000      141.00
 5.0200      120.00
 5.0400      131.00
 5.0600      138.00
 5.0800      160.00
 5.1000      149.00
 5.1200      118.00
 5.1400      127.00
 5.1600      149.00
 5.1800      143.00
 5.2000      139.00
 5.2200      151.00
 5.2400      147.00
 5.2600      148.00
 5.2800      153.00
 5.3000      150.00
 5.3200      127.00
 5.3400      149.00
 5.3600      162.00
 5.3800      143.00
 5.4000      152.00
 5.4200      129.00
 5.4400      146.00
 5.4600      132.00
 5.4800      150.00
 5.5000      162.00
 5.5200      159.00
 5.5400      143.00
 5.5600      125.00
 5.5800      126.00
 5.6000      139.00
 5.6200      151.00
 5.6400      167.00
 5.6600      159.00
 5.6800      118.00
 5.7000      164.00
 5.7200      142.00
 5.7400      145.00
 5.7600      151.00
 5.7800      149.00
 5.8000      170.00
 5.8200      149.00
 5.8400      137.00
 5.8600      135.00
 5.8800      149.00
 5.9000      138.00
 5.9200      161.00
 5.9400      136.00
 5.9600      130.00
 5.9800      163.00
 6.0000      146.00
 6.0200      149.00
 6.0400      159.00
 6.0600      133.00
 6.0800      149.00
 6.1000      136.00
 6.1200      154.00
 6.1400      127.00
 6.1600      154.00
 6.1800      162.00
 6.2000      152.00
 6.2200      165.00
 6.2400      158.00
 6.2600      148.00
 6.2800      143.00
 6.3000      148.00
 6.3200      154.00
 6.3400      160.00
 6.3600      135.00
 6.3800      166.00
 6.4000      168.00
 6.4200      174.00
 6.4400      157.00
 6.4600      144.00
 6.4800      143.00
 6.5000      144.00
 6.5200      164.00
 6.5400      164.00
 6.5600      167.00
 6.5800      146.00
 6.6000      141.00
 6.6200      163.00
 6.6400      186.00
 6.6600      152.00
 6.6800      167.00
 6.7000      157.00
 6.7200      177.00
 6.7400      168.00
 6.7600      154.00
 6.7800      176.00
 6.8000      175.00
 6.8200      178.00
 6.8400      181.00
 6.8600      188.00
 6.8800      167.00
 6.9000      161.00
 6.9200      189.00
 6.9400      190.00
 6.9600      184.00
 6.9800      162.00
 7.0000      185.00
 7.0200      153.00
 7.0400      157.00
 7.0600      178.00
 7.0800      166.00
 7.1000      184.00
 7.1200      180.00
 7.1400      160.00
 7.1600      138.00
 7.1800      168.00
 7.2000      169.00
 7.2200      158.00
 7.2400      187.00
 7.2600      157.00
 7.2800      148.00
 7.3000      162.00
 7.3200      154.00
 7.3400      148.00
 7.3600      181.00
 7.3800      166.00
 7.4000      145.00
 7.4200      175.00
 7.4400      170.00
 7.4600      155.00
 7.4800      145.00
 7.5000      168.00
 7.5200      158.00
 7.5400      173.00
 7.5600      153.00
 7.5800      170.00
 7.6000      181.00
 7.6200      149.00
 7.6400      170.00
 7.6600      165.00
 7.6800      184.00
 7.7000      156.00
 7.7200      177.00
 7.7400      171.00
 7.7600      173.00
 7.7800      178.00
 7.8000      185.00
 7.8200      171.00
 7.8400      163.00
 7.8600      149.00
 7.8800      181.00
 7.9000      156.00
 7.9200      163.00
 7.9400      157.00
 7.9600      181.00
 7.9800      183.00
 8.0000      164.00
 8.0200      163.00
 8.0400      169.00
 8.0600      190.00
 8.0800      155.00
 8.1000      164.00
 8.1200      190.00
 8.1400      188.00
 8.1600      155.00
 8.1800      163.00
 8.2000      172.00
 8.2200      171.00
 8.2400      170.00
 8.2600      163.00
 8.2800      171.00
 8.3000      194.00
 8.3200      155.00
 8.3400      173.00
 8.3600      173.00
 8.3800      192.00
 8.4000      187.00
 8.4200      177.00
 8.4400      157.00
 8.4600      172.00
 8.4800      192.00
 8.5000      178.00
 8.5200      182.00
 8.5400      196.00
 8.5600      193.00
 8.5800      194.00
 8.6000      171.00
 8.6200      223.00
 8.6400      192.00
 8.6600      209.00
 8.6800      187.00
 8.7000      199.00
 8.7200      199.00
 8.7400      204.00
 8.7600      214.00
 8.7800      220.00
 8.8000      216.00
 8.8200      255.00
 8.8400      219.00
 8.8600      240.00
 8.8800      237.00
 8.9000      194.00
 8.9200      196.00
 8.9400      216.00
 8.9600      223.00
 8.9800      227.00
 9.0000      205.00
 9.0200      207.00
 9.0400      181.00
 9.0600      187.00
 9.0800      204.00
 9.1000      186.00
 9.1200      193.00
 9.1400      187.00
 9.1600      191.00
 9.1800      159.00
 9.2000      171.00
 9.2200      170.00
 9.2400      160.00
 9.2600      189.00
 9.2800      192.00
 9.3000      189.00
 9.3200      206.00
 9.3400      198.00
 9.3600      173.00
 9.3800      172.00
 9.4000      205.00
 9.4200      219.00
 9.4400      185.00
 9.4600      179.00
 9.4800      198.00
 9.5000      163.00
 9.5200      201.00
 9.5400      207.00
 9.5600      190.00
 9.5800      183.00
 9.6000      198.00
 9.6200      206.00
 9.6400      226.00
 9.6600      184.00
 9.6800      200.00
 9.7000      201.00
 9.7200      191.00
 9.7400      203.00
 9.7600      190.00
 9.7800      222.00
 9.8000      184.00
 9.8200      227.00
 9.8400      215.00
 9.8600      202.00
 9.8800      224.00
 9.9000      237.00
 9.9200      191.00
 9.9400      240.00
 9.9600      250.00
 9.9800      222.00
10.0000      266.00
10.0200      220.00
10.0400      247.00
10.0600      210.00
10.0800      258.00
10.1000      227.00
10.1200      207.00
10.1400      206.00
10.1600      227.00
10.1800      236.00
10.2000      211.00
10.2200      203.00
10.2400      211.00
10.2600      231.00
10.2800      213.00
10.3000      192.00
10.3200      186.00
10.3400      224.00
10.3600      214.00
10.3800      226.00
10.4000      196.00
10.4200      208.00
10.4400      175.00
10.4600      177.00
10.4800      195.00
10.5000      219.00
10.5200      204.00
10.5400      208.00
10.5600      200.00
10.5800      233.00
10.6000      236.00
10.6200      195.00
10.6400      226.00
10.6600      216.00
10.6800      224.00
10.7000      250.00
10.7200      248.00
10.7400      271.00
10.7600      270.00
10.7800      260.00
10.8000      268.00
10.8200      309.00
10.8400      331.00
10.8600      303.00
10.8800      333.00
10.9000      353.00
10.9200      415.00
10.9400      462.00
10.9600      406.00
10.9800      483.00
11.0000      503.00
11.0200      550.00
11.0400      583.00
11.0600      583.00
11.0800      626.00
11.1000      634.00
11.1200      630.00
11.1400      666.00
11.1600      680.00
11.1800      662.00
11.2000      669.00
11.2200      630.00
11.2400      624.00
11.2600      638.00
11.2800      587.00
11.3000      602.00
11.3200      596.00
11.3400      573.00
11.3600      552.00
11.3800      476.00
11.4000      495.00
11.4200      453.00
11.4400      422.00
11.4600      394.00
11.4800      349.00
11.5000      309.00
11.5200      277.00
11.5400      254.00
11.5600      278.00
11.5800      261.00
11.6000      250.00
11.6200      267.00
11.6400      252.00
11.6600      244.00
11.6800      254.00
11.7000      272.00
11.7200      274.00
11.7400      269.00
11.7600      266.00
11.7800      259.00
11.8000      302.00
11.8200      283.00
11.8400      275.00
11.8600      327.00
11.8800      302.00
11.9000      346.00
11.9200      374.00
11.9400      433.00
11.9600      438.00
11.9800      447.00
12.0000      491.00
12.0200      491.00
12.0400      532.00
12.0600      621.00
12.0800      680.00
12.1000      609.00
12.1200      659.00
12.1400      686.00
12.1600      709.00
12.1800      678.00
12.2000      714.00
12.2200      687.00
12.2400      689.00
12.2600      606.00
12.2800      670.00
12.3000      591.00
12.3200      580.00
12.3400      609.00
12.3600      552.00
12.3800      527.00
12.4000      543.00
12.4200      579.00
12.4400      625.00
12.4600      616.00
12.4800      701.00
12.5000      743.00
12.5200      739.00
12.5400      757.00
12.5600      859.00
12.5800      754.00
12.6000      770.00
12.6200      798.00
12.6400      746.00
12.6600      663.00
12.6800      642.00
12.7000      547.00
12.7200      469.00
12.7400      393.00
12.7600      352.00
12.7800      339.00
12.8000      294.00
12.8200      255.00
12.8400      262.00
12.8600      255.00
12.8800      243.00
12.9000      248.00
12.9200      205.00
12.9400      249.00
12.9600      222.00
12.9800      238.00
13.0000      258.00
13.0200      252.00
13.0400      236.00
13.0600      249.00
13.0800      230.00
13.1000      219.00
13.1200      209.00
13.1400      234.00
13.1600      240.00
13.1800      230.00
13.2000      231.00
13.2200      267.00
13.2400      247.00
13.2600      221.00
13.2800      211.00
13.3000      211.00
13.3200      217.00
13.3400      259.00
13.3600      240.00
13.3800      270.00
13.4000      232.00
13.4200      235.00
13.4400      240.00
13.4600      222.00
13.4800      237.00
13.5000      222.00
13.5200      196.00
13.5400      213.00
13.5600      235.00
13.5800      219.00
13.6000      247.00
13.6200      251.00
13.6400      241.00
13.6600      257.00
13.6800      218.00
13.7000      258.00
13.7200      216.00
13.7400      284.00
13.7600      235.00
13.7800      251.00
13.8000      260.00
13.8200      291.00
13.8400      263.00
13.8600      300.00
13.8800      251.00
13.9000      287.00
13.9200      319.00
13.9400      360.00
13.9600      321.00
13.9800      357.00
14.0000      405.00
14.0200      419.00
14.0400      466.00
14.0600      495.00
14.0800      511.00
14.1000      587.00
14.1200      650.00
14.1400      716.00
14.1600      817.00
14.1800      916.00
14.2000     1010.00
14.2200      986.00
14.2400      965.00
14.2600     1035.00
14.2800     1043.00
14.3000     1060.00
14.3200      967.00
14.3400     1041.00
14.3600      938.00
14.3800      857.00
14.4000      784.00
14.4200      762.00
14.4400      668.00
14.4600      606.00
14.4800      535.00
14.5000      488.00
14.5200      439.00
14.5400      447.00
14.5600      363.00
14.5800      414.00
14.6000      318.00
14.6200      335.00
14.6400      278.00
14.6600      252.00
14.6800      252.00
14.7000      284.00
14.7200      269.00
14.7400      247.00
14.7600      246.00
14.7800      238.00
14.8000      276.00
14.8200      276.00
14.8400      254.00
14.8600      235.00
14.8800      239.00
14.9000      263.00
14.9200      237.00
14.9400      248.00
14.9600      223.00
14.9800      249.00
15.0000      240.00
15.0200      253.00
15.0400      282.00
15.0600      250.00
15.0800      236.00
15.1000      202.00
15.1200      239.00
15.1400      265.00
15.1600      236.00
15.1800      220.00
15.2000      225.00
15.2200      253.00
15.2400      198.00
15.2600      207.00
15.2800      222.00
15.3000      229.00
15.3200      231.00
15.3400      245.00
15.3600      207.00
15.3800      229.00
15.4000      224.00
15.4200      251.00
15.4400      212.00
15.4600      242.00
15.4800      212.00
15.5000      272.00
15.5200      231.00
15.5400      215.00
15.5600      243.00
15.5800      258.00
15.6000      220.00
15.6200      231.00
15.6400      248.00
15.6600      274.00
15.6800      258.00
15.7000      263.00
15.7200      280.00
15.7400      267.00
15.7600      287.00
15.7800      325.00
15.8000      319.00
15.8200      347.00
15.8400      416.00
15.8600      390.00
15.8800      420.00
15.9000      467.00
15.9200      453.00
15.9400      481.00
15.9600      459.00
15.9800      500.00
16.0000      504.00
16.0200      485.00
16.0400      488.00
16.0600      508.00
16.0800      535.00
16.1000      484.00
16.1200      502.00
16.1400      494.00
16.1600      484.00
16.1800      479.00
16.2000      537.00
16.2200      571.00
16.2400      538.00
16.2600      543.00
16.2800      545.00
16.3000      525.00
16.3200      523.00
16.3400      512.00
16.3600      494.00
16.3800      536.00
16.4000      563.00
16.4200      539.00
16.4400      547.00
16.4600      543.00
16.4800      578.00
16.5000      595.00
16.5200      570.00
16.5400      634.00
16.5600      640.00
16.5800      586.00
16.6000      624.00
16.6200      542.00
16.6400      549.00
16.6600      492.00
16.6800      415.00
16.7000      396.00
16.7200      372.00
16.7400      310.00
16.7600      329.00
16.7800      314.00
16.8000      290.00
16.8200      342.00
16.8400      310.00
16.8600      324.00
16.8800      343.00
16.9000      400.00
16.9200      389.00
16.9400      424.00
16.9600      462.00
16.9800      466.00
17.0000      548.00
17.0200      555.00
17.0400      600.00
17.0600      646.00
17.0800      701.00
17.1000      672.00
17.1200      718.00
17.1400      734.00
17.1600      692.00
17.1800      702.00
17.2000      631.00
17.2200      677.00
17.2400      640.00
17.2600      601.00
17.2800      645.00
17.3000      662.00
17.3200      716.00
17.3400      794.00
17.3600      854.00
17.3800      974.00
17.4000     1123.00
17.4200     1272.00
17.4400     1384.00
17.4600     1577.00
17.4800     1781.00
17.5000     2030.00
17.5200     2153.00
17.5400     2277.00
17.5600     2323.00
17.5800     2367.00
17.6000     2345.00
17.6200     2281.00
17.6400     2191.00
17.6600     2086.00
17.6800     2028.00
17.7000     1995.00
17.7200     1744.00
17.7400     1543.00
17.7600     1425.00
17.7800     1223.00
17.8000     1069.00
17.8200      865.00
17.8400      714.00
17.8600      650.00
17.8800      580.00
17.9000      484.00
17.9200      477.00
17.9400      466.00
17.9600      464.00
17.9800      423.00
18.0000      441.00
18.0200      391.00
18.0400      380.00
18.0600      371.00
18.0800      362.00
18.1000      345.00
18.1200      317.00
18.1400      342.00
18.1600      354.00
18.1800      367.00
18.2000      351.00
18.2200      372.00
18.2400      391.00
18.2600      466.00
18.2800      543.00
18.3000      517.00
18.3200      617.00
18.3400      726.00
18.3600      755.00
18.3800      787.00
18.4000      821.00
18.4200      979.00
18.4400      994.00
18.4600     1027.00
18.4800     1028.00
18.5000     1095.00
18.5200     1019.00
18.5400      930.00
18.5600      836.00
18.5800      742.00
18.6000      707.00
18.6200      624.00
18.6400      537.00
18.6600      432.00
18.6800      466.00
18.7000      402.00
18.7200      357.00
18.7400      432.00
18.7600      413.00
18.7800      406.00
18.8000      407.00
18.8200      415.00
18.8400      413.00
18.8600      406.00
18.8800      411.00
18.9000      432.00
18.9200      400.00
18.9400      379.00
18.9600      391.00
18.9800      369.00
19.0000      406.00
19.0200      384.00
19.0400      390.00
19.0600      392.00
19.0800      392.00
19.1000      397.00
19.1200      396.00
19.1400      446.00
19.1600      424.00
19.1800      434.00
19.2000      397.00
19.2200      430.00
19.2400      451.00
19.2600      448.00
19.2800      431.00
19.3000      440.00
19.3200      391.00
19.3400      411.00
19.3600      426.00
19.3800      443.00
19.4000      473.00
19.4200      461.00
19.4400      519.00
19.4600      545.00
19.4800      635.00
19.5000      701.00
19.5200      817.00
19.5400      916.00
19.5600     1047.00
19.5800     1190.00
19.6000     1358.00
19.6200     1454.00
19.6400     1677.00
19.6600     1809.00
19.6800     1907.00
19.7000     1992.00
19.7200     1957.00
19.7400     2123.00
19.7600     1902.00
19.7800     1785.00
19.8000     1625.00
19.8200     1480.00
19.8400     1315.00
19.8600     1167.00
19.8800     1025.00
19.9000      832.00
19.9200      698.00
19.9400      657.00
19.9600      576.00
19.9800      490.00
20.0000      454.00
20.0200      424.00
20.0400      391.00
20.0600      361.00
20.0800      352.00
20.1000      364.00
20.1200      328.00
20.1400      322.00
20.1600      335.00
20.1800      351.00
20.2000      278.00
20.2200      271.00
20.2400      319.00
20.2600      333.00
20.2800      323.00
20.3000      318.00
20.3200      341.00
20.3400      335.00
20.3600      351.00
20.3800      356.00
20.4000      375.00
20.4200      378.00
20.4400      387.00
20.4600      440.00
20.4800      473.00
20.5000      501.00
20.5200      490.00
20.5400      588.00
20.5600      585.00
20.5800      704.00
20.6000      742.00
20.6200      790.00
20.6400      803.00
20.6600      833.00
20.6800      909.00
20.7000      979.00
20.7200     1065.00
20.7400     1053.00
20.7600     1093.00
20.7800     1154.00
20.8000     1174.00
20.8200     1328.00
20.8400     1418.00
20.8600     1517.00
20.8800     1704.00
20.9000     1840.00
20.9200     2039.00
20.9400     2212.00
20.9600     2486.00
20.9800     2743.00
21.0000     2976.00
21.0200     3152.00
21.0400     3400.00
21.0600     3366.00
21.0800     3498.00
21.1000     3354.00
21.1200     3151.00
21.1400     3089.00
21.1600     2866.00
21.1800     2603.00
21.2000     2298.00
21.2200     2023.00
21.2400     1653.00
21.2600     1403.00
21.2800     1119.00
21.3000      920.00
21.3200      721.00
21.3400      600.00
21.3600      508.00
21.3800      439.00
21.4000      374.00
21.4200      373.00
21.4400      344.00
21.4600      353.00
21.4800      331.00
21.5000      329.00
21.5200      275.00
21.5400      315.00
21.5600      288.00
21.5800      288.00
21.6000      331.00
21.6200      279.00
21.6400      322.00
21.6600      279.00
21.6800      277.00
21.7000      289.00
21.7200      315.00
21.7400      308.00
21.7600      295.00
21.7800      282.00
21.8000      276.00
21.8200      304.00
21.8400      301.00
21.8600      292.00
21.8800      316.00
21.9000      305.00
21.9200      314.00
21.9400      330.00
21.9600      333.00
21.9800      338.00
22.0000      344.00
22.0200      339.00
22.0400      388.00
22.0600      346.00
22.0800      367.00
22.1000      363.00
22.1200      414.00
22.1400      444.00
22.1600      475.00
22.1800      451.00
22.2000      478.00
22.2200      590.00
22.2400      594.00
22.2600      606.00
22.2800      602.00
22.3000      688.00
22.3200      683.00
22.3400      714.00
22.3600      726.00
22.3800      747.00
22.4000      736.00
22.4200      763.00
22.4400      803.00
22.4600      827.00
22.4800      829.00
22.5000      846.00
22.5200      991.00
22.5400      998.00
22.5600     1167.00
22.5800     1202.00
22.6000     1304.00
22.6200     1358.00
22.6400     1338.00
22.6600     1324.00
22.6800     1300.00
22.7000     1282.00
22.7200     1272.00
22.7400     1158.00
22.7600     1127.00
22.7800      937.00
22.8000      921.00
22.8200      840.00
22.8400      798.00
22.8600      761.00
22.8800      710.00
22.9000      688.00
22.9200      661.00
22.9400      645.00
22.9600      687.00
22.9800      721.00
23.0000      819.00
23.0200      799.00
23.0400      880.00
23.0600      950.00
23.0800      867.00
23.1000      994.00
23.1200      997.00
23.1400      989.00
23.1600     1046.00
23.1800     1000.00
23.2000     1004.00
23.2200      992.00
23.2400      962.00
23.2600      950.00
23.2800      984.00
23.3000      907.00
23.3200      892.00
23.3400      912.00
23.3600      982.00
23.3800     1035.00
23.4000     1047.00
23.4200     1049.00
23.4400     1013.00
23.4600     1085.00
23.4800      975.00
23.5000      925.00
23.5200      880.00
23.5400      878.00
23.5600      717.00
23.5800      627.00
23.6000      600.00
23.6200      492.00
23.6400      464.00
23.6600      439.00
23.6800      392.00
23.7000      407.00
23.7200      398.00
23.7400      330.00
23.7600      402.00
23.7800      382.00
23.8000      390.00
23.8200      420.00
23.8400      471.00
23.8600      465.00
23.8800      481.00
23.9000      484.00
23.9200      539.00
23.9400      608.00
23.9600      634.00
23.9800      660.00
24.0000      687.00
24.0200      764.00
24.0400      801.00
24.0600      860.00
24.0800      942.00
24.1000      938.00
24.1200      920.00
24.1400      938.00
24.1600      964.00
24.1800      976.00
24.2000      984.00
24.2200      969.00
24.2400     1017.00
24.2600     1074.00
24.2800     1099.00
24.3000     1120.00
24.3200     1167.00
24.3400     1191.00
24.3600     1364.00
24.3800     1437.00
24.4000     1384.00
24.4200     1407.00
24.4400     1396.00
24.4600     1292.00
24.4800     1242.00
24.5000     1180.00
24.5200     1078.00
24.5400      979.00
24.5600      858.00
24.5800      792.00
24.6000      668.00
24.6200      544.00
24.6400      562.00
24.6600      479.00
24.6800      451.00
24.7000      473.00
24.7200      477.00
24.7400      466.00
24.7600      484.00
24.7800      553.00
24.8000      589.00
24.8200      668.00
24.8400      748.00
24.8600      835.00
24.8800      974.00
24.9000      987.00
24.9200     1030.00
24.9400     1080.00
24.9600     1205.00
24.9800     1133.00
25.0000     1114.00
25.0200     1089.00
25.0400     1015.00
25.0600      915.00
25.0800      858.00
25.1000      768.00
25.1200      751.00
25.1400      613.00
25.1600      534.00
25.1800      544.00
25.2000      472.00
25.2200      416.00
25.2400      388.00
25.2600      362.00
25.2800      302.00
25.3000      313.00
25.3200      297.00
25.3400      308.00
25.3600      289.00
25.3800      300.00
25.4000      269.00
25.4200      266.00
25.4400      241.00
25.4600      264.00
25.4800      279.00
25.5000      242.00
25.5200      248.00
25.5400      257.00
25.5600      229.00
25.5800      253.00
25.6000      273.00
25.6200      242.00
25.6400      256.00
25.6600      263.00
25.6800      237.00
25.7000      264.00
25.7200      269.00
25.7400      262.00
25.7600      268.00
25.7800      265.00
25.8000      287.00
25.8200      294.00
25.8400      325.00
25.8600      304.00
25.8800      320.00
25.9000      316.00
25.9200      368.00
25.9400      399.00
25.9600      399.00
25.9800      451.00
26.0000      473.00
26.0200      465.00
26.0400      510.00
26.0600      556.00
26.0800      620.00
26.1000      613.00
26.1200      605.00
26.1400      674.00
26.1600      783.00
26.1800      702.00
26.2000      754.00
26.2200      797.00
26.2400      784.00
26.2600      783.00
26.2800      800.00
26.3000      793.00
26.3200      755.00
26.3400      748.00
26.3600      789.00
26.3800      728.00
26.4000      727.00
26.4200      715.00
26.4400      652.00
26.4600      644.00
26.4800      627.00
26.5000      615.00
26.5200      602.00
26.5400      552.00
26.5600      577.00
26.5800      582.00
26.6000      522.00
26.6200      535.00
26.6400      483.00
26.6600      475.00
26.6800      434.00
26.7000      387.00
26.7200      384.00
26.7400      329.00
26.7600      292.00
26.7800      333.00
26.8000      300.00
26.8200      272.00
26.8400      273.00
26.8600      311.00
26.8800      259.00
26.9000      293.00
26.9200      298.00
26.9400      266.00
26.9600      310.00
26.9800      321.00
27.0000      301.00
27.0200      329.00
27.0400      306.00
27.0600      313.00
27.0800      306.00
27.1000      290.00
27.1200      355.00
27.1400      331.00
27.1600      356.00
27.1800      388.00
27.2000      352.00
27.2200      404.00
27.2400      385.00
27.2600      385.00
27.2800      402.00
27.3000      456.00
27.3200      479.00
27.3400      454.00
27.3600      473.00
27.3800      489.00
27.4000      474.00
27.4200      494.00
27.4400      495.00
27.4600      501.00
27.4800      555.00
27.5000      539.00
27.5200      545.00
27.5400      551.00
27.5600      644.00
27.5800      645.00
27.6000      721.00
27.6200      715.00
27.6400      756.00
27.6600      815.00
27.6800      807.00
27.7000      842.00
27.7200      820.00
27.7400      813.00
27.7600      805.00
27.7800      746.00
27.8000      710.00
27.8200      669.00
27.8400      641.00
27.8600      605.00
27.8800      599.00
27.9000      564.00
27.9200      516.00
27.9400      490.00
27.9600      448.00
27.9800      500.00
28.0000      438.00
28.0200      379.00
28.0400      430.00
28.0600      431.00
28.0800      388.00
28.1000      438.00
28.1200      379.00
28.1400      384.00
28.1600      362.00
28.1800      390.00
28.2000      347.00
28.2200      400.00
28.2400      384.00
28.2600      426.00
28.2800      494.00
28.3000      519.00
28.3200      566.00
28.3400      632.00
28.3600      724.00
28.3800      808.00
28.4000      896.00
28.4200     1058.00
28.4400     1093.00
28.4600     1259.00
28.4800     1256.00
28.5000     1382.00
28.5200     1442.00
28.5400     1482.00
28.5600     1459.00
28.5800     1431.00
28.6000     1464.00
28.6200     1386.00
28.6400     1285.00
28.6600     1248.00
28.6800     1137.00
28.7000     1067.00
28.7200      976.00
28.7400      878.00
28.7600      823.00
28.7800      818.00
28.8000      655.00
28.8200      635.00
28.8400      599.00
28.8600      546.00
28.8800      577.00
28.9000      541.00
28.9200      484.00
28.9400      475.00
28.9600      529.00
28.9800      489.00
29.0000      505.00
29.0200      494.00
29.0400      519.00
29.0600      514.00
29.0800      555.00
29.1000      571.00
29.1200      578.00
29.1400      632.00
29.1600      647.00
29.1800      659.00
29.2000      655.00
29.2200      680.00
29.2400      623.00
29.2600      609.00
29.2800      625.00
29.3000      663.00
29.3200      630.00
29.3400      618.00
29.3600      645.00
29.3800      689.00
29.4000      700.00
29.4200      669.00
29.4400      728.00
29.4600      818.00
29.4800      769.00
29.5000      745.00
29.5200      762.00
29.5400      694.00
29.5600      685.00
29.5800      641.00
29.6000      622.00
29.6200      546.00
29.6400      569.00
29.6600      487.00
29.6800      387.00
29.7000      351.00
29.7200      355.00
29.7400      343.00
29.7600      320.00
29.7800      289.00
29.8000      279.00
29.8200      245.00
29.8400      264.00
29.8600      296.00
29.8800      296.00
29.9000      268.00
29.9200      294.00
29.9400      274.00
29.9600      310.00
29.9800      366.00
30.0000      371.00
30.0200      392.00
30.0400      422.00
30.0600      427.00
30.0800      482.00
30.1000      508.00
30.1200      493.00
30.1400      554.00
30.1600      518.00
30.1800      554.00
30.2000      506.00
30.2200      512.00
30.2400      524.00
30.2600      454.00
30.2800      507.00
30.3000      469.00
30.3200      473.00
30.3400      454.00
30.3600      429.00
30.3800      375.00
30.4000      350.00
30.4200      399.00
30.4400      349.00
30.4600      337.00
30.4800      303.00
30.5000      322.00
30.5200      302.00
30.5400      273.00
30.5600      298.00
30.5800      293.00
30.6000      316.00
30.6200      331.00
30.6400      328.00
30.6600      284.00
30.6800      316.00
30.7000      286.00
30.7200      328.00
30.7400      327.00
30.7600      321.00
30.7800      276.00
30.8000      314.00
30.8200      329.00
30.8400      295.00
30.8600      268.00
30.8800      298.00
30.9000      294.00
30.9200      273.00
30.9400      279.00
30.9600      276.00
30.9800      291.00
31.0000      278.00
31.0200      294.00
31.0400      266.00
31.0600      294.00
31.0800      266.00
31.1000      283.00
31.1200      299.00
31.1400      283.00
31.1600      265.00
31.1800      256.00
31.2000      262.00
31.2200      230.00
31.2400      225.00
31.2600      232.00
31.2800      246.00
31.3000      214.00
31.3200      228.00
31.3400      230.00
31.3600      233.00
31.3800      224.00
31.4000      213.00
31.4200      242.00
31.4400      246.00
31.4600      257.00
31.4800      275.00
31.5000      278.00
31.5200      286.00
31.5400      284.00
31.5600      278.00
31.5800      318.00
31.6000      342.00
31.6200      313.00
31.6400      302.00
31.6600      326.00
31.6800      282.00
31.7000      314.00
31.7200      277.00
31.7400      278.00
31.7600      302.00
31.7800      284.00
31.8000      293.00
31.8200      248.00
31.8400      260.00
31.8600      259.00
31.8800      283.00
31.9000      283.00
31.9200      285.00
31.9400      331.00
31.9600      307.00
31.9800      309.00
32.0000      334.00
32.0200      349.00
32.0400      378.00
32.0600      382.00
32.0800      378.00
32.1000      391.00
32.1200      420.00
32.1400      439.00
32.1600      391.00
32.1800      429.00
32.2000      415.00
32.2200      420.00
32.2400      440.00
32.2600      448.00
32.2800      388.00
32.3000      455.00
32.3200      454.00
32.3400      416.00
32.3600      449.00
32.3800      457.00
32.4000      498.00
32.4200      451.00
32.4400      434.00
32.4600      441.00
32.4800      479.00
32.5000      449.00
32.5200      472.00
32.5400      450.00
32.5600      473.00
32.5800      487.00
32.6000      520.00
32.6200      522.00
32.6400      513.00
32.6600      513.00
32.6800      512.00
32.7000      472.00
32.7200      487.00
32.7400      481.00
32.7600      451.00
32.7800      440.00
32.8000      405.00
32.8200      420.00
32.8400      394.00
32.8600      376.00
32.8800      381.00
32.9000      387.00
32.9200      366.00
32.9400      313.00
32.9600      334.00
32.9800      374.00
33.0000      371.00
33.0200      353.00
33.0400      382.00
33.0600      343.00
33.0800      365.00
33.1000      351.00
33.1200      369.00
33.1400      400.00
33.1600      416.00
33.1800      407.00
33.2000      453.00
33.2200      436.00
33.2400      462.00
33.2600      516.00
33.2800      507.00
33.3000      539.00
33.3200      530.00
33.3400      528.00
33.3600      565.00
33.3800      512.00
33.4000      479.00
33.4200      493.00
33.4400      468.00
33.4600      453.00
33.4800      461.00
33.5000      436.00
33.5200      381.00
33.5400      397.00
33.5600      368.00
33.5800      351.00
33.6000      337.00
33.6200      304.00
33.6400      306.00
33.6600      298.00
33.6800      284.00
33.7000      259.00
33.7200      249.00
33.7400      225.00
33.7600      249.00
33.7800      255.00
33.8000      239.00
33.8200      210.00
33.8400      237.00
33.8600      227.00
33.8800      212.00
33.9000      236.00
33.9200      271.00
33.9400      265.00
33.9600      261.00
33.9800      249.00
34.0000      229.00
34.0200      268.00
34.0400      292.00
34.0600      287.00
34.0800      314.00
34.1000      337.00
34.1200      380.00
34.1400      387.00
34.1600      370.00
34.1800      437.00
34.2000      430.00
34.2200      454.00
34.2400      444.00
34.2600      453.00
34.2800      421.00
34.3000      390.00
34.3200      432.00
34.3400      380.00
34.3600      379.00
34.3800      356.00
34.4000      323.00
34.4200      299.00
34.4400      284.00
34.4600      272.00
34.4800      249.00
34.5000      246.00
34.5200      241.00
34.5400      251.00
34.5600      215.00
34.5800      232.00
34.6000      254.00
34.6200      239.00
34.6400      228.00
34.6600      226.00
34.6800      222.00
34.7000      250.00
34.7200      228.00
34.7400      227.00
34.7600      239.00
34.7800      242.00
34.8000      244.00
34.8200      250.00
34.8400      270.00
34.8600      274.00
34.8800      243.00
34.9000      249.00
34.9200      245.00
34.9400      271.00
34.9600      252.00
34.9800      264.00
35.0000      258.00
