 2.2000      383.00
 2.2200      287.00
 2.2400      295.00
 2.2600      306.00
 2.2800      288.00
 2.3000      279.00
 2.3200      300.00
 2.3400      285.00
 2.3600      276.00
 2.3800      283.00
 2.4000      269.00
 2.4200      264.00
 2.4400      243.00
 2.4600      293.00
 2.4800      294.00
 2.5000      278.00
 2.5200      249.00
 2.5400      271.00
 2.5600      289.00
 2.5800      239.00
 2.6000      281.00
 2.6200      248.00
 2.6400      270.00
 2.6600      247.00
 2.6800      259.00
 2.7000      263.00
 2.7200      250.00
 2.7400      249.00
 2.7600      274.00
 2.7800      261.00
 2.8000      245.00
 2.8200      237.00
 2.8400      233.00
 2.8600      264.00
 2.8800      241.00
 2.9000      263.00
 2.9200      254.00
 2.9400      269.00
 2.9600      255.00
 2.9800      226.00
 3.0000      232.00
 3.0200      233.00
 3.0400      251.00
 3.0600      228.00
 3.0800      226.00
 3.1000      230.00
 3.1200      222.00
 3.1400      241.00
 3.1600      214.00
 3.1800      236.00
 3.2000      219.00
 3.2200      222.00
 3.2400      192.00
 3.2600      210.00
 3.2800      222.00
 3.3000      229.00
 3.3200      225.00
 3.3400      213.00
 3.3600      212.00
 3.3800      225.00
 3.4000      201.00
 3.4200      184.00
 3.4400      218.00
 3.4600      207.00
 3.4800      195.00
 3.5000      205.00
 3.5200      194.00
 3.5400      199.00
 3.5600      226.00
 3.5800      200.00
 3.6000      207.00
 3.6200      197.00
 3.6400      197.00
 3.6600      208.00
 3.6800      179.00
 3.7000      182.00
 3.7200      188.00
 3.7400      210.00
 3.7600      183.00
 3.7800      161.00
 3.8000      192.00
 3.8200      209.00
 3.8400      168.00
 3.8600      180.00
 3.8800      182.00
 3.9000      170.00
 3.9200      158.00
 3.9400      194.00
 3.9600      166.00
 3.9800      144.00
 4.0000      161.00
 4.0200      180.00
 4.0400      177.00
 4.0600      186.00
 4.0800      180.00
 4.1000      169.00
 4.1200      162.00
 4.1400      187.00
 4.1600      175.00
 4.1800      166.00
 4.2000      188.00
 4.2200      169.00
 4.2400      165.00
 4.2600      163.00
 4.2800      168.00
 4.3000      158.00
 4.3200      144.00
 4.3400      154.00
 4.3600      149.00
 4.3800      165.00
 4.4000      155.00
 4.4200      145.00
 4.4400      155.00
 4.4600      138.00
 4.4800      143.00
 4.5000      131.00
 4.5200      138.00
 4.5400      135.00
 4.5600      120.00
 4.5800      144.00
 4.6000      133.00
 4.6200      116.00
 4.6400      154.00
 4.6600      140.00
 4.6800      147.00
 4.7000      138.00
 4.7200      142.00
 4.7400      170.00
 4.7600      119.00
 4.7800      136.00
 4.8000      133.00
 4.8200      119.00
 4.8400      134.00
 4.8600      145.00
 4.8800      120.00
 4.9000      139.00
 4.9200      127.00
 4.9400      147.00
 4.9600      139.00
 4.9800      139.00
 5.0000      153.00
 5.0200      131.00
 5.0400      145.00
 5.0600      137.00
 5.0800      117.00
 5.1000      146.00
 5.1200      152.00
 5.1400      143.00
 5.1600      128.00
 5.1800      155.00
 5.2000      130.00
 5.2200      143.00
 5.2400      139.00
 5.2600      144.00
 5.2800      137.00
 5.3000      149.00
 5.3200      152.00
 5.3400      130.00
 5.3600      145.00
 5.3800      132.00
 5.4000      152.00
 5.4200      154.00
 5.4400      129.00
 5.4600      119.00
 5.4800      139.00
 5.5000      156.00
 5.5200      148.00
 5.5400      138.00
 5.5600      155.00
 5.5800      154.00
 5.6000      164.00
 5.6200      134.00
 5.6400      154.00
 5.6600      164.00
 5.6800      134.00
 5.7000      170.00
 5.7200      140.00
 5.7400      157.00
 5.7600      150.00
 5.7800      163.00
 5.8000      164.00
 5.8200      166.00
 5.8400      136.00
 5.8600      159.00
 5.8800      167.00
 5.9000      147.00
 5.9200      144.00
 5.9400      164.00
 5.9600      161.00
 5.9800      132.00
 6.0000      151.00
 6.0200      149.00
 6.0400      148.00
 6.0600      153.00
 6.0800      165.00
 6.1000      161.00
 6.1200      146.00
 6.1400      150.00
 6.1600      159.00
 6.1800      169.00
 6.2000      151.00
 6.2200      152.00
 6.2400      153.00
 6.2600      166.00
 6.2800      148.00
 6.3000      165.00
 6.3200      161.00
 6.3400      165.00
 6.3600      149.00
 6.3800      163.00
 6.4000      161.00
 6.4200      172.00
 6.4400      177.00
 6.4600      153.00
 6.4800      169.00
 6.5000      167.00
 6.5200      153.00
 6.5400      147.00
 6.5600      164.00
 6.5800      180.00
 6.6000      193.00
 6.6200      168.00
 6.6400      192.00
 6.6600      194.00
 6.6800      171.00
 6.7000      184.00
 6.7200      160.00
 6.7400      179.00
 6.7600      192.00
 6.7800      190.00
 6.8000      190.00
 6.8200      169.00
 6.8400      193.00
 6.8600      193.00
 6.8800      220.00
 6.9000      180.00
 6.9200      174.00
 6.9400      178.00
 6.9600      198.00
 6.9800      151.00
 7.0000      209.00
 7.0200      188.00
 7.0400      189.00
 7.0600      164.00
 7.0800      181.00
 7.1000      182.00
 7.1200      176.00
 7.1400      163.00
 7.1600      166.00
 7.1800      185.00
 7.2000      173.00
 7.2200      170.00
 7.2400      166.00
 7.2600      165.00
 7.2800      157.00
 7.3000      190.00
 7.3200      178.00
 7.3400      182.00
 7.3600      156.00
 7.3800      172.00
 7.4000      182.00
 7.4200      187.00
 7.4400      165.00
 7.4600      166.00
 7.4800      166.00
 7.5000      162.00
 7.5200      163.00
 7.5400      184.00
 7.5600      168.00
 7.5800      181.00
 7.6000      182.00
 7.6200      167.00
 7.6400      168.00
 7.6600      180.00
 7.6800      171.00
 7.7000      173.00
 7.7200      167.00
 7.7400      154.00
 7.7600      163.00
 7.7800      195.00
 7.8000      189.00
 7.8200      197.00
 7.8400      203.00
 7.8600      189.00
 7.8800      148.00
 7.9000      187.00
 7.9200      179.00
 7.9400      175.00
 7.9600      180.00
 7.9800      182.00
 8.0000      170.00
 8.0200      196.00
 8.0400      180.00
 8.0600      173.00
 8.0800      163.00
 8.1000      179.00
 8.1200      192.00
 8.1400      159.00
 8.1600      183.00
 8.1800      172.00
 8.2000      173.00
 8.2200      193.00
 8.2400      194.00
 8.2600      191.00
 8.2800      207.00
 8.3000      196.00
 8.3200      187.00
 8.3400      193.00
 8.3600      196.00
 8.3800      225.00
 8.4000      184.00
 8.4200      210.00
 8.4400      192.00
 8.4600      205.00
 8.4800      194.00
 8.5000      194.00
 8.5200      219.00
 8.5400      196.00
 8.5600      219.00
 8.5800      212.00
 8.6000      232.00
 8.6200      234.00
 8.6400      236.00
 8.6600      222.00
 8.6800      241.00
 8.7000      230.00
 8.7200      261.00
 8.7400      246.00
 8.7600      248.00
 8.7800      260.00
 8.8000      223.00
 8.8200      245.00
 8.8400      230.00
 8.8600      244.00
 8.8800      232.00
 8.9000      258.00
 8.9200      220.00
 8.9400      214.00
 8.9600      215.00
 8.9800      179.00
 9.0000      208.00
 9.0200      185.00
 9.0400      217.00
 9.0600      200.00
 9.0800      193.00
 9.1000      228.00
 9.1200      197.00
 9.1400      189.00
 9.1600      198.00
 9.1800      208.00
 9.2000      191.00
 9.2200      192.00
 9.2400      188.00
 9.2600      223.00
 9.2800      191.00
 9.3000      160.00
 9.3200      214.00
 9.3400      191.00
 9.3600      226.00
 9.3800      206.00
 9.4000      232.00
 9.4200      221.00
 9.4400      220.00
 9.4600      208.00
 9.4800      222.00
 9.5000      222.00
 9.5200      213.00
 9.5400      219.00
 9.5600      225.00
 9.5800      205.00
 9.6000      193.00
 9.6200      207.00
 9.6400      208.00
 9.6600      216.00
 9.6800      212.00
 9.7000      234.00
 9.7200      218.00
 9.7400      227.00
 9.7600      214.00
 9.7800      263.00
 9.8000      232.00
 9.8200      234.00
 9.8400      213.00
 9.8600      299.00
 9.8800      278.00
 9.9000      270.00
 9.9200      227.00
 9.9400      239.00
 9.9600      218.00
 9.9800      247.00
10.0000      263.00
10.0200      257.00
10.0400      246.00
10.0600      265.00
10.0800      258.00
10.1000      233.00
10.1200      239.00
10.1400      222.00
10.1600      224.00
10.1800      234.00
10.2000      223.00
10.2200      231.00
10.2400      213.00
10.2600      211.00
10.2800      235.00
10.3000      245.00
10.3200      224.00
10.3400      226.00
10.3600      244.00
10.3800      215.00
10.4000      231.00
10.4200      236.00
10.4400      234.00
10.4600      204.00
10.4800      222.00
10.5000      236.00
10.5200      226.00
10.5400      263.00
10.5600      249.00
10.5800      257.00
10.6000      268.00
10.6200      279.00
10.6400      278.00
10.6600      265.00
10.6800      263.00
10.7000      279.00
10.7200      303.00
10.7400      338.00
10.7600      317.00
10.7800      343.00
10.8000      335.00
10.8200      356.00
10.8400      365.00
10.8600      469.00
10.8800      487.00
10.9000      507.00
10.9200      523.00
10.9400      570.00
10.9600      565.00
10.9800      653.00
11.0000      671.00
11.0200      671.00
11.0400      728.00
11.0600      709.00
11.0800      722.00
11.1000      750.00
11.1200      755.00
11.1400      730.00
11.1600      758.00
11.1800      771.00
11.2000      758.00
11.2200      741.00
11.2400      701.00
11.2600      688.00
11.2800      677.00
11.3000      646.00
11.3200      657.00
11.3400      570.00
11.3600      557.00
11.3800      465.00
11.4000      505.00
11.4200      429.00
11.4400      418.00
11.4600      372.00
11.4800      364.00
11.5000      361.00
11.5200      358.00
11.5400      307.00
11.5600      277.00
11.5800      313.00
11.6000      299.00
11.6200      289.00
11.6400      304.00
11.6600      296.00
11.6800      307.00
11.7000      279.00
11.7200      308.00
11.7400      294.00
11.7600      345.00
11.7800      325.00
11.8000      342.00
11.8200      341.00
11.8400      400.00
11.8600      410.00
11.8800      434.00
11.9000      482.00
11.9200      494.00
11.9400      537.00
11.9600      567.00
11.9800      650.00
12.0000      729.00
12.0200      750.00
12.0400      783.00
12.0600      787.00
12.0800      808.00
12.1000      836.00
12.1200      863.00
12.1400      858.00
12.1600      811.00
12.1800      772.00
12.2000      763.00
12.2200      758.00
12.2400      729.00
12.2600      702.00
12.2800      724.00
12.3000      650.00
12.3200      688.00
12.3400      691.00
12.3600      691.00
12.3800      779.00
12.4000      728.00
12.4200      825.00
12.4400      882.00
12.4600      905.00
12.4800      908.00
12.5000      936.00
12.5200      906.00
12.5400      925.00
12.5600      931.00
12.5800      867.00
12.6000      805.00
12.6200      685.00
12.6400      669.00
12.6600      649.00
12.6800      547.00
12.7000      510.00
12.7200      438.00
12.7400      412.00
12.7600      399.00
12.7800      338.00
12.8000      329.00
12.8200      322.00
12.8400      321.00
12.8600      275.00
12.8800      300.00
12.9000      243.00
12.9200      265.00
12.9400      265.00
12.9600      273.00
12.9800      263.00
13.0000      259.00
13.0200      270.00
13.0400      264.00
13.0600      258.00
13.0800      274.00
13.1000      271.00
13.1200      280.00
13.1400      290.00
13.1600      260.00
13.1800      248.00
13.2000      276.00
13.2200      270.00
13.2400      250.00
13.2600      229.00
13.2800      267.00
13.3000      229.00
13.3200      245.00
13.3400      227.00
13.3600      257.00
13.3800      256.00
13.4000      239.00
13.4200      241.00
13.4400      233.00
13.4600      245.00
13.4800      257.00
13.5000      255.00
13.5200      257.00
13.5400      272.00
13.5600      249.00
13.5800      273.00
13.6000      282.00
13.6200      247.00
13.6400      304.00
13.6600      273.00
13.6800      276.00
13.7000      295.00
13.7200      300.00
13.7400      270.00
13.7600      269.00
13.7800      291.00
13.8000      323.00
13.8200      339.00
13.8400      327.00
13.8600      327.00
13.8800      352.00
13.9000      398.00
13.9200      391.00
13.9400      461.00
13.9600      480.00
13.9800      536.00
14.0000      545.00
14.0200      671.00
14.0400      670.00
14.0600      788.00
14.0800      860.00
14.1000      944.00
14.1200      981.00
14.1400     1040.00
14.1600     1126.00
14.1800     1194.00
14.2000     1244.00
14.2200     1231.00
14.2400     1197.00
14.2600     1211.00
14.2800     1208.00
14.3000     1095.00
14.3200     1066.00
14.3400      924.00
14.3600      899.00
14.3800      808.00
14.4000      682.00
14.4200      606.00
14.4400      567.00
14.4600      562.00
14.4800      501.00
14.5000      454.00
14.5200      385.00
14.5400      382.00
14.5600      390.00
14.5800      371.00
14.6000      335.00
14.6200      307.00
14.6400      306.00
14.6600      315.00
14.6800      289.00
14.7000      268.00
14.7200      262.00
14.7400      294.00
14.7600      272.00
14.7800      269.00
14.8000      278.00
14.8200      268.00
14.8400      232.00
14.8600      247.00
14.8800      277.00
14.9000      261.00
14.9200      281.00
14.9400      238.00
14.9600      293.00
14.9800      256.00
15.0000      271.00
15.0200      261.00
15.0400      236.00
15.0600      274.00
15.0800      252.00
15.1000      259.00
15.1200      261.00
15.1400      246.00
15.1600      268.00
15.1800      253.00
15.2000      238.00
15.2200      261.00
15.2400      252.00
15.2600      248.00
15.2800      230.00
15.3000      254.00
15.3200      239.00
15.3400      244.00
15.3600      274.00
15.3800      251.00
15.4000      257.00
15.4200      244.00
15.4400      229.00
15.4600      274.00
15.4800      259.00
15.5000      242.00
15.5200      301.00
15.5400      265.00
15.5600      259.00
15.5800      270.00
15.6000      289.00
15.6200      298.00
15.6400      314.00
15.6600      314.00
15.6800      337.00
15.7000      357.00
15.7200      389.00
15.7400      425.00
15.7600      407.00
15.7800      437.00
15.8000      454.00
15.8200      446.00
15.8400      516.00
15.8600      470.00
15.8800      530.00
15.9000      532.00
15.9200      552.00
15.9400      537.00
15.9600      623.00
15.9800      597.00
16.0000      561.00
16.0200      616.00
16.0400      520.00
16.0600      551.00
16.0800      570.00
16.1000      579.00
16.1200      600.00
16.1400      596.00
16.1600      586.00
16.1800      575.00
16.2000      582.00
16.2200      573.00
16.2400      595.00
16.2600      558.00
16.2800      523.00
16.3000      555.00
16.3200      569.00
16.3400      554.00
16.3600      623.00
16.3800      658.00
16.4000      680.00
16.4200      680.00
16.4400      730.00
16.4600      738.00
16.4800      761.00
16.5000      666.00
16.5200      719.00
16.5400      612.00
16.5600      636.00
16.5800      529.00
16.6000      498.00
16.6200      453.00
16.6400      451.00
16.6600      431.00
16.6800      405.00
16.7000      380.00
16.7200      398.00
16.7400      366.00
16.7600      388.00
16.7800      391.00
16.8000      363.00
16.8200      386.00
16.8400      413.00
16.8600      430.00
16.8800      533.00
16.9000      512.00
16.9200      535.00
16.9400      595.00
16.9600      660.00
16.9800      650.00
17.0000      727.00
17.0200      755.00
17.0400      759.00
17.0600      763.00
17.0800      746.00
17.1000      736.00
17.1200      754.00
17.1400      757.00
17.1600      702.00
17.1800      705.00
17.2000      782.00
17.2200      743.00
17.2400      783.00
17.2600      888.00
17.2800      900.00
17.3000     1020.00
17.3200     1163.00
17.3400     1273.00
17.3600     1460.00
17.3800     1677.00
17.4000     1885.00
17.4200     2105.00
17.4400     2336.00
17.4600     2541.00
17.4800     2667.00
17.5000     2825.00
17.5200     3010.00
17.5400     3037.00
17.5600     3052.00
17.5800     3008.00
17.6000     2953.00
17.6200     2786.00
17.6400     2457.00
17.6600     2259.00
17.6800     2040.00
17.7000     1772.00
17.7200     1556.00
17.7400     1302.00
17.7600     1126.00
17.7800      985.00
17.8000      870.00
17.8200      768.00
17.8400      738.00
17.8600      621.00
17.8800      570.00
17.9000      540.00
17.9200      475.00
17.9400      473.00
17.9600      477.00
17.9800      434.00
18.0000      425.00
18.0200      413.00
18.0400      431.00
18.0600      370.00
18.0800      405.00
18.1000      405.00
18.1200      394.00
18.1400      437.00
18.1600      431.00
18.1800      491.00
18.2000      521.00
18.2200      564.00
18.2400      636.00
18.2600      739.00
18.2800      754.00
18.3000      848.00
18.3200      943.00
18.3400     1026.00
18.3600     1097.00
18.3800     1103.00
18.4000     1122.00
18.4200     1157.00
18.4400     1081.00
18.4600     1119.00
18.4800     1004.00
18.5000      951.00
18.5200      850.00
18.5400      776.00
18.5600      734.00
18.5800      672.00
18.6000      596.00
18.6200      576.00
18.6400      533.00
18.6600      507.00
18.6800      481.00
18.7000      475.00
18.7200      490.00
18.7400      469.00
18.7600      501.00
18.7800      478.00
18.8000      450.00
18.8200      448.00
18.8400      456.00
18.8600      458.00
18.8800      471.00
18.9000      425.00
18.9200      432.00
18.9400      387.00
18.9600      466.00
18.9800      436.00
19.0000      448.00
19.0200      474.00
19.0400      451.00
19.0600      437.00
19.0800      477.00
19.1000      516.00
19.1200      522.00
19.1400      483.00
19.1600      514.00
19.1800      491.00
19.2000      501.00
19.2200      513.00
19.2400      498.00
19.2600      474.00
19.2800      464.00
19.3000      454.00
19.3200      498.00
19.3400      547.00
19.3600      558.00
19.3800      629.00
19.4000      674.00
19.4200      768.00
19.4400      923.00
19.4600     1029.00
19.4800     1141.00
19.5000     1344.00
19.5200     1580.00
19.5400     1668.00
19.5600     1863.00
19.5800     1974.00
19.6000     2046.00
19.6200     2261.00
19.6400     2160.00
19.6600     2161.00
19.6800     2149.00
19.7000     2101.00
19.7200     2002.00
19.7400     1802.00
19.7600     1744.00
19.7800     1605.00
19.8000     1360.00
19.8200     1222.00
19.8400     1133.00
19.8600      959.00
19.8800      913.00
19.9000      773.00
19.9200      685.00
19.9400      646.00
19.9600      581.00
19.9800      492.00
20.0000      482.00
20.0200      461.00
20.0400      409.00
20.0600      419.00
20.0800      419.00
20.1000      388.00
20.1200      355.00
20.1400      362.00
20.1600      352.00
20.1800      350.00
20.2000      367.00
20.2200      378.00
20.2400      347.00
20.2600      384.00
20.2800      366.00
20.3000      370.00
20.3200      378.00
20.3400      405.00
20.3600      393.00
20.3800      385.00
20.4000      492.00
20.4200      499.00
20.4400      519.00
20.4600      522.00
20.4800      637.00
20.5000      632.00
20.5200      734.00
20.5400      786.00
20.5600      833.00
20.5800      987.00
20.6000     1050.00
20.6200     1043.00
20.6400     1059.00
20.6600     1069.00
20.6800     1193.00
20.7000     1164.00
20.7200     1270.00
20.7400     1303.00
20.7600     1484.00
20.7800     1567.00
20.8000     1674.00
20.8200     1794.00
20.8400     2069.00
20.8600     2288.00
20.8800     2437.00
20.9000     2724.00
20.9200     2962.00
20.9400     3298.00
20.9600     3548.00
20.9800     3564.00
21.0000     3709.00
21.0200     3790.00
21.0400     3706.00
21.0600     3524.00
21.0800     3346.00
21.1000     3151.00
21.1200     2913.00
21.1400     2606.00
21.1600     2219.00
21.1800     2000.00
21.2000     1728.00
21.2200     1430.00
21.2400     1205.00
21.2600     1028.00
21.2800      900.00
21.3000      721.00
21.3200      588.00
21.3400      553.00
21.3600      513.00
21.3800      463.00
21.4000      440.00
21.4200      407.00
21.4400      379.00
21.4600      369.00
21.4800      337.00
21.5000      331.00
21.5200      355.00
21.5400      338.00
21.5600      343.00
21.5800      345.00
21.6000      340.00
21.6200      311.00
21.6400      322.00
21.6600      338.00
21.6800      360.00
21.7000      326.00
21.7200      306.00
21.7400      344.00
21.7600      325.00
21.7800      320.00
21.8000      335.00
21.8200      345.00
21.8400      339.00
21.8600      316.00
21.8800      385.00
21.9000      376.00
21.9200      375.00
21.9400      404.00
21.9600      420.00
21.9800      412.00
22.0000      436.00
22.0200      426.00
22.0400      458.00
22.0600      501.00
22.0800      494.00
22.1000      522.00
22.1200      538.00
22.1400      595.00
22.1600      585.00
22.1800      632.00
22.2000      667.00
22.2200      728.00
22.2400      745.00
22.2600      787.00
22.2800      780.00
22.3000      833.00
22.3200      825.00
22.3400      851.00
22.3600      801.00
22.3800      948.00
22.4000      858.00
22.4200     1006.00
22.4400     1122.00
22.4600     1179.00
22.4800     1323.00
22.5000     1384.00
22.5200     1412.00
22.5400     1479.00
22.5600     1594.00
22.5800     1592.00
22.6000     1569.00
22.6200     1611.00
22.6400     1527.00
22.6600     1441.00
22.6800     1304.00
22.7000     1186.00
22.7200     1096.00
22.7400     1032.00
22.7600      946.00
22.7800      935.00
22.8000      888.00
22.8200      871.00
22.8400      921.00
22.8600      856.00
22.8800      872.00
22.9000      813.00
22.9200      875.00
22.9400      933.00
22.9600      998.00
22.9800      979.00
23.0000     1105.00
23.0200     1088.00
23.0400     1213.00
23.0600     1208.00
23.0800     1153.00
23.1000     1170.00
23.1200     1152.00
23.1400     1094.00
23.1600     1121.00
23.1800     1160.00
23.2000      978.00
23.2200     1011.00
23.2400     1081.00
23.2600     1073.00
23.2800     1113.00
23.3000     1152.00
23.3200     1134.00
23.3400     1184.00
23.3600     1182.00
23.3800     1128.00
23.4000     1075.00
23.4200      988.00
23.4400      968.00
23.4600      857.00
23.4800      858.00
23.5000      751.00
23.5200      701.00
23.5400      651.00
23.5600      577.00
23.5800      560.00
23.6000      504.00
23.6200      471.00
23.6400      474.00
23.6600      456.00
23.6800      436.00
23.7000      492.00
23.7200      446.00
23.7400      459.00
23.7600      464.00
23.7800      469.00
23.8000      492.00
23.8200      555.00
23.8400      581.00
23.8600      581.00
23.8800      601.00
23.9000      708.00
23.9200      767.00
23.9400      817.00
23.9600      867.00
23.9800     1033.00
24.0000      998.00
24.0200     1113.00
24.0400     1110.00
24.0600     1074.00
24.0800     1116.00
24.1000     1183.00
24.1200     1150.00
24.1400     1152.00
24.1600     1175.00
24.1800     1201.00
24.2000     1259.00
24.2200     1298.00
24.2400     1329.00
24.2600     1487.00
24.2800     1486.00
24.3000     1518.00
24.3200     1567.00
24.3400     1547.00
24.3600     1521.00
24.3800     1564.00
24.4000     1589.00
24.4200     1418.00
24.4400     1345.00
24.4600     1209.00
24.4800     1137.00
24.5000     1033.00
24.5200      929.00
24.5400      812.00
24.5600      757.00
24.5800      653.00
24.6000      612.00
24.6200      593.00
24.6400      537.00
24.6600      549.00
24.6800      529.00
24.7000      559.00
24.7200      606.00
24.7400      660.00
24.7600      743.00
24.7800      791.00
24.8000      901.00
24.8200      956.00
24.8400     1092.00
24.8600     1178.00
24.8800     1148.00
24.9000     1224.00
24.9200     1277.00
24.9400     1244.00
24.9600     1210.00
24.9800     1124.00
25.0000     1049.00
25.0200     1009.00
25.0400      877.00
25.0600      801.00
25.0800      688.00
25.1000      689.00
25.1200      549.00
25.1400      519.00
25.1600      462.00
25.1800      431.00
25.2000      365.00
25.2200      398.00
25.2400      334.00
25.2600      360.00
25.2800      339.00
25.3000      347.00
25.3200      309.00
25.3400      294.00
25.3600      302.00
25.3800      302.00
25.4000      290.00
25.4200      291.00
25.4400      334.00
25.4600      275.00
25.4800      297.00
25.5000      285.00
25.5200      313.00
25.5400      297.00
25.5600      289.00
25.5800      299.00
25.6000      303.00
25.6200      312.00
25.6400      318.00
25.6600      286.00
25.6800      315.00
25.7000      315.00
25.7200      309.00
25.7400      332.00
25.7600      345.00
25.7800      350.00
25.8000      337.00
25.8200      350.00
25.8400      415.00
25.8600      425.00
25.8800      423.00
25.9000      507.00
25.9200      498.00
25.9400      494.00
25.9600      538.00
25.9800      571.00
26.0000      611.00
26.0200      648.00
26.0400      676.00
26.0600      701.00
26.0800      800.00
26.1000      805.00
26.1200      775.00
26.1400      857.00
26.1600      857.00
26.1800      840.00
26.2000      846.00
26.2200      883.00
26.2400      862.00
26.2600      907.00
26.2800      859.00
26.3000      814.00
26.3200      769.00
26.3400      804.00
26.3600      784.00
26.3800      848.00
26.4000      804.00
26.4200      762.00
26.4400      780.00
26.4600      725.00
26.4800      724.00
26.5000      726.00
26.5200      731.00
26.5400      668.00
26.5600      602.00
26.5800      557.00
26.6000      500.00
26.6200      489.00
26.6400      452.00
26.6600      447.00
26.6800      387.00
26.7000      371.00
26.7200      321.00
26.7400      364.00
26.7600      312.00
26.7800      291.00
26.8000      318.00
26.8200      312.00
26.8400      328.00
26.8600      323.00
26.8800      348.00
26.9000      308.00
26.9200      363.00
26.9400      340.00
26.9600      383.00
26.9800      351.00
27.0000      328.00
27.0200      385.00
27.0400      382.00
27.0600      363.00
27.0800      360.00
27.1000      393.00
27.1200      366.00
27.1400      460.00
27.1600      434.00
27.1800      503.00
27.2000      471.00
27.2200      521.00
27.2400      535.00
27.2600      514.00
27.2800      510.00
27.3000      598.00
27.3200      558.00
27.3400      553.00
27.3600      557.00
27.3800      585.00
27.4000      566.00
27.4200      549.00
27.4400      582.00
27.4600      587.00
27.4800      641.00
27.5000      672.00
27.5200      683.00
27.5400      820.00
27.5600      742.00
27.5800      870.00
27.6000      840.00
27.6200      819.00
27.6400      839.00
27.6600      900.00
27.6800      856.00
27.7000      891.00
27.7200      877.00
27.7400      800.00
27.7600      773.00
27.7800      735.00
27.8000      689.00
27.8200      659.00
27.8400      613.00
27.8600      576.00
27.8800      569.00
27.9000      534.00
27.9200      504.00
27.9400      544.00
27.9600      530.00
27.9800      487.00
28.0000      461.00
28.0200      495.00
28.0400      434.00
28.0600      440.00
28.0800      475.00
28.1000      386.00
28.1200      430.00
28.1400      425.00
28.1600      447.00
28.1800      449.00
28.2000      488.00
28.2200      523.00
28.2400      556.00
28.2600      639.00
28.2800      686.00
28.3000      830.00
28.3200      925.00
28.3400     1060.00
28.3600     1191.00
28.3800     1314.00
28.4000     1449.00
28.4200     1569.00
28.4400     1592.00
28.4600     1694.00
28.4800     1663.00
28.5000     1691.00
28.5200     1693.00
28.5400     1535.00
28.5600     1520.00
28.5800     1354.00
28.6000     1327.00
28.6200     1265.00
28.6400     1186.00
28.6600     1122.00
28.6800     1015.00
28.7000      992.00
28.7200      818.00
28.7400      808.00
28.7600      737.00
28.7800      718.00
28.8000      685.00
28.8200      605.00
28.8400      643.00
28.8600      582.00
28.8800      614.00
28.9000      588.00
28.9200      582.00
28.9400      546.00
28.9600      536.00
28.9800      568.00
29.0000      577.00
29.0200      571.00
29.0400      670.00
29.0600      623.00
29.0800      694.00
29.1000      723.00
29.1200      705.00
29.1400      705.00
29.1600      748.00
29.1800      758.00
29.2000      733.00
29.2200      762.00
29.2400      691.00
29.2600      756.00
29.2800      794.00
29.3000      803.00
29.3200      806.00
29.3400      847.00
29.3600      876.00
29.3800      870.00
29.4000      898.00
29.4200      906.00
29.4400      901.00
29.4600      820.00
29.4800      852.00
29.5000      784.00
29.5200      719.00
29.5400      696.00
29.5600      673.00
29.5800      608.00
29.6000      547.00
29.6200      514.00
29.6400      459.00
29.6600      422.00
29.6800      404.00
29.7000      363.00
29.7200      355.00
29.7400      342.00
29.7600      329.00
29.7800      302.00
29.8000      312.00
29.8200      317.00
29.8400      313.00
29.8600      310.00
29.8800      321.00
29.9000      304.00
29.9200      414.00
29.9400      393.00
29.9600      388.00
29.9800      487.00
30.0000      466.00
30.0200      548.00
30.0400      564.00
30.0600      552.00
30.0800      597.00
30.1000      594.00
30.1200      588.00
30.1400      565.00
30.1600      569.00
30.1800      614.00
30.2000      587.00
30.2200      530.00
30.2400      550.00
30.2600      566.00
30.2800      544.00
30.3000      477.00
30.3200      479.00
30.3400      448.00
30.3600      411.00
30.3800      386.00
30.4000      375.00
30.4200      367.00
30.4400      344.00
30.4600      336.00
30.4800      320.00
30.5000      353.00
30.5200      314.00
30.5400      341.00
30.5600      380.00
30.5800      358.00
30.6000      335.00
30.6200      350.00
30.6400      307.00
30.6600      314.00
30.6800      370.00
30.7000      319.00
30.7200      312.00
30.7400      321.00
30.7600      319.00
30.7800      322.00
30.8000      316.00
30.8200      310.00
30.8400      314.00
30.8600      317.00
30.8800      330.00
30.9000      321.00
30.9200      295.00
30.9400      310.00
30.9600      326.00
30.9800      329.00
31.0000      345.00
31.0200      305.00
31.0400      304.00
31.0600      293.00
31.0800      320.00
31.1000      298.00
31.1200      298.00
31.1400      269.00
31.1600      283.00
31.1800      264.00
31.2000      227.00
31.2200      254.00
31.2400      220.00
31.2600      255.00
31.2800      236.00
31.3000      241.00
31.3200      233.00
31.3400      241.00
31.3600      258.00
31.3800      258.00
31.4000      267.00
31.4200      282.00
31.4400      271.00
31.4600      296.00
31.4800      308.00
31.5000      314.00
31.5200      285.00
31.5400      342.00
31.5600      338.00
31.5800      308.00
31.6000      348.00
31.6200      317.00
31.6400      316.00
31.6600      322.00
31.6800      301.00
31.7000      277.00
31.7200      286.00
31.7400      300.00
31.7600      310.00
31.7800      304.00
31.8000      305.00
31.8200      347.00
31.8400      319.00
31.8600      314.00
31.8800      326.00
31.9000      351.00
31.9200      382.00
31.9400      365.00
31.9600      398.00
31.9800      421.00
32.0000      447.00
