 2.0000     2783.00
 2.0154     2774.00
 2.0307     2696.00
 2.0461     2534.00
 2.0615     2244.00
 2.0768     2395.00
 2.0922     2376.00
 2.1076     2299.00
 2.1230     2258.00
 2.1383     2209.00
 2.1537     2060.00
 2.1691     1900.00
 2.1844     1936.00
 2.1998     1920.00
 2.2152     1974.00
 2.2306     1756.00
 2.2459     1780.00
 2.2613     1747.00
 2.2767     1628.00
 2.2920     1555.00
 2.3074     1544.00
 2.3228     1551.00
 2.3381     1539.00
 2.3535     1403.00
 2.3689     1399.00
 2.3842     1275.00
 2.3996     1217.00
 2.4150     1308.00
 2.4304     1271.00
 2.4457     1282.00
 2.4611     1232.00
 2.4765     1111.00
 2.4918     1208.00
 2.5072     1131.00
 2.5226     1080.00
 2.5379     1013.00
 2.5533     1105.00
 2.5687     1015.00
 2.5841      894.00
 2.5994      951.00
 2.6148      928.00
 2.6302      983.00
 2.6455      884.00
 2.6609      875.00
 2.6763      899.00
 2.6917      844.00
 2.7070      739.00
 2.7224      806.00
 2.7378      772.00
 2.7531      764.00
 2.7685      752.00
 2.7839      704.00
 2.7992      667.00
 2.8146      669.00
 2.8300      696.00
 2.8453      679.00
 2.8607      634.00
 2.8761      614.00
 2.8915      599.00
 2.9068      572.00
 2.9222      561.00
 2.9376      555.00
 2.9529      537.00
 2.9683      575.00
 2.9837      509.00
 2.9990      530.00
 3.0144      501.00
 3.0298      517.00
 3.0452      483.00
 3.0605      499.00
 3.0759      501.00
 3.0913      513.00
 3.1066      462.00
 3.1220      444.00
 3.1374      426.00
 3.1528      409.00
 3.1681      419.00
 3.1835      384.00
 3.1989      429.00
 3.2142      397.00
 3.2296      385.00
 3.2450      390.00
 3.2603      354.00
 3.2757      369.00
 3.2911      396.00
 3.3064      356.00
 3.3218      327.00
 3.3372      330.00
 3.3526      340.00
 3.3679      347.00
 3.3833      316.00
 3.3987      338.00
 3.4140      322.00
 3.4294      332.00
 3.4448      330.00
 3.4602      352.00
 3.4755      295.00
 3.4909      317.00
 3.5063      279.00
 3.5216      308.00
 3.5370      302.00
 3.5524      304.00
 3.5677      316.00
 3.5831      272.00
 3.5985      305.00
 3.6139      278.00
 3.6292      288.00
 3.6446      235.00
 3.6600      283.00
 3.6753      267.00
 3.6907      269.00
 3.7061      276.00
 3.7214      287.00
 3.7368      229.00
 3.7522      252.00
 3.7675      277.00
 3.7829      257.00
 3.7983      230.00
 3.8137      255.00
 3.8290      249.00
 3.8444      242.00
 3.8598      223.00
 3.8751      228.00
 3.8905      231.00
 3.9059      264.00
 3.9212      235.00
 3.9366      266.00
 3.9520      243.00
 3.9674      202.00
 3.9827      241.00
 3.9981      229.00
 4.0135      199.00
 4.0288      214.00
 4.0442      220.00
 4.0596      240.00
 4.0749      212.00
 4.0903      214.00
 4.1057      211.00
 4.1211      209.00
 4.1364      226.00
 4.1518      198.00
 4.1672      220.00
 4.1825      241.00
 4.1979      196.00
 4.2133      178.00
 4.2287      201.00
 4.2440      206.00
 4.2594      222.00
 4.2748      192.00
 4.2901      197.00
 4.3055      194.00
 4.3209      210.00
 4.3362      187.00
 4.3516      221.00
 4.3670      225.00
 4.3824      184.00
 4.3977      193.00
 4.4131      191.00
 4.4285      183.00
 4.4438      196.00
 4.4592      191.00
 4.4746      219.00
 4.4899      198.00
 4.5053      174.00
 4.5207      176.00
 4.5360      175.00
 4.5514      199.00
 4.5668      192.00
 4.5822      204.00
 4.5975      209.00
 4.6129      205.00
 4.6283      201.00
 4.6436      206.00
 4.6590      206.00
 4.6744      215.00
 4.6898      194.00
 4.7051      200.00
 4.7205      200.00
 4.7359      209.00
 4.7512      222.00
 4.7666      235.00
 4.7820      223.00
 4.7973      238.00
 4.8127      248.00
 4.8281      235.00
 4.8434      254.00
 4.8588      316.00
 4.8742      273.00
 4.8896      293.00
 4.9049      296.00
 4.9203      315.00
 4.9357      329.00
 4.9510      341.00
 4.9664      359.00
 4.9818      403.00
 4.9971      446.00
 5.0125      443.00
 5.0279      473.00
 5.0433      462.00
 5.0586      466.00
 5.0740      571.00
 5.0894      582.00
 5.1047      622.00
 5.1201      631.00
 5.1355      680.00
 5.1509      674.00
 5.1662      650.00
 5.1816      618.00
 5.1970      525.00
 5.2123      525.00
 5.2277      439.00
 5.2431      401.00
 5.2584      370.00
 5.2738      333.00
 5.2892      275.00
 5.3045      272.00
 5.3199      230.00
 5.3353      229.00
 5.3507      197.00
 5.3660      186.00
 5.3814      199.00
 5.3968      182.00
 5.4121      170.00
 5.4275      179.00
 5.4429      162.00
 5.4582      155.00
 5.4736      158.00
 5.4890      168.00
 5.5044      165.00
 5.5197      165.00
 5.5351      152.00
 5.5505      150.00
 5.5658      151.00
 5.5812      167.00
 5.5966      163.00
 5.6120      170.00
 5.6273      143.00
 5.6427      138.00
 5.6581      148.00
 5.6734      147.00
 5.6888      159.00
 5.7042      146.00
 5.7195      124.00
 5.7349      136.00
 5.7503      154.00
 5.7656      161.00
 5.7810      146.00
 5.7964      161.00
 5.8118      132.00
 5.8271      144.00
 5.8425      146.00
 5.8579      135.00
 5.8732      142.00
 5.8886      151.00
 5.9040      141.00
 5.9193      144.00
 5.9347      135.00
 5.9501      166.00
 5.9655      141.00
 5.9808      131.00
 5.9962      149.00
 6.0116      147.00
 6.0269      115.00
 6.0423      144.00
 6.0577      101.00
 6.0731      151.00
 6.0884      156.00
 6.1038      130.00
 6.1192      122.00
 6.1345      133.00
 6.1499      122.00
 6.1653      149.00
 6.1806      122.00
 6.1960      131.00
 6.2114      117.00
 6.2268      150.00
 6.2421      136.00
 6.2575      130.00
 6.2729      151.00
 6.2882      129.00
 6.3036      130.00
 6.3190      137.00
 6.3343      136.00
 6.3497      146.00
 6.3651      158.00
 6.3804      166.00
 6.3958      152.00
 6.4112      166.00
 6.4266      147.00
 6.4419      163.00
 6.4573      160.00
 6.4727      143.00
 6.4880      129.00
 6.5034      127.00
 6.5188      133.00
 6.5342      126.00
 6.5495      143.00
 6.5649      144.00
 6.5803      122.00
 6.5956      133.00
 6.6110      134.00
 6.6264      130.00
 6.6417      136.00
 6.6571      136.00
 6.6725      133.00
 6.6879      145.00
 6.7032      135.00
 6.7186      148.00
 6.7340      146.00
 6.7493      159.00
 6.7647      145.00
 6.7801      141.00
 6.7954      139.00
 6.8108      160.00
 6.8262      137.00
 6.8415      142.00
 6.8569      134.00
 6.8723      109.00
 6.8877      135.00
 6.9030      116.00
 6.9184      121.00
 6.9338      125.00
 6.9491      133.00
 6.9645      146.00
 6.9799      146.00
 6.9953      126.00
 7.0106      154.00
 7.0260      131.00
 7.0414      119.00
 7.0567      142.00
 7.0721      131.00
 7.0875      111.00
 7.1028      128.00
 7.1182      127.00
 7.1336      143.00
 7.1490      139.00
 7.1643      127.00
 7.1797      128.00
 7.1951      122.00
 7.2104      131.00
 7.2258      126.00
 7.2412      122.00
 7.2565      135.00
 7.2719      119.00
 7.2873      115.00
 7.3026       96.00
 7.3180      116.00
 7.3334      123.00
 7.3488      129.00
 7.3641      131.00
 7.3795      111.00
 7.3949      146.00
 7.4102      128.00
 7.4256      122.00
 7.4410      127.00
 7.4563      133.00
 7.4717      117.00
 7.4871      145.00
 7.5025      121.00
 7.5178      117.00
 7.5332      110.00
 7.5486      129.00
 7.5639      136.00
 7.5793      127.00
 7.5947      112.00
 7.6101      150.00
 7.6254      146.00
 7.6408      115.00
 7.6562      123.00
 7.6715      106.00
 7.6869      122.00
 7.7023      139.00
 7.7176      121.00
 7.7330      106.00
 7.7484      118.00
 7.7637      115.00
 7.7791      115.00
 7.7945      120.00
 7.8099      117.00
 7.8252      117.00
 7.8406      129.00
 7.8560      120.00
 7.8713      120.00
 7.8867      133.00
 7.9021      104.00
 7.9174      116.00
 7.9328      128.00
 7.9482      152.00
 7.9636      124.00
 7.9789      130.00
 7.9943      146.00
 8.0097       96.00
 8.0250      129.00
 8.0404      103.00
 8.0558      146.00
 8.0711      128.00
 8.0865      129.00
 8.1019      138.00
 8.1173      128.00
 8.1326      137.00
 8.1480      115.00
 8.1634      118.00
 8.1787      125.00
 8.1941      103.00
 8.2095      126.00
 8.2248      133.00
 8.2402      121.00
 8.2556      128.00
 8.2710      120.00
 8.2863      130.00
 8.3017      109.00
 8.3171      138.00
 8.3324      151.00
 8.3478      119.00
 8.3632      126.00
 8.3786      133.00
 8.3939      123.00
 8.4093      120.00
 8.4247      127.00
 8.4400      136.00
 8.4554      129.00
 8.4708      134.00
 8.4861      114.00
 8.5015      146.00
 8.5169      117.00
 8.5323      130.00
 8.5476      117.00
 8.5630      152.00
 8.5784      152.00
 8.5937      149.00
 8.6091      181.00
 8.6245      151.00
 8.6398      154.00
 8.6552      161.00
 8.6706      163.00
 8.6860      179.00
 8.7013      168.00
 8.7167      146.00
 8.7321      137.00
 8.7474      146.00
 8.7628      150.00
 8.7782      101.00
 8.7935      124.00
 8.8089      121.00
 8.8243      158.00
 8.8396      125.00
 8.8550      137.00
 8.8704      120.00
 8.8858      145.00
 8.9011      122.00
 8.9165      122.00
 8.9319      110.00
 8.9472      109.00
 8.9626      126.00
 8.9780      122.00
 8.9933      125.00
 9.0087      122.00
 9.0241      134.00
 9.0395      112.00
 9.0548      140.00
 9.0702      125.00
 9.0856      128.00
 9.1009      109.00
 9.1163      107.00
 9.1317      140.00
 9.1471      107.00
 9.1624      127.00
 9.1778      120.00
 9.1932      120.00
 9.2085      123.00
 9.2239      150.00
 9.2393      135.00
 9.2546      112.00
 9.2700      131.00
 9.2854      139.00
 9.3008      138.00
 9.3161      147.00
 9.3315      137.00
 9.3469      141.00
 9.3622      116.00
 9.3776      137.00
 9.3930      119.00
 9.4083      145.00
 9.4237      139.00
 9.4391      121.00
 9.4544      109.00
 9.4698      138.00
 9.4852      131.00
 9.5006      121.00
 9.5159      152.00
 9.5313      129.00
 9.5467      126.00
 9.5620      118.00
 9.5774      129.00
 9.5928      128.00
 9.6082      150.00
 9.6235      131.00
 9.6389      119.00
 9.6543      145.00
 9.6696      131.00
 9.6850      138.00
 9.7004      136.00
 9.7157      128.00
 9.7311      168.00
 9.7465      132.00
 9.7618      147.00
 9.7772      127.00
 9.7926      141.00
 9.8080      158.00
 9.8233      152.00
 9.8387      140.00
 9.8541      135.00
 9.8694      121.00
 9.8848      151.00
 9.9002      135.00
 9.9155      131.00
 9.9309      143.00
 9.9463      130.00
 9.9617      142.00
 9.9770      131.00
 9.9924      159.00
10.0078      153.00
10.0231      137.00
10.0385      128.00
10.0539      157.00
10.0693      139.00
10.0846      138.00
10.1000      148.00
10.1154      154.00
10.1307      171.00
10.1461      162.00
10.1615      185.00
10.1768      160.00
10.1922      184.00
10.2076      173.00
10.2230      215.00
10.2383      221.00
10.2537      215.00
10.2691      263.00
10.2844      227.00
10.2998      274.00
10.3152      285.00
10.3305      302.00
10.3459      302.00
10.3613      308.00
10.3766      321.00
10.3920      319.00
10.4074      282.00
10.4228      262.00
10.4381      268.00
10.4535      213.00
10.4689      205.00
10.4842      183.00
10.4996      187.00
10.5150      203.00
10.5304      162.00
10.5457      161.00
10.5611      164.00
10.5765      137.00
10.5918      167.00
10.6072      167.00
10.6226      145.00
10.6379      174.00
10.6533      157.00
10.6687      182.00
10.6840      149.00
10.6994      161.00
10.7148      182.00
10.7302      147.00
10.7455      173.00
10.7609      158.00
10.7763      161.00
10.7916      186.00
10.8070      197.00
10.8224      204.00
10.8377      214.00
10.8531      243.00
10.8685      238.00
10.8839      246.00
10.8992      286.00
10.9146      310.00
10.9300      315.00
10.9453      300.00
10.9607      285.00
10.9761      227.00
10.9915      211.00
11.0068      192.00
11.0222      168.00
11.0376      171.00
11.0529      169.00
11.0683      167.00
11.0837      193.00
11.0990      203.00
11.1144      212.00
11.1298      256.00
11.1451      287.00
11.1605      297.00
11.1759      295.00
11.1913      269.00
11.2066      278.00
11.2220      256.00
11.2374      246.00
11.2527      192.00
11.2681      168.00
11.2835      143.00
11.2988      144.00
11.3142      156.00
11.3296      151.00
11.3450      124.00
11.3603      138.00
11.3757      136.00
11.3911      129.00
11.4064      136.00
11.4218      131.00
11.4372      160.00
11.4526      133.00
11.4679      138.00
11.4833      104.00
11.4987      148.00
11.5140      133.00
11.5294      139.00
11.5448      143.00
11.5601      133.00
11.5755      120.00
11.5909      152.00
11.6062      126.00
11.6216      164.00
11.6370      173.00
11.6524      174.00
11.6677      136.00
11.6831      166.00
11.6985      173.00
11.7138      151.00
11.7292      174.00
11.7446      165.00
11.7599      180.00
11.7753      171.00
11.7907      169.00
11.8061      190.00
11.8214      212.00
11.8368      223.00
11.8522      266.00
11.8675      274.00
11.8829      293.00
11.8983      318.00
11.9137      361.00
11.9290      362.00
11.9444      400.00
11.9598      388.00
11.9751      368.00
11.9905      374.00
12.0059      360.00
12.0212      336.00
12.0366      351.00
12.0520      359.00
12.0673      308.00
12.0827      272.00
12.0981      225.00
12.1135      205.00
12.1288      207.00
12.1442      181.00
12.1596      166.00
12.1749      179.00
12.1903      178.00
12.2057      175.00
12.2210      157.00
12.2364      184.00
12.2518      166.00
12.2672      179.00
12.2825      187.00
12.2979      235.00
12.3133      277.00
12.3286      272.00
12.3440      314.00
12.3594      342.00
12.3748      387.00
12.3901      390.00
12.4055      408.00
12.4209      412.00
12.4362      357.00
12.4516      355.00
12.4670      303.00
12.4823      316.00
12.4977      262.00
12.5131      248.00
12.5284      289.00
12.5438      242.00
12.5592      242.00
12.5746      267.00
12.5899      312.00
12.6053      343.00
12.6207      357.00
12.6360      400.00
12.6514      402.00
12.6668      487.00
12.6822      570.00
12.6975      620.00
12.7129      673.00
12.7283      743.00
12.7436      735.00
12.7590      732.00
12.7744      729.00
12.7897      654.00
12.8051      586.00
12.8205      584.00
12.8359      483.00
12.8512      456.00
12.8666      381.00
12.8820      384.00
12.8973      380.00
12.9127      375.00
12.9281      334.00
12.9434      345.00
12.9588      310.00
12.9742      296.00
12.9895      322.00
13.0049      326.00
13.0203      305.00
13.0357      331.00
13.0510      347.00
13.0664      334.00
13.0818      404.00
13.0971      422.00
13.1125      438.00
13.1279      512.00
13.1433      588.00
13.1586      628.00
13.1740      712.00
13.1894      815.00
13.2047      879.00
13.2201      988.00
13.2355     1063.00
13.2508     1110.00
13.2662     1161.00
13.2816     1134.00
13.2970     1097.00
13.3123     1011.00
13.3277      901.00
13.3431      767.00
13.3584      706.00
13.3738      571.00
13.3892      501.00
13.4045      453.00
13.4199      433.00
13.4353      388.00
13.4506      332.00
13.4660      290.00
13.4814      314.00
13.4968      261.00
13.5121      303.00
13.5275      235.00
13.5429      226.00
13.5582      244.00
13.5736      222.00
13.5890      187.00
13.6044      222.00
13.6197      205.00
13.6351      203.00
13.6505      201.00
13.6658      184.00
13.6812      191.00
13.6966      179.00
13.7119      166.00
13.7273      170.00
13.7427      152.00
13.7581      169.00
13.7734      195.00
13.7888      152.00
13.8042      194.00
13.8195      186.00
13.8349      193.00
13.8503      184.00
13.8656      187.00
13.8810      226.00
13.8964      228.00
13.9117      236.00
13.9271      202.00
13.9425      259.00
13.9579      281.00
13.9732      300.00
13.9886      370.00
14.0040      365.00
14.0193      415.00
14.0347      434.00
14.0501      461.00
14.0655      480.00
14.0808      515.00
14.0962      507.00
14.1116      478.00
14.1269      434.00
14.1423      376.00
14.1577      377.00
14.1730      345.00
14.1884      343.00
14.2038      323.00
14.2192      334.00
14.2345      349.00
14.2499      386.00
14.2653      407.00
14.2806      425.00
14.2960      360.00
14.3114      395.00
14.3267      444.00
14.3421      398.00
14.3575      429.00
14.3728      427.00
14.3882      415.00
14.4036      403.00
14.4190      460.00
14.4343      500.00
14.4497      487.00
14.4651      530.00
14.4804      571.00
14.4958      584.00
14.5112      572.00
14.5266      570.00
14.5419      589.00
14.5573      567.00
14.5727      550.00
14.5880      514.00
14.6034      492.00
14.6188      439.00
14.6341      421.00
14.6495      410.00
14.6649      387.00
14.6802      341.00
14.6956      314.00
14.7110      259.00
14.7264      269.00
14.7417      266.00
14.7571      230.00
14.7725      213.00
14.7878      232.00
14.8032      214.00
14.8186      227.00
14.8339      204.00
14.8493      215.00
14.8647      193.00
14.8801      213.00
14.8954      222.00
14.9108      184.00
14.9262      195.00
14.9415      204.00
14.9569      228.00
14.9723      231.00
14.9877      242.00
15.0030      273.00
15.0184      284.00
15.0338      285.00
15.0491      311.00
15.0645      328.00
15.0799      325.00
15.0952      400.00
15.1106      402.00
15.1260      443.00
15.1413      456.00
15.1567      582.00
15.1721      575.00
15.1875      613.00
15.2028      631.00
15.2182      634.00
15.2336      643.00
15.2489      651.00
15.2643      667.00
15.2797      633.00
15.2950      641.00
15.3104      644.00
15.3258      673.00
15.3412      725.00
15.3565      716.00
15.3719      740.00
15.3873      709.00
15.4026      733.00
15.4180      729.00
15.4334      669.00
15.4488      652.00
15.4641      600.00
15.4795      584.00
15.4949      551.00
15.5102      496.00
15.5256      417.00
15.5410      421.00
15.5563      367.00
15.5717      385.00
15.5871      348.00
15.6024      356.00
15.6178      344.00
15.6332      347.00
15.6486      324.00
15.6639      310.00
15.6793      299.00
15.6947      306.00
15.7100      293.00
15.7254      302.00
15.7408      319.00
15.7561      255.00
15.7715      248.00
15.7869      274.00
15.8023      253.00
15.8176      259.00
15.8330      279.00
15.8484      235.00
15.8637      229.00
15.8791      204.00
15.8945      191.00
15.9099      203.00
15.9252      206.00
15.9406      191.00
15.9560      214.00
15.9713      241.00
15.9867      253.00
16.0021      237.00
16.0174      257.00
16.0328      304.00
16.0482      272.00
16.0635      295.00
16.0789      308.00
16.0943      259.00
16.1097      289.00
16.1250      277.00
16.1404      290.00
16.1558      246.00
16.1711      276.00
16.1865      263.00
16.2019      316.00
16.2172      337.00
16.2326      349.00
16.2480      344.00
16.2634      407.00
16.2787      427.00
16.2941      415.00
16.3095      450.00
16.3248      450.00
16.3402      447.00
16.3556      429.00
16.3710      419.00
16.3863      413.00
16.4017      418.00
16.4171      383.00
16.4324      385.00
16.4478      367.00
16.4632      313.00
16.4785      295.00
16.4939      255.00
16.5093      260.00
16.5247      241.00
16.5400      215.00
16.5554      220.00
16.5708      191.00
16.5861      159.00
16.6015      180.00
16.6169      184.00
16.6322      199.00
16.6476      197.00
16.6630      160.00
16.6784      181.00
16.6937      174.00
16.7091      190.00
16.7245      202.00
16.7398      187.00
16.7552      182.00
16.7706      193.00
16.7859      210.00
16.8013      209.00
16.8167      195.00
16.8321      250.00
16.8474      229.00
16.8628      275.00
16.8782      253.00
16.8935      270.00
16.9089      297.00
16.9243      321.00
16.9396      286.00
16.9550      336.00
16.9704      323.00
16.9857      301.00
17.0011      331.00
17.0165      276.00
17.0319      273.00
17.0472      247.00
17.0626      250.00
17.0780      236.00
17.0933      227.00
17.1087      206.00
17.1241      234.00
17.1395      204.00
17.1548      221.00
17.1702      211.00
17.1856      250.00
17.2009      259.00
17.2163      258.00
17.2317      250.00
17.2470      314.00
17.2624      318.00
17.2778      404.00
17.2932      415.00
17.3085      508.00
17.3239      546.00
17.3393      663.00
17.3546      699.00
17.3700      783.00
17.3854      825.00
17.4007      819.00
17.4161      979.00
17.4315     1022.00
17.4468     1061.00
17.4622     1062.00
17.4776     1081.00
17.4930     1087.00
17.5083     1045.00
17.5237      913.00
17.5391      749.00
17.5544      698.00
17.5698      667.00
17.5852      617.00
17.6005      590.00
17.6159      607.00
17.6313      565.00
17.6467      636.00
17.6620      603.00
17.6774      585.00
17.6928      604.00
17.7081      564.00
17.7235      593.00
17.7389      574.00
17.7542      550.00
17.7696      504.00
17.7850      427.00
17.8004      421.00
17.8157      378.00
17.8311      344.00
17.8465      311.00
17.8618      307.00
17.8772      276.00
17.8926      232.00
17.9079      230.00
17.9233      243.00
17.9387      247.00
17.9541      229.00
17.9694      214.00
17.9848      207.00
18.0002      213.00
18.0155      207.00
18.0309      246.00
18.0463      215.00
18.0617      249.00
18.0770      265.00
18.0924      256.00
18.1078      268.00
18.1231      283.00
18.1385      308.00
18.1539      312.00
18.1692      291.00
18.1846      292.00
18.2000      358.00
18.2154      375.00
18.2307      401.00
18.2461      418.00
18.2615      490.00
18.2768      423.00
18.2922      533.00
18.3076      475.00
18.3229      459.00
18.3383      435.00
18.3537      388.00
18.3691      373.00
18.3844      298.00
18.3998      286.00
18.4152      234.00
18.4305      261.00
18.4459      222.00
18.4613      185.00
18.4766      206.00
18.4920      178.00
18.5074      192.00
18.5227      164.00
18.5381      166.00
18.5535      186.00
18.5689      169.00
18.5842      200.00
18.5996      157.00
18.6150      195.00
18.6303      213.00
18.6457      190.00
18.6611      208.00
18.6764      214.00
18.6918      187.00
18.7072      169.00
18.7226      188.00
18.7379      199.00
18.7533      190.00
18.7687      145.00
18.7840      172.00
18.7994      174.00
18.8148      192.00
18.8301      183.00
18.8455      199.00
18.8609      215.00
18.8763      207.00
18.8916      197.00
18.9070      208.00
18.9224      211.00
18.9377      210.00
18.9531      239.00
18.9685      229.00
18.9839      231.00
18.9992      231.00
19.0146      248.00
19.0300      226.00
19.0453      226.00
19.0607      230.00
19.0761      217.00
19.0914      252.00
19.1068      233.00
19.1222      255.00
19.1376      243.00
19.1529      262.00
19.1683      249.00
19.1837      270.00
19.1990      277.00
19.2144      250.00
19.2298      307.00
19.2451      330.00
19.2605      350.00
19.2759      343.00
19.2913      396.00
19.3066      405.00
19.3220      428.00
19.3374      526.00
19.3527      504.00
19.3681      572.00
19.3835      618.00
19.3988      667.00
19.4142      741.00
19.4296      774.00
19.4449      779.00
19.4603      835.00
19.4757      841.00
19.4911      827.00
19.5064      923.00
19.5218      838.00
19.5372      869.00
19.5525      793.00
19.5679      840.00
19.5833      792.00
19.5986      671.00
19.6140      658.00
19.6294      604.00
19.6448      548.00
19.6601      517.00
19.6755      456.00
19.6909      405.00
19.7062      371.00
19.7216      403.00
19.7370      337.00
19.7523      338.00
19.7677      322.00
19.7831      317.00
19.7985      283.00
19.8138      300.00
19.8292      283.00
19.8446      268.00
19.8599      283.00
19.8753      271.00
19.8907      297.00
19.9061      312.00
19.9214      320.00
19.9368      279.00
19.9522      321.00
19.9675      298.00
19.9829      322.00
19.9983      365.00
20.0136      397.00
20.0290      396.00
20.0444      427.00
20.0598      468.00
20.0751      484.00
20.0905      459.00
20.1059      495.00
20.1212      461.00
20.1366      473.00
20.1520      521.00
20.1673      486.00
20.1827      562.00
20.1981      548.00
20.2135      599.00
20.2288      614.00
20.2442      598.00
20.2596      660.00
20.2749      699.00
20.2903      703.00
20.3057      755.00
20.3210      700.00
20.3364      713.00
20.3518      789.00
20.3671      748.00
20.3825      765.00
20.3979      764.00
20.4133      705.00
20.4286      650.00
20.4440      658.00
20.4594      672.00
20.4747      681.00
20.4901      704.00
20.5055      654.00
20.5208      664.00
20.5362      653.00
20.5516      673.00
20.5670      731.00
20.5823      683.00
20.5977      696.00
20.6131      654.00
20.6284      668.00
20.6438      676.00
20.6592      675.00
20.6745      685.00
20.6899      684.00
20.7053      679.00
20.7207      741.00
20.7360      754.00
20.7514      853.00
20.7668      826.00
20.7821      883.00
20.7975     1037.00
20.8129     1041.00
20.8283     1147.00
20.8436     1230.00
20.8590     1261.00
20.8744     1531.00
20.8897     1472.00
20.9051     1614.00
20.9205     1676.00
20.9358     1752.00
20.9512     1737.00
20.9666     1818.00
20.9820     1779.00
20.9973     1795.00
21.0127     1792.00
21.0281     1713.00
21.0434     1858.00
21.0588     1837.00
21.0742     1867.00
21.0895     1911.00
21.1049     1927.00
21.1203     2047.00
21.1356     1916.00
21.1510     1900.00
21.1664     1757.00
21.1818     1629.00
21.1971     1557.00
21.2125     1449.00
21.2279     1310.00
21.2432     1206.00
21.2586     1101.00
21.2740      969.00
21.2893      877.00
21.3047      799.00
21.3201      760.00
21.3355      650.00
21.3508      594.00
21.3662      561.00
21.3816      494.00
21.3969      493.00
21.4123      465.00
21.4277      434.00
21.4430      400.00
21.4584      372.00
21.4738      359.00
21.4892      370.00
21.5045      377.00
21.5199      307.00
21.5353      350.00
21.5506      283.00
21.5660      326.00
21.5814      324.00
21.5968      346.00
21.6121      355.00
21.6275      357.00
21.6429      376.00
21.6582      403.00
21.6736      389.00
21.6890      407.00
21.7043      404.00
21.7197      381.00
21.7351      358.00
21.7505      391.00
21.7658      399.00
21.7812      368.00
21.7966      360.00
21.8119      373.00
21.8273      376.00
21.8427      352.00
21.8580      324.00
21.8734      372.00
21.8888      354.00
21.9042      331.00
21.9195      316.00
21.9349      322.00
21.9503      288.00
21.9656      280.00
21.9810      281.00
21.9964      284.00
22.0117      313.00
22.0271      291.00
22.0425      251.00
22.0578      264.00
22.0732      256.00
22.0886      293.00
22.1040      278.00
22.1193      270.00
22.1347      278.00
22.1501      272.00
22.1654      304.00
22.1808      293.00
22.1962      293.00
22.2115      306.00
22.2269      324.00
22.2423      259.00
22.2577      258.00
22.2730      235.00
22.2884      251.00
22.3038      279.00
22.3191      207.00
22.3345      225.00
22.3499      221.00
22.3652      241.00
22.3806      266.00
22.3960      338.00
22.4114      353.00
22.4267      360.00
22.4421      357.00
22.4575      407.00
22.4728      415.00
22.4882      421.00
22.5036      432.00
22.5190      416.00
22.5343      375.00
22.5497      384.00
22.5651      339.00
22.5804      318.00
22.5958      303.00
22.6112      290.00
22.6265      225.00
22.6419      244.00
22.6573      216.00
22.6727      198.00
22.6880      248.00
22.7034      201.00
22.7188      272.00
22.7341      270.00
22.7495      291.00
22.7649      240.00
22.7802      276.00
22.7956      308.00
22.8110      286.00
22.8264      273.00
22.8417      307.00
22.8571      295.00
22.8725      300.00
22.8878      307.00
22.9032      308.00
22.9186      314.00
22.9339      304.00
22.9493      366.00
22.9647      323.00
22.9800      359.00
22.9954      356.00
23.0108      318.00
23.0262      286.00
23.0415      287.00
23.0569      268.00
23.0723      290.00
23.0876      250.00
23.1030      262.00
23.1184      220.00
23.1337      256.00
23.1491      254.00
23.1645      265.00
23.1799      265.00
23.1952      274.00
23.2106      282.00
23.2260      292.00
23.2413      282.00
23.2567      310.00
23.2721      327.00
23.2874      349.00
23.3028      321.00
23.3182      285.00
23.3336      291.00
23.3489      262.00
23.3643      233.00
23.3797      243.00
23.3950      234.00
23.4104      206.00
23.4258      161.00
23.4412      186.00
23.4565      173.00
23.4719      163.00
23.4873      180.00
23.5026      153.00
23.5180      142.00
23.5334      170.00
23.5487      167.00
23.5641      159.00
23.5795      162.00
23.5949      163.00
23.6102      156.00
23.6256      161.00
23.6410      147.00
23.6563      145.00
23.6717      152.00
23.6871      148.00
23.7024      163.00
23.7178      174.00
23.7332      160.00
23.7486      194.00
23.7639      175.00
23.7793      164.00
23.7947      185.00
23.8100      208.00
23.8254      179.00
23.8408      216.00
23.8561      198.00
23.8715      223.00
23.8869      237.00
23.9022      286.00
23.9176      288.00
23.9330      297.00
23.9484      334.00
23.9637      339.00
23.9791      331.00
23.9945      344.00
24.0098      327.00
24.0252      310.00
24.0406      301.00
24.0559      297.00
24.0713      255.00
24.0867      257.00
24.1021      223.00
24.1174      268.00
24.1328      235.00
24.1482      239.00
24.1635      285.00
24.1789      277.00
24.1943      301.00
24.2096      295.00
24.2250      331.00
24.2404      361.00
24.2558      342.00
24.2711      419.00
24.2865      401.00
24.3019      402.00
24.3172      392.00
24.3326      359.00
24.3480      321.00
24.3634      311.00
24.3787      288.00
24.3941      246.00
24.4095      195.00
24.4248      180.00
24.4402      191.00
24.4556      184.00
24.4709      179.00
24.4863      198.00
24.5017      151.00
24.5171      151.00
24.5324      172.00
24.5478      172.00
24.5632      159.00
24.5785      176.00
24.5939      179.00
24.6093      192.00
24.6246      180.00
24.6400      227.00
24.6554      203.00
24.6708      218.00
24.6861      248.00
24.7015      243.00
24.7169      286.00
24.7322      285.00
24.7476      296.00
24.7630      369.00
24.7783      380.00
24.7937      410.00
24.8091      429.00
24.8244      414.00
24.8398      408.00
24.8552      430.00
24.8706      410.00
24.8859      445.00
24.9013      354.00
24.9167      355.00
24.9320      367.00
24.9474      362.00
24.9628      373.00
24.9781      399.00
24.9935      389.00
25.0089      412.00
25.0243      380.00
25.0396      383.00
25.0550      410.00
25.0704      370.00
25.0857      372.00
25.1011      360.00
25.1165      377.00
25.1319      318.00
25.1472      332.00
25.1626      326.00
25.1780      293.00
25.1933      272.00
25.2087      232.00
25.2241      248.00
25.2394      263.00
25.2548      230.00
25.2702      214.00
25.2856      238.00
25.3009      211.00
25.3163      225.00
25.3317      242.00
25.3470      244.00
25.3624      260.00
25.3778      262.00
25.3931      262.00
25.4085      247.00
25.4239      265.00
25.4393      246.00
25.4546      239.00
25.4700      265.00
25.4854      257.00
25.5007      248.00
25.5161      227.00
25.5315      258.00
25.5468      234.00
25.5622      268.00
25.5776      227.00
25.5929      241.00
25.6083      254.00
25.6237      226.00
25.6391      249.00
25.6544      298.00
25.6698      243.00
25.6852      266.00
25.7005      270.00
25.7159      265.00
25.7313      276.00
25.7466      272.00
25.7620      315.00
25.7774      275.00
25.7928      302.00
25.8081      304.00
25.8235      328.00
25.8389      270.00
25.8542      263.00
25.8696      289.00
25.8850      275.00
25.9003      280.00
25.9157      246.00
25.9311      249.00
25.9465      240.00
25.9618      271.00
25.9772      281.00
25.9926      291.00
26.0079      290.00
26.0233      300.00
26.0387      286.00
26.0541      325.00
26.0694      302.00
26.0848      326.00
26.1002      374.00
26.1155      339.00
26.1309      373.00
26.1463      391.00
26.1616      377.00
26.1770      369.00
26.1924      340.00
26.2078      379.00
26.2231      349.00
26.2385      363.00
26.2539      358.00
26.2692      328.00
26.2846      325.00
26.3000      343.00
26.3153      337.00
26.3307      335.00
26.3461      320.00
26.3615      332.00
26.3768      326.00
26.3922      282.00
26.4076      259.00
26.4229      247.00
26.4383      225.00
26.4537      229.00
26.4690      213.00
26.4844      217.00
26.4998      177.00
26.5151      182.00
26.5305      190.00
26.5459      194.00
26.5613      139.00
26.5766      141.00
26.5920      144.00
26.6074      163.00
26.6227      138.00
26.6381      153.00
26.6535      122.00
26.6688      147.00
26.6842      156.00
26.6996      166.00
26.7150      190.00
26.7303      179.00
26.7457      173.00
26.7611      220.00
26.7764      212.00
26.7918      249.00
26.8072      241.00
26.8225      238.00
26.8379      249.00
26.8533      257.00
26.8687      300.00
26.8840      277.00
26.8994      306.00
26.9148      281.00
26.9301      292.00
26.9455      285.00
26.9609      266.00
26.9763      251.00
26.9916      275.00
27.0070      268.00
27.0224      251.00
27.0377      279.00
27.0531      242.00
27.0685      265.00
27.0838      273.00
27.0992      242.00
27.1146      240.00
27.1300      229.00
27.1453      244.00
27.1607      242.00
27.1761      242.00
27.1914      227.00
27.2068      232.00
27.2222      222.00
27.2375      235.00
27.2529      199.00
27.2683      203.00
27.2837      201.00
27.2990      190.00
27.3144      188.00
27.3298      235.00
27.3451      246.00
27.3605      247.00
27.3759      234.00
27.3912      255.00
27.4066      278.00
27.4220      256.00
27.4373      261.00
27.4527      296.00
27.4681      301.00
27.4835      290.00
27.4988      302.00
27.5142      308.00
27.5296      337.00
27.5449      328.00
27.5603      344.00
27.5757      341.00
27.5910      349.00
27.6064      344.00
27.6218      351.00
27.6372      317.00
27.6525      309.00
27.6679      317.00
27.6833      311.00
27.6986      296.00
27.7140      269.00
27.7294      260.00
27.7447      257.00
27.7601      270.00
27.7755      245.00
27.7909      226.00
27.8062      243.00
27.8216      216.00
27.8370      206.00
27.8523      197.00
27.8677      216.00
27.8831      192.00
27.8985      192.00
27.9138      210.00
27.9292      193.00
27.9446      184.00
27.9599      215.00
27.9753      204.00
27.9907      184.00
28.0060      197.00
28.0214      196.00
28.0368      187.00
28.0522      175.00
28.0675      196.00
28.0829      209.00
28.0983      210.00
28.1136      218.00
28.1290      229.00
28.1444      243.00
28.1597      243.00
28.1751      279.00
28.1905      286.00
28.2059      304.00
28.2212      318.00
28.2366      318.00
28.2520      369.00
28.2673      362.00
28.2827      371.00
28.2981      382.00
28.3134      416.00
28.3288      404.00
28.3442      436.00
28.3595      385.00
28.3749      418.00
28.3903      397.00
28.4057      373.00
28.4210      335.00
28.4364      370.00
28.4518      341.00
28.4671      330.00
28.4825      299.00
28.4979      273.00
28.5132      245.00
28.5286      252.00
28.5440      268.00
28.5594      272.00
28.5747      243.00
28.5901      242.00
28.6055      276.00
28.6208      272.00
28.6362      236.00
28.6516      273.00
28.6669      241.00
28.6823      282.00
28.6977      249.00
28.7131      304.00
28.7284      269.00
28.7438      296.00
28.7592      301.00
28.7745      280.00
28.7899      337.00
28.8053      350.00
28.8207      333.00
28.8360      362.00
28.8514      371.00
28.8668      344.00
28.8821      326.00
28.8975      336.00
28.9129      404.00
28.9282      371.00
28.9436      335.00
28.9590      319.00
28.9744      372.00
28.9897      348.00
29.0051      339.00
29.0205      320.00
29.0358      343.00
29.0512      325.00
29.0666      320.00
29.0819      319.00
29.0973      281.00
29.1127      299.00
29.1280      298.00
29.1434      297.00
29.1588      288.00
29.1742      296.00
29.1895      278.00
29.2049      306.00
29.2203      259.00
29.2356      298.00
29.2510      279.00
29.2664      286.00
29.2817      323.00
29.2971      310.00
29.3125      303.00
29.3279      309.00
29.3432      342.00
29.3586      305.00
29.3740      317.00
29.3893      316.00
29.4047      342.00
29.4201      331.00
29.4354      296.00
29.4508      263.00
29.4662      269.00
29.4816      239.00
29.4969      234.00
29.5123      227.00
29.5277      194.00
29.5430      204.00
29.5584      202.00
29.5738      191.00
29.5892      201.00
29.6045      218.00
29.6199      199.00
29.6353      157.00
29.6506      196.00
29.6660      196.00
29.6814      175.00
29.6967      166.00
29.7121      184.00
29.7275      145.00
29.7429      155.00
29.7582      176.00
29.7736      159.00
29.7890      156.00
29.8043      135.00
29.8197      153.00
29.8351      162.00
29.8504      170.00
29.8658      163.00
29.8812      143.00
29.8966      166.00
29.9119      172.00
29.9273      168.00
29.9427      162.00
29.9580      166.00
29.9734      191.00
29.9888      162.00
30.0041      172.00
30.0195      166.00
30.0349      151.00
30.0502      140.00
30.0656      166.00
30.0810      144.00
30.0964      153.00
30.1117      140.00
30.1271      172.00
30.1425      173.00
30.1578      144.00
30.1732      146.00
30.1886      154.00
30.2039      134.00
30.2193      142.00
30.2347      150.00
30.2501      135.00
30.2654      140.00
30.2808      129.00
30.2962      137.00
30.3115      123.00
30.3269      107.00
30.3423      148.00
30.3576      143.00
30.3730      105.00
30.3884      109.00
30.4038      118.00
30.4191      113.00
30.4345      126.00
30.4499      100.00
30.4652      110.00
30.4806      108.00
30.4960       99.00
30.5114      128.00
30.5267      122.00
30.5421      152.00
30.5575      150.00
30.5728      132.00
30.5882      145.00
30.6036      147.00
30.6189      150.00
30.6343      138.00
30.6497      154.00
30.6651      172.00
30.6804      159.00
30.6958      157.00
30.7112      129.00
30.7265      169.00
30.7419      148.00
30.7573      159.00
30.7726      158.00
30.7880      165.00
30.8034      152.00
30.8188      177.00
30.8341      161.00
30.8495      164.00
30.8649      138.00
30.8802      176.00
30.8956      145.00
30.9110      164.00
30.9263      140.00
30.9417      137.00
30.9571      157.00
30.9724      115.00
30.9878      125.00
31.0032      120.00
31.0186      131.00
31.0339      117.00
31.0493      119.00
31.0647      125.00
31.0800      150.00
31.0954      126.00
31.1108      148.00
31.1261      151.00
31.1415      125.00
31.1569      159.00
31.1723      127.00
31.1876      161.00
31.2030      172.00
31.2184      158.00
31.2337      128.00
31.2491      149.00
31.2645      170.00
31.2798      151.00
31.2952      166.00
31.3106      127.00
31.3260      158.00
31.3413      152.00
31.3567      150.00
31.3721      152.00
31.3874      155.00
31.4028      159.00
31.4182      142.00
31.4336      139.00
31.4489      152.00
31.4643      163.00
31.4797      125.00
31.4950      150.00
31.5104      133.00
31.5258      108.00
31.5411      120.00
31.5565      128.00
31.5719      121.00
31.5873      140.00
31.6026      113.00
31.6180      132.00
31.6334      106.00
31.6487      123.00
31.6641      127.00
31.6795      114.00
31.6948      121.00
31.7102      124.00
31.7256      102.00
31.7410      109.00
31.7563      114.00
31.7717      137.00
31.7871      127.00
31.8024      124.00
31.8178      122.00
31.8332      129.00
31.8485      117.00
31.8639      138.00
31.8793      126.00
31.8946      107.00
31.9100      124.00
31.9254      127.00
31.9408      137.00
31.9561      130.00
31.9715      129.00
31.9869      134.00
32.0022      125.00
32.0176      122.00
32.0330      124.00
32.0483      142.00
32.0637      149.00
32.0791      108.00
32.0945      126.00
32.1098      136.00
32.1252      101.00
32.1406      113.00
32.1559      114.00
32.1713      124.00
32.1867      118.00
32.2020      117.00
32.2174      119.00
32.2328      135.00
32.2482      141.00
32.2635      149.00
32.2789      126.00
32.2943      137.00
32.3096      141.00
32.3250      156.00
32.3404      146.00
32.3558      156.00
32.3711      144.00
32.3865      148.00
32.4019      160.00
32.4172      173.00
32.4326      161.00
32.4480      149.00
32.4633      146.00
32.4787      150.00
32.4941      160.00
32.5095      166.00
32.5248      156.00
32.5402      138.00
32.5556      153.00
32.5709      150.00
32.5863      146.00
32.6017      137.00
32.6170      125.00
32.6324      118.00
32.6478      129.00
32.6632      152.00
32.6785      130.00
32.6939      138.00
32.7093      130.00
32.7246      151.00
32.7400      146.00
32.7554      121.00
32.7707      132.00
32.7861      125.00
32.8015      155.00
32.8169      126.00
32.8322      130.00
32.8476      153.00
32.8630      152.00
32.8783      140.00
32.8937      110.00
32.9091      146.00
32.9244      141.00
32.9398      155.00
32.9552      131.00
32.9706      127.00
32.9859      135.00
33.0013      147.00
33.0167      133.00
33.0320      137.00
33.0474      135.00
33.0628      144.00
33.0781      140.00
33.0935      143.00
33.1089      144.00
33.1243      149.00
33.1396      172.00
33.1550      154.00
33.1704      161.00
33.1857      157.00
33.2011      162.00
33.2165      130.00
33.2318      155.00
33.2472      163.00
33.2626      164.00
33.2780      161.00
33.2933      156.00
33.3087      149.00
33.3241      158.00
33.3394      139.00
33.3548      148.00
33.3702      154.00
33.3855      171.00
33.4009      179.00
33.4163      157.00
33.4317      153.00
33.4470      173.00
33.4624      173.00
33.4778      153.00
33.4931      151.00
33.5085      164.00
33.5239      150.00
33.5392      166.00
33.5546      148.00
33.5700      140.00
33.5853      137.00
33.6007      115.00
33.6161      115.00
33.6315      103.00
33.6468      121.00
33.6622      120.00
33.6776       99.00
33.6929      121.00
33.7083       99.00
33.7237      114.00
33.7390      121.00
33.7544       91.00
33.7698      107.00
33.7852      114.00
33.8005       99.00
33.8159      101.00
33.8313       99.00
33.8466      105.00
33.8620       95.00
33.8774       89.00
33.8927      110.00
33.9081      102.00
33.9235      109.00
33.9389      105.00
33.9542      107.00
33.9696       99.00
33.9850      127.00
34.0003      112.00
34.0157      118.00
34.0311      109.00
34.0465      124.00
34.0618      142.00
34.0772      126.00
34.0926      130.00
34.1079      127.00
34.1233      110.00
34.1387      121.00
34.1540       99.00
34.1694      114.00
34.1848      106.00
34.2002       93.00
34.2155      112.00
34.2309      105.00
34.2463       93.00
34.2616       91.00
34.2770       89.00
34.2924      103.00
34.3077      105.00
34.3231      104.00
34.3385       94.00
34.3539       98.00
34.3692       96.00
34.3846       96.00
34.4000      104.00
34.4153      100.00
34.4307       92.00
34.4461       93.00
34.4614      114.00
34.4768      103.00
34.4922      102.00
34.5076      101.00
34.5229       95.00
34.5383       88.00
34.5537      101.00
34.5690       82.00
34.5844       90.00
34.5998      115.00
34.6151       96.00
34.6305      111.00
34.6459      120.00
34.6613       97.00
34.6766      114.00
34.6920      111.00
34.7074      101.00
34.7227       98.00
34.7381      124.00
34.7535       95.00
34.7688      108.00
34.7842      124.00
34.7996      112.00
34.8150      131.00
34.8303      129.00
34.8457      116.00
34.8611      105.00
34.8764       93.00
34.8918      114.00
34.9072       85.00
34.9225      112.00
34.9379       93.00
34.9533      101.00
34.9686      119.00
34.9840      106.00
34.9994       92.00
