 2.1500      273.00
 2.1700      306.00
 2.1900      298.00
 2.2100      283.00
 2.2300      275.00
 2.2500      277.00
 2.2700      278.00
 2.2900      288.00
 2.3100      286.00
 2.3300      261.00
 2.3500      266.00
 2.3700      274.00
 2.3900      303.00
 2.4100      289.00
 2.4300      286.00
 2.4500      270.00
 2.4700      297.00
 2.4900      260.00
 2.5100      263.00
 2.5300      282.00
 2.5500      290.00
 2.5700      253.00
 2.5900      257.00
 2.6100      246.00
 2.6300      278.00
 2.6500      279.00
 2.6700      275.00
 2.6900      261.00
 2.7100      271.00
 2.7300      247.00
 2.7500      258.00
 2.7700      231.00
 2.7900      246.00
 2.8100      253.00
 2.8300      260.00
 2.8500      255.00
 2.8700      273.00
 2.8900      238.00
 2.9100      253.00
 2.9300      247.00
 2.9500      237.00
 2.9700      263.00
 2.9900      228.00
 3.0100      243.00
 3.0300      272.00
 3.0500      231.00
 3.0700      229.00
 3.0900      223.00
 3.1100      235.00
 3.1300      246.00
 3.1500      240.00
 3.1700      228.00
 3.1900      234.00
 3.2100      234.00
 3.2300      221.00
 3.2500      210.00
 3.2700      218.00
 3.2900      210.00
 3.3100      199.00
 3.3300      208.00
 3.3500      243.00
 3.3700      205.00
 3.3900      234.00
 3.4100      216.00
 3.4300      238.00
 3.4500      213.00
 3.4700      225.00
 3.4900      184.00
 3.5100      208.00
 3.5300      198.00
 3.5500      202.00
 3.5700      223.00
 3.5900      185.00
 3.6100      202.00
 3.6300      192.00
 3.6500      186.00
 3.6700      174.00
 3.6900      169.00
 3.7100      175.00
 3.7300      177.00
 3.7500      202.00
 3.7700      171.00
 3.7900      197.00
 3.8100      172.00
 3.8300      198.00
 3.8500      208.00
 3.8700      199.00
 3.8900      194.00
 3.9100      201.00
 3.9300      183.00
 3.9500      180.00
 3.9700      185.00
 3.9900      188.00
 4.0100      171.00
 4.0300      163.00
 4.0500      172.00
 4.0700      156.00
 4.0900      158.00
 4.1100      187.00
 4.1300      165.00
 4.1500      162.00
 4.1700      159.00
 4.1900      157.00
 4.2100      165.00
 4.2300      161.00
 4.2500      159.00
 4.2700      175.00
 4.2900      165.00
 4.3100      166.00
 4.3300      144.00
 4.3500      147.00
 4.3700      174.00
 4.3900      130.00
 4.4100      155.00
 4.4300      128.00
 4.4500      159.00
 4.4700      146.00
 4.4900      161.00
 4.5100      143.00
 4.5300      147.00
 4.5500      151.00
 4.5700      133.00
 4.5900      129.00
 4.6100      145.00
 4.6300      133.00
 4.6500      125.00
 4.6700      144.00
 4.6900      144.00
 4.7100      140.00
 4.7300      144.00
 4.7500      137.00
 4.7700      148.00
 4.7900      145.00
 4.8100      141.00
 4.8300      148.00
 4.8500      146.00
 4.8700      127.00
 4.8900      141.00
 4.9100      118.00
 4.9300      135.00
 4.9500      150.00
 4.9700      132.00
 4.9900      125.00
 5.0100      137.00
 5.0300      133.00
 5.0500      123.00
 5.0700      146.00
 5.0900      137.00
 5.1100      117.00
 5.1300      124.00
 5.1500      128.00
 5.1700      132.00
 5.1900      149.00
 5.2100      147.00
 5.2300      132.00
 5.2500      118.00
 5.2700      153.00
 5.2900      148.00
 5.3100      131.00
 5.3300      116.00
 5.3500      142.00
 5.3700      128.00
 5.3900      131.00
 5.4100      142.00
 5.4300      127.00
 5.4500      140.00
 5.4700      136.00
 5.4900      136.00
 5.5100      116.00
 5.5300      123.00
 5.5500      134.00
 5.5700      135.00
 5.5900      139.00
 5.6100      140.00
 5.6300      146.00
 5.6500      139.00
 5.6700      136.00
 5.6900      141.00
 5.7100      119.00
 5.7300      130.00
 5.7500      132.00
 5.7700      133.00
 5.7900      133.00
 5.8100      133.00
 5.8300      134.00
 5.8500      140.00
 5.8700      130.00
 5.8900      144.00
 5.9100      105.00
 5.9300      128.00
 5.9500      137.00
 5.9700      128.00
 5.9900      165.00
 6.0100      153.00
 6.0300      140.00
 6.0500      121.00
 6.0700      154.00
 6.0900      142.00
 6.1100      147.00
 6.1300      129.00
 6.1500      130.00
 6.1700      163.00
 6.1900      132.00
 6.2100      136.00
 6.2300      136.00
 6.2500      111.00
 6.2700      129.00
 6.2900      144.00
 6.3100      133.00
 6.3300      143.00
 6.3500      131.00
 6.3700      125.00
 6.3900      125.00
 6.4100      112.00
 6.4300      133.00
 6.4500      149.00
 6.4700      144.00
 6.4900      131.00
 6.5100      143.00
 6.5300      148.00
 6.5500      125.00
 6.5700      144.00
 6.5900      132.00
 6.6100      151.00
 6.6300      124.00
 6.6500      125.00
 6.6700      137.00
 6.6900      130.00
 6.7100      142.00
 6.7300      165.00
 6.7500      152.00
 6.7700      138.00
 6.7900      131.00
 6.8100      149.00
 6.8300      145.00
 6.8500      165.00
 6.8700      122.00
 6.8900      132.00
 6.9100      159.00
 6.9300      148.00
 6.9500      163.00
 6.9700      143.00
 6.9900      146.00
 7.0100      154.00
 7.0300      159.00
 7.0500      152.00
 7.0700      155.00
 7.0900      153.00
 7.1100      118.00
 7.1300      154.00
 7.1500      126.00
 7.1700      137.00
 7.1900      120.00
 7.2100      129.00
 7.2300      125.00
 7.2500      120.00
 7.2700      131.00
 7.2900      137.00
 7.3100      132.00
 7.3300      137.00
 7.3500      122.00
 7.3700      146.00
 7.3900      123.00
 7.4100      126.00
 7.4300      125.00
 7.4500      135.00
 7.4700      119.00
 7.4900      124.00
 7.5100      122.00
 7.5300      150.00
 7.5500      129.00
 7.5700      143.00
 7.5900      125.00
 7.6100      156.00
 7.6300      121.00
 7.6500      142.00
 7.6700      121.00
 7.6900      131.00
 7.7100      141.00
 7.7300      134.00
 7.7500      151.00
 7.7700      139.00
 7.7900      139.00
 7.8100      132.00
 7.8300      112.00
 7.8500      124.00
 7.8700      145.00
 7.8900      136.00
 7.9100      147.00
 7.9300      138.00
 7.9500      159.00
 7.9700      138.00
 7.9900      143.00
 8.0100      124.00
 8.0300      130.00
 8.0500      131.00
 8.0700      155.00
 8.0900      125.00
 8.1100      138.00
 8.1300      137.00
 8.1500      142.00
 8.1700      145.00
 8.1900      144.00
 8.2100      148.00
 8.2300      135.00
 8.2500      131.00
 8.2700      128.00
 8.2900      120.00
 8.3100      140.00
 8.3300      133.00
 8.3500      129.00
 8.3700      114.00
 8.3900      141.00
 8.4100      135.00
 8.4300      118.00
 8.4500      145.00
 8.4700      144.00
 8.4900      156.00
 8.5100      127.00
 8.5300      140.00
 8.5500      142.00
 8.5700      144.00
 8.5900      148.00
 8.6100      144.00
 8.6300      141.00
 8.6500      148.00
 8.6700      165.00
 8.6900      177.00
 8.7100      183.00
 8.7300      156.00
 8.7500      171.00
 8.7700      192.00
 8.7900      174.00
 8.8100      168.00
 8.8300      150.00
 8.8500      182.00
 8.8700      148.00
 8.8900      122.00
 8.9100      117.00
 8.9300      145.00
 8.9500      163.00
 8.9700      128.00
 8.9900      142.00
 9.0100      142.00
 9.0300      144.00
 9.0500      144.00
 9.0700      142.00
 9.0900      155.00
 9.1100      122.00
 9.1300      145.00
 9.1500      150.00
 9.1700      143.00
 9.1900      151.00
 9.2100      133.00
 9.2300      138.00
 9.2500      135.00
 9.2700      152.00
 9.2900      142.00
 9.3100      140.00
 9.3300      141.00
 9.3500      150.00
 9.3700      150.00
 9.3900      143.00
 9.4100      145.00
 9.4300      148.00
 9.4500      144.00
 9.4700      109.00
 9.4900      154.00
 9.5100      141.00
 9.5300      146.00
 9.5500      126.00
 9.5700      138.00
 9.5900      144.00
 9.6100      156.00
 9.6300      143.00
 9.6500      154.00
 9.6700      137.00
 9.6900      135.00
 9.7100      154.00
 9.7300      158.00
 9.7500      140.00
 9.7700      175.00
 9.7900      155.00
 9.8100      144.00
 9.8300      142.00
 9.8500      155.00
 9.8700      151.00
 9.8900      168.00
 9.9100      148.00
 9.9300      168.00
 9.9500      190.00
 9.9700      186.00
 9.9900      150.00
10.0100      139.00
10.0300      163.00
10.0500      155.00
10.0700      147.00
10.0900      167.00
10.1100      145.00
10.1300      149.00
10.1500      151.00
10.1700      146.00
10.1900      140.00
10.2100      156.00
10.2300      141.00
10.2500      160.00
10.2700      145.00
10.2900      161.00
10.3100      159.00
10.3300      138.00
10.3500      130.00
10.3700      178.00
10.3900      168.00
10.4100      155.00
10.4300      172.00
10.4500      149.00
10.4700      155.00
10.4900      170.00
10.5100      147.00
10.5300      135.00
10.5500      165.00
10.5700      151.00
10.5900      157.00
10.6100      160.00
10.6300      158.00
10.6500      157.00
10.6700      169.00
10.6900      174.00
10.7100      178.00
10.7300      187.00
10.7500      205.00
10.7700      213.00
10.7900      192.00
10.8100      215.00
10.8300      234.00
10.8500      218.00
10.8700      246.00
10.8900      265.00
10.9100      295.00
10.9300      360.00
10.9500      337.00
10.9700      354.00
10.9900      385.00
11.0100      420.00
11.0300      401.00
11.0500      434.00
11.0700      440.00
11.0900      402.00
11.1100      406.00
11.1300      422.00
11.1500      403.00
11.1700      412.00
11.1900      403.00
11.2100      390.00
11.2300      397.00
11.2500      401.00
11.2700      398.00
11.2900      365.00
11.3100      367.00
11.3300      331.00
11.3500      305.00
11.3700      308.00
11.3900      288.00
11.4100      252.00
11.4300      209.00
11.4500      223.00
11.4700      191.00
11.4900      180.00
11.5100      212.00
11.5300      179.00
11.5500      167.00
11.5700      197.00
11.5900      174.00
11.6100      196.00
11.6300      180.00
11.6500      183.00
11.6700      179.00
11.6900      198.00
11.7100      174.00
11.7300      177.00
11.7500      194.00
11.7700      207.00
11.7900      205.00
11.8100      201.00
11.8300      214.00
11.8500      214.00
11.8700      237.00
11.8900      256.00
11.9100      281.00
11.9300      294.00
11.9500      291.00
11.9700      318.00
11.9900      356.00
12.0100      364.00
12.0300      359.00
12.0500      398.00
12.0700      423.00
12.0900      395.00
12.1100      420.00
12.1300      408.00
12.1500      369.00
12.1700      402.00
12.1900      378.00
12.2100      348.00
12.2300      353.00
12.2500      320.00
12.2700      317.00
12.2900      316.00
12.3100      288.00
12.3300      298.00
12.3500      303.00
12.3700      323.00
12.3900      307.00
12.4100      356.00
12.4300      390.00
12.4500      399.00
12.4700      441.00
12.4900      456.00
12.5100      432.00
12.5300      407.00
12.5500      470.00
12.5700      394.00
12.5900      388.00
12.6100      314.00
12.6300      303.00
12.6500      297.00
12.6700      288.00
12.6900      228.00
12.7100      190.00
12.7300      198.00
12.7500      198.00
12.7700      174.00
12.7900      160.00
12.8100      166.00
12.8300      158.00
12.8500      152.00
12.8700      198.00
12.8900      165.00
12.9100      147.00
12.9300      141.00
12.9500      173.00
12.9700      186.00
12.9900      166.00
13.0100      174.00
13.0300      180.00
13.0500      177.00
13.0700      164.00
13.0900      146.00
13.1100      157.00
13.1300      165.00
13.1500      176.00
13.1700      159.00
13.1900      183.00
13.2100      163.00
13.2300      144.00
13.2500      177.00
13.2700      162.00
13.2900      148.00
13.3100      185.00
13.3300      160.00
13.3500      144.00
13.3700      173.00
13.3900      165.00
13.4100      157.00
13.4300      177.00
13.4500      158.00
13.4700      159.00
13.4900      172.00
13.5100      160.00
13.5300      166.00
13.5500      165.00
13.5700      192.00
13.5900      161.00
13.6100      147.00
13.6300      175.00
13.6500      165.00
13.6700      167.00
13.6900      186.00
13.7100      172.00
13.7300      179.00
13.7500      187.00
13.7700      171.00
13.7900      191.00
13.8100      191.00
13.8300      179.00
13.8500      194.00
13.8700      179.00
13.8900      217.00
13.9100      201.00
13.9300      203.00
13.9500      212.00
13.9700      247.00
13.9900      249.00
14.0100      286.00
14.0300      324.00
14.0500      346.00
14.0700      373.00
14.0900      417.00
14.1100      461.00
14.1300      484.00
14.1500      543.00
14.1700      585.00
14.1900      565.00
14.2100      619.00
14.2300      561.00
14.2500      570.00
14.2700      541.00
14.2900      517.00
14.3100      514.00
14.3300      485.00
14.3500      421.00
14.3700      400.00
14.3900      347.00
14.4100      364.00
14.4300      316.00
14.4500      282.00
14.4700      270.00
14.4900      268.00
14.5100      204.00
14.5300      219.00
14.5500      212.00
14.5700      194.00
14.5900      200.00
14.6100      184.00
14.6300      185.00
14.6500      179.00
14.6700      192.00
14.6900      149.00
14.7100      173.00
14.7300      166.00
14.7500      177.00
14.7700      179.00
14.7900      172.00
14.8100      172.00
14.8300      186.00
14.8500      194.00
14.8700      182.00
14.8900      179.00
14.9100      180.00
14.9300      158.00
14.9500      159.00
14.9700      160.00
14.9900      167.00
15.0100      186.00
15.0300      158.00
15.0500      166.00
15.0700      155.00
15.0900      166.00
15.1100      180.00
15.1300      166.00
15.1500      175.00
15.1700      153.00
15.1900      178.00
15.2100      160.00
15.2300      152.00
15.2500      150.00
15.2700      163.00
15.2900      178.00
15.3100      151.00
15.3300      171.00
15.3500      188.00
15.3700      184.00
15.3900      160.00
15.4100      184.00
15.4300      162.00
15.4500      157.00
15.4700      181.00
15.4900      183.00
15.5100      171.00
15.5300      156.00
15.5500      158.00
15.5700      190.00
15.5900      172.00
15.6100      162.00
15.6300      169.00
15.6500      189.00
15.6700      158.00
15.6900      200.00
15.7100      197.00
15.7300      184.00
15.7500      222.00
15.7700      227.00
15.7900      238.00
15.8100      233.00
15.8300      276.00
15.8500      264.00
15.8700      290.00
15.8900      321.00
15.9100      319.00
15.9300      312.00
15.9500      305.00
15.9700      308.00
15.9900      315.00
16.0100      310.00
16.0300      317.00
16.0500      294.00
16.0700      313.00
16.0900      328.00
16.1100      285.00
16.1300      340.00
16.1500      358.00
16.1700      367.00
16.1900      341.00
16.2100      374.00
16.2300      407.00
16.2500      343.00
16.2700      337.00
16.2900      340.00
16.3100      328.00
16.3300      320.00
16.3500      362.00
16.3700      387.00
16.3900      374.00
16.4100      434.00
16.4300      423.00
16.4500      444.00
16.4700      437.00
16.4900      465.00
16.5100      478.00
16.5300      422.00
16.5500      438.00
16.5700      436.00
16.5900      391.00
16.6100      365.00
16.6300      314.00
16.6500      262.00
16.6700      256.00
16.6900      231.00
16.7100      210.00
16.7300      195.00
16.7500      212.00
16.7700      204.00
16.7900      222.00
16.8100      237.00
16.8300      235.00
16.8500      213.00
16.8700      245.00
16.8900      274.00
16.9100      302.00
16.9300      333.00
16.9500      371.00
16.9700      378.00
16.9900      413.00
17.0100      430.00
17.0300      444.00
17.0500      483.00
17.0700      475.00
17.0900      431.00
17.1100      447.00
17.1300      443.00
17.1500      423.00
17.1700      403.00
17.1900      396.00
17.2100      387.00
17.2300      402.00
17.2500      369.00
17.2700      403.00
17.2900      435.00
17.3100      458.00
17.3300      488.00
17.3500      567.00
17.3700      660.00
17.3900      723.00
17.4100      802.00
17.4300      874.00
17.4500     1048.00
17.4700     1140.00
17.4900     1157.00
17.5100     1250.00
17.5300     1331.00
17.5500     1369.00
17.5700     1415.00
17.5900     1417.00
17.6100     1304.00
17.6300     1168.00
17.6500     1054.00
17.6700      916.00
17.6900      890.00
17.7100      719.00
17.7300      624.00
17.7500      526.00
17.7700      495.00
17.7900      393.00
17.8100      352.00
17.8300      344.00
17.8500      332.00
17.8700      260.00
17.8900      273.00
17.9100      257.00
17.9300      262.00
17.9500      257.00
17.9700      242.00
17.9900      247.00
18.0100      207.00
18.0300      243.00
18.0500      234.00
18.0700      216.00
18.0900      237.00
18.1100      215.00
18.1300      215.00
18.1500      228.00
18.1700      234.00
18.1900      250.00
18.2100      259.00
18.2300      303.00
18.2500      340.00
18.2700      340.00
18.2900      416.00
18.3100      410.00
18.3300      511.00
18.3500      468.00
18.3700      465.00
18.3900      494.00
18.4100      466.00
18.4300      480.00
18.4500      434.00
18.4700      425.00
18.4900      385.00
18.5100      389.00
18.5300      332.00
18.5500      295.00
18.5700      310.00
18.5900      283.00
18.6100      263.00
18.6300      276.00
18.6500      262.00
18.6700      241.00
18.6900      259.00
18.7100      266.00
18.7300      277.00
18.7500      268.00
18.7700      300.00
18.7900      272.00
18.8100      281.00
18.8300      254.00
18.8500      261.00
18.8700      257.00
18.8900      254.00
18.9100      227.00
18.9300      235.00
18.9500      236.00
18.9700      254.00
18.9900      229.00
19.0100      249.00
19.0300      234.00
19.0500      240.00
19.0700      238.00
19.0900      245.00
19.1100      291.00
19.1300      256.00
19.1500      286.00
19.1700      239.00
19.1900      242.00
19.2100      259.00
19.2300      251.00
19.2500      250.00
19.2700      232.00
19.2900      262.00
19.3100      257.00
19.3300      237.00
19.3500      257.00
19.3700      258.00
19.3900      295.00
19.4100      299.00
19.4300      336.00
19.4500      392.00
19.4700      468.00
19.4900      519.00
19.5100      621.00
19.5300      702.00
19.5500      816.00
19.5700      850.00
19.5900      920.00
19.6100      994.00
19.6300      972.00
19.6500      973.00
19.6700      965.00
19.6900      935.00
19.7100      838.00
19.7300      809.00
19.7500      789.00
19.7700      668.00
19.7900      601.00
19.8100      526.00
19.8300      436.00
19.8500      398.00
19.8700      395.00
19.8900      339.00
19.9100      298.00
19.9300      293.00
19.9500      275.00
19.9700      273.00
19.9900      218.00
20.0100      236.00
20.0300      227.00
20.0500      211.00
20.0700      241.00
20.0900      199.00
20.1100      200.00
20.1300      239.00
20.1500      223.00
20.1700      216.00
20.1900      173.00
20.2100      211.00
20.2300      258.00
20.2500      226.00
20.2700      218.00
20.2900      207.00
20.3100      253.00
20.3300      220.00
20.3500      223.00
20.3700      247.00
20.3900      265.00
20.4100      225.00
20.4300      240.00
20.4500      264.00
20.4700      277.00
20.4900      320.00
20.5100      352.00
20.5300      370.00
20.5500      425.00
20.5700      525.00
20.5900      575.00
20.6100      635.00
20.6300      721.00
20.6500      753.00
20.6700      806.00
20.6900      806.00
20.7100      880.00
20.7300      831.00
20.7500      871.00
20.7700      898.00
20.7900      925.00
20.8100      921.00
20.8300      960.00
20.8500     1032.00
20.8700     1102.00
20.8900     1246.00
20.9100     1279.00
20.9300     1505.00
20.9500     1541.00
20.9700     1745.00
20.9900     1776.00
21.0100     1767.00
21.0300     1868.00
21.0500     1782.00
21.0700     1725.00
21.0900     1508.00
21.1100     1393.00
21.1300     1255.00
21.1500     1044.00
21.1700      903.00
21.1900      754.00
21.2100      612.00
21.2300      542.00
21.2500      480.00
21.2700      346.00
21.2900      295.00
21.3100      258.00
21.3300      248.00
21.3500      213.00
21.3700      245.00
21.3900      192.00
21.4100      188.00
21.4300      212.00
21.4500      216.00
21.4700      178.00
21.4900      207.00
21.5100      185.00
21.5300      199.00
21.5500      193.00
21.5700      203.00
21.5900      188.00
21.6100      200.00
21.6300      201.00
21.6500      199.00
21.6700      197.00
21.6900      222.00
21.7100      196.00
21.7300      177.00
21.7500      193.00
21.7700      173.00
21.7900      204.00
21.8100      187.00
21.8300      197.00
21.8500      196.00
21.8700      217.00
21.8900      198.00
21.9100      226.00
21.9300      217.00
21.9500      216.00
21.9700      219.00
21.9900      248.00
22.0100      231.00
22.0300      254.00
22.0500      270.00
22.0700      271.00
22.0900      276.00
22.1100      297.00
22.1300      310.00
22.1500      323.00
22.1700      352.00
22.1900      380.00
22.2100      392.00
22.2300      397.00
22.2500      456.00
22.2700      450.00
22.2900      447.00
22.3100      519.00
22.3300      480.00
22.3500      482.00
22.3700      501.00
22.3900      503.00
22.4100      526.00
22.4300      563.00
22.4500      548.00
22.4700      607.00
22.4900      658.00
22.5100      700.00
22.5300      729.00
22.5500      872.00
22.5700      814.00
22.5900      889.00
22.6100      896.00
22.6300      866.00
22.6500      844.00
22.6700      756.00
22.6900      689.00
22.7100      648.00
22.7300      561.00
22.7500      530.00
22.7700      484.00
22.7900      448.00
22.8100      396.00
22.8300      450.00
22.8500      417.00
22.8700      436.00
22.8900      448.00
22.9100      482.00
22.9300      515.00
22.9500      507.00
22.9700      510.00
22.9900      563.00
23.0100      561.00
23.0300      552.00
23.0500      576.00
23.0700      550.00
23.0900      610.00
23.1100      543.00
23.1300      549.00
23.1500      516.00
23.1700      474.00
23.1900      517.00
23.2100      463.00
23.2300      481.00
23.2500      451.00
23.2700      491.00
23.2900      432.00
23.3100      491.00
23.3300      436.00
23.3500      504.00
23.3700      490.00
23.3900      518.00
23.4100      482.00
23.4300      445.00
23.4500      447.00
23.4700      439.00
23.4900      349.00
23.5100      360.00
23.5300      306.00
23.5500      306.00
23.5700      288.00
23.5900      248.00
23.6100      240.00
23.6300      214.00
23.6500      227.00
23.6700      221.00
23.6900      223.00
23.7100      225.00
23.7300      223.00
23.7500      254.00
23.7700      250.00
23.7900      264.00
23.8100      270.00
23.8300      287.00
23.8500      304.00
23.8700      299.00
23.8900      349.00
23.9100      393.00
23.9300      409.00
23.9500      456.00
23.9700      484.00
23.9900      543.00
24.0100      585.00
24.0300      589.00
24.0500      641.00
24.0700      689.00
24.0900      676.00
24.1100      648.00
24.1300      697.00
24.1500      641.00
24.1700      673.00
24.1900      643.00
24.2100      622.00
24.2300      721.00
24.2500      727.00
24.2700      699.00
24.2900      736.00
24.3100      808.00
24.3300      842.00
24.3500      838.00
24.3700      854.00
24.3900      822.00
24.4100      829.00
24.4300      772.00
24.4500      684.00
24.4700      641.00
24.4900      559.00
24.5100      526.00
24.5300      411.00
24.5500      378.00
24.5700      344.00
24.5900      308.00
24.6100      283.00
24.6300      263.00
24.6500      268.00
24.6700      238.00
24.6900      288.00
24.7100      285.00
24.7300      295.00
24.7500      314.00
24.7700      331.00
24.7900      378.00
24.8100      454.00
24.8300      503.00
24.8500      498.00
24.8700      560.00
24.8900      595.00
24.9100      580.00
24.9300      564.00
24.9500      581.00
24.9700      539.00
24.9900      517.00
25.0100      500.00
25.0300      452.00
25.0500      416.00
25.0700      354.00
25.0900      335.00
25.1100      289.00
25.1300      268.00
25.1500      221.00
25.1700      212.00
25.1900      211.00
25.2100      183.00
25.2300      207.00
25.2500      195.00
25.2700      168.00
25.2900      191.00
25.3100      171.00
25.3300      155.00
25.3500      184.00
25.3700      186.00
25.3900      157.00
25.4100      163.00
25.4300      184.00
25.4500      153.00
25.4700      168.00
25.4900      153.00
25.5100      171.00
25.5300      163.00
25.5500      180.00
25.5700      169.00
25.5900      187.00
25.6100      166.00
25.6300      162.00
25.6500      195.00
25.6700      171.00
25.6900      164.00
25.7100      189.00
25.7300      224.00
25.7500      180.00
25.7700      199.00
25.7900      176.00
25.8100      184.00
25.8300      210.00
25.8500      208.00
25.8700      213.00
25.8900      219.00
25.9100      261.00
25.9300      296.00
25.9500      261.00
25.9700      299.00
25.9900      295.00
26.0100      320.00
26.0300      325.00
26.0500      359.00
26.0700      347.00
26.0900      374.00
26.1100      374.00
26.1300      405.00
26.1500      399.00
26.1700      446.00
26.1900      416.00
26.2100      416.00
26.2300      414.00
26.2500      390.00
26.2700      381.00
26.2900      370.00
26.3100      369.00
26.3300      326.00
26.3500      357.00
26.3700      348.00
26.3900      345.00
26.4100      368.00
26.4300      404.00
26.4500      373.00
26.4700      354.00
26.4900      345.00
26.5100      342.00
26.5300      325.00
26.5500      335.00
26.5700      297.00
26.5900      289.00
26.6100      278.00
26.6300      236.00
26.6500      250.00
26.6700      231.00
26.6900      190.00
26.7100      192.00
26.7300      186.00
26.7500      189.00
26.7700      180.00
26.7900      164.00
26.8100      165.00
26.8300      150.00
26.8500      193.00
26.8700      171.00
26.8900      194.00
26.9100      203.00
26.9300      203.00
26.9500      191.00
26.9700      217.00
26.9900      200.00
27.0100      197.00
27.0300      224.00
27.0500      209.00
27.0700      222.00
27.0900      206.00
27.1100      212.00
27.1300      229.00
27.1500      229.00
27.1700      234.00
27.1900      229.00
27.2100      232.00
27.2300      244.00
27.2500      285.00
27.2700      261.00
27.2900      272.00
27.3100      262.00
27.3300      274.00
27.3500      259.00
27.3700      278.00
27.3900      273.00
27.4100      300.00
27.4300      274.00
27.4500      321.00
27.4700      337.00
27.4900      319.00
27.5100      351.00
27.5300      404.00
27.5500      446.00
27.5700      496.00
27.5900      474.00
27.6100      582.00
27.6300      559.00
27.6500      594.00
27.6700      572.00
27.6900      638.00
27.7100      600.00
27.7300      570.00
27.7500      573.00
27.7700      524.00
27.7900      511.00
27.8100      474.00
27.8300      421.00
27.8500      388.00
27.8700      358.00
27.8900      374.00
27.9100      306.00
27.9300      261.00
27.9500      256.00
27.9700      243.00
27.9900      274.00
28.0100      228.00
28.0300      233.00
28.0500      230.00
28.0700      215.00
28.0900      232.00
28.1100      216.00
28.1300      222.00
28.1500      210.00
28.1700      232.00
28.1900      244.00
28.2100      223.00
28.2300      239.00
28.2500      281.00
28.2700      345.00
28.2900      350.00
28.3100      341.00
28.3300      393.00
28.3500      500.00
28.3700      551.00
28.3900      632.00
28.4100      645.00
28.4300      731.00
28.4500      765.00
28.4700      761.00
28.4900      800.00
28.5100      850.00
28.5300      781.00
28.5500      752.00
28.5700      684.00
28.5900      607.00
28.6100      618.00
28.6300      589.00
28.6500      512.00
28.6700      483.00
28.6900      497.00
28.7100      463.00
28.7300      417.00
28.7500      387.00
28.7700      375.00
28.7900      344.00
28.8100      348.00
28.8300      304.00
28.8500      307.00
28.8700      302.00
28.8900      289.00
28.9100      291.00
28.9300      289.00
28.9500      290.00
28.9700      311.00
28.9900      298.00
29.0100      320.00
29.0300      299.00
29.0500      306.00
29.0700      360.00
29.0900      316.00
29.1100      361.00
29.1300      354.00
29.1500      341.00
29.1700      348.00
29.1900      338.00
29.2100      362.00
29.2300      325.00
29.2500      347.00
29.2700      309.00
29.2900      359.00
29.3100      362.00
29.3300      332.00
29.3500      404.00
29.3700      371.00
29.3900      423.00
29.4100      391.00
29.4300      413.00
29.4500      405.00
29.4700      391.00
29.4900      384.00
29.5100      399.00
29.5300      384.00
29.5500      330.00
29.5700      319.00
29.5900      300.00
29.6100      250.00
29.6300      257.00
29.6500      197.00
29.6700      219.00
29.6900      196.00
29.7100      178.00
29.7300      188.00
29.7500      165.00
29.7700      173.00
29.7900      174.00
29.8100      173.00
29.8300      156.00
29.8500      162.00
29.8700      156.00
29.8900      180.00
29.9100      189.00
29.9300      201.00
29.9500      208.00
29.9700      243.00
29.9900      269.00
30.0100      238.00
30.0300      273.00
30.0500      271.00
30.0700      273.00
30.0900      289.00
30.1100      280.00
30.1300      287.00
30.1500      254.00
30.1700      266.00
30.1900      280.00
30.2100      296.00
30.2300      258.00
30.2500      301.00
30.2700      273.00
30.2900      299.00
30.3100      260.00
30.3300      257.00
30.3500      225.00
30.3700      230.00
30.3900      233.00
30.4100      208.00
30.4300      196.00
30.4500      214.00
30.4700      220.00
30.4900      190.00
30.5100      188.00
30.5300      196.00
30.5500      200.00
30.5700      171.00
30.5900      201.00
30.6100      224.00
30.6300      213.00
30.6500      198.00
30.6700      212.00
30.6900      219.00
30.7100      190.00
30.7300      187.00
30.7500      207.00
30.7700      181.00
30.7900      181.00
30.8100      199.00
30.8300      167.00
30.8500      197.00
30.8700      162.00
30.8900      160.00
30.9100      170.00
30.9300      166.00
30.9500      191.00
30.9700      179.00
30.9900      166.00
31.0100      189.00
31.0300      164.00
31.0500      139.00
31.0700      158.00
31.0900      151.00
31.1100      171.00
31.1300      153.00
31.1500      147.00
31.1700      157.00
31.1900      147.00
31.2100      133.00
31.2300      152.00
31.2500      145.00
31.2700      136.00
31.2900      143.00
31.3100      126.00
31.3300      131.00
31.3500      143.00
31.3700      176.00
31.3900      151.00
31.4100      161.00
31.4300      176.00
31.4500      176.00
31.4700      168.00
31.4900      179.00
31.5100      208.00
31.5300      213.00
31.5500      178.00
31.5700      180.00
31.5900      159.00
31.6100      164.00
31.6300      186.00
31.6500      178.00
31.6700      194.00
31.6900      167.00
31.7100      191.00
31.7300      180.00
31.7500      166.00
31.7700      154.00
31.7900      165.00
31.8100      181.00
31.8300      151.00
31.8500      171.00
31.8700      205.00
31.8900      183.00
31.9100      195.00
31.9300      210.00
31.9500      202.00
31.9700      220.00
31.9900      206.00
32.0100      227.00
32.0300      206.00
32.0500      204.00
32.0700      234.00
32.0900      254.00
32.1100      256.00
32.1300      253.00
32.1500      247.00
32.1700      218.00
32.1900      257.00
32.2100      258.00
32.2300      266.00
32.2500      241.00
32.2700      236.00
32.2900      237.00
32.3100      244.00
32.3300      223.00
32.3500      240.00
32.3700      231.00
32.3900      264.00
32.4100      246.00
32.4300      269.00
32.4500      264.00
32.4700      305.00
32.4900      282.00
32.5100      313.00
32.5300      303.00
32.5500      266.00
32.5700      322.00
32.5900      322.00
32.6100      301.00
32.6300      299.00
32.6500      295.00
32.6700      282.00
32.6900      312.00
32.7100      273.00
32.7300      271.00
32.7500      271.00
32.7700      234.00
32.7900      236.00
32.8100      233.00
32.8300      237.00
32.8500      204.00
32.8700      201.00
32.8900      208.00
32.9100      189.00
32.9300      246.00
32.9500      206.00
32.9700      211.00
32.9900      174.00
33.0100      216.00
33.0300      222.00
33.0500      195.00
33.0700      215.00
33.0900      219.00
33.1100      254.00
33.1300      223.00
33.1500      245.00
33.1700      263.00
33.1900      222.00
33.2100      268.00
33.2300      275.00
33.2500      285.00
33.2700      293.00
33.2900      290.00
33.3100      266.00
33.3300      290.00
33.3500      270.00
33.3700      276.00
33.3900      276.00
33.4100      227.00
33.4300      246.00
33.4500      263.00
33.4700      223.00
33.4900      244.00
33.5100      231.00
33.5300      229.00
33.5500      186.00
33.5700      175.00
33.5900      195.00
33.6100      174.00
33.6300      179.00
33.6500      196.00
33.6700      185.00
33.6900      161.00
33.7100      142.00
33.7300      179.00
33.7500      166.00
33.7700      147.00
33.7900      159.00
33.8100      145.00
33.8300      137.00
33.8500      149.00
33.8700      157.00
33.8900      166.00
33.9100      168.00
33.9300      139.00
33.9500      168.00
33.9700      145.00
33.9900      178.00
34.0100      184.00
34.0300      221.00
34.0500      210.00
34.0700      223.00
34.0900      229.00
34.1100      266.00
34.1300      272.00
34.1500      247.00
34.1700      266.00
34.1900      273.00
34.2100      292.00
34.2300      263.00
34.2500      291.00
34.2700      265.00
34.2900      262.00
34.3100      215.00
34.3300      229.00
34.3500      178.00
34.3700      162.00
34.3900      155.00
34.4100      174.00
34.4300      163.00
34.4500      146.00
34.4700      146.00
34.4900      152.00
34.5100      158.00
34.5300      139.00
34.5500      152.00
34.5700      153.00
34.5900      164.00
34.6100      142.00
34.6300      155.00
34.6500      135.00
34.6700      147.00
34.6900      134.00
34.7100      149.00
34.7300      140.00
34.7500      160.00
34.7700      159.00
34.7900      162.00
34.8100      182.00
34.8300      162.00
34.8500      169.00
34.8700      169.00
34.8900      159.00
34.9100      190.00
34.9300      189.00
34.9500      150.00
