 2.1500      308.00
 2.1700      289.00
 2.1900      293.00
 2.2100      288.00
 2.2300      307.00
 2.2500      284.00
 2.2700      311.00
 2.2900      301.00
 2.3100      292.00
 2.3300      268.00
 2.3500      297.00
 2.3700      272.00
 2.3900      262.00
 2.4100      287.00
 2.4300      267.00
 2.4500      272.00
 2.4700      266.00
 2.4900      274.00
 2.5100      302.00
 2.5300      314.00
 2.5500      288.00
 2.5700      280.00
 2.5900      256.00
 2.6100      269.00
 2.6300      275.00
 2.6500      265.00
 2.6700      298.00
 2.6900      260.00
 2.7100      271.00
 2.7300      264.00
 2.7500      268.00
 2.7700      266.00
 2.7900      238.00
 2.8100      237.00
 2.8300      264.00
 2.8500      250.00
 2.8700      256.00
 2.8900      271.00
 2.9100      262.00
 2.9300      240.00
 2.9500      261.00
 2.9700      250.00
 2.9900      257.00
 3.0100      248.00
 3.0300      241.00
 3.0500      234.00
 3.0700      239.00
 3.0900      232.00
 3.1100      223.00
 3.1300      261.00
 3.1500      252.00
 3.1700      250.00
 3.1900      224.00
 3.2100      219.00
 3.2300      213.00
 3.2500      225.00
 3.2700      223.00
 3.2900      202.00
 3.3100      226.00
 3.3300      229.00
 3.3500      215.00
 3.3700      238.00
 3.3900      208.00
 3.4100      207.00
 3.4300      179.00
 3.4500      216.00
 3.4700      226.00
 3.4900      226.00
 3.5100      209.00
 3.5300      193.00
 3.5500      198.00
 3.5700      229.00
 3.5900      202.00
 3.6100      201.00
 3.6300      194.00
 3.6500      199.00
 3.6700      195.00
 3.6900      195.00
 3.7100      192.00
 3.7300      188.00
 3.7500      170.00
 3.7700      176.00
 3.7900      178.00
 3.8100      188.00
 3.8300      181.00
 3.8500      198.00
 3.8700      172.00
 3.8900      188.00
 3.9100      176.00
 3.9300      188.00
 3.9500      168.00
 3.9700      175.00
 3.9900      161.00
 4.0100      168.00
 4.0300      198.00
 4.0500      159.00
 4.0700      169.00
 4.0900      156.00
 4.1100      178.00
 4.1300      193.00
 4.1500      154.00
 4.1700      160.00
 4.1900      169.00
 4.2100      145.00
 4.2300      166.00
 4.2500      151.00
 4.2700      172.00
 4.2900      173.00
 4.3100      137.00
 4.3300      162.00
 4.3500      157.00
 4.3700      147.00
 4.3900      169.00
 4.4100      139.00
 4.4300      148.00
 4.4500      156.00
 4.4700      152.00
 4.4900      125.00
 4.5100      132.00
 4.5300      160.00
 4.5500      128.00
 4.5700      134.00
 4.5900      131.00
 4.6100      154.00
 4.6300      158.00
 4.6500      148.00
 4.6700      153.00
 4.6900      151.00
 4.7100      120.00
 4.7300      131.00
 4.7500      129.00
 4.7700      127.00
 4.7900      119.00
 4.8100      126.00
 4.8300      138.00
 4.8500      117.00
 4.8700      131.00
 4.8900      140.00
 4.9100      153.00
 4.9300      155.00
 4.9500      124.00
 4.9700      133.00
 4.9900      131.00
 5.0100      131.00
 5.0300      122.00
 5.0500      130.00
 5.0700      135.00
 5.0900      149.00
 5.1100      129.00
 5.1300      140.00
 5.1500      121.00
 5.1700      132.00
 5.1900      139.00
 5.2100      126.00
 5.2300      124.00
 5.2500      132.00
 5.2700      131.00
 5.2900      130.00
 5.3100      131.00
 5.3300      122.00
 5.3500      131.00
 5.3700      129.00
 5.3900      130.00
 5.4100      154.00
 5.4300      122.00
 5.4500      128.00
 5.4700      134.00
 5.4900      127.00
 5.5100      142.00
 5.5300      141.00
 5.5500      123.00
 5.5700      142.00
 5.5900      126.00
 5.6100      151.00
 5.6300      139.00
 5.6500      154.00
 5.6700      124.00
 5.6900      163.00
 5.7100      136.00
 5.7300      127.00
 5.7500      129.00
 5.7700      139.00
 5.7900      128.00
 5.8100      136.00
 5.8300      149.00
 5.8500      119.00
 5.8700      134.00
 5.8900      135.00
 5.9100      137.00
 5.9300      122.00
 5.9500      129.00
 5.9700      126.00
 5.9900      135.00
 6.0100      110.00
 6.0300      129.00
 6.0500      132.00
 6.0700      134.00
 6.0900      148.00
 6.1100      125.00
 6.1300      136.00
 6.1500      134.00
 6.1700      147.00
 6.1900      121.00
 6.2100      137.00
 6.2300      140.00
 6.2500      131.00
 6.2700      143.00
 6.2900      128.00
 6.3100      104.00
 6.3300      128.00
 6.3500      140.00
 6.3700      140.00
 6.3900      136.00
 6.4100      145.00
 6.4300      152.00
 6.4500      147.00
 6.4700      137.00
 6.4900      126.00
 6.5100      111.00
 6.5300      154.00
 6.5500      140.00
 6.5700      109.00
 6.5900      135.00
 6.6100      127.00
 6.6300      146.00
 6.6500      157.00
 6.6700      150.00
 6.6900      135.00
 6.7100      132.00
 6.7300      141.00
 6.7500      133.00
 6.7700      148.00
 6.7900      161.00
 6.8100      136.00
 6.8300      140.00
 6.8500      131.00
 6.8700      123.00
 6.8900      152.00
 6.9100      134.00
 6.9300      140.00
 6.9500      133.00
 6.9700      131.00
 6.9900      130.00
 7.0100      140.00
 7.0300      147.00
 7.0500      108.00
 7.0700      143.00
 7.0900      115.00
 7.1100      147.00
 7.1300      135.00
 7.1500      124.00
 7.1700      137.00
 7.1900      137.00
 7.2100      143.00
 7.2300      134.00
 7.2500      140.00
 7.2700      122.00
 7.2900      122.00
 7.3100      128.00
 7.3300      161.00
 7.3500      119.00
 7.3700      124.00
 7.3900      126.00
 7.4100      155.00
 7.4300      119.00
 7.4500      148.00
 7.4700      134.00
 7.4900      123.00
 7.5100      136.00
 7.5300      133.00
 7.5500      123.00
 7.5700      124.00
 7.5900      121.00
 7.6100      150.00
 7.6300      139.00
 7.6500      113.00
 7.6700      139.00
 7.6900      139.00
 7.7100      120.00
 7.7300      125.00
 7.7500      135.00
 7.7700      121.00
 7.7900      129.00
 7.8100      146.00
 7.8300      127.00
 7.8500      147.00
 7.8700      142.00
 7.8900      130.00
 7.9100      142.00
 7.9300      114.00
 7.9500      128.00
 7.9700      132.00
 7.9900      120.00
 8.0100      122.00
 8.0300      137.00
 8.0500      149.00
 8.0700      117.00
 8.0900      123.00
 8.1100      133.00
 8.1300      136.00
 8.1500      109.00
 8.1700      132.00
 8.1900      144.00
 8.2100      138.00
 8.2300      128.00
 8.2500      118.00
 8.2700      126.00
 8.2900      124.00
 8.3100      127.00
 8.3300      134.00
 8.3500      141.00
 8.3700      146.00
 8.3900      138.00
 8.4100      135.00
 8.4300      154.00
 8.4500      115.00
 8.4700      134.00
 8.4900      159.00
 8.5100      128.00
 8.5300      154.00
 8.5500      138.00
 8.5700      149.00
 8.5900      129.00
 8.6100      157.00
 8.6300      143.00
 8.6500      146.00
 8.6700      171.00
 8.6900      180.00
 8.7100      164.00
 8.7300      181.00
 8.7500      181.00
 8.7700      189.00
 8.7900      163.00
 8.8100      160.00
 8.8300      208.00
 8.8500      179.00
 8.8700      152.00
 8.8900      171.00
 8.9100      182.00
 8.9300      161.00
 8.9500      145.00
 8.9700      121.00
 8.9900      115.00
 9.0100      155.00
 9.0300      138.00
 9.0500      123.00
 9.0700      135.00
 9.0900      159.00
 9.1100      141.00
 9.1300      130.00
 9.1500      136.00
 9.1700      161.00
 9.1900      137.00
 9.2100      152.00
 9.2300      145.00
 9.2500      150.00
 9.2700      163.00
 9.2900      141.00
 9.3100      138.00
 9.3300      123.00
 9.3500      150.00
 9.3700      140.00
 9.3900      154.00
 9.4100      141.00
 9.4300      130.00
 9.4500      144.00
 9.4700      138.00
 9.4900      124.00
 9.5100      148.00
 9.5300      134.00
 9.5500      143.00
 9.5700      158.00
 9.5900      138.00
 9.6100      148.00
 9.6300      157.00
 9.6500      149.00
 9.6700      145.00
 9.6900      157.00
 9.7100      153.00
 9.7300      158.00
 9.7500      151.00
 9.7700      158.00
 9.7900      170.00
 9.8100      175.00
 9.8300      161.00
 9.8500      132.00
 9.8700      151.00
 9.8900      169.00
 9.9100      154.00
 9.9300      179.00
 9.9500      171.00
 9.9700      173.00
 9.9900      164.00
10.0100      169.00
10.0300      166.00
10.0500      150.00
10.0700      177.00
10.0900      177.00
10.1100      161.00
10.1300      126.00
10.1500      136.00
10.1700      135.00
10.1900      143.00
10.2100      158.00
10.2300      134.00
10.2500      173.00
10.2700      151.00
10.2900      142.00
10.3100      127.00
10.3300      154.00
10.3500      147.00
10.3700      137.00
10.3900      160.00
10.4100      162.00
10.4300      146.00
10.4500      157.00
10.4700      158.00
10.4900      141.00
10.5100      148.00
10.5300      146.00
10.5500      169.00
10.5700      155.00
10.5900      165.00
10.6100      174.00
10.6300      145.00
10.6500      162.00
10.6700      169.00
10.6900      157.00
10.7100      171.00
10.7300      205.00
10.7500      179.00
10.7700      184.00
10.7900      190.00
10.8100      201.00
10.8300      216.00
10.8500      252.00
10.8700      240.00
10.8900      263.00
10.9100      275.00
10.9300      338.00
10.9500      323.00
10.9700      326.00
10.9900      351.00
11.0100      372.00
11.0300      398.00
11.0500      419.00
11.0700      401.00
11.0900      365.00
11.1100      399.00
11.1300      342.00
11.1500      354.00
11.1700      343.00
11.1900      313.00
11.2100      317.00
11.2300      299.00
11.2500      308.00
11.2700      332.00
11.2900      287.00
11.3100      299.00
11.3300      244.00
11.3500      249.00
11.3700      245.00
11.3900      218.00
11.4100      203.00
11.4300      177.00
11.4500      154.00
11.4700      172.00
11.4900      155.00
11.5100      157.00
11.5300      149.00
11.5500      141.00
11.5700      186.00
11.5900      129.00
11.6100      158.00
11.6300      163.00
11.6500      148.00
11.6700      156.00
11.6900      173.00
11.7100      182.00
11.7300      175.00
11.7500      195.00
11.7700      174.00
11.7900      178.00
11.8100      185.00
11.8300      184.00
11.8500      189.00
11.8700      201.00
11.8900      191.00
11.9100      236.00
11.9300      212.00
11.9500      281.00
11.9700      271.00
11.9900      281.00
12.0100      301.00
12.0300      310.00
12.0500      340.00
12.0700      349.00
12.0900      337.00
12.1100      337.00
12.1300      363.00
12.1500      309.00
12.1700      315.00
12.1900      314.00
12.2100      291.00
12.2300      287.00
12.2500      274.00
12.2700      242.00
12.2900      236.00
12.3100      262.00
12.3300      291.00
12.3500      272.00
12.3700      306.00
12.3900      326.00
12.4100      354.00
12.4300      363.00
12.4500      418.00
12.4700      422.00
12.4900      453.00
12.5100      495.00
12.5300      453.00
12.5500      433.00
12.5700      439.00
12.5900      388.00
12.6100      368.00
12.6300      321.00
12.6500      276.00
12.6700      218.00
12.6900      198.00
12.7100      188.00
12.7300      162.00
12.7500      171.00
12.7700      165.00
12.7900      167.00
12.8100      157.00
12.8300      163.00
12.8500      159.00
12.8700      173.00
12.8900      163.00
12.9100      154.00
12.9300      160.00
12.9500      158.00
12.9700      168.00
12.9900      158.00
13.0100      161.00
13.0300      156.00
13.0500      170.00
13.0700      177.00
13.0900      190.00
13.1100      147.00
13.1300      157.00
13.1500      144.00
13.1700      163.00
13.1900      149.00
13.2100      141.00
13.2300      139.00
13.2500      172.00
13.2700      169.00
13.2900      148.00
13.3100      162.00
13.3300      188.00
13.3500      163.00
13.3700      158.00
13.3900      152.00
13.4100      175.00
13.4300      162.00
13.4500      160.00
13.4700      155.00
13.4900      147.00
13.5100      165.00
13.5300      164.00
13.5500      151.00
13.5700      159.00
13.5900      181.00
13.6100      161.00
13.6300      154.00
13.6500      170.00
13.6700      153.00
13.6900      148.00
13.7100      171.00
13.7300      179.00
13.7500      162.00
13.7700      178.00
13.7900      180.00
13.8100      188.00
13.8300      189.00
13.8500      166.00
13.8700      191.00
13.8900      180.00
13.9100      202.00
13.9300      213.00
13.9500      220.00
13.9700      216.00
13.9900      240.00
14.0100      241.00
14.0300      253.00
14.0500      317.00
14.0700      327.00
14.0900      430.00
14.1100      418.00
14.1300      492.00
14.1500      498.00
14.1700      512.00
14.1900      566.00
14.2100      504.00
14.2300      596.00
14.2500      539.00
14.2700      460.00
14.2900      481.00
14.3100      457.00
14.3300      403.00
14.3500      342.00
14.3700      284.00
14.3900      305.00
14.4100      292.00
14.4300      266.00
14.4500      246.00
14.4700      229.00
14.4900      209.00
14.5100      215.00
14.5300      178.00
14.5500      155.00
14.5700      173.00
14.5900      174.00
14.6100      160.00
14.6300      169.00
14.6500      178.00
14.6700      187.00
14.6900      166.00
14.7100      171.00
14.7300      169.00
14.7500      149.00
14.7700      174.00
14.7900      155.00
14.8100      186.00
14.8300      149.00
14.8500      157.00
14.8700      156.00
14.8900      153.00
14.9100      163.00
14.9300      151.00
14.9500      162.00
14.9700      159.00
14.9900      146.00
15.0100      157.00
15.0300      164.00
15.0500      163.00
15.0700      185.00
15.0900      148.00
15.1100      135.00
15.1300      186.00
15.1500      146.00
15.1700      180.00
15.1900      159.00
15.2100      161.00
15.2300      132.00
15.2500      154.00
15.2700      158.00
15.2900      143.00
15.3100      161.00
15.3300      146.00
15.3500      167.00
15.3700      165.00
15.3900      151.00
15.4100      169.00
15.4300      147.00
15.4500      152.00
15.4700      160.00
15.4900      176.00
15.5100      161.00
15.5300      183.00
15.5500      168.00
15.5700      152.00
15.5900      183.00
15.6100      166.00
15.6300      166.00
15.6500      180.00
15.6700      150.00
15.6900      158.00
15.7100      191.00
15.7300      203.00
15.7500      221.00
15.7700      183.00
15.7900      250.00
15.8100      243.00
15.8300      263.00
15.8500      270.00
15.8700      297.00
15.8900      264.00
15.9100      301.00
15.9300      302.00
15.9500      304.00
15.9700      295.00
15.9900      292.00
16.0100      293.00
16.0300      290.00
16.0500      271.00
16.0700      285.00
16.0900      261.00
16.1100      283.00
16.1300      262.00
16.1500      273.00
16.1700      264.00
16.1900      249.00
16.2100      276.00
16.2300      274.00
16.2500      272.00
16.2700      308.00
16.2900      252.00
16.3100      283.00
16.3300      257.00
16.3500      251.00
16.3700      246.00
16.3900      260.00
16.4100      262.00
16.4300      312.00
16.4500      334.00
16.4700      305.00
16.4900      258.00
16.5100      268.00
16.5300      310.00
16.5500      292.00
16.5700      245.00
16.5900      230.00
16.6100      227.00
16.6300      223.00
16.6500      202.00
16.6700      179.00
16.6900      172.00
16.7100      189.00
16.7300      195.00
16.7500      164.00
16.7700      175.00
16.7900      185.00
16.8100      206.00
16.8300      193.00
16.8500      201.00
16.8700      198.00
16.8900      225.00
16.9100      251.00
16.9300      245.00
16.9500      272.00
16.9700      266.00
16.9900      292.00
17.0100      313.00
17.0300      294.00
17.0500      344.00
17.0700      325.00
17.0900      326.00
17.1100      326.00
17.1300      334.00
17.1500      338.00
17.1700      317.00
17.1900      315.00
17.2100      293.00
17.2300      319.00
17.2500      304.00
17.2700      348.00
17.2900      377.00
17.3100      410.00
17.3300      464.00
17.3500      502.00
17.3700      561.00
17.3900      696.00
17.4100      784.00
17.4300      936.00
17.4500     1045.00
17.4700     1209.00
17.4900     1267.00
17.5100     1397.00
17.5300     1525.00
17.5500     1568.00
17.5700     1613.00
17.5900     1557.00
17.6100     1551.00
17.6300     1451.00
17.6500     1319.00
17.6700     1131.00
17.6900      983.00
17.7100      810.00
17.7300      637.00
17.7500      511.00
17.7700      372.00
17.7900      343.00
17.8100      320.00
17.8300      279.00
17.8500      263.00
17.8700      270.00
17.8900      277.00
17.9100      249.00
17.9300      233.00
17.9500      256.00
17.9700      251.00
17.9900      228.00
18.0100      213.00
18.0300      204.00
18.0500      197.00
18.0700      219.00
18.0900      202.00
18.1100      215.00
18.1300      225.00
18.1500      185.00
18.1700      211.00
18.1900      212.00
18.2100      257.00
18.2300      265.00
18.2500      258.00
18.2700      312.00
18.2900      316.00
18.3100      341.00
18.3300      383.00
18.3500      421.00
18.3700      458.00
18.3900      496.00
18.4100      488.00
18.4300      482.00
18.4500      451.00
18.4700      439.00
18.4900      434.00
18.5100      392.00
18.5300      329.00
18.5500      343.00
18.5700      276.00
18.5900      254.00
18.6100      219.00
18.6300      211.00
18.6500      231.00
18.6700      228.00
18.6900      222.00
18.7100      231.00
18.7300      249.00
18.7500      261.00
18.7700      248.00
18.7900      249.00
18.8100      241.00
18.8300      248.00
18.8500      257.00
18.8700      254.00
18.8900      224.00
18.9100      237.00
18.9300      210.00
18.9500      240.00
18.9700      225.00
18.9900      218.00
19.0100      216.00
19.0300      252.00
19.0500      240.00
19.0700      233.00
19.0900      235.00
19.1100      241.00
19.1300      227.00
19.1500      249.00
19.1700      256.00
19.1900      257.00
19.2100      227.00
19.2300      251.00
19.2500      220.00
19.2700      225.00
19.2900      256.00
19.3100      213.00
19.3300      231.00
19.3500      202.00
19.3700      230.00
19.3900      244.00
19.4100      269.00
19.4300      263.00
19.4500      306.00
19.4700      359.00
19.4900      373.00
19.5100      457.00
19.5300      503.00
19.5500      593.00
19.5700      657.00
19.5900      726.00
19.6100      773.00
19.6300      832.00
19.6500      877.00
19.6700      915.00
19.6900      852.00
19.7100      854.00
19.7300      831.00
19.7500      734.00
19.7700      679.00
19.7900      595.00
19.8100      522.00
19.8300      488.00
19.8500      476.00
19.8700      352.00
19.8900      319.00
19.9100      278.00
19.9300      240.00
19.9500      225.00
19.9700      188.00
19.9900      226.00
20.0100      216.00
20.0300      210.00
20.0500      179.00
20.0700      196.00
20.0900      195.00
20.1100      164.00
20.1300      198.00
20.1500      188.00
20.1700      184.00
20.1900      192.00
20.2100      166.00
20.2300      182.00
20.2500      201.00
20.2700      196.00
20.2900      186.00
20.3100      197.00
20.3300      188.00
20.3500      214.00
20.3700      201.00
20.3900      195.00
20.4100      211.00
20.4300      199.00
20.4500      219.00
20.4700      210.00
20.4900      276.00
20.5100      261.00
20.5300      271.00
20.5500      330.00
20.5700      328.00
20.5900      380.00
20.6100      396.00
20.6300      460.00
20.6500      483.00
20.6700      506.00
20.6900      501.00
20.7100      493.00
20.7300      520.00
20.7500      509.00
20.7700      510.00
20.7900      521.00
20.8100      581.00
20.8300      652.00
20.8500      701.00
20.8700      794.00
20.8900      902.00
20.9100      955.00
20.9300     1133.00
20.9500     1295.00
20.9700     1321.00
20.9900     1509.00
21.0100     1562.00
21.0300     1674.00
21.0500     1544.00
21.0700     1651.00
21.0900     1374.00
21.1100     1392.00
21.1300     1146.00
21.1500      988.00
21.1700      816.00
21.1900      713.00
21.2100      531.00
21.2300      428.00
21.2500      306.00
21.2700      288.00
21.2900      252.00
21.3100      221.00
21.3300      195.00
21.3500      218.00
21.3700      189.00
21.3900      196.00
21.4100      180.00
21.4300      175.00
21.4500      183.00
21.4700      160.00
21.4900      181.00
21.5100      198.00
21.5300      162.00
21.5500      166.00
21.5700      181.00
21.5900      156.00
21.6100      168.00
21.6300      149.00
21.6500      178.00
21.6700      169.00
21.6900      198.00
21.7100      144.00
21.7300      159.00
21.7500      159.00
21.7700      156.00
21.7900      151.00
21.8100      167.00
21.8300      194.00
21.8500      158.00
21.8700      166.00
21.8900      173.00
21.9100      184.00
21.9300      178.00
21.9500      166.00
21.9700      173.00
21.9900      184.00
22.0100      205.00
22.0300      184.00
22.0500      219.00
22.0700      222.00
22.0900      241.00
22.1100      236.00
22.1300      231.00
22.1500      251.00
22.1700      264.00
22.1900      290.00
22.2100      289.00
22.2300      320.00
22.2500      267.00
22.2700      339.00
22.2900      297.00
22.3100      346.00
22.3300      349.00
22.3500      326.00
22.3700      340.00
22.3900      323.00
22.4100      310.00
22.4300      298.00
22.4500      369.00
22.4700      375.00
22.4900      376.00
22.5100      461.00
22.5300      486.00
22.5500      485.00
22.5700      541.00
22.5900      506.00
22.6100      572.00
22.6300      540.00
22.6500      478.00
22.6700      495.00
22.6900      442.00
22.7100      396.00
22.7300      356.00
22.7500      328.00
22.7700      301.00
22.7900      282.00
22.8100      287.00
22.8300      282.00
22.8500      247.00
22.8700      319.00
22.8900      290.00
22.9100      292.00
22.9300      311.00
22.9500      324.00
22.9700      318.00
22.9900      342.00
23.0100      363.00
23.0300      370.00
23.0500      372.00
23.0700      397.00
23.0900      405.00
23.1100      409.00
23.1300      378.00
23.1500      384.00
23.1700      338.00
23.1900      380.00
23.2100      369.00
23.2300      359.00
23.2500      368.00
23.2700      354.00
23.2900      361.00
23.3100      369.00
23.3300      421.00
23.3500      412.00
23.3700      365.00
23.3900      401.00
23.4100      391.00
23.4300      414.00
23.4500      403.00
23.4700      381.00
23.4900      325.00
23.5100      319.00
23.5300      295.00
23.5500      267.00
23.5700      202.00
23.5900      198.00
23.6100      206.00
23.6300      178.00
23.6500      183.00
23.6700      179.00
23.6900      162.00
23.7100      204.00
23.7300      187.00
23.7500      218.00
23.7700      207.00
23.7900      191.00
23.8100      207.00
23.8300      195.00
23.8500      240.00
23.8700      251.00
23.8900      246.00
23.9100      289.00
23.9300      323.00
23.9500      329.00
23.9700      353.00
23.9900      392.00
24.0100      402.00
24.0300      387.00
24.0500      427.00
24.0700      456.00
24.0900      434.00
24.1100      445.00
24.1300      407.00
24.1500      400.00
24.1700      402.00
24.1900      394.00
24.2100      370.00
24.2300      385.00
24.2500      438.00
24.2700      469.00
24.2900      501.00
24.3100      506.00
24.3300      538.00
24.3500      563.00
24.3700      544.00
24.3900      570.00
24.4100      526.00
24.4300      508.00
24.4500      406.00
24.4700      440.00
24.4900      326.00
24.5100      313.00
24.5300      254.00
24.5500      267.00
24.5700      233.00
24.5900      233.00
24.6100      206.00
24.6300      186.00
24.6500      196.00
24.6700      220.00
24.6900      243.00
24.7100      219.00
24.7300      227.00
24.7500      263.00
24.7700      272.00
24.7900      308.00
24.8100      342.00
24.8300      417.00
24.8500      478.00
24.8700      506.00
24.8900      542.00
24.9100      538.00
24.9300      589.00
24.9500      550.00
24.9700      576.00
24.9900      503.00
25.0100      469.00
25.0300      394.00
25.0500      356.00
25.0700      334.00
25.0900      285.00
25.1100      220.00
25.1300      184.00
25.1500      201.00
25.1700      173.00
25.1900      170.00
25.2100      157.00
25.2300      168.00
25.2500      146.00
25.2700      162.00
25.2900      157.00
25.3100      164.00
25.3300      180.00
25.3500      128.00
25.3700      150.00
25.3900      155.00
25.4100      152.00
25.4300      126.00
25.4500      127.00
25.4700      140.00
25.4900      164.00
25.5100      148.00
25.5300      149.00
25.5500      140.00
25.5700      125.00
25.5900      155.00
25.6100      142.00
25.6300      158.00
25.6500      153.00
25.6700      149.00
25.6900      138.00
25.7100      154.00
25.7300      136.00
25.7500      139.00
25.7700      155.00
25.7900      144.00
25.8100      175.00
25.8300      148.00
25.8500      156.00
25.8700      176.00
25.8900      198.00
25.9100      200.00
25.9300      232.00
25.9500      231.00
25.9700      243.00
25.9900      287.00
26.0100      254.00
26.0300      275.00
26.0500      262.00
26.0700      273.00
26.0900      284.00
26.1100      315.00
26.1300      318.00
26.1500      325.00
26.1700      352.00
26.1900      350.00
26.2100      347.00
26.2300      345.00
26.2500      343.00
26.2700      334.00
26.2900      346.00
26.3100      319.00
26.3300      337.00
26.3500      315.00
26.3700      315.00
26.3900      339.00
26.4100      312.00
26.4300      352.00
26.4500      334.00
26.4700      328.00
26.4900      348.00
26.5100      351.00
26.5300      335.00
26.5500      370.00
26.5700      272.00
26.5900      275.00
26.6100      242.00
26.6300      237.00
26.6500      216.00
26.6700      206.00
26.6900      156.00
26.7100      178.00
26.7300      165.00
26.7500      163.00
26.7700      115.00
26.7900      142.00
26.8100      151.00
26.8300      162.00
26.8500      142.00
26.8700      161.00
26.8900      151.00
26.9100      174.00
26.9300      146.00
26.9500      182.00
26.9700      176.00
26.9900      168.00
27.0100      163.00
27.0300      164.00
27.0500      171.00
27.0700      170.00
27.0900      159.00
27.1100      180.00
27.1300      174.00
27.1500      208.00
27.1700      212.00
27.1900      212.00
27.2100      208.00
27.2300      244.00
27.2500      238.00
27.2700      274.00
27.2900      282.00
27.3100      237.00
27.3300      302.00
27.3500      248.00
27.3700      247.00
27.3900      258.00
27.4100      265.00
27.4300      248.00
27.4500      237.00
27.4700      241.00
27.4900      258.00
27.5100      252.00
27.5300      277.00
27.5500      287.00
27.5700      344.00
27.5900      345.00
27.6100      372.00
27.6300      327.00
27.6500      321.00
27.6700      382.00
27.6900      370.00
27.7100      346.00
27.7300      326.00
27.7500      306.00
27.7700      267.00
27.7900      292.00
27.8100      251.00
27.8300      219.00
27.8500      240.00
27.8700      214.00
27.8900      221.00
27.9100      210.00
27.9300      219.00
27.9500      207.00
27.9700      214.00
27.9900      214.00
28.0100      201.00
28.0300      191.00
28.0500      205.00
28.0700      207.00
28.0900      194.00
28.1100      159.00
28.1300      202.00
28.1500      189.00
28.1700      181.00
28.1900      208.00
28.2100      190.00
28.2300      232.00
28.2500      218.00
28.2700      245.00
28.2900      275.00
28.3100      306.00
28.3300      343.00
28.3500      364.00
28.3700      465.00
28.3900      512.00
28.4100      560.00
28.4300      642.00
28.4500      711.00
28.4700      754.00
28.4900      722.00
28.5100      759.00
28.5300      754.00
28.5500      658.00
28.5700      678.00
28.5900      608.00
28.6100      556.00
28.6300      481.00
28.6500      416.00
28.6700      434.00
28.6900      410.00
28.7100      362.00
28.7300      311.00
28.7500      304.00
28.7700      286.00
28.7900      234.00
28.8100      265.00
28.8300      264.00
28.8500      226.00
28.8700      199.00
28.8900      216.00
28.9100      210.00
28.9300      238.00
28.9500      224.00
28.9700      227.00
28.9900      212.00
29.0100      199.00
29.0300      260.00
29.0500      209.00
29.0700      236.00
29.0900      250.00
29.1100      257.00
29.1300      263.00
29.1500      229.00
29.1700      281.00
29.1900      287.00
29.2100      299.00
29.2300      284.00
29.2500      301.00
29.2700      317.00
29.2900      278.00
29.3100      276.00
29.3300      295.00
29.3500      302.00
29.3700      324.00
29.3900      375.00
29.4100      327.00
29.4300      391.00
29.4500      384.00
29.4700      360.00
29.4900      354.00
29.5100      341.00
29.5300      322.00
29.5500      289.00
29.5700      263.00
29.5900      219.00
29.6100      204.00
29.6300      198.00
29.6500      188.00
29.6700      165.00
29.6900      142.00
29.7100      145.00
29.7300      126.00
29.7500      131.00
29.7700      149.00
29.7900      141.00
29.8100      137.00
29.8300      142.00
29.8500      142.00
29.8700      142.00
29.8900      142.00
29.9100      141.00
29.9300      158.00
29.9500      147.00
29.9700      193.00
29.9900      198.00
30.0100      219.00
30.0300      219.00
30.0500      191.00
30.0700      221.00
30.0900      237.00
30.1100      269.00
30.1300      237.00
30.1500      252.00
30.1700      257.00
30.1900      223.00
30.2100      237.00
30.2300      237.00
30.2500      241.00
30.2700      229.00
30.2900      216.00
30.3100      235.00
30.3300      199.00
30.3500      180.00
30.3700      195.00
30.3900      193.00
30.4100      161.00
30.4300      153.00
30.4500      166.00
30.4700      136.00
30.4900      137.00
30.5100      143.00
30.5300      147.00
30.5500      140.00
30.5700      155.00
30.5900      153.00
30.6100      140.00
30.6300      170.00
30.6500      146.00
30.6700      167.00
30.6900      144.00
30.7100      176.00
30.7300      148.00
30.7500      153.00
30.7700      143.00
30.7900      137.00
30.8100      129.00
30.8300      139.00
30.8500      132.00
30.8700      124.00
30.8900      139.00
30.9100      147.00
30.9300      135.00
30.9500      148.00
30.9700      166.00
30.9900      157.00
31.0100      149.00
31.0300      151.00
31.0500      148.00
31.0700      137.00
31.0900      147.00
31.1100      145.00
31.1300      141.00
31.1500      115.00
31.1700      136.00
31.1900      127.00
31.2100      125.00
31.2300      139.00
31.2500      138.00
31.2700      124.00
31.2900      128.00
31.3100      120.00
31.3300      111.00
31.3500      139.00
31.3700      129.00
31.3900      124.00
31.4100      140.00
31.4300      127.00
31.4500      144.00
31.4700      151.00
31.4900      134.00
31.5100      141.00
31.5300      152.00
31.5500      150.00
31.5700      161.00
31.5900      145.00
31.6100      159.00
31.6300      162.00
31.6500      148.00
31.6700      151.00
31.6900      140.00
31.7100      135.00
31.7300      143.00
31.7500      143.00
31.7700      133.00
31.7900      145.00
31.8100      131.00
31.8300      145.00
31.8500      157.00
31.8700      148.00
31.8900      179.00
31.9100      145.00
31.9300      159.00
31.9500      180.00
31.9700      186.00
31.9900      174.00
32.0100      180.00
32.0300      199.00
32.0500      201.00
32.0700      189.00
32.0900      204.00
32.1100      230.00
32.1300      229.00
32.1500      214.00
32.1700      236.00
32.1900      214.00
32.2100      238.00
32.2300      217.00
32.2500      241.00
32.2700      215.00
32.2900      222.00
32.3100      262.00
32.3300      211.00
32.3500      191.00
32.3700      226.00
32.3900      240.00
32.4100      220.00
32.4300      211.00
32.4500      253.00
32.4700      237.00
32.4900      226.00
32.5100      239.00
32.5300      225.00
32.5500      277.00
32.5700      283.00
32.5900      276.00
32.6100      264.00
32.6300      233.00
32.6500      269.00
32.6700      210.00
32.6900      240.00
32.7100      202.00
32.7300      210.00
32.7500      210.00
32.7700      201.00
32.7900      181.00
32.8100      215.00
32.8300      195.00
32.8500      187.00
32.8700      163.00
32.8900      179.00
32.9100      202.00
32.9300      157.00
32.9500      183.00
32.9700      228.00
32.9900      182.00
33.0100      199.00
33.0300      200.00
33.0500      181.00
33.0700      189.00
33.0900      193.00
33.1100      208.00
33.1300      205.00
33.1500      206.00
33.1700      218.00
33.1900      225.00
33.2100      233.00
33.2300      250.00
33.2500      236.00
33.2700      238.00
33.2900      242.00
33.3100      279.00
33.3300      233.00
33.3500      229.00
33.3700      217.00
33.3900      215.00
33.4100      201.00
33.4300      193.00
33.4500      190.00
33.4700      187.00
33.4900      175.00
33.5100      183.00
33.5300      160.00
33.5500      172.00
33.5700      159.00
33.5900      151.00
33.6100      152.00
33.6300      146.00
33.6500      141.00
33.6700      119.00
33.6900      104.00
33.7100      125.00
33.7300      120.00
33.7500      125.00
33.7700      118.00
33.7900      129.00
33.8100      117.00
33.8300      130.00
33.8500      142.00
33.8700      104.00
33.8900      142.00
33.9100      134.00
33.9300      107.00
33.9500      117.00
33.9700      153.00
33.9900      152.00
34.0100      126.00
34.0300      136.00
34.0500      153.00
34.0700      173.00
34.0900      180.00
34.1100      175.00
34.1300      192.00
34.1500      198.00
34.1700      200.00
34.1900      190.00
34.2100      176.00
34.2300      198.00
34.2500      174.00
34.2700      164.00
34.2900      177.00
34.3100      154.00
34.3300      172.00
34.3500      161.00
34.3700      130.00
34.3900      137.00
34.4100      110.00
34.4300      134.00
34.4500      138.00
34.4700      112.00
34.4900      120.00
34.5100      113.00
34.5300      119.00
34.5500      113.00
34.5700      117.00
34.5900      132.00
34.6100      117.00
34.6300      137.00
34.6500      108.00
34.6700      114.00
34.6900      123.00
34.7100      112.00
34.7300      131.00
34.7500      109.00
34.7700      135.00
34.7900      133.00
34.8100      157.00
34.8300      118.00
34.8500      140.00
34.8700      143.00
34.8900      138.00
34.9100      148.00
34.9300      165.00
34.9500      126.00
