 2.2000      295.00
 2.2200      288.00
 2.2400      276.00
 2.2600      269.00
 2.2800      250.00
 2.3000      277.00
 2.3200      257.00
 2.3400      262.00
 2.3600      254.00
 2.3800      249.00
 2.4000      253.00
 2.4200      261.00
 2.4400      267.00
 2.4600      280.00
 2.4800      286.00
 2.5000      261.00
 2.5200      248.00
 2.5400      263.00
 2.5600      263.00
 2.5800      257.00
 2.6000      230.00
 2.6200      264.00
 2.6400      241.00
 2.6600      254.00
 2.6800      260.00
 2.7000      245.00
 2.7200      254.00
 2.7400      246.00
 2.7600      280.00
 2.7800      262.00
 2.8000      282.00
 2.8200      250.00
 2.8400      258.00
 2.8600      258.00
 2.8800      238.00
 2.9000      231.00
 2.9200      230.00
 2.9400      230.00
 2.9600      256.00
 2.9800      229.00
 3.0000      233.00
 3.0200      244.00
 3.0400      245.00
 3.0600      265.00
 3.0800      249.00
 3.1000      254.00
 3.1200      213.00
 3.1400      230.00
 3.1600      213.00
 3.1800      224.00
 3.2000      235.00
 3.2200      237.00
 3.2400      222.00
 3.2600      219.00
 3.2800      196.00
 3.3000      200.00
 3.3200      203.00
 3.3400      191.00
 3.3600      219.00
 3.3800      212.00
 3.4000      210.00
 3.4200      195.00
 3.4400      190.00
 3.4600      184.00
 3.4800      205.00
 3.5000      203.00
 3.5200      187.00
 3.5400      207.00
 3.5600      190.00
 3.5800      196.00
 3.6000      188.00
 3.6200      191.00
 3.6400      205.00
 3.6600      191.00
 3.6800      197.00
 3.7000      182.00
 3.7200      184.00
 3.7400      205.00
 3.7600      177.00
 3.7800      172.00
 3.8000      200.00
 3.8200      184.00
 3.8400      196.00
 3.8600      185.00
 3.8800      179.00
 3.9000      160.00
 3.9200      185.00
 3.9400      189.00
 3.9600      177.00
 3.9800      191.00
 4.0000      171.00
 4.0200      195.00
 4.0400      163.00
 4.0600      169.00
 4.0800      160.00
 4.1000      192.00
 4.1200      169.00
 4.1400      166.00
 4.1600      164.00
 4.1800      174.00
 4.2000      146.00
 4.2200      174.00
 4.2400      155.00
 4.2600      145.00
 4.2800      179.00
 4.3000      154.00
 4.3200      164.00
 4.3400      151.00
 4.3600      154.00
 4.3800      149.00
 4.4000      136.00
 4.4200      132.00
 4.4400      154.00
 4.4600      148.00
 4.4800      134.00
 4.5000      155.00
 4.5200      140.00
 4.5400      133.00
 4.5600      159.00
 4.5800      148.00
 4.6000      163.00
 4.6200      140.00
 4.6400      126.00
 4.6600      141.00
 4.6800      130.00
 4.7000      119.00
 4.7200      139.00
 4.7400      126.00
 4.7600      142.00
 4.7800      156.00
 4.8000      135.00
 4.8200      136.00
 4.8400      118.00
 4.8600      146.00
 4.8800      149.00
 4.9000      131.00
 4.9200      140.00
 4.9400      152.00
 4.9600      125.00
 4.9800      140.00
 5.0000      142.00
 5.0200      133.00
 5.0400      117.00
 5.0600      153.00
 5.0800      135.00
 5.1000      142.00
 5.1200      117.00
 5.1400      121.00
 5.1600      140.00
 5.1800      131.00
 5.2000      124.00
 5.2200      144.00
 5.2400      150.00
 5.2600      140.00
 5.2800      138.00
 5.3000      134.00
 5.3200      154.00
 5.3400      128.00
 5.3600      124.00
 5.3800      131.00
 5.4000      130.00
 5.4200      137.00
 5.4400      133.00
 5.4600      140.00
 5.4800      135.00
 5.5000      132.00
 5.5200      127.00
 5.5400      136.00
 5.5600      126.00
 5.5800      107.00
 5.6000      141.00
 5.6200      140.00
 5.6400      121.00
 5.6600      144.00
 5.6800      132.00
 5.7000      137.00
 5.7200      148.00
 5.7400      145.00
 5.7600      129.00
 5.7800      143.00
 5.8000      137.00
 5.8200      134.00
 5.8400      138.00
 5.8600      136.00
 5.8800      127.00
 5.9000      138.00
 5.9200      154.00
 5.9400      122.00
 5.9600      118.00
 5.9800      158.00
 6.0000      126.00
 6.0200      140.00
 6.0400      138.00
 6.0600      149.00
 6.0800      145.00
 6.1000      122.00
 6.1200      140.00
 6.1400      124.00
 6.1600      133.00
 6.1800      130.00
 6.2000      143.00
 6.2200      158.00
 6.2400      165.00
 6.2600      128.00
 6.2800      163.00
 6.3000      139.00
 6.3200      129.00
 6.3400      130.00
 6.3600      153.00
 6.3800      152.00
 6.4000      126.00
 6.4200      139.00
 6.4400      158.00
 6.4600      141.00
 6.4800      139.00
 6.5000      134.00
 6.5200      164.00
 6.5400      153.00
 6.5600      109.00
 6.5800      141.00
 6.6000      127.00
 6.6200      156.00
 6.6400      138.00
 6.6600      137.00
 6.6800      118.00
 6.7000      149.00
 6.7200      151.00
 6.7400      131.00
 6.7600      155.00
 6.7800      151.00
 6.8000      147.00
 6.8200      131.00
 6.8400      148.00
 6.8600      171.00
 6.8800      146.00
 6.9000      153.00
 6.9200      147.00
 6.9400      152.00
 6.9600      140.00
 6.9800      158.00
 7.0000      151.00
 7.0200      157.00
 7.0400      148.00
 7.0600      158.00
 7.0800      147.00
 7.1000      139.00
 7.1200      150.00
 7.1400      147.00
 7.1600      134.00
 7.1800      154.00
 7.2000      156.00
 7.2200      138.00
 7.2400      136.00
 7.2600      146.00
 7.2800      134.00
 7.3000      129.00
 7.3200      141.00
 7.3400      160.00
 7.3600      146.00
 7.3800      133.00
 7.4000      160.00
 7.4200      129.00
 7.4400      139.00
 7.4600      142.00
 7.4800      149.00
 7.5000      144.00
 7.5200      157.00
 7.5400      127.00
 7.5600      145.00
 7.5800      132.00
 7.6000      140.00
 7.6200      134.00
 7.6400      145.00
 7.6600      160.00
 7.6800      150.00
 7.7000      145.00
 7.7200      118.00
 7.7400      143.00
 7.7600      149.00
 7.7800      155.00
 7.8000      136.00
 7.8200      152.00
 7.8400      141.00
 7.8600      140.00
 7.8800      172.00
 7.9000      140.00
 7.9200      158.00
 7.9400      129.00
 7.9600      140.00
 7.9800      163.00
 8.0000      158.00
 8.0200      140.00
 8.0400      149.00
 8.0600      144.00
 8.0800      168.00
 8.1000      135.00
 8.1200      154.00
 8.1400      144.00
 8.1600      133.00
 8.1800      158.00
 8.2000      143.00
 8.2200      149.00
 8.2400      139.00
 8.2600      137.00
 8.2800      145.00
 8.3000      166.00
 8.3200      153.00
 8.3400      157.00
 8.3600      155.00
 8.3800      157.00
 8.4000      141.00
 8.4200      155.00
 8.4400      155.00
 8.4600      136.00
 8.4800      164.00
 8.5000      156.00
 8.5200      153.00
 8.5400      122.00
 8.5600      153.00
 8.5800      188.00
 8.6000      175.00
 8.6200      157.00
 8.6400      174.00
 8.6600      160.00
 8.6800      158.00
 8.7000      136.00
 8.7200      190.00
 8.7400      174.00
 8.7600      210.00
 8.7800      188.00
 8.8000      184.00
 8.8200      202.00
 8.8400      203.00
 8.8600      196.00
 8.8800      193.00
 8.9000      177.00
 8.9200      181.00
 8.9400      197.00
 8.9600      196.00
 8.9800      193.00
 9.0000      171.00
 9.0200      172.00
 9.0400      186.00
 9.0600      180.00
 9.0800      179.00
 9.1000      165.00
 9.1200      167.00
 9.1400      155.00
 9.1600      159.00
 9.1800      150.00
 9.2000      159.00
 9.2200      120.00
 9.2400      156.00
 9.2600      144.00
 9.2800      165.00
 9.3000      156.00
 9.3200      165.00
 9.3400      135.00
 9.3600      143.00
 9.3800      171.00
 9.4000      173.00
 9.4200      167.00
 9.4400      139.00
 9.4600      154.00
 9.4800      159.00
 9.5000      187.00
 9.5200      165.00
 9.5400      157.00
 9.5600      166.00
 9.5800      155.00
 9.6000      151.00
 9.6200      173.00
 9.6400      142.00
 9.6600      163.00
 9.6800      160.00
 9.7000      154.00
 9.7200      193.00
 9.7400      175.00
 9.7600      169.00
 9.7800      170.00
 9.8000      156.00
 9.8200      177.00
 9.8400      149.00
 9.8600      186.00
 9.8800      178.00
 9.9000      197.00
 9.9200      184.00
 9.9400      181.00
 9.9600      162.00
 9.9800      190.00
10.0000      164.00
10.0200      191.00
10.0400      157.00
10.0600      179.00
10.0800      177.00
10.1000      204.00
10.1200      174.00
10.1400      211.00
10.1600      194.00
10.1800      183.00
10.2000      180.00
10.2200      165.00
10.2400      180.00
10.2600      166.00
10.2800      166.00
10.3000      176.00
10.3200      181.00
10.3400      158.00
10.3600      168.00
10.3800      159.00
10.4000      182.00
10.4200      170.00
10.4400      164.00
10.4600      156.00
10.4800      160.00
10.5000      169.00
10.5200      164.00
10.5400      176.00
10.5600      171.00
10.5800      173.00
10.6000      203.00
10.6200      171.00
10.6400      196.00
10.6600      178.00
10.6800      190.00
10.7000      192.00
10.7200      209.00
10.7400      191.00
10.7600      186.00
10.7800      189.00
10.8000      208.00
10.8200      214.00
10.8400      221.00
10.8600      219.00
10.8800      224.00
10.9000      214.00
10.9200      208.00
10.9400      267.00
10.9600      266.00
10.9800      295.00
11.0000      279.00
11.0200      334.00
11.0400      341.00
11.0600      374.00
11.0800      384.00
11.1000      376.00
11.1200      440.00
11.1400      425.00
11.1600      426.00
11.1800      402.00
11.2000      424.00
11.2200      411.00
11.2400      457.00
11.2600      409.00
11.2800      433.00
11.3000      450.00
11.3200      428.00
11.3400      404.00
11.3600      451.00
11.3800      407.00
11.4000      415.00
11.4200      381.00
11.4400      414.00
11.4600      373.00
11.4800      343.00
11.5000      353.00
11.5200      341.00
11.5400      267.00
11.5600      280.00
11.5800      224.00
11.6000      254.00
11.6200      237.00
11.6400      218.00
11.6600      182.00
11.6800      192.00
11.7000      205.00
11.7200      200.00
11.7400      200.00
11.7600      213.00
11.7800      217.00
11.8000      213.00
11.8200      206.00
11.8400      218.00
11.8600      219.00
11.8800      234.00
11.9000      227.00
11.9200      219.00
11.9400      274.00
11.9600      252.00
11.9800      290.00
12.0000      306.00
12.0200      306.00
12.0400      327.00
12.0600      336.00
12.0800      373.00
12.1000      395.00
12.1200      405.00
12.1400      440.00
12.1600      470.00
12.1800      435.00
12.2000      444.00
12.2200      430.00
12.2400      471.00
12.2600      463.00
12.2800      425.00
12.3000      431.00
12.3200      466.00
12.3400      510.00
12.3600      415.00
12.3800      401.00
12.4000      397.00
12.4200      391.00
12.4400      434.00
12.4600      400.00
12.4800      413.00
12.5000      413.00
12.5200      406.00
12.5400      447.00
12.5600      460.00
12.5800      454.00
12.6000      502.00
12.6200      526.00
12.6400      517.00
12.6600      525.00
12.6800      544.00
12.7000      460.00
12.7200      463.00
12.7400      415.00
12.7600      382.00
12.7800      346.00
12.8000      297.00
12.8200      285.00
12.8400      298.00
12.8600      231.00
12.8800      219.00
12.9000      198.00
12.9200      189.00
12.9400      211.00
12.9600      214.00
12.9800      194.00
13.0000      188.00
13.0200      190.00
13.0400      207.00
13.0600      197.00
13.0800      186.00
13.1000      188.00
13.1200      188.00
13.1400      192.00
13.1600      205.00
13.1800      189.00
13.2000      169.00
13.2200      201.00
13.2400      191.00
13.2600      204.00
13.2800      188.00
13.3000      198.00
13.3200      201.00
13.3400      195.00
13.3600      196.00
13.3800      183.00
13.4000      203.00
13.4200      174.00
13.4400      194.00
13.4600      196.00
13.4800      184.00
13.5000      189.00
13.5200      197.00
13.5400      184.00
13.5600      171.00
13.5800      197.00
13.6000      181.00
13.6200      191.00
13.6400      174.00
13.6600      196.00
13.6800      189.00
13.7000      215.00
13.7200      191.00
13.7400      214.00
13.7600      200.00
13.7800      225.00
13.8000      195.00
13.8200      187.00
13.8400      198.00
13.8600      201.00
13.8800      217.00
13.9000      192.00
13.9200      220.00
13.9400      262.00
13.9600      211.00
13.9800      260.00
14.0000      259.00
14.0200      282.00
14.0400      259.00
14.0600      298.00
14.0800      275.00
14.1000      310.00
14.1200      322.00
14.1400      366.00
14.1600      429.00
14.1800      450.00
14.2000      474.00
14.2200      494.00
14.2400      544.00
14.2600      642.00
14.2800      605.00
14.3000      592.00
14.3200      638.00
14.3400      662.00
14.3600      681.00
14.3800      671.00
14.4000      602.00
14.4200      707.00
14.4400      703.00
14.4600      618.00
14.4800      590.00
14.5000      546.00
14.5200      431.00
14.5400      396.00
14.5600      369.00
14.5800      316.00
14.6000      308.00
14.6200      307.00
14.6400      278.00
14.6600      224.00
14.6800      261.00
14.7000      249.00
14.7200      229.00
14.7400      194.00
14.7600      200.00
14.7800      218.00
14.8000      196.00
14.8200      213.00
14.8400      212.00
14.8600      192.00
14.8800      203.00
14.9000      221.00
14.9200      205.00
14.9400      182.00
14.9600      186.00
14.9800      198.00
15.0000      178.00
15.0200      191.00
15.0400      200.00
15.0600      212.00
15.0800      177.00
15.1000      193.00
15.1200      176.00
15.1400      168.00
15.1600      190.00
15.1800      206.00
15.2000      177.00
15.2200      172.00
15.2400      174.00
15.2600      185.00
15.2800      191.00
15.3000      166.00
15.3200      169.00
15.3400      212.00
15.3600      174.00
15.3800      180.00
15.4000      181.00
15.4200      179.00
15.4400      175.00
15.4600      174.00
15.4800      168.00
15.5000      179.00
15.5200      198.00
15.5400      189.00
15.5600      159.00
15.5800      170.00
15.6000      203.00
15.6200      195.00
15.6400      202.00
15.6600      215.00
15.6800      201.00
15.7000      186.00
15.7200      193.00
15.7400      213.00
15.7600      248.00
15.7800      219.00
15.8000      233.00
15.8200      219.00
15.8400      241.00
15.8600      254.00
15.8800      245.00
15.9000      286.00
15.9200      302.00
15.9400      325.00
15.9600      293.00
15.9800      322.00
16.0000      350.00
16.0200      338.00
16.0400      375.00
16.0600      331.00
16.0800      316.00
16.1000      337.00
16.1200      363.00
16.1400      384.00
16.1600      368.00
16.1800      380.00
16.2000      387.00
16.2200      357.00
16.2400      341.00
16.2600      330.00
16.2800      332.00
16.3000      307.00
16.3200      296.00
16.3400      336.00
16.3600      327.00
16.3800      345.00
16.4000      364.00
16.4200      344.00
16.4400      360.00
16.4600      353.00
16.4800      379.00
16.5000      382.00
16.5200      459.00
16.5400      426.00
16.5600      389.00
16.5800      411.00
16.6000      400.00
16.6200      385.00
16.6400      363.00
16.6600      362.00
16.6800      350.00
16.7000      305.00
16.7200      323.00
16.7400      280.00
16.7600      259.00
16.7800      246.00
16.8000      241.00
16.8200      238.00
16.8400      242.00
16.8600      245.00
16.8800      240.00
16.9000      256.00
16.9200      261.00
16.9400      255.00
16.9600      236.00
16.9800      314.00
17.0000      317.00
17.0200      358.00
17.0400      373.00
17.0600      382.00
17.0800      396.00
17.1000      435.00
17.1200      469.00
17.1400      439.00
17.1600      465.00
17.1800      447.00
17.2000      487.00
17.2200      472.00
17.2400      473.00
17.2600      503.00
17.2800      478.00
17.3000      501.00
17.3200      544.00
17.3400      530.00
17.3600      569.00
17.3800      606.00
17.4000      634.00
17.4200      711.00
17.4400      832.00
17.4600      912.00
17.4800     1024.00
17.5000     1117.00
17.5200     1270.00
17.5400     1405.00
17.5600     1537.00
17.5800     1604.00
17.6000     1692.00
17.6200     1686.00
17.6400     1674.00
17.6600     1649.00
17.6800     1623.00
17.7000     1491.00
17.7200     1474.00
17.7400     1432.00
17.7600     1327.00
17.7800     1281.00
17.8000     1177.00
17.8200     1098.00
17.8400     1030.00
17.8600      913.00
17.8800      790.00
17.9000      688.00
17.9200      608.00
17.9400      530.00
17.9600      428.00
17.9800      388.00
18.0000      335.00
18.0200      338.00
18.0400      293.00
18.0600      307.00
18.0800      282.00
18.1000      297.00
18.1200      259.00
18.1400      263.00
18.1600      273.00
18.1800      245.00
18.2000      271.00
18.2200      232.00
18.2400      239.00
18.2600      245.00
18.2800      277.00
18.3000      317.00
18.3200      302.00
18.3400      316.00
18.3600      388.00
18.3800      396.00
18.4000      448.00
18.4200      491.00
18.4400      508.00
18.4600      499.00
18.4800      589.00
18.5000      563.00
18.5200      577.00
18.5400      557.00
18.5600      583.00
18.5800      546.00
18.6000      519.00
18.6200      498.00
18.6400      525.00
18.6600      466.00
18.6800      445.00
18.7000      422.00
18.7200      390.00
18.7400      370.00
18.7600      343.00
18.7800      298.00
18.8000      285.00
18.8200      301.00
18.8400      285.00
18.8600      319.00
18.8800      365.00
18.9000      277.00
18.9200      293.00
18.9400      257.00
18.9600      254.00
18.9800      305.00
19.0000      281.00
19.0200      268.00
19.0400      276.00
19.0600      267.00
19.0800      272.00
19.1000      256.00
19.1200      292.00
19.1400      287.00
19.1600      272.00
19.1800      275.00
19.2000      286.00
19.2200      313.00
19.2400      291.00
19.2600      358.00
19.2800      355.00
19.3000      311.00
19.3200      310.00
19.3400      302.00
19.3600      328.00
19.3800      305.00
19.4000      312.00
19.4200      328.00
19.4400      312.00
19.4600      323.00
19.4800      283.00
19.5000      318.00
19.5200      377.00
19.5400      418.00
19.5600      440.00
19.5800      527.00
19.6000      599.00
19.6200      688.00
19.6400      740.00
19.6600      910.00
19.6800      862.00
19.7000      981.00
19.7200      952.00
19.7400     1005.00
19.7600     1047.00
19.7800     1000.00
19.8000      975.00
19.8200     1052.00
19.8400     1084.00
19.8600      958.00
19.8800      954.00
19.9000      914.00
19.9200      800.00
19.9400      735.00
19.9600      633.00
19.9800      550.00
20.0000      456.00
20.0200      433.00
20.0400      405.00
20.0600      326.00
20.0800      329.00
20.1000      300.00
20.1200      299.00
20.1400      288.00
20.1600      282.00
20.1800      289.00
20.2000      231.00
20.2200      269.00
20.2400      241.00
20.2600      221.00
20.2800      234.00
20.3000      223.00
20.3200      250.00
20.3400      235.00
20.3600      215.00
20.3800      220.00
20.4000      265.00
20.4200      261.00
20.4400      232.00
20.4600      252.00
20.4800      284.00
20.5000      269.00
20.5200      268.00
20.5400      304.00
20.5600      336.00
20.5800      335.00
20.6000      373.00
20.6200      427.00
20.6400      454.00
20.6600      504.00
20.6800      532.00
20.7000      518.00
20.7200      573.00
20.7400      636.00
20.7600      584.00
20.7800      616.00
20.8000      657.00
20.8200      678.00
20.8400      735.00
20.8600      791.00
20.8800      842.00
20.9000      881.00
20.9200      930.00
20.9400      994.00
20.9600     1130.00
20.9800     1192.00
21.0000     1356.00
21.0200     1435.00
21.0400     1654.00
21.0600     1784.00
21.0800     1909.00
21.1000     1958.00
21.1200     2126.00
21.1400     2106.00
21.1600     2034.00
21.1800     1952.00
21.2000     1882.00
21.2200     1825.00
21.2400     1724.00
21.2600     1567.00
21.2800     1419.00
21.3000     1215.00
21.3200     1110.00
21.3400      900.00
21.3600      688.00
21.3800      590.00
21.4000      431.00
21.4200      356.00
21.4400      301.00
21.4600      302.00
21.4800      289.00
21.5000      271.00
21.5200      252.00
21.5400      249.00
21.5600      254.00
21.5800      247.00
21.6000      245.00
21.6200      245.00
21.6400      214.00
21.6600      203.00
21.6800      224.00
21.7000      215.00
21.7200      219.00
21.7400      222.00
21.7600      203.00
21.7800      244.00
21.8000      237.00
21.8200      236.00
21.8400      223.00
21.8600      232.00
21.8800      194.00
21.9000      243.00
21.9200      209.00
21.9400      229.00
21.9600      230.00
21.9800      221.00
22.0000      278.00
22.0200      227.00
22.0400      248.00
22.0600      253.00
22.0800      257.00
22.1000      272.00
22.1200      244.00
22.1400      288.00
22.1600      244.00
22.1800      318.00
22.2000      310.00
22.2200      304.00
22.2400      326.00
22.2600      352.00
22.2800      323.00
22.3000      353.00
22.3200      423.00
22.3400      429.00
22.3600      416.00
22.3800      479.00
22.4000      455.00
22.4200      474.00
22.4400      492.00
22.4600      520.00
22.4800      537.00
22.5000      612.00
22.5200      580.00
22.5400      620.00
22.5600      698.00
22.5800      706.00
22.6000      739.00
22.6200      776.00
22.6400      894.00
22.6600      873.00
22.6800      868.00
22.7000      834.00
22.7200      866.00
22.7400      883.00
22.7600      795.00
22.7800      831.00
22.8000      693.00
22.8200      736.00
22.8400      647.00
22.8600      580.00
22.8800      554.00
22.9000      533.00
22.9200      530.00
22.9400      474.00
22.9600      458.00
22.9800      451.00
23.0000      438.00
23.0200      463.00
23.0400      446.00
23.0600      540.00
23.0800      575.00
23.1000      573.00
23.1200      625.00
23.1400      670.00
23.1600      624.00
23.1800      621.00
23.2000      691.00
23.2200      663.00
23.2400      571.00
23.2600      674.00
23.2800      652.00
23.3000      665.00
23.3200      630.00
23.3400      641.00
23.3600      659.00
23.3800      656.00
23.4000      672.00
23.4200      605.00
23.4400      609.00
23.4600      617.00
23.4800      634.00
23.5000      613.00
23.5200      630.00
23.5400      607.00
23.5600      580.00
23.5800      576.00
23.6000      496.00
23.6200      443.00
23.6400      433.00
23.6600      385.00
23.6800      393.00
23.7000      346.00
23.7200      295.00
23.7400      299.00
23.7600      290.00
23.7800      275.00
23.8000      279.00
23.8200      264.00
23.8400      301.00
23.8600      281.00
23.8800      265.00
23.9000      301.00
23.9200      294.00
23.9400      340.00
23.9600      338.00
23.9800      341.00
24.0000      375.00
24.0200      433.00
24.0400      420.00
24.0600      450.00
24.0800      530.00
24.1000      526.00
24.1200      612.00
24.1400      627.00
24.1600      638.00
24.1800      648.00
24.2000      677.00
24.2200      722.00
24.2400      622.00
24.2600      637.00
24.2800      692.00
24.3000      669.00
24.3200      701.00
24.3400      772.00
24.3600      798.00
24.3800      821.00
24.4000      845.00
24.4200      888.00
24.4400      887.00
24.4600      918.00
24.4800      874.00
24.5000      904.00
24.5200      827.00
24.5400      814.00
24.5600      736.00
24.5800      711.00
24.6000      723.00
24.6200      638.00
24.6400      582.00
24.6600      498.00
24.6800      483.00
24.7000      428.00
24.7200      393.00
24.7400      357.00
24.7600      358.00
24.7800      309.00
24.8000      374.00
24.8200      340.00
24.8400      380.00
24.8600      421.00
24.8800      503.00
24.9000      517.00
24.9200      515.00
24.9400      628.00
24.9600      737.00
24.9800      736.00
25.0000      729.00
25.0200      721.00
25.0400      746.00
25.0600      731.00
25.0800      735.00
25.1000      645.00
25.1200      618.00
25.1400      578.00
25.1600      536.00
25.1800      494.00
25.2000      468.00
25.2200      442.00
25.2400      355.00
25.2600      377.00
25.2800      339.00
25.3000      315.00
25.3200      287.00
25.3400      251.00
25.3600      231.00
25.3800      205.00
25.4000      232.00
25.4200      219.00
25.4400      218.00
25.4600      220.00
25.4800      223.00
25.5000      206.00
25.5200      219.00
25.5400      213.00
25.5600      179.00
25.5800      194.00
25.6000      177.00
25.6200      187.00
25.6400      213.00
25.6600      192.00
25.6800      198.00
25.7000      233.00
25.7200      203.00
25.7400      185.00
25.7600      212.00
25.7800      204.00
25.8000      201.00
25.8200      214.00
25.8400      195.00
25.8600      232.00
25.8800      216.00
25.9000      250.00
25.9200      220.00
25.9400      225.00
25.9600      272.00
25.9800      258.00
26.0000      271.00
26.0200      345.00
26.0400      341.00
26.0600      295.00
26.0800      332.00
26.1000      358.00
26.1200      374.00
26.1400      414.00
26.1600      413.00
26.1800      450.00
26.2000      443.00
26.2200      489.00
26.2400      512.00
26.2600      468.00
26.2800      490.00
26.3000      502.00
26.3200      512.00
26.3400      569.00
26.3600      512.00
26.3800      557.00
26.4000      524.00
26.4200      494.00
26.4400      498.00
26.4600      486.00
26.4800      470.00
26.5000      473.00
26.5200      487.00
26.5400      430.00
26.5600      422.00
26.5800      416.00
26.6000      431.00
26.6200      415.00
26.6400      364.00
26.6600      388.00
26.6800      359.00
26.7000      357.00
26.7200      361.00
26.7400      302.00
26.7600      299.00
26.7800      263.00
26.8000      262.00
26.8200      238.00
26.8400      225.00
26.8600      197.00
26.8800      244.00
26.9000      220.00
26.9200      203.00
26.9400      229.00
26.9600      225.00
26.9800      202.00
27.0000      223.00
27.0200      204.00
27.0400      206.00
27.0600      217.00
27.0800      191.00
27.1000      217.00
27.1200      236.00
27.1400      241.00
27.1600      236.00
27.1800      227.00
27.2000      197.00
27.2200      276.00
27.2400      256.00
27.2600      269.00
27.2800      278.00
27.3000      287.00
27.3200      329.00
27.3400      335.00
27.3600      274.00
27.3800      323.00
27.4000      310.00
27.4200      331.00
27.4400      315.00
27.4600      341.00
27.4800      340.00
27.5000      338.00
27.5200      331.00
27.5400      412.00
27.5600      406.00
27.5800      368.00
27.6000      408.00
27.6200      437.00
27.6400      468.00
27.6600      485.00
27.6800      529.00
27.7000      497.00
27.7200      568.00
27.7400      541.00
27.7600      518.00
27.7800      526.00
27.8000      512.00
27.8200      533.00
27.8400      459.00
27.8600      453.00
27.8800      427.00
27.9000      433.00
27.9200      428.00
27.9400      396.00
27.9600      378.00
27.9800      379.00
28.0000      371.00
28.0200      335.00
28.0400      297.00
28.0600      319.00
28.0800      273.00
28.1000      308.00
28.1200      288.00
28.1400      273.00
28.1600      296.00
28.1800      263.00
28.2000      288.00
28.2200      272.00
28.2400      295.00
28.2600      283.00
28.2800      301.00
28.3000      271.00
28.3200      268.00
28.3400      283.00
28.3600      339.00
28.3800      367.00
28.4000      401.00
28.4200      458.00
28.4400      537.00
28.4600      624.00
28.4800      642.00
28.5000      658.00
28.5200      757.00
28.5400      837.00
28.5600      890.00
28.5800      945.00
28.6000      966.00
28.6200      894.00
28.6400      940.00
28.6600      913.00
28.6800      917.00
28.7000      908.00
28.7200      808.00
28.7400      717.00
28.7600      763.00
28.7800      656.00
28.8000      585.00
28.8200      569.00
28.8400      525.00
28.8600      477.00
28.8800      462.00
28.9000      437.00
28.9200      381.00
28.9400      419.00
28.9600      347.00
28.9800      412.00
29.0000      347.00
29.0200      366.00
29.0400      358.00
29.0600      365.00
29.0800      331.00
29.1000      342.00
29.1200      339.00
29.1400      340.00
29.1600      364.00
29.1800      377.00
29.2000      423.00
29.2200      383.00
29.2400      404.00
29.2600      407.00
29.2800      435.00
29.3000      447.00
29.3200      430.00
29.3400      404.00
29.3600      434.00
29.3800      471.00
29.4000      441.00
29.4200      476.00
29.4400      471.00
29.4600      488.00
29.4800      459.00
29.5000      515.00
29.5200      584.00
29.5400      516.00
29.5600      539.00
29.5800      491.00
29.6000      501.00
29.6200      434.00
29.6400      455.00
29.6600      404.00
29.6800      363.00
29.7000      370.00
29.7200      326.00
29.7400      292.00
29.7600      293.00
29.7800      262.00
29.8000      252.00
29.8200      220.00
29.8400      210.00
29.8600      202.00
29.8800      212.00
29.9000      213.00
29.9200      201.00
29.9400      181.00
29.9600      203.00
29.9800      216.00
30.0000      195.00
30.0200      230.00
30.0400      231.00
30.0600      232.00
30.0800      265.00
30.1000      281.00
30.1200      284.00
30.1400      301.00
30.1600      311.00
30.1800      312.00
30.2000      334.00
30.2200      310.00
30.2400      329.00
30.2600      332.00
30.2800      382.00
30.3000      368.00
30.3200      362.00
30.3400      348.00
30.3600      340.00
30.3800      359.00
30.4000      339.00
30.4200      302.00
30.4400      290.00
30.4600      287.00
30.4800      267.00
30.5000      249.00
30.5200      263.00
30.5400      231.00
30.5600      215.00
30.5800      203.00
30.6000      192.00
30.6200      213.00
30.6400      214.00
30.6600      218.00
30.6800      238.00
30.7000      224.00
30.7200      220.00
30.7400      247.00
30.7600      216.00
30.7800      200.00
30.8000      234.00
30.8200      209.00
30.8400      217.00
30.8600      205.00
30.8800      196.00
30.9000      217.00
30.9200      212.00
30.9400      228.00
30.9600      237.00
30.9800      228.00
31.0000      244.00
31.0200      217.00
31.0400      224.00
31.0600      185.00
31.0800      221.00
31.1000      196.00
31.1200      205.00
31.1400      215.00
31.1600      209.00
31.1800      198.00
31.2000      195.00
31.2200      208.00
31.2400      201.00
31.2600      185.00
31.2800      184.00
31.3000      169.00
31.3200      181.00
31.3400      176.00
31.3600      169.00
31.3800      176.00
31.4000      157.00
31.4200      159.00
31.4400      199.00
31.4600      154.00
31.4800      141.00
31.5000      193.00
31.5200      174.00
31.5400      195.00
31.5600      176.00
31.5800      208.00
31.6000      215.00
31.6200      215.00
31.6400      206.00
31.6600      210.00
31.6800      252.00
31.7000      206.00
31.7200      219.00
31.7400      234.00
31.7600      230.00
31.7800      211.00
31.8000      201.00
31.8200      209.00
31.8400      183.00
31.8600      194.00
31.8800      239.00
31.9000      205.00
31.9200      221.00
31.9400      173.00
31.9600      189.00
31.9800      213.00
32.0000      220.00
32.0200      224.00
32.0400      247.00
32.0600      249.00
32.0800      256.00
32.1000      238.00
32.1200      266.00
32.1400      272.00
32.1600      313.00
32.1800      325.00
32.2000      271.00
32.2200      303.00
32.2400      357.00
32.2600      302.00
32.2800      313.00
32.3000      293.00
32.3200      314.00
32.3400      285.00
32.3600      307.00
32.3800      303.00
32.4000      297.00
32.4200      290.00
32.4400      302.00
32.4600      273.00
32.4800      314.00
32.5000      305.00
32.5200      317.00
32.5400      354.00
32.5600      322.00
32.5800      365.00
32.6000      349.00
32.6200      326.00
32.6400      330.00
32.6600      375.00
32.6800      348.00
32.7000      373.00
32.7200      309.00
32.7400      336.00
32.7600      359.00
32.7800      307.00
32.8000      302.00
32.8200      319.00
32.8400      303.00
32.8600      307.00
32.8800      290.00
32.9000      258.00
32.9200      272.00
32.9400      280.00
32.9600      276.00
32.9800      283.00
33.0000      292.00
33.0200      273.00
33.0400      247.00
33.0600      265.00
33.0800      247.00
33.1000      254.00
33.1200      254.00
33.1400      260.00
33.1600      277.00
33.1800      286.00
33.2000      264.00
33.2200      291.00
33.2400      298.00
33.2600      338.00
33.2800      334.00
33.3000      316.00
33.3200      344.00
33.3400      375.00
33.3600      358.00
33.3800      402.00
33.4000      363.00
33.4200      367.00
33.4400      343.00
33.4600      405.00
33.4800      331.00
33.5000      359.00
33.5200      344.00
33.5400      324.00
33.5600      338.00
33.5800      312.00
33.6000      275.00
33.6200      276.00
33.6400      235.00
33.6600      216.00
33.6800      251.00
33.7000      236.00
33.7200      196.00
33.7400      212.00
33.7600      197.00
33.7800      209.00
33.8000      221.00
33.8200      185.00
33.8400      186.00
33.8600      172.00
33.8800      178.00
33.9000      162.00
33.9200      196.00
33.9400      165.00
33.9600      188.00
33.9800      182.00
34.0000      173.00
34.0200      169.00
34.0400      206.00
34.0600      177.00
34.0800      200.00
34.1000      189.00
34.1200      204.00
34.1400      223.00
34.1600      246.00
34.1800      229.00
34.2000      260.00
34.2200      243.00
34.2400      302.00
34.2600      267.00
34.2800      321.00
34.3000      285.00
34.3200      283.00
34.3400      311.00
34.3600      289.00
34.3800      279.00
34.4000      275.00
34.4200      235.00
34.4400      228.00
34.4600      240.00
34.4800      235.00
34.5000      192.00
34.5200      193.00
34.5400      193.00
34.5600      182.00
34.5800      170.00
34.6000      177.00
34.6200      169.00
34.6400      182.00
34.6600      178.00
34.6800      172.00
34.7000      174.00
34.7200      167.00
34.7400      166.00
34.7600      180.00
34.7800      171.00
34.8000      194.00
34.8200      166.00
34.8400      170.00
34.8600      195.00
34.8800      157.00
34.9000      195.00
34.9200      170.00
34.9400      160.00
34.9600      185.00
34.9800      176.00
35.0000      200.00
