 2.2000      321.00
 2.2200      330.00
 2.2400      296.00
 2.2600      268.00
 2.2800      297.00
 2.3000      282.00
 2.3200      283.00
 2.3400      271.00
 2.3600      305.00
 2.3800      272.00
 2.4000      297.00
 2.4200      285.00
 2.4400      306.00
 2.4600      294.00
 2.4800      253.00
 2.5000      286.00
 2.5200      288.00
 2.5400      255.00
 2.5600      277.00
 2.5800      272.00
 2.6000      279.00
 2.6200      276.00
 2.6400      280.00
 2.6600      268.00
 2.6800      257.00
 2.7000      247.00
 2.7200      285.00
 2.7400      223.00
 2.7600      273.00
 2.7800      250.00
 2.8000      265.00
 2.8200      274.00
 2.8400      240.00
 2.8600      241.00
 2.8800      275.00
 2.9000      278.00
 2.9200      272.00
 2.9400      265.00
 2.9600      247.00
 2.9800      253.00
 3.0000      271.00
 3.0200      259.00
 3.0400      239.00
 3.0600      227.00
 3.0800      246.00
 3.1000      232.00
 3.1200      252.00
 3.1400      234.00
 3.1600      250.00
 3.1800      240.00
 3.2000      191.00
 3.2200      231.00
 3.2400      215.00
 3.2600      209.00
 3.2800      237.00
 3.3000      220.00
 3.3200      267.00
 3.3400      212.00
 3.3600      221.00
 3.3800      230.00
 3.4000      205.00
 3.4200      203.00
 3.4400      211.00
 3.4600      188.00
 3.4800      217.00
 3.5000      173.00
 3.5200      197.00
 3.5400      229.00
 3.5600      202.00
 3.5800      193.00
 3.6000      188.00
 3.6200      205.00
 3.6400      193.00
 3.6600      209.00
 3.6800      195.00
 3.7000      205.00
 3.7200      199.00
 3.7400      209.00
 3.7600      183.00
 3.7800      184.00
 3.8000      197.00
 3.8200      212.00
 3.8400      182.00
 3.8600      176.00
 3.8800      177.00
 3.9000      194.00
 3.9200      186.00
 3.9400      181.00
 3.9600      169.00
 3.9800      192.00
 4.0000      201.00
 4.0200      177.00
 4.0400      171.00
 4.0600      168.00
 4.0800      162.00
 4.1000      155.00
 4.1200      161.00
 4.1400      178.00
 4.1600      162.00
 4.1800      186.00
 4.2000      180.00
 4.2200      197.00
 4.2400      183.00
 4.2600      172.00
 4.2800      175.00
 4.3000      170.00
 4.3200      164.00
 4.3400      160.00
 4.3600      138.00
 4.3800      168.00
 4.4000      173.00
 4.4200      148.00
 4.4400      165.00
 4.4600      161.00
 4.4800      152.00
 4.5000      145.00
 4.5200      132.00
 4.5400      172.00
 4.5600      147.00
 4.5800      142.00
 4.6000      124.00
 4.6200      156.00
 4.6400      168.00
 4.6600      155.00
 4.6800      134.00
 4.7000      134.00
 4.7200      166.00
 4.7400      136.00
 4.7600      139.00
 4.7800      154.00
 4.8000      148.00
 4.8200      154.00
 4.8400      152.00
 4.8600      123.00
 4.8800      137.00
 4.9000      149.00
 4.9200      124.00
 4.9400      152.00
 4.9600      153.00
 4.9800      139.00
 5.0000      130.00
 5.0200      142.00
 5.0400      168.00
 5.0600      128.00
 5.0800      146.00
 5.1000      134.00
 5.1200      124.00
 5.1400      150.00
 5.1600      127.00
 5.1800      130.00
 5.2000      145.00
 5.2200      110.00
 5.2400      131.00
 5.2600      168.00
 5.2800      138.00
 5.3000      162.00
 5.3200      163.00
 5.3400      145.00
 5.3600      155.00
 5.3800      148.00
 5.4000      144.00
 5.4200      144.00
 5.4400      141.00
 5.4600      155.00
 5.4800      157.00
 5.5000      147.00
 5.5200      153.00
 5.5400      148.00
 5.5600      147.00
 5.5800      129.00
 5.6000      144.00
 5.6200      155.00
 5.6400      148.00
 5.6600      154.00
 5.6800      157.00
 5.7000      186.00
 5.7200      124.00
 5.7400      145.00
 5.7600      165.00
 5.7800      159.00
 5.8000      158.00
 5.8200      147.00
 5.8400      159.00
 5.8600      166.00
 5.8800      161.00
 5.9000      153.00
 5.9200      151.00
 5.9400      155.00
 5.9600      147.00
 5.9800      167.00
 6.0000      135.00
 6.0200      152.00
 6.0400      149.00
 6.0600      160.00
 6.0800      160.00
 6.1000      127.00
 6.1200      155.00
 6.1400      158.00
 6.1600      136.00
 6.1800      151.00
 6.2000      171.00
 6.2200      186.00
 6.2400      149.00
 6.2600      161.00
 6.2800      165.00
 6.3000      154.00
 6.3200      154.00
 6.3400      163.00
 6.3600      159.00
 6.3800      166.00
 6.4000      153.00
 6.4200      160.00
 6.4400      178.00
 6.4600      168.00
 6.4800      142.00
 6.5000      186.00
 6.5200      164.00
 6.5400      181.00
 6.5600      177.00
 6.5800      152.00
 6.6000      157.00
 6.6200      156.00
 6.6400      138.00
 6.6600      194.00
 6.6800      156.00
 6.7000      165.00
 6.7200      165.00
 6.7400      189.00
 6.7600      156.00
 6.7800      201.00
 6.8000      174.00
 6.8200      195.00
 6.8400      200.00
 6.8600      181.00
 6.8800      222.00
 6.9000      209.00
 6.9200      189.00
 6.9400      224.00
 6.9600      198.00
 6.9800      196.00
 7.0000      208.00
 7.0200      203.00
 7.0400      186.00
 7.0600      177.00
 7.0800      158.00
 7.1000      183.00
 7.1200      161.00
 7.1400      151.00
 7.1600      155.00
 7.1800      159.00
 7.2000      175.00
 7.2200      175.00
 7.2400      174.00
 7.2600      160.00
 7.2800      169.00
 7.3000      169.00
 7.3200      165.00
 7.3400      178.00
 7.3600      170.00
 7.3800      173.00
 7.4000      168.00
 7.4200      155.00
 7.4400      148.00
 7.4600      173.00
 7.4800      193.00
 7.5000      176.00
 7.5200      168.00
 7.5400      166.00
 7.5600      161.00
 7.5800      186.00
 7.6000      153.00
 7.6200      175.00
 7.6400      168.00
 7.6600      173.00
 7.6800      145.00
 7.7000      169.00
 7.7200      169.00
 7.7400      149.00
 7.7600      157.00
 7.7800      149.00
 7.8000      177.00
 7.8200      176.00
 7.8400      150.00
 7.8600      167.00
 7.8800      172.00
 7.9000      160.00
 7.9200      178.00
 7.9400      170.00
 7.9600      158.00
 7.9800      169.00
 8.0000      173.00
 8.0200      170.00
 8.0400      189.00
 8.0600      192.00
 8.0800      167.00
 8.1000      179.00
 8.1200      184.00
 8.1400      152.00
 8.1600      188.00
 8.1800      174.00
 8.2000      192.00
 8.2200      172.00
 8.2400      175.00
 8.2600      156.00
 8.2800      168.00
 8.3000      158.00
 8.3200      152.00
 8.3400      194.00
 8.3600      195.00
 8.3800      184.00
 8.4000      176.00
 8.4200      187.00
 8.4400      204.00
 8.4600      194.00
 8.4800      210.00
 8.5000      201.00
 8.5200      223.00
 8.5400      183.00
 8.5600      187.00
 8.5800      178.00
 8.6000      176.00
 8.6200      212.00
 8.6400      199.00
 8.6600      234.00
 8.6800      227.00
 8.7000      236.00
 8.7200      227.00
 8.7400      258.00
 8.7600      234.00
 8.7800      263.00
 8.8000      209.00
 8.8200      277.00
 8.8400      278.00
 8.8600      249.00
 8.8800      258.00
 8.9000      253.00
 8.9200      253.00
 8.9400      218.00
 8.9600      209.00
 8.9800      218.00
 9.0000      223.00
 9.0200      203.00
 9.0400      212.00
 9.0600      203.00
 9.0800      197.00
 9.1000      197.00
 9.1200      193.00
 9.1400      232.00
 9.1600      187.00
 9.1800      189.00
 9.2000      213.00
 9.2200      184.00
 9.2400      199.00
 9.2600      218.00
 9.2800      200.00
 9.3000      193.00
 9.3200      202.00
 9.3400      191.00
 9.3600      208.00
 9.3800      199.00
 9.4000      199.00
 9.4200      195.00
 9.4400      173.00
 9.4600      195.00
 9.4800      191.00
 9.5000      227.00
 9.5200      196.00
 9.5400      198.00
 9.5600      212.00
 9.5800      195.00
 9.6000      212.00
 9.6200      204.00
 9.6400      218.00
 9.6600      205.00
 9.6800      197.00
 9.7000      198.00
 9.7200      216.00
 9.7400      214.00
 9.7600      230.00
 9.7800      234.00
 9.8000      216.00
 9.8200      229.00
 9.8400      221.00
 9.8600      230.00
 9.8800      224.00
 9.9000      244.00
 9.9200      248.00
 9.9400      281.00
 9.9600      256.00
 9.9800      251.00
10.0000      239.00
10.0200      232.00
10.0400      241.00
10.0600      243.00
10.0800      250.00
10.1000      245.00
10.1200      250.00
10.1400      220.00
10.1600      215.00
10.1800      222.00
10.2000      204.00
10.2200      219.00
10.2400      214.00
10.2600      204.00
10.2800      225.00
10.3000      235.00
10.3200      201.00
10.3400      208.00
10.3600      228.00
10.3800      239.00
10.4000      225.00
10.4200      229.00
10.4400      215.00
10.4600      210.00
10.4800      243.00
10.5000      241.00
10.5200      228.00
10.5400      240.00
10.5600      253.00
10.5800      255.00
10.6000      254.00
10.6200      245.00
10.6400      264.00
10.6600      255.00
10.6800      269.00
10.7000      276.00
10.7200      303.00
10.7400      301.00
10.7600      296.00
10.7800      325.00
10.8000      338.00
10.8200      368.00
10.8400      367.00
10.8600      403.00
10.8800      448.00
10.9000      442.00
10.9200      496.00
10.9400      558.00
10.9600      630.00
10.9800      606.00
11.0000      672.00
11.0200      765.00
11.0400      810.00
11.0600      835.00
11.0800      849.00
11.1000      867.00
11.1200      860.00
11.1400      812.00
11.1600      801.00
11.1800      763.00
11.2000      798.00
11.2200      732.00
11.2400      751.00
11.2600      786.00
11.2800      741.00
11.3000      791.00
11.3200      714.00
11.3400      725.00
11.3600      691.00
11.3800      597.00
11.4000      529.00
11.4200      525.00
11.4400      435.00
11.4600      357.00
11.4800      351.00
11.5000      307.00
11.5200      280.00
11.5400      296.00
11.5600      269.00
11.5800      238.00
11.6000      241.00
11.6200      252.00
11.6400      277.00
11.6600      278.00
11.6800      275.00
11.7000      324.00
11.7200      313.00
11.7400      304.00
11.7600      337.00
11.7800      316.00
11.8000      346.00
11.8200      356.00
11.8400      375.00
11.8600      365.00
11.8800      404.00
11.9000      389.00
11.9200      497.00
11.9400      545.00
11.9600      577.00
11.9800      597.00
12.0000      670.00
12.0200      708.00
12.0400      764.00
12.0600      835.00
12.0800      843.00
12.1000      954.00
12.1200      952.00
12.1400      979.00
12.1600     1007.00
12.1800      918.00
12.2000      872.00
12.2200      826.00
12.2400      755.00
12.2600      754.00
12.2800      643.00
12.3000      649.00
12.3200      617.00
12.3400      595.00
12.3600      640.00
12.3800      672.00
12.4000      710.00
12.4200      767.00
12.4400      850.00
12.4600      917.00
12.4800     1020.00
12.5000     1055.00
12.5200     1110.00
12.5400     1134.00
12.5600     1041.00
12.5800     1044.00
12.6000      944.00
12.6200      898.00
12.6400      816.00
12.6600      715.00
12.6800      658.00
12.7000      552.00
12.7200      453.00
12.7400      396.00
12.7600      368.00
12.7800      312.00
12.8000      292.00
12.8200      295.00
12.8400      269.00
12.8600      244.00
12.8800      265.00
12.9000      280.00
12.9200      248.00
12.9400      283.00
12.9600      300.00
12.9800      244.00
13.0000      264.00
13.0200      263.00
13.0400      310.00
13.0600      276.00
13.0800      269.00
13.1000      270.00
13.1200      235.00
13.1400      278.00
13.1600      278.00
13.1800      274.00
13.2000      246.00
13.2200      270.00
13.2400      251.00
13.2600      251.00
13.2800      272.00
13.3000      230.00
13.3200      257.00
13.3400      287.00
13.3600      245.00
13.3800      248.00
13.4000      237.00
13.4200      254.00
13.4400      297.00
13.4600      264.00
13.4800      256.00
13.5000      271.00
13.5200      254.00
13.5400      292.00
13.5600      257.00
13.5800      257.00
13.6000      258.00
13.6200      275.00
13.6400      303.00
13.6600      257.00
13.6800      275.00
13.7000      311.00
13.7200      286.00
13.7400      302.00
13.7600      311.00
13.7800      288.00
13.8000      332.00
13.8200      322.00
13.8400      341.00
13.8600      341.00
13.8800      383.00
13.9000      347.00
13.9200      381.00
13.9400      414.00
13.9600      416.00
13.9800      466.00
14.0000      490.00
14.0200      549.00
14.0400      580.00
14.0600      694.00
14.0800      756.00
14.1000      870.00
14.1200      889.00
14.1400     1112.00
14.1600     1164.00
14.1800     1238.00
14.2000     1321.00
14.2200     1380.00
14.2400     1375.00
14.2600     1373.00
14.2800     1368.00
14.3000     1205.00
14.3200     1149.00
14.3400     1044.00
14.3600     1008.00
14.3800      918.00
14.4000      814.00
14.4200      708.00
14.4400      725.00
14.4600      592.00
14.4800      579.00
14.5000      531.00
14.5200      466.00
14.5400      401.00
14.5600      364.00
14.5800      370.00
14.6000      319.00
14.6200      297.00
14.6400      297.00
14.6600      282.00
14.6800      259.00
14.7000      295.00
14.7200      276.00
14.7400      288.00
14.7600      308.00
14.7800      261.00
14.8000      263.00
14.8200      287.00
14.8400      287.00
14.8600      244.00
14.8800      261.00
14.9000      273.00
14.9200      254.00
14.9400      283.00
14.9600      302.00
14.9800      324.00
15.0000      289.00
15.0200      257.00
15.0400      261.00
15.0600      284.00
15.0800      261.00
15.1000      269.00
15.1200      263.00
15.1400      255.00
15.1600      247.00
15.1800      263.00
15.2000      232.00
15.2200      232.00
15.2400      237.00
15.2600      241.00
15.2800      262.00
15.3000      279.00
15.3200      268.00
15.3400      247.00
15.3600      247.00
15.3800      243.00
15.4000      273.00
15.4200      269.00
15.4400      261.00
15.4600      282.00
15.4800      270.00
15.5000      265.00
15.5200      248.00
15.5400      265.00
15.5600      266.00
15.5800      247.00
15.6000      250.00
15.6200      290.00
15.6400      272.00
15.6600      318.00
15.6800      278.00
15.7000      343.00
15.7200      335.00
15.7400      344.00
15.7600      383.00
15.7800      413.00
15.8000      410.00
15.8200      469.00
15.8400      501.00
15.8600      520.00
15.8800      555.00
15.9000      648.00
15.9200      612.00
15.9400      639.00
15.9600      635.00
15.9800      608.00
16.0000      592.00
16.0200      584.00
16.0400      601.00
16.0600      562.00
16.0800      562.00
16.1000      614.00
16.1200      525.00
16.1400      563.00
16.1600      627.00
16.1800      609.00
16.2000      599.00
16.2200      626.00
16.2400      615.00
16.2600      573.00
16.2800      554.00
16.3000      517.00
16.3200      608.00
16.3400      531.00
16.3600      589.00
16.3800      600.00
16.4000      630.00
16.4200      638.00
16.4400      684.00
16.4600      760.00
16.4800      810.00
16.5000      827.00
16.5200      866.00
16.5400      786.00
16.5600      774.00
16.5800      686.00
16.6000      625.00
16.6200      607.00
16.6400      568.00
16.6600      469.00
16.6800      449.00
16.7000      404.00
16.7200      343.00
16.7400      310.00
16.7600      351.00
16.7800      355.00
16.8000      319.00
16.8200      315.00
16.8400      398.00
16.8600      399.00
16.8800      418.00
16.9000      479.00
16.9200      525.00
16.9400      556.00
16.9600      598.00
16.9800      645.00
17.0000      688.00
17.0200      742.00
17.0400      834.00
17.0600      891.00
17.0800      880.00
17.1000      888.00
17.1200      919.00
17.1400      889.00
17.1600      856.00
17.1800      886.00
17.2000      811.00
17.2200      806.00
17.2400      802.00
17.2600      802.00
17.2800      817.00
17.3000      885.00
17.3200      919.00
17.3400      977.00
17.3600     1170.00
17.3800     1391.00
17.4000     1509.00
17.4200     1808.00
17.4400     2018.00
17.4600     2225.00
17.4800     2537.00
17.5000     2678.00
17.5200     2976.00
17.5400     3119.00
17.5600     3214.00
17.5800     3242.00
17.6000     3183.00
17.6200     3135.00
17.6400     2917.00
17.6600     2825.00
17.6800     2604.00
17.7000     2323.00
17.7200     1983.00
17.7400     1739.00
17.7600     1505.00
17.7800     1260.00
17.8000     1068.00
17.8200      859.00
17.8400      740.00
17.8600      731.00
17.8800      592.00
17.9000      574.00
17.9200      525.00
17.9400      535.00
17.9600      487.00
17.9800      485.00
18.0000      470.00
18.0200      434.00
18.0400      397.00
18.0600      418.00
18.0800      409.00
18.1000      426.00
18.1200      380.00
18.1400      374.00
18.1600      419.00
18.1800      432.00
18.2000      484.00
18.2200      491.00
18.2400      577.00
18.2600      602.00
18.2800      719.00
18.3000      753.00
18.3200      882.00
18.3400      986.00
18.3600     1093.00
18.3800     1186.00
18.4000     1249.00
18.4200     1348.00
18.4400     1354.00
18.4600     1281.00
18.4800     1197.00
18.5000     1108.00
18.5200      998.00
18.5400      888.00
18.5600      744.00
18.5800      698.00
18.6000      603.00
18.6200      595.00
18.6400      480.00
18.6600      520.00
18.6800      474.00
18.7000      497.00
18.7200      494.00
18.7400      498.00
18.7600      561.00
18.7800      512.00
18.8000      531.00
18.8200      526.00
18.8400      505.00
18.8600      492.00
18.8800      468.00
18.9000      476.00
18.9200      436.00
18.9400      454.00
18.9600      412.00
18.9800      433.00
19.0000      471.00
19.0200      429.00
19.0400      417.00
19.0600      444.00
19.0800      498.00
19.1000      503.00
19.1200      488.00
19.1400      529.00
19.1600      549.00
19.1800      529.00
19.2000      591.00
19.2200      564.00
19.2400      515.00
19.2600      555.00
19.2800      521.00
19.3000      545.00
19.3200      466.00
19.3400      502.00
19.3600      518.00
19.3800      547.00
19.4000      546.00
19.4200      590.00
19.4400      697.00
19.4600      788.00
19.4800      904.00
19.5000     1083.00
19.5200     1229.00
19.5400     1489.00
19.5600     1689.00
19.5800     1954.00
19.6000     2191.00
19.6200     2260.00
19.6400     2462.00
19.6600     2487.00
19.6800     2584.00
19.7000     2460.00
19.7200     2410.00
19.7400     2358.00
19.7600     2054.00
19.7800     1987.00
19.8000     1690.00
19.8200     1384.00
19.8400     1215.00
19.8600     1022.00
19.8800      884.00
19.9000      774.00
19.9200      693.00
19.9400      570.00
19.9600      576.00
19.9800      502.00
20.0000      480.00
20.0200      433.00
20.0400      414.00
20.0600      384.00
20.0800      408.00
20.1000      396.00
20.1200      387.00
20.1400      396.00
20.1600      360.00
20.1800      354.00
20.2000      341.00
20.2200      387.00
20.2400      389.00
20.2600      397.00
20.2800      390.00
20.3000      390.00
20.3200      408.00
20.3400      408.00
20.3600      435.00
20.3800      400.00
20.4000      436.00
20.4200      463.00
20.4400      450.00
20.4600      500.00
20.4800      524.00
20.5000      570.00
20.5200      644.00
20.5400      679.00
20.5600      728.00
20.5800      874.00
20.6000      901.00
20.6200      997.00
20.6400     1079.00
20.6600     1254.00
20.6800     1323.00
20.7000     1366.00
20.7200     1399.00
20.7400     1404.00
20.7600     1486.00
20.7800     1506.00
20.8000     1625.00
20.8200     1707.00
20.8400     1807.00
20.8600     2131.00
20.8800     2206.00
20.9000     2534.00
20.9200     2803.00
20.9400     3035.00
20.9600     3366.00
20.9800     3891.00
21.0000     4273.00
21.0200     4319.00
21.0400     4686.00
21.0600     4570.00
21.0800     4412.00
21.1000     4134.00
21.1200     3790.00
21.1400     3558.00
21.1600     3118.00
21.1800     2648.00
21.2000     2238.00
21.2200     1751.00
21.2400     1471.00
21.2600     1133.00
21.2800      956.00
21.3000      745.00
21.3200      633.00
21.3400      538.00
21.3600      510.00
21.3800      465.00
21.4000      413.00
21.4200      394.00
21.4400      425.00
21.4600      378.00
21.4800      379.00
21.5000      373.00
21.5200      370.00
21.5400      378.00
21.5600      398.00
21.5800      336.00
21.6000      344.00
21.6200      338.00
21.6400      348.00
21.6600      365.00
21.6800      328.00
21.7000      350.00
21.7200      358.00
21.7400      370.00
21.7600      352.00
21.7800      330.00
21.8000      317.00
21.8200      346.00
21.8400      378.00
21.8600      347.00
21.8800      375.00
21.9000      384.00
21.9200      372.00
21.9400      345.00
21.9600      403.00
21.9800      399.00
22.0000      363.00
22.0200      422.00
22.0400      450.00
22.0600      469.00
22.0800      446.00
22.1000      472.00
22.1200      537.00
22.1400      565.00
22.1600      572.00
22.1800      599.00
22.2000      663.00
22.2200      737.00
22.2400      787.00
22.2600      793.00
22.2800      826.00
22.3000      875.00
22.3200      871.00
22.3400      907.00
22.3600      850.00
22.3800      946.00
22.4000      887.00
22.4200      912.00
22.4400      975.00
22.4600     1060.00
22.4800     1095.00
22.5000     1210.00
22.5200     1334.00
22.5400     1442.00
22.5600     1546.00
22.5800     1676.00
22.6000     1788.00
22.6200     1768.00
22.6400     1841.00
22.6600     1778.00
22.6800     1654.00
22.7000     1540.00
22.7200     1378.00
22.7400     1295.00
22.7600     1125.00
22.7800     1026.00
22.8000      890.00
22.8200      895.00
22.8400      892.00
22.8600      763.00
22.8800      799.00
22.9000      814.00
22.9200      879.00
22.9400      846.00
22.9600      999.00
22.9800     1033.00
23.0000     1029.00
23.0200     1103.00
23.0400     1144.00
23.0600     1149.00
23.0800     1244.00
23.1000     1321.00
23.1200     1349.00
23.1400     1243.00
23.1600     1279.00
23.1800     1213.00
23.2000     1151.00
23.2200     1104.00
23.2400     1052.00
23.2600     1051.00
23.2800      981.00
23.3000     1060.00
23.3200      990.00
23.3400     1065.00
23.3600     1132.00
23.3800     1117.00
23.4000     1235.00
23.4200     1129.00
23.4400     1195.00
23.4600     1097.00
23.4800     1051.00
23.5000      962.00
23.5200      848.00
23.5400      751.00
23.5600      674.00
23.5800      621.00
23.6000      530.00
23.6200      505.00
23.6400      436.00
23.6600      459.00
23.6800      401.00
23.7000      450.00
23.7200      441.00
23.7400      447.00
23.7600      416.00
23.7800      456.00
23.8000      488.00
23.8200      504.00
23.8400      563.00
23.8600      561.00
23.8800      547.00
23.9000      650.00
23.9200      695.00
23.9400      669.00
23.9600      825.00
23.9800      886.00
24.0000      931.00
24.0200     1061.00
24.0400     1124.00
24.0600     1221.00
24.0800     1177.00
24.1000     1260.00
24.1200     1267.00
24.1400     1254.00
24.1600     1222.00
24.1800     1197.00
24.2000     1183.00
24.2200     1182.00
24.2400     1202.00
24.2600     1197.00
24.2800     1366.00
24.3000     1379.00
24.3200     1588.00
24.3400     1675.00
24.3600     1728.00
24.3800     1765.00
24.4000     1875.00
24.4200     1809.00
24.4400     1623.00
24.4600     1512.00
24.4800     1427.00
24.5000     1266.00
24.5200     1064.00
24.5400     1031.00
24.5600      852.00
24.5800      720.00
24.6000      685.00
24.6200      604.00
24.6400      502.00
24.6600      546.00
24.6800      504.00
24.7000      518.00
24.7200      538.00
24.7400      558.00
24.7600      638.00
24.7800      663.00
24.8000      789.00
24.8200      847.00
24.8400      971.00
24.8600     1054.00
24.8800     1190.00
24.9000     1288.00
24.9200     1284.00
24.9400     1333.00
24.9600     1354.00
24.9800     1270.00
25.0000     1159.00
25.0200     1128.00
25.0400     1043.00
25.0600      924.00
25.0800      840.00
25.1000      712.00
25.1200      632.00
25.1400      547.00
25.1600      491.00
25.1800      433.00
25.2000      459.00
25.2200      391.00
25.2400      364.00
25.2600      361.00
25.2800      347.00
25.3000      321.00
25.3200      331.00
25.3400      335.00
25.3600      324.00
25.3800      336.00
25.4000      301.00
25.4200      289.00
25.4400      290.00
25.4600      340.00
25.4800      295.00
25.5000      286.00
25.5200      287.00
25.5400      348.00
25.5600      290.00
25.5800      321.00
25.6000      294.00
25.6200      322.00
25.6400      306.00
25.6600      315.00
25.6800      311.00
25.7000      337.00
25.7200      302.00
25.7400      327.00
25.7600      345.00
25.7800      375.00
25.8000      347.00
25.8200      330.00
25.8400      347.00
25.8600      409.00
25.8800      414.00
25.9000      452.00
25.9200      464.00
25.9400      536.00
25.9600      578.00
25.9800      611.00
26.0000      680.00
26.0200      687.00
26.0400      662.00
26.0600      774.00
26.0800      806.00
26.1000      794.00
26.1200      836.00
26.1400      883.00
26.1600      882.00
26.1800      920.00
26.2000      940.00
26.2200      939.00
26.2400      896.00
26.2600      927.00
26.2800      863.00
26.3000      904.00
26.3200      857.00
26.3400      873.00
26.3600      851.00
26.3800      794.00
26.4000      825.00
26.4200      777.00
26.4400      826.00
26.4600      741.00
26.4800      794.00
26.5000      772.00
26.5200      748.00
26.5400      693.00
26.5600      704.00
26.5800      652.00
26.6000      631.00
26.6200      594.00
26.6400      522.00
26.6600      485.00
26.6800      431.00
26.7000      436.00
26.7200      380.00
26.7400      386.00
26.7600      317.00
26.7800      334.00
26.8000      322.00
26.8200      310.00
26.8400      324.00
26.8600      334.00
26.8800      325.00
26.9000      345.00
26.9200      377.00
26.9400      392.00
26.9600      388.00
26.9800      383.00
27.0000      401.00
27.0200      407.00
27.0400      401.00
27.0600      428.00
27.0800      411.00
27.1000      385.00
27.1200      404.00
27.1400      425.00
27.1600      459.00
27.1800      447.00
27.2000      477.00
27.2200      488.00
27.2400      501.00
27.2600      520.00
27.2800      571.00
27.3000      553.00
27.3200      561.00
27.3400      569.00
27.3600      565.00
27.3800      566.00
27.4000      542.00
27.4200      596.00
27.4400      573.00
27.4600      601.00
27.4800      625.00
27.5000      596.00
27.5200      675.00
27.5400      689.00
27.5600      743.00
27.5800      788.00
27.6000      816.00
27.6200      933.00
27.6400     1008.00
27.6600      955.00
27.6800     1052.00
27.7000     1019.00
27.7200      986.00
27.7400     1085.00
27.7600     1023.00
27.7800      935.00
27.8000      911.00
27.8200      845.00
27.8400      764.00
27.8600      801.00
27.8800      703.00
27.9000      672.00
27.9200      560.00
27.9400      563.00
27.9600      569.00
27.9800      540.00
28.0000      527.00
28.0200      485.00
28.0400      480.00
28.0600      435.00
28.0800      457.00
28.1000      475.00
28.1200      436.00
28.1400      442.00
28.1600      390.00
28.1800      422.00
28.2000      476.00
28.2200      483.00
28.2400      527.00
28.2600      570.00
28.2800      659.00
28.3000      699.00
28.3200      812.00
28.3400      935.00
28.3600     1060.00
28.3800     1160.00
28.4000     1340.00
28.4200     1500.00
28.4400     1642.00
28.4600     1682.00
28.4800     1854.00
28.5000     1894.00
28.5200     1921.00
28.5400     1830.00
28.5600     1830.00
28.5800     1754.00
28.6000     1603.00
28.6200     1520.00
28.6400     1429.00
28.6600     1253.00
28.6800     1128.00
28.7000      993.00
28.7200     1004.00
28.7400      955.00
28.7600      841.00
28.7800      791.00
28.8000      773.00
28.8200      696.00
28.8400      648.00
28.8600      644.00
28.8800      630.00
28.9000      614.00
28.9200      590.00
28.9400      602.00
28.9600      579.00
28.9800      616.00
29.0000      609.00
29.0200      603.00
29.0400      657.00
29.0600      656.00
29.0800      695.00
29.1000      736.00
29.1200      741.00
29.1400      731.00
29.1600      773.00
29.1800      822.00
29.2000      816.00
29.2200      743.00
29.2400      804.00
29.2600      794.00
29.2800      718.00
29.3000      760.00
29.3200      801.00
29.3400      740.00
29.3600      822.00
29.3800      868.00
29.4000      869.00
29.4200      874.00
29.4400      978.00
29.4600      959.00
29.4800      999.00
29.5000      943.00
29.5200      913.00
29.5400      794.00
29.5600      730.00
29.5800      729.00
29.6000      662.00
29.6200      586.00
29.6400      480.00
29.6600      457.00
29.6800      404.00
29.7000      387.00
29.7200      358.00
29.7400      339.00
29.7600      341.00
29.7800      304.00
29.8000      326.00
29.8200      324.00
29.8400      322.00
29.8600      329.00
29.8800      337.00
29.9000      315.00
29.9200      358.00
29.9400      379.00
29.9600      391.00
29.9800      427.00
30.0000      475.00
30.0200      490.00
30.0400      494.00
30.0600      531.00
30.0800      552.00
30.1000      593.00
30.1200      650.00
30.1400      641.00
30.1600      627.00
30.1800      551.00
30.2000      626.00
30.2200      601.00
30.2400      591.00
30.2600      597.00
30.2800      594.00
30.3000      543.00
30.3200      543.00
30.3400      523.00
30.3600      442.00
30.3800      442.00
30.4000      434.00
30.4200      440.00
30.4400      380.00
30.4600      363.00
30.4800      356.00
30.5000      380.00
30.5200      378.00
30.5400      328.00
30.5600      369.00
30.5800      366.00
30.6000      376.00
30.6200      339.00
30.6400      377.00
30.6600      364.00
30.6800      406.00
30.7000      388.00
30.7200      364.00
30.7400      351.00
30.7600      372.00
30.7800      390.00
30.8000      385.00
30.8200      335.00
30.8400      366.00
30.8600      363.00
30.8800      319.00
30.9000      344.00
30.9200      329.00
30.9400      338.00
30.9600      388.00
30.9800      319.00
31.0000      366.00
31.0200      321.00
31.0400      344.00
31.0600      315.00
31.0800      335.00
31.1000      315.00
31.1200      279.00
31.1400      290.00
31.1600      276.00
31.1800      265.00
31.2000      327.00
31.2200      258.00
31.2400      248.00
31.2600      284.00
31.2800      250.00
31.3000      259.00
31.3200      278.00
31.3400      216.00
31.3600      260.00
31.3800      273.00
31.4000      274.00
31.4200      272.00
31.4400      298.00
31.4600      295.00
31.4800      339.00
31.5000      341.00
31.5200      336.00
31.5400      323.00
31.5600      367.00
31.5800      392.00
31.6000      377.00
31.6200      351.00
31.6400      343.00
31.6600      339.00
31.6800      350.00
31.7000      349.00
31.7200      343.00
31.7400      315.00
31.7600      351.00
31.7800      332.00
31.8000      312.00
31.8200      323.00
31.8400      349.00
31.8600      349.00
31.8800      327.00
31.9000      367.00
31.9200      368.00
31.9400      386.00
31.9600      411.00
31.9800      406.00
32.0000      441.00
32.0200      420.00
32.0400      457.00
32.0600      482.00
32.0800      495.00
32.1000      489.00
32.1200      541.00
32.1400      523.00
32.1600      509.00
32.1800      508.00
32.2000      528.00
32.2200      528.00
32.2400      508.00
32.2600      499.00
32.2800      504.00
32.3000      483.00
32.3200      487.00
32.3400      497.00
32.3600      521.00
32.3800      489.00
32.4000      492.00
32.4200      551.00
32.4400      533.00
32.4600      532.00
32.4800      560.00
32.5000      553.00
32.5200      588.00
32.5400      577.00
32.5600      603.00
32.5800      616.00
32.6000      635.00
32.6200      631.00
32.6400      573.00
32.6600      579.00
32.6800      575.00
32.7000      603.00
32.7200      509.00
32.7400      515.00
32.7600      517.00
32.7800      508.00
32.8000      502.00
32.8200      504.00
32.8400      450.00
32.8600      450.00
32.8800      413.00
32.9000      413.00
32.9200      416.00
32.9400      444.00
32.9600      414.00
32.9800      424.00
33.0000      437.00
33.0200      393.00
33.0400      404.00
33.0600      429.00
33.0800      432.00
33.1000      413.00
33.1200      425.00
33.1400      492.00
33.1600      457.00
33.1800      532.00
33.2000      533.00
33.2200      561.00
33.2400      568.00
33.2600      623.00
33.2800      625.00
33.3000      635.00
33.3200      571.00
33.3400      648.00
33.3600      628.00
33.3800      586.00
33.4000      592.00
33.4200      566.00
33.4400      542.00
33.4600      536.00
33.4800      508.00
33.5000      471.00
33.5200      425.00
33.5400      404.00
33.5600      418.00
33.5800      413.00
33.6000      373.00
33.6200      366.00
33.6400      375.00
33.6600      337.00
33.6800      283.00
33.7000      262.00
33.7200      285.00
33.7400      286.00
33.7600      287.00
33.7800      267.00
33.8000      275.00
33.8200      278.00
33.8400      268.00
33.8600      289.00
33.8800      271.00
33.9000      253.00
33.9200      304.00
33.9400      312.00
33.9600      259.00
33.9800      284.00
34.0000      309.00
34.0200      329.00
34.0400      332.00
34.0600      326.00
34.0800      383.00
34.1000      408.00
34.1200      445.00
34.1400      441.00
34.1600      492.00
34.1800      482.00
34.2000      535.00
34.2200      576.00
34.2400      598.00
34.2600      543.00
34.2800      531.00
34.3000      451.00
34.3200      470.00
34.3400      437.00
34.3600      414.00
34.3800      342.00
34.4000      359.00
34.4200      353.00
34.4400      321.00
34.4600      289.00
34.4800      302.00
34.5000      268.00
34.5200      285.00
34.5400      301.00
34.5600      237.00
34.5800      283.00
34.6000      293.00
34.6200      267.00
34.6400      232.00
34.6600      292.00
34.6800      255.00
34.7000      261.00
34.7200      269.00
34.7400      295.00
34.7600      298.00
34.7800      297.00
34.8000      280.00
34.8200      282.00
34.8400      318.00
34.8600      330.00
34.8800      284.00
34.9000      318.00
34.9200      306.00
34.9400      317.00
34.9600      310.00
34.9800      312.00
35.0000      348.00
