 2.2000      269.00
 2.2200      268.00
 2.2400      218.00
 2.2600      262.00
 2.2800      239.00
 2.3000      284.00
 2.3200      252.00
 2.3400      221.00
 2.3600      273.00
 2.3800      255.00
 2.4000      238.00
 2.4200      208.00
 2.4400      226.00
 2.4600      248.00
 2.4800      244.00
 2.5000      203.00
 2.5200      239.00
 2.5400      244.00
 2.5600      261.00
 2.5800      217.00
 2.6000      242.00
 2.6200      232.00
 2.6400      223.00
 2.6600      216.00
 2.6800      201.00
 2.7000      251.00
 2.7200      231.00
 2.7400      216.00
 2.7600      238.00
 2.7800      228.00
 2.8000      251.00
 2.8200      204.00
 2.8400      246.00
 2.8600      228.00
 2.8800      211.00
 2.9000      233.00
 2.9200      196.00
 2.9400      223.00
 2.9600      196.00
 2.9800      237.00
 3.0000      228.00
 3.0200      238.00
 3.0400      201.00
 3.0600      176.00
 3.0800      213.00
 3.1000      205.00
 3.1200      192.00
 3.1400      196.00
 3.1600      207.00
 3.1800      231.00
 3.2000      189.00
 3.2200      187.00
 3.2400      204.00
 3.2600      200.00
 3.2800      200.00
 3.3000      188.00
 3.3200      175.00
 3.3400      193.00
 3.3600      199.00
 3.3800      178.00
 3.4000      188.00
 3.4200      185.00
 3.4400      165.00
 3.4600      192.00
 3.4800      178.00
 3.5000      187.00
 3.5200      175.00
 3.5400      185.00
 3.5600      182.00
 3.5800      134.00
 3.6000      161.00
 3.6200      170.00
 3.6400      184.00
 3.6600      185.00
 3.6800      194.00
 3.7000      153.00
 3.7200      170.00
 3.7400      182.00
 3.7600      172.00
 3.7800      160.00
 3.8000      172.00
 3.8200      164.00
 3.8400      159.00
 3.8600      163.00
 3.8800      141.00
 3.9000      178.00
 3.9200      156.00
 3.9400      161.00
 3.9600      148.00
 3.9800      152.00
 4.0000      131.00
 4.0200      155.00
 4.0400      161.00
 4.0600      139.00
 4.0800      154.00
 4.1000      143.00
 4.1200      134.00
 4.1400      133.00
 4.1600      150.00
 4.1800      144.00
 4.2000      145.00
 4.2200      150.00
 4.2400      144.00
 4.2600      139.00
 4.2800      143.00
 4.3000      131.00
 4.3200      139.00
 4.3400      126.00
 4.3600      131.00
 4.3800      158.00
 4.4000      142.00
 4.4200      118.00
 4.4400      120.00
 4.4600      130.00
 4.4800      146.00
 4.5000      143.00
 4.5200      142.00
 4.5400      115.00
 4.5600      130.00
 4.5800      123.00
 4.6000      145.00
 4.6200      118.00
 4.6400      121.00
 4.6600      130.00
 4.6800      111.00
 4.7000      111.00
 4.7200      133.00
 4.7400      120.00
 4.7600      142.00
 4.7800      130.00
 4.8000      117.00
 4.8200      129.00
 4.8400      147.00
 4.8600       99.00
 4.8800      139.00
 4.9000      140.00
 4.9200      121.00
 4.9400      109.00
 4.9600      124.00
 4.9800      141.00
 5.0000      144.00
 5.0200      123.00
 5.0400      126.00
 5.0600      118.00
 5.0800      129.00
 5.1000      131.00
 5.1200      134.00
 5.1400      132.00
 5.1600      139.00
 5.1800      164.00
 5.2000      147.00
 5.2200      133.00
 5.2400      125.00
 5.2600      139.00
 5.2800      114.00
 5.3000      138.00
 5.3200      111.00
 5.3400      128.00
 5.3600      150.00
 5.3800      129.00
 5.4000      133.00
 5.4200      123.00
 5.4400      133.00
 5.4600      106.00
 5.4800      133.00
 5.5000      135.00
 5.5200      123.00
 5.5400      126.00
 5.5600      155.00
 5.5800      131.00
 5.6000      135.00
 5.6200      127.00
 5.6400      151.00
 5.6600      137.00
 5.6800      139.00
 5.7000      140.00
 5.7200      154.00
 5.7400      169.00
 5.7600      135.00
 5.7800      146.00
 5.8000      140.00
 5.8200      140.00
 5.8400      127.00
 5.8600      134.00
 5.8800      134.00
 5.9000      142.00
 5.9200      151.00
 5.9400      135.00
 5.9600      173.00
 5.9800      131.00
 6.0000      167.00
 6.0200      146.00
 6.0400      149.00
 6.0600      166.00
 6.0800      170.00
 6.1000      132.00
 6.1200      150.00
 6.1400      158.00
 6.1600      143.00
 6.1800      152.00
 6.2000      133.00
 6.2200      134.00
 6.2400      146.00
 6.2600      148.00
 6.2800      162.00
 6.3000      122.00
 6.3200      180.00
 6.3400      151.00
 6.3600      165.00
 6.3800      166.00
 6.4000      165.00
 6.4200      161.00
 6.4400      149.00
 6.4600      163.00
 6.4800      167.00
 6.5000      171.00
 6.5200      148.00
 6.5400      161.00
 6.5600      171.00
 6.5800      136.00
 6.6000      164.00
 6.6200      172.00
 6.6400      140.00
 6.6600      165.00
 6.6800      145.00
 6.7000      174.00
 6.7200      158.00
 6.7400      170.00
 6.7600      157.00
 6.7800      165.00
 6.8000      177.00
 6.8200      154.00
 6.8400      163.00
 6.8600      154.00
 6.8800      183.00
 6.9000      171.00
 6.9200      161.00
 6.9400      177.00
 6.9600      145.00
 6.9800      179.00
 7.0000      155.00
 7.0200      166.00
 7.0400      167.00
 7.0600      189.00
 7.0800      187.00
 7.1000      184.00
 7.1200      162.00
 7.1400      173.00
 7.1600      228.00
 7.1800      210.00
 7.2000      238.00
 7.2200      237.00
 7.2400      182.00
 7.2600      196.00
 7.2800      200.00
 7.3000      182.00
 7.3200      169.00
 7.3400      158.00
 7.3600      179.00
 7.3800      161.00
 7.4000      175.00
 7.4200      191.00
 7.4400      174.00
 7.4600      157.00
 7.4800      163.00
 7.5000      187.00
 7.5200      159.00
 7.5400      180.00
 7.5600      188.00
 7.5800      185.00
 7.6000      150.00
 7.6200      182.00
 7.6400      182.00
 7.6600      176.00
 7.6800      184.00
 7.7000      171.00
 7.7200      179.00
 7.7400      179.00
 7.7600      158.00
 7.7800      203.00
 7.8000      182.00
 7.8200      150.00
 7.8400      152.00
 7.8600      182.00
 7.8800      183.00
 7.9000      181.00
 7.9200      202.00
 7.9400      191.00
 7.9600      202.00
 7.9800      151.00
 8.0000      194.00
 8.0200      165.00
 8.0400      181.00
 8.0600      204.00
 8.0800      174.00
 8.1000      178.00
 8.1200      192.00
 8.1400      215.00
 8.1600      197.00
 8.1800      181.00
 8.2000      176.00
 8.2200      170.00
 8.2400      181.00
 8.2600      174.00
 8.2800      189.00
 8.3000      182.00
 8.3200      190.00
 8.3400      174.00
 8.3600      203.00
 8.3800      216.00
 8.4000      194.00
 8.4200      195.00
 8.4400      221.00
 8.4600      213.00
 8.4800      185.00
 8.5000      216.00
 8.5200      213.00
 8.5400      224.00
 8.5600      196.00
 8.5800      199.00
 8.6000      242.00
 8.6200      214.00
 8.6400      217.00
 8.6600      206.00
 8.6800      218.00
 8.7000      208.00
 8.7200      217.00
 8.7400      218.00
 8.7600      215.00
 8.7800      215.00
 8.8000      218.00
 8.8200      218.00
 8.8400      216.00
 8.8600      199.00
 8.8800      220.00
 8.9000      205.00
 8.9200      240.00
 8.9400      216.00
 8.9600      259.00
 8.9800      233.00
 9.0000      263.00
 9.0200      279.00
 9.0400      254.00
 9.0600      242.00
 9.0800      251.00
 9.1000      246.00
 9.1200      253.00
 9.1400      281.00
 9.1600      235.00
 9.1800      245.00
 9.2000      232.00
 9.2200      236.00
 9.2400      236.00
 9.2600      245.00
 9.2800      211.00
 9.3000      231.00
 9.3200      233.00
 9.3400      223.00
 9.3600      226.00
 9.3800      201.00
 9.4000      224.00
 9.4200      200.00
 9.4400      253.00
 9.4600      242.00
 9.4800      242.00
 9.5000      219.00
 9.5200      254.00
 9.5400      212.00
 9.5600      203.00
 9.5800      207.00
 9.6000      208.00
 9.6200      222.00
 9.6400      237.00
 9.6600      223.00
 9.6800      242.00
 9.7000      196.00
 9.7200      207.00
 9.7400      237.00
 9.7600      255.00
 9.7800      252.00
 9.8000      247.00
 9.8200      235.00
 9.8400      261.00
 9.8600      242.00
 9.8800      287.00
 9.9000      249.00
 9.9200      266.00
 9.9400      275.00
 9.9600      259.00
 9.9800      286.00
10.0000      249.00
10.0200      254.00
10.0400      276.00
10.0600      264.00
10.0800      258.00
10.1000      229.00
10.1200      269.00
10.1400      273.00
10.1600      257.00
10.1800      253.00
10.2000      271.00
10.2200      274.00
10.2400      278.00
10.2600      302.00
10.2800      305.00
10.3000      269.00
10.3200      253.00
10.3400      289.00
10.3600      268.00
10.3800      248.00
10.4000      255.00
10.4200      281.00
10.4400      258.00
10.4600      252.00
10.4800      259.00
10.5000      248.00
10.5200      274.00
10.5400      230.00
10.5600      270.00
10.5800      269.00
10.6000      234.00
10.6200      261.00
10.6400      268.00
10.6600      272.00
10.6800      305.00
10.7000      300.00
10.7200      266.00
10.7400      313.00
10.7600      330.00
10.7800      371.00
10.8000      363.00
10.8200      353.00
10.8400      364.00
10.8600      358.00
10.8800      362.00
10.9000      334.00
10.9200      302.00
10.9400      313.00
10.9600      361.00
10.9800      396.00
11.0000      404.00
11.0200      402.00
11.0400      434.00
11.0600      467.00
11.0800      477.00
11.1000      493.00
11.1200      503.00
11.1400      529.00
11.1600      568.00
11.1800      553.00
11.2000      642.00
11.2200      714.00
11.2400      739.00
11.2600      858.00
11.2800      846.00
11.3000      859.00
11.3200      979.00
11.3400      949.00
11.3600      885.00
11.3800      923.00
11.4000      804.00
11.4200      773.00
11.4400      638.00
11.4600      598.00
11.4800      506.00
11.5000      534.00
11.5200      505.00
11.5400      534.00
11.5600      552.00
11.5800      557.00
11.6000      581.00
11.6200      584.00
11.6400      582.00
11.6600      548.00
11.6800      511.00
11.7000      417.00
11.7200      405.00
11.7400      320.00
11.7600      345.00
11.7800      362.00
11.8000      328.00
11.8200      338.00
11.8400      316.00
11.8600      331.00
11.8800      314.00
11.9000      394.00
11.9200      335.00
11.9400      375.00
11.9600      368.00
11.9800      361.00
12.0000      361.00
12.0200      442.00
12.0400      434.00
12.0600      424.00
12.0800      449.00
12.1000      483.00
12.1200      474.00
12.1400      490.00
12.1600      502.00
12.1800      564.00
12.2000      546.00
12.2200      593.00
12.2400      560.00
12.2600      576.00
12.2800      594.00
12.3000      616.00
12.3200      684.00
12.3400      750.00
12.3600      756.00
12.3800      755.00
12.4000      763.00
12.4200      814.00
12.4400      788.00
12.4600      776.00
12.4800      773.00
12.5000      774.00
12.5200      730.00
12.5400      749.00
12.5600      703.00
12.5800      675.00
12.6000      642.00
12.6200      586.00
12.6400      656.00
12.6600      640.00
12.6800      677.00
12.7000      707.00
12.7200      787.00
12.7400      835.00
12.7600      926.00
12.7800      917.00
12.8000      945.00
12.8200      969.00
12.8400      929.00
12.8600      818.00
12.8800      735.00
12.9000      625.00
12.9200      533.00
12.9400      489.00
12.9600      392.00
12.9800      370.00
13.0000      356.00
13.0200      358.00
13.0400      363.00
13.0600      294.00
13.0800      343.00
13.1000      329.00
13.1200      301.00
13.1400      320.00
13.1600      315.00
13.1800      311.00
13.2000      331.00
13.2200      302.00
13.2400      299.00
13.2600      302.00
13.2800      309.00
13.3000      285.00
13.3200      288.00
13.3400      291.00
13.3600      297.00
13.3800      285.00
13.4000      313.00
13.4200      307.00
13.4400      328.00
13.4600      276.00
13.4800      279.00
13.5000      294.00
13.5200      288.00
13.5400      285.00
13.5600      306.00
13.5800      277.00
13.6000      296.00
13.6200      266.00
13.6400      275.00
13.6600      278.00
13.6800      289.00
13.7000      303.00
13.7200      282.00
13.7400      312.00
13.7600      284.00
13.7800      257.00
13.8000      264.00
13.8200      298.00
13.8400      296.00
13.8600      311.00
13.8800      281.00
13.9000      294.00
13.9200      312.00
13.9400      310.00
13.9600      330.00
13.9800      336.00
14.0000      366.00
14.0200      366.00
14.0400      375.00
14.0600      348.00
14.0800      394.00
14.1000      430.00
14.1200      408.00
14.1400      461.00
14.1600      432.00
14.1800      467.00
14.2000      469.00
14.2200      528.00
14.2400      486.00
14.2600      615.00
14.2800      587.00
14.3000      594.00
14.3200      683.00
14.3400      769.00
14.3600      822.00
14.3800      857.00
14.4000      901.00
14.4200      928.00
14.4400     1067.00
14.4600     1019.00
14.4800     1060.00
14.5000     1074.00
14.5200     1070.00
14.5400     1037.00
14.5600     1062.00
14.5800      942.00
14.6000      934.00
14.6200      847.00
14.6400      725.00
14.6600      695.00
14.6800      627.00
14.7000      544.00
14.7200      538.00
14.7400      519.00
14.7600      550.00
14.7800      434.00
14.8000      426.00
14.8200      413.00
14.8400      391.00
14.8600      326.00
14.8800      299.00
14.9000      288.00
14.9200      275.00
14.9400      318.00
14.9600      307.00
14.9800      297.00
15.0000      328.00
15.0200      288.00
15.0400      295.00
15.0600      317.00
15.0800      292.00
15.1000      322.00
15.1200      300.00
15.1400      310.00
15.1600      298.00
15.1800      307.00
15.2000      295.00
15.2200      296.00
15.2400      294.00
15.2600      293.00
15.2800      249.00
15.3000      287.00
15.3200      298.00
15.3400      253.00
15.3600      285.00
15.3800      274.00
15.4000      279.00
15.4200      278.00
15.4400      283.00
15.4600      274.00
15.4800      265.00
15.5000      270.00
15.5200      271.00
15.5400      301.00
15.5600      300.00
15.5800      266.00
15.6000      297.00
15.6200      286.00
15.6400      302.00
15.6600      282.00
15.6800      261.00
15.7000      321.00
15.7200      328.00
15.7400      286.00
15.7600      317.00
15.7800      285.00
15.8000      339.00
15.8200      366.00
15.8400      344.00
15.8600      390.00
15.8800      350.00
15.9000      361.00
15.9200      377.00
15.9400      439.00
15.9600      420.00
15.9800      420.00
16.0000      450.00
16.0200      448.00
16.0400      460.00
16.0600      456.00
16.0800      496.00
16.1000      493.00
16.1200      522.00
16.1400      505.00
16.1600      550.00
16.1800      595.00
16.2000      609.00
16.2200      634.00
16.2400      628.00
16.2600      588.00
16.2800      582.00
16.3000      582.00
16.3200      615.00
16.3400      663.00
16.3600      604.00
16.3800      617.00
16.4000      665.00
16.4200      706.00
16.4400      682.00
16.4600      714.00
16.4800      776.00
16.5000      800.00
16.5200      827.00
16.5400      780.00
16.5600      730.00
16.5800      699.00
16.6000      665.00
16.6200      610.00
16.6400      613.00
16.6600      635.00
16.6800      632.00
16.7000      636.00
16.7200      575.00
16.7400      595.00
16.7600      563.00
16.7800      657.00
16.8000      651.00
16.8200      695.00
16.8400      721.00
16.8600      715.00
16.8800      730.00
16.9000      655.00
16.9200      606.00
16.9400      548.00
16.9600      468.00
16.9800      528.00
17.0000      498.00
17.0200      475.00
17.0400      574.00
17.0600      635.00
17.0800      598.00
17.1000      634.00
17.1200      647.00
17.1400      655.00
17.1600      630.00
17.1800      634.00
17.2000      672.00
17.2200      686.00
17.2400      759.00
17.2600      770.00
17.2800      846.00
17.3000      830.00
17.3200      929.00
17.3400     1048.00
17.3600     1102.00
17.3800     1231.00
17.4000     1212.00
17.4200     1196.00
17.4400     1107.00
17.4600     1187.00
17.4800     1186.00
17.5000     1122.00
17.5200     1250.00
17.5400     1238.00
17.5600     1249.00
17.5800     1363.00
17.6000     1393.00
17.6200     1401.00
17.6400     1485.00
17.6600     1600.00
17.6800     1662.00
17.7000     1763.00
17.7200     1790.00
17.7400     1862.00
17.7600     1936.00
17.7800     2231.00
17.8000     2220.00
17.8200     2448.00
17.8400     2695.00
17.8600     2747.00
17.8800     2732.00
17.9000     2621.00
17.9200     2376.00
17.9400     2003.00
17.9600     1601.00
17.9800     1230.00
18.0000      966.00
18.0200      739.00
18.0400      640.00
18.0600      576.00
18.0800      499.00
18.1000      461.00
18.1200      479.00
18.1400      505.00
18.1600      472.00
18.1800      476.00
18.2000      486.00
18.2200      464.00
18.2400      465.00
18.2600      456.00
18.2800      412.00
18.3000      452.00
18.3200      405.00
18.3400      459.00
18.3600      464.00
18.3800      490.00
18.4000      457.00
18.4200      518.00
18.4400      557.00
18.4600      578.00
18.4800      641.00
18.5000      702.00
18.5200      724.00
18.5400      747.00
18.5600      688.00
18.5800      726.00
18.6000      702.00
18.6200      636.00
18.6400      751.00
18.6600      726.00
18.6800      752.00
18.7000      747.00
18.7200      731.00
18.7400      753.00
18.7600      675.00
18.7800      696.00
18.8000      658.00
18.8200      564.00
18.8400      587.00
18.8600      537.00
18.8800      534.00
18.9000      499.00
18.9200      479.00
18.9400      487.00
18.9600      487.00
18.9800      505.00
19.0000      480.00
19.0200      513.00
19.0400      525.00
19.0600      535.00
19.0800      517.00
19.1000      512.00
19.1200      443.00
19.1400      469.00
19.1600      451.00
19.1800      431.00
19.2000      440.00
19.2200      419.00
19.2400      404.00
19.2600      449.00
19.2800      422.00
19.3000      472.00
19.3200      466.00
19.3400      478.00
19.3600      436.00
19.3800      475.00
19.4000      481.00
19.4200      490.00
19.4400      520.00
19.4600      515.00
19.4800      510.00
19.5000      557.00
19.5200      573.00
19.5400      650.00
19.5600      695.00
19.5800      752.00
19.6000      785.00
19.6200      918.00
19.6400      966.00
19.6600     1034.00
19.6800     1116.00
19.7000     1152.00
19.7200     1215.00
19.7400     1236.00
19.7600     1309.00
19.7800     1446.00
19.8000     1516.00
19.8200     1597.00
19.8400     1650.00
19.8600     1799.00
19.8800     1831.00
19.9000     1868.00
19.9200     2115.00
19.9400     2240.00
19.9600     2101.00
19.9800     2104.00
20.0000     1977.00
20.0200     1963.00
20.0400     1718.00
20.0600     1514.00
20.0800     1334.00
20.1000     1232.00
20.1200     1067.00
20.1400      923.00
20.1600      771.00
20.1800      660.00
20.2000      589.00
20.2200      556.00
20.2400      497.00
20.2600      477.00
20.2800      467.00
20.3000      473.00
20.3200      437.00
20.3400      415.00
20.3600      406.00
20.3800      410.00
20.4000      381.00
20.4200      401.00
20.4400      419.00
20.4600      452.00
20.4800      396.00
20.5000      422.00
20.5200      436.00
20.5400      440.00
20.5600      492.00
20.5800      496.00
20.6000      551.00
20.6200      573.00
20.6400      610.00
20.6600      620.00
20.6800      714.00
20.7000      749.00
20.7200      786.00
20.7400      853.00
20.7600      907.00
20.7800      956.00
20.8000     1040.00
20.8200     1134.00
20.8400     1295.00
20.8600     1394.00
20.8800     1526.00
20.9000     1756.00
20.9200     1923.00
20.9400     2019.00
20.9600     2209.00
20.9800     2152.00
21.0000     2151.00
21.0200     2248.00
21.0400     2325.00
21.0600     2204.00
21.0800     2384.00
21.1000     2426.00
21.1200     2544.00
21.1400     2640.00
21.1600     2633.00
21.1800     2670.00
21.2000     2698.00
21.2200     2762.00
21.2400     2838.00
21.2600     2798.00
21.2800     2647.00
21.3000     2789.00
21.3200     2627.00
21.3400     2743.00
21.3600     2709.00
21.3800     2464.00
21.4000     2230.00
21.4200     2006.00
21.4400     1616.00
21.4600     1290.00
21.4800     1028.00
21.5000      824.00
21.5200      632.00
21.5400      558.00
21.5600      456.00
21.5800      421.00
21.6000      414.00
21.6200      399.00
21.6400      406.00
21.6600      400.00
21.6800      409.00
21.7000      329.00
21.7200      336.00
21.7400      403.00
21.7600      344.00
21.7800      334.00
21.8000      369.00
21.8200      340.00
21.8400      378.00
21.8600      370.00
21.8800      354.00
21.9000      379.00
21.9200      341.00
21.9400      346.00
21.9600      375.00
21.9800      353.00
22.0000      351.00
22.0200      362.00
22.0400      379.00
22.0600      366.00
22.0800      385.00
22.1000      392.00
22.1200      389.00
22.1400      424.00
22.1600      425.00
22.1800      439.00
22.2000      467.00
22.2200      494.00
22.2400      525.00
22.2600      523.00
22.2800      536.00
22.3000      606.00
22.3200      675.00
22.3400      712.00
22.3600      706.00
22.3800      763.00
22.4000      775.00
22.4200      819.00
22.4400      761.00
22.4600      806.00
22.4800      807.00
22.5000      850.00
22.5200      909.00
22.5400      897.00
22.5600      981.00
22.5800     1009.00
22.6000     1034.00
22.6200     1092.00
22.6400     1169.00
22.6600     1126.00
22.6800     1195.00
22.7000     1211.00
22.7200     1212.00
22.7400     1288.00
22.7600     1200.00
22.7800     1214.00
22.8000     1258.00
22.8200     1259.00
22.8400     1235.00
22.8600     1288.00
22.8800     1323.00
22.9000     1251.00
22.9200     1313.00
22.9400     1340.00
22.9600     1247.00
22.9800     1253.00
23.0000     1140.00
23.0200     1076.00
23.0400     1014.00
23.0600      965.00
23.0800      891.00
23.1000      962.00
23.1200      989.00
23.1400      949.00
23.1600      982.00
23.1800     1052.00
23.2000     1005.00
23.2200     1104.00
23.2400     1012.00
23.2600     1052.00
23.2800     1077.00
23.3000     1090.00
23.3200     1079.00
23.3400     1082.00
23.3600     1132.00
23.3800     1057.00
23.4000     1085.00
23.4200     1104.00
23.4400     1136.00
23.4600     1178.00
23.4800     1189.00
23.5000     1179.00
23.5200     1211.00
23.5400     1182.00
23.5600     1144.00
23.5800      972.00
23.6000      977.00
23.6200      920.00
23.6400      876.00
23.6600      869.00
23.6800      863.00
23.7000      806.00
23.7200      876.00
23.7400      837.00
23.7600      842.00
23.7800      813.00
23.8000      807.00
23.8200      807.00
23.8400      788.00
23.8600      691.00
23.8800      633.00
23.9000      661.00
23.9200      503.00
23.9400      543.00
23.9600      556.00
23.9800      611.00
24.0000      536.00
24.0200      597.00
24.0400      649.00
24.0600      726.00
24.0800      750.00
24.1000      828.00
24.1200      853.00
24.1400      930.00
24.1600      985.00
24.1800     1031.00
24.2000     1119.00
24.2200     1120.00
24.2400     1104.00
24.2600     1234.00
24.2800     1196.00
24.3000     1164.00
24.3200     1192.00
24.3400     1238.00
24.3600     1292.00
24.3800     1371.00
24.4000     1517.00
24.4200     1514.00
24.4400     1651.00
24.4600     1633.00
24.4800     1630.00
24.5000     1535.00
24.5200     1469.00
24.5400     1321.00
24.5600     1311.00
24.5800     1251.00
24.6000     1243.00
24.6200     1193.00
24.6400     1237.00
24.6600     1101.00
24.6800     1104.00
24.7000     1099.00
24.7200     1042.00
24.7400     1029.00
24.7600      930.00
24.7800      921.00
24.8000      763.00
24.8200      723.00
24.8400      691.00
24.8600      613.00
24.8800      611.00
24.9000      630.00
24.9200      688.00
24.9400      669.00
24.9600      682.00
24.9800      731.00
25.0000      753.00
25.0200      781.00
25.0400      842.00
25.0600      833.00
25.0800      858.00
25.1000      847.00
25.1200      913.00
25.1400      871.00
25.1600      969.00
25.1800     1010.00
25.2000      877.00
25.2200      957.00
25.2400      958.00
25.2600     1000.00
25.2800      936.00
25.3000      847.00
25.3200      793.00
25.3400      717.00
25.3600      617.00
25.3800      551.00
25.4000      471.00
25.4200      421.00
25.4400      452.00
25.4600      375.00
25.4800      390.00
25.5000      364.00
25.5200      362.00
25.5400      379.00
25.5600      371.00
25.5800      361.00
25.6000      330.00
25.6200      331.00
25.6400      343.00
25.6600      317.00
25.6800      327.00
25.7000      312.00
25.7200      316.00
25.7400      342.00
25.7600      325.00
25.7800      308.00
25.8000      309.00
25.8200      349.00
25.8400      340.00
25.8600      316.00
25.8800      359.00
25.9000      372.00
25.9200      371.00
25.9400      360.00
25.9600      387.00
25.9800      446.00
26.0000      385.00
26.0200      421.00
26.0400      450.00
26.0600      444.00
26.0800      474.00
26.1000      485.00
26.1200      460.00
26.1400      514.00
26.1600      544.00
26.1800      540.00
26.2000      578.00
26.2200      633.00
26.2400      641.00
26.2600      653.00
26.2800      662.00
26.3000      746.00
26.3200      733.00
26.3400      746.00
26.3600      790.00
26.3800      754.00
26.4000      793.00
26.4200      782.00
26.4400      863.00
26.4600      797.00
26.4800      860.00
26.5000      817.00
26.5200      831.00
26.5400      811.00
26.5600      745.00
26.5800      784.00
26.6000      742.00
26.6200      697.00
26.6400      741.00
26.6600      703.00
26.6800      697.00
26.7000      688.00
26.7200      724.00
26.7400      683.00
26.7600      710.00
26.7800      670.00
26.8000      718.00
26.8200      697.00
26.8400      594.00
26.8600      541.00
26.8800      490.00
26.9000      419.00
26.9200      418.00
26.9400      415.00
26.9600      382.00
26.9800      367.00
27.0000      367.00
27.0200      354.00
27.0400      400.00
27.0600      393.00
27.0800      366.00
27.1000      369.00
27.1200      379.00
27.1400      401.00
27.1600      439.00
27.1800      458.00
27.2000      488.00
27.2200      451.00
27.2400      451.00
27.2600      520.00
27.2800      487.00
27.3000      460.00
27.3200      519.00
27.3400      523.00
27.3600      478.00
27.3800      452.00
27.4000      520.00
27.4200      486.00
27.4400      541.00
27.4600      540.00
27.4800      570.00
27.5000      598.00
27.5200      558.00
27.5400      584.00
27.5600      617.00
27.5800      638.00
27.6000      687.00
27.6200      718.00
27.6400      736.00
27.6600      843.00
27.6800      819.00
27.7000      830.00
27.7200      869.00
27.7400      876.00
27.7600      899.00
27.7800      958.00
27.8000      917.00
27.8200      910.00
27.8400      980.00
27.8600     1074.00
27.8800     1177.00
27.9000     1155.00
27.9200     1235.00
27.9400     1252.00
27.9600     1241.00
27.9800     1137.00
28.0000     1082.00
28.0200     1024.00
28.0400      851.00
28.0600      790.00
28.0800      713.00
28.1000      631.00
28.1200      643.00
28.1400      565.00
28.1600      559.00
28.1800      495.00
28.2000      479.00
28.2200      511.00
28.2400      498.00
28.2600      514.00
28.2800      533.00
28.3000      531.00
28.3200      549.00
28.3400      504.00
28.3600      570.00
28.3800      599.00
28.4000      637.00
28.4200      670.00
28.4400      699.00
28.4600      809.00
28.4800      863.00
28.5000      923.00
28.5200      958.00
28.5400     1108.00
28.5600     1180.00
28.5800     1262.00
28.6000     1348.00
28.6200     1358.00
28.6400     1382.00
28.6600     1362.00
28.6800     1397.00
28.7000     1410.00
28.7200     1365.00
28.7400     1352.00
28.7600     1363.00
28.7800     1302.00
28.8000     1240.00
28.8200     1244.00
28.8400     1275.00
28.8600     1158.00
28.8800     1131.00
28.9000     1100.00
28.9200     1016.00
28.9400      997.00
28.9600      871.00
28.9800      833.00
29.0000      813.00
29.0200      723.00
29.0400      709.00
29.0600      728.00
29.0800      696.00
29.1000      703.00
29.1200      704.00
29.1400      654.00
29.1600      650.00
29.1800      656.00
29.2000      729.00
29.2200      671.00
29.2400      627.00
29.2600      675.00
29.2800      711.00
29.3000      721.00
29.3200      761.00
29.3400      755.00
29.3600      763.00
29.3800      727.00
29.4000      800.00
29.4200      830.00
29.4400      883.00
29.4600      843.00
29.4800      932.00
29.5000      982.00
29.5200      952.00
29.5400      981.00
29.5600      922.00
29.5800      907.00
29.6000      874.00
29.6200      792.00
29.6400      807.00
29.6600      717.00
29.6800      718.00
29.7000      710.00
29.7200      670.00
29.7400      654.00
29.7600      608.00
29.7800      592.00
29.8000      552.00
29.8200      578.00
29.8400      523.00
29.8600      451.00
29.8800      477.00
29.9000      442.00
29.9200      421.00
29.9400      398.00
29.9600      389.00
29.9800      368.00
30.0000      379.00
30.0200      388.00
30.0400      376.00
30.0600      450.00
30.0800      413.00
30.1000      450.00
30.1200      454.00
30.1400      393.00
30.1600      436.00
30.1800      431.00
30.2000      477.00
30.2200      425.00
30.2400      506.00
30.2600      498.00
30.2800      520.00
30.3000      532.00
30.3200      559.00
30.3400      509.00
30.3600      531.00
30.3800      545.00
30.4000      530.00
30.4200      532.00
30.4400      492.00
30.4600      485.00
30.4800      451.00
30.5000      472.00
30.5200      456.00
30.5400      476.00
30.5600      468.00
30.5800      482.00
30.6000      455.00
30.6200      459.00
30.6400      414.00
30.6600      470.00
30.6800      437.00
30.7000      407.00
30.7200      392.00
30.7400      387.00
30.7600      369.00
30.7800      409.00
30.8000      385.00
30.8200      422.00
30.8400      397.00
30.8600      383.00
30.8800      395.00
30.9000      374.00
30.9200      416.00
30.9400      394.00
30.9600      415.00
30.9800      398.00
31.0000      365.00
31.0200      341.00
31.0400      373.00
31.0600      363.00
31.0800      340.00
31.1000      366.00
31.1200      364.00
31.1400      347.00
31.1600      321.00
31.1800      383.00
31.2000      373.00
31.2200      369.00
31.2400      344.00
31.2600      386.00
31.2800      350.00
31.3000      366.00
31.3200      303.00
31.3400      322.00
31.3600      307.00
31.3800      309.00
31.4000      303.00
31.4200      318.00
31.4400      320.00
31.4600      287.00
31.4800      328.00
31.5000      297.00
31.5200      298.00
31.5400      332.00
31.5600      335.00
31.5800      327.00
31.6000      342.00
31.6200      344.00
31.6400      357.00
31.6600      314.00
31.6800      331.00
31.7000      342.00
31.7200      327.00
31.7400      367.00
31.7600      335.00
31.7800      377.00
31.8000      403.00
31.8200      368.00
31.8400      349.00
31.8600      353.00
31.8800      392.00
31.9000      361.00
31.9200      354.00
31.9400      390.00
31.9600      338.00
31.9800      349.00
32.0000      363.00
32.0200      333.00
32.0400      373.00
32.0600      384.00
32.0800      383.00
32.1000      424.00
32.1200      429.00
32.1400      439.00
32.1600      476.00
32.1800      488.00
32.2000      501.00
32.2200      518.00
32.2400      513.00
32.2600      535.00
32.2800      547.00
32.3000      526.00
32.3200      545.00
32.3400      584.00
32.3600      546.00
32.3800      544.00
32.4000      559.00
32.4200      533.00
32.4400      549.00
32.4600      588.00
32.4800      599.00
32.5000      653.00
32.5200      637.00
32.5400      639.00
32.5600      666.00
32.5800      619.00
32.6000      597.00
32.6200      563.00
32.6400      601.00
32.6600      592.00
32.6800      603.00
32.7000      552.00
32.7200      567.00
32.7400      559.00
32.7600      581.00
32.7800      637.00
32.8000      586.00
32.8200      624.00
32.8400      585.00
32.8600      612.00
32.8800      613.00
32.9000      636.00
32.9200      640.00
32.9400      637.00
32.9600      663.00
32.9800      624.00
33.0000      574.00
33.0200      661.00
33.0400      595.00
33.0600      553.00
33.0800      480.00
33.1000      522.00
33.1200      453.00
33.1400      466.00
33.1600      449.00
33.1800      434.00
33.2000      463.00
33.2200      481.00
33.2400      484.00
33.2600      491.00
33.2800      469.00
33.3000      478.00
33.3200      541.00
33.3400      541.00
33.3600      584.00
33.3800      521.00
33.4000      513.00
33.4200      626.00
33.4400      594.00
33.4600      591.00
33.4800      566.00
33.5000      608.00
33.5200      600.00
33.5400      611.00
33.5600      597.00
33.5800      542.00
33.6000      557.00
33.6200      532.00
33.6400      532.00
33.6600      546.00
33.6800      477.00
33.7000      506.00
33.7200      431.00
33.7400      421.00
33.7600      424.00
33.7800      400.00
33.8000      378.00
33.8200      385.00
33.8400      345.00
33.8600      370.00
33.8800      377.00
33.9000      336.00
33.9200      357.00
33.9400      324.00
33.9600      321.00
33.9800      322.00
34.0000      313.00
34.0200      319.00
34.0400      326.00
34.0600      330.00
34.0800      306.00
34.1000      328.00
34.1200      320.00
34.1400      351.00
34.1600      340.00
34.1800      380.00
34.2000      390.00
34.2200      348.00
34.2400      417.00
34.2600      432.00
34.2800      421.00
34.3000      426.00
34.3200      473.00
34.3400      455.00
34.3600      450.00
34.3800      491.00
34.4000      486.00
34.4200      467.00
34.4400      460.00
34.4600      486.00
34.4800      510.00
34.5000      448.00
34.5200      439.00
34.5400      429.00
34.5600      418.00
34.5800      383.00
34.6000      356.00
34.6200      352.00
34.6400      345.00
34.6600      318.00
34.6800      324.00
34.7000      317.00
34.7200      310.00
34.7400      298.00
34.7600      318.00
34.7800      298.00
34.8000      289.00
34.8200      290.00
34.8400      317.00
34.8600      338.00
34.8800      313.00
34.9000      304.00
34.9200      329.00
34.9400      309.00
34.9600      330.00
34.9800      337.00
35.0000      332.00
