 3.0000      241.00
 3.0200      264.00
 3.0400      261.00
 3.0600      298.00
 3.0800      274.00
 3.1000      255.00
 3.1200      272.00
 3.1400      251.00
 3.1600      260.00
 3.1800      226.00
 3.2000      250.00
 3.2200      246.00
 3.2400      235.00
 3.2600      254.00
 3.2800      245.00
 3.3000      233.00
 3.3200      256.00
 3.3400      228.00
 3.3600      227.00
 3.3800      216.00
 3.4000      231.00
 3.4200      252.00
 3.4400      230.00
 3.4600      240.00
 3.4800      206.00
 3.5000      234.00
 3.5200      216.00
 3.5400      205.00
 3.5600      228.00
 3.5800      208.00
 3.6000      222.00
 3.6200      219.00
 3.6400      214.00
 3.6600      191.00
 3.6800      197.00
 3.7000      202.00
 3.7200      210.00
 3.7400      189.00
 3.7600      209.00
 3.7800      208.00
 3.8000      197.00
 3.8200      202.00
 3.8400      187.00
 3.8600      219.00
 3.8800      210.00
 3.9000      186.00
 3.9200      186.00
 3.9400      190.00
 3.9600      188.00
 3.9800      194.00
 4.0000      191.00
 4.0200      204.00
 4.0400      171.00
 4.0600      192.00
 4.0800      175.00
 4.1000      192.00
 4.1200      195.00
 4.1400      178.00
 4.1600      177.00
 4.1800      167.00
 4.2000      199.00
 4.2200      172.00
 4.2400      174.00
 4.2600      172.00
 4.2800      171.00
 4.3000      171.00
 4.3200      148.00
 4.3400      182.00
 4.3600      170.00
 4.3800      158.00
 4.4000      143.00
 4.4200      177.00
 4.4400      173.00
 4.4600      159.00
 4.4800      162.00
 4.5000      158.00
 4.5200      145.00
 4.5400      158.00
 4.5600      159.00
 4.5800      158.00
 4.6000      134.00
 4.6200      156.00
 4.6400      146.00
 4.6600      154.00
 4.6800      142.00
 4.7000      133.00
 4.7200      143.00
 4.7400      152.00
 4.7600      154.00
 4.7800      163.00
 4.8000      144.00
 4.8200      140.00
 4.8400      143.00
 4.8600      163.00
 4.8800      154.00
 4.9000      131.00
 4.9200      146.00
 4.9400      145.00
 4.9600      142.00
 4.9800      150.00
 5.0000      137.00
 5.0200      157.00
 5.0400      153.00
 5.0600      138.00
 5.0800      135.00
 5.1000      133.00
 5.1200      145.00
 5.1400      146.00
 5.1600      142.00
 5.1800      147.00
 5.2000      147.00
 5.2200      133.00
 5.2400      154.00
 5.2600      180.00
 5.2800      158.00
 5.3000      154.00
 5.3200      162.00
 5.3400      143.00
 5.3600      156.00
 5.3800      151.00
 5.4000      156.00
 5.4200      134.00
 5.4400      153.00
 5.4600      150.00
 5.4800      129.00
 5.5000      129.00
 5.5200      147.00
 5.5400      137.00
 5.5600      143.00
 5.5800      159.00
 5.6000      152.00
 5.6200      147.00
 5.6400      152.00
 5.6600      143.00
 5.6800      167.00
 5.7000      153.00
 5.7200      143.00
 5.7400      150.00
 5.7600      133.00
 5.7800      154.00
 5.8000      144.00
 5.8200      150.00
 5.8400      143.00
 5.8600      156.00
 5.8800      139.00
 5.9000      140.00
 5.9200      147.00
 5.9400      148.00
 5.9600      164.00
 5.9800      125.00
 6.0000      147.00
 6.0200      149.00
 6.0400      157.00
 6.0600      139.00
 6.0800      129.00
 6.1000      128.00
 6.1200      154.00
 6.1400      155.00
 6.1600      150.00
 6.1800      138.00
 6.2000      151.00
 6.2200      141.00
 6.2400      146.00
 6.2600      139.00
 6.2800      153.00
 6.3000      126.00
 6.3200      133.00
 6.3400      146.00
 6.3600      152.00
 6.3800      154.00
 6.4000      145.00
 6.4200      156.00
 6.4400      138.00
 6.4600      138.00
 6.4800      136.00
 6.5000      144.00
 6.5200      144.00
 6.5400      161.00
 6.5600      145.00
 6.5800      149.00
 6.6000      165.00
 6.6200      141.00
 6.6400      141.00
 6.6600      123.00
 6.6800      151.00
 6.7000      153.00
 6.7200      151.00
 6.7400      164.00
 6.7600      179.00
 6.7800      165.00
 6.8000      188.00
 6.8200      160.00
 6.8400      179.00
 6.8600      176.00
 6.8800      180.00
 6.9000      185.00
 6.9200      188.00
 6.9400      179.00
 6.9600      163.00
 6.9800      163.00
 7.0000      145.00
 7.0200      156.00
 7.0400      160.00
 7.0600      175.00
 7.0800      168.00
 7.1000      159.00
 7.1200      137.00
 7.1400      139.00
 7.1600      145.00
 7.1800      181.00
 7.2000      147.00
 7.2200      152.00
 7.2400      137.00
 7.2600      137.00
 7.2800      145.00
 7.3000      143.00
 7.3200      143.00
 7.3400      130.00
 7.3600      137.00
 7.3800      143.00
 7.4000      136.00
 7.4200      118.00
 7.4400      136.00
 7.4600      140.00
 7.4800      143.00
 7.5000      151.00
 7.5200      150.00
 7.5400      128.00
 7.5600      147.00
 7.5800      154.00
 7.6000      146.00
 7.6200      157.00
 7.6400      154.00
 7.6600      149.00
 7.6800      138.00
 7.7000      168.00
 7.7200      148.00
 7.7400      132.00
 7.7600      138.00
 7.7800      139.00
 7.8000      143.00
 7.8200      138.00
 7.8400      133.00
 7.8600      153.00
 7.8800      138.00
 7.9000      122.00
 7.9200      160.00
 7.9400      144.00
 7.9600      129.00
 7.9800      140.00
 8.0000      153.00
 8.0200      146.00
 8.0400      150.00
 8.0600      151.00
 8.0800      148.00
 8.1000      123.00
 8.1200      156.00
 8.1400      142.00
 8.1600      148.00
 8.1800      154.00
 8.2000      150.00
 8.2200      151.00
 8.2400      146.00
 8.2600      134.00
 8.2800      153.00
 8.3000      125.00
 8.3200      133.00
 8.3400      126.00
 8.3600      139.00
 8.3800      138.00
 8.4000      136.00
 8.4200      164.00
 8.4400      149.00
 8.4600      146.00
 8.4800      130.00
 8.5000      118.00
 8.5200      154.00
 8.5400      147.00
 8.5600      154.00
 8.5800      145.00
 8.6000      140.00
 8.6200      179.00
 8.6400      156.00
 8.6600      159.00
 8.6800      157.00
 8.7000      167.00
 8.7200      163.00
 8.7400      148.00
 8.7600      150.00
 8.7800      174.00
 8.8000      172.00
 8.8200      153.00
 8.8400      182.00
 8.8600      150.00
 8.8800      190.00
 8.9000      195.00
 8.9200      177.00
 8.9400      154.00
 8.9600      186.00
 8.9800      158.00
 9.0000      166.00
 9.0200      174.00
 9.0400      142.00
 9.0600      166.00
 9.0800      139.00
 9.1000      158.00
 9.1200      138.00
 9.1400      162.00
 9.1600      133.00
 9.1800      141.00
 9.2000      151.00
 9.2200      144.00
 9.2400      163.00
 9.2600      136.00
 9.2800      166.00
 9.3000      150.00
 9.3200      160.00
 9.3400      145.00
 9.3600      137.00
 9.3800      152.00
 9.4000      144.00
 9.4200      137.00
 9.4400      174.00
 9.4600      147.00
 9.4800      167.00
 9.5000      147.00
 9.5200      145.00
 9.5400      145.00
 9.5600      150.00
 9.5800      162.00
 9.6000      144.00
 9.6200      127.00
 9.6400      144.00
 9.6600      152.00
 9.6800      154.00
 9.7000      153.00
 9.7200      152.00
 9.7400      162.00
 9.7600      168.00
 9.7800      141.00
 9.8000      158.00
 9.8200      157.00
 9.8400      149.00
 9.8600      163.00
 9.8800      143.00
 9.9000      178.00
 9.9200      151.00
 9.9400      178.00
 9.9600      148.00
 9.9800      168.00
10.0000      157.00
10.0200      147.00
10.0400      158.00
10.0600      189.00
10.0800      183.00
10.1000      167.00
10.1200      148.00
10.1400      171.00
10.1600      146.00
10.1800      156.00
10.2000      156.00
10.2200      161.00
10.2400      141.00
10.2600      142.00
10.2800      148.00
10.3000      144.00
10.3200      149.00
10.3400      145.00
10.3600      158.00
10.3800      164.00
10.4000      151.00
10.4200      161.00
10.4400      146.00
10.4600      143.00
10.4800      160.00
10.5000      154.00
10.5200      166.00
10.5400      163.00
10.5600      144.00
10.5800      165.00
10.6000      167.00
10.6200      159.00
10.6400      153.00
10.6600      178.00
10.6800      165.00
10.7000      160.00
10.7200      168.00
10.7400      192.00
10.7600      192.00
10.7800      197.00
10.8000      182.00
10.8200      191.00
10.8400      201.00
10.8600      221.00
10.8800      241.00
10.9000      232.00
10.9200      254.00
10.9400      281.00
10.9600      283.00
10.9800      295.00
11.0000      321.00
11.0200      371.00
11.0400      389.00
11.0600      397.00
11.0800      394.00
11.1000      401.00
11.1200      442.00
11.1400      389.00
11.1600      421.00
11.1800      393.00
11.2000      404.00
11.2200      457.00
11.2400      385.00
11.2600      447.00
11.2800      418.00
11.3000      405.00
11.3200      394.00
11.3400      401.00
11.3600      392.00
11.3800      346.00
11.4000      371.00
11.4200      319.00
11.4400      281.00
11.4600      283.00
11.4800      240.00
11.5000      231.00
11.5200      212.00
11.5400      208.00
11.5600      188.00
11.5800      170.00
11.6000      174.00
11.6200      164.00
11.6400      158.00
11.6600      175.00
11.6800      169.00
11.7000      151.00
11.7200      171.00
11.7400      159.00
11.7600      170.00
11.7800      197.00
11.8000      186.00
11.8200      198.00
11.8400      192.00
11.8600      206.00
11.8800      219.00
11.9000      213.00
11.9200      211.00
11.9400      240.00
11.9600      260.00
11.9800      273.00
12.0000      278.00
12.0200      302.00
12.0400      316.00
12.0600      344.00
12.0800      347.00
12.1000      418.00
12.1200      424.00
12.1400      409.00
12.1600      465.00
12.1800      494.00
12.2000      437.00
12.2200      434.00
12.2400      394.00
12.2600      409.00
12.2800      352.00
12.3000      348.00
12.3200      357.00
12.3400      279.00
12.3600      288.00
12.3800      274.00
12.4000      314.00
12.4200      291.00
12.4400      353.00
12.4600      305.00
12.4800      403.00
12.5000      442.00
12.5200      421.00
12.5400      455.00
12.5600      451.00
12.5800      501.00
12.6000      431.00
12.6200      457.00
12.6400      484.00
12.6600      381.00
12.6800      418.00
12.7000      336.00
12.7200      308.00
12.7400      252.00
12.7600      250.00
12.7800      201.00
12.8000      208.00
12.8200      194.00
12.8400      201.00
12.8600      178.00
12.8800      172.00
12.9000      183.00
12.9200      189.00
12.9400      206.00
12.9600      182.00
12.9800      186.00
13.0000      177.00
13.0200      161.00
13.0400      178.00
13.0600      162.00
13.0800      159.00
13.1000      162.00
13.1200      178.00
13.1400      149.00
13.1600      153.00
13.1800      176.00
13.2000      170.00
13.2200      170.00
13.2400      171.00
13.2600      173.00
13.2800      154.00
13.3000      164.00
13.3200      172.00
13.3400      160.00
13.3600      163.00
13.3800      161.00
13.4000      157.00
13.4200      154.00
13.4400      144.00
13.4600      165.00
13.4800      172.00
13.5000      152.00
13.5200      184.00
13.5400      164.00
13.5600      167.00
13.5800      174.00
13.6000      164.00
13.6200      152.00
13.6400      173.00
13.6600      171.00
13.6800      171.00
13.7000      196.00
13.7200      180.00
13.7400      166.00
13.7600      172.00
13.7800      186.00
13.8000      176.00
13.8200      181.00
13.8400      180.00
13.8600      185.00
13.8800      174.00
13.9000      220.00
13.9200      193.00
13.9400      188.00
13.9600      181.00
13.9800      219.00
14.0000      238.00
14.0200      238.00
14.0400      247.00
14.0600      268.00
14.0800      321.00
14.1000      342.00
14.1200      328.00
14.1400      400.00
14.1600      474.00
14.1800      487.00
14.2000      498.00
14.2200      548.00
14.2400      575.00
14.2600      643.00
14.2800      659.00
14.3000      616.00
14.3200      583.00
14.3400      601.00
14.3600      540.00
14.3800      482.00
14.4000      413.00
14.4200      427.00
14.4400      351.00
14.4600      352.00
14.4800      316.00
14.5000      280.00
14.5200      245.00
14.5400      260.00
14.5600      237.00
14.5800      245.00
14.6000      203.00
14.6200      225.00
14.6400      221.00
14.6600      208.00
14.6800      206.00
14.7000      183.00
14.7200      196.00
14.7400      185.00
14.7600      190.00
14.7800      169.00
14.8000      176.00
14.8200      176.00
14.8400      167.00
14.8600      162.00
14.8800      166.00
14.9000      171.00
14.9200      190.00
14.9400      185.00
14.9600      177.00
14.9800      168.00
15.0000      181.00
15.0200      173.00
15.0400      168.00
15.0600      168.00
15.0800      158.00
15.1000      199.00
15.1200      171.00
15.1400      159.00
15.1600      179.00
15.1800      160.00
15.2000      195.00
15.2200      148.00
15.2400      167.00
15.2600      149.00
15.2800      167.00
15.3000      151.00
15.3200      150.00
15.3400      170.00
15.3600      165.00
15.3800      162.00
15.4000      167.00
15.4200      175.00
15.4400      172.00
15.4600      172.00
15.4800      160.00
15.5000      190.00
15.5200      174.00
15.5400      188.00
15.5600      172.00
15.5800      163.00
15.6000      165.00
15.6200      167.00
15.6400      158.00
15.6600      184.00
15.6800      180.00
15.7000      189.00
15.7200      170.00
15.7400      204.00
15.7600      202.00
15.7800      186.00
15.8000      206.00
15.8200      247.00
15.8400      225.00
15.8600      254.00
15.8800      250.00
15.9000      282.00
15.9200      264.00
15.9400      294.00
15.9600      278.00
15.9800      317.00
16.0000      329.00
16.0200      320.00
16.0400      297.00
16.0600      313.00
16.0800      306.00
16.1000      326.00
16.1200      348.00
16.1400      330.00
16.1600      315.00
16.1800      361.00
16.2000      406.00
16.2200      364.00
16.2400      334.00
16.2600      381.00
16.2800      396.00
16.3000      378.00
16.3200      347.00
16.3400      359.00
16.3600      357.00
16.3800      313.00
16.4000      330.00
16.4200      330.00
16.4400      352.00
16.4600      392.00
16.4800      426.00
16.5000      452.00
16.5200      407.00
16.5400      421.00
16.5600      457.00
16.5800      443.00
16.6000      417.00
16.6200      383.00
16.6400      337.00
16.6600      330.00
16.6800      249.00
16.7000      257.00
16.7200      256.00
16.7400      214.00
16.7600      214.00
16.7800      198.00
16.8000      238.00
16.8200      196.00
16.8400      206.00
16.8600      221.00
16.8800      256.00
16.9000      237.00
16.9200      218.00
16.9400      268.00
16.9600      245.00
16.9800      299.00
17.0000      354.00
17.0200      393.00
17.0400      397.00
17.0600      475.00
17.0800      463.00
17.1000      449.00
17.1200      476.00
17.1400      468.00
17.1600      452.00
17.1800      434.00
17.2000      422.00
17.2200      374.00
17.2400      384.00
17.2600      397.00
17.2800      385.00
17.3000      367.00
17.3200      380.00
17.3400      376.00
17.3600      451.00
17.3800      495.00
17.4000      530.00
17.4200      626.00
17.4400      713.00
17.4600      799.00
17.4800      860.00
17.5000      963.00
17.5200     1031.00
17.5400     1116.00
17.5600     1237.00
17.5800     1252.00
17.6000     1248.00
17.6200     1322.00
17.6400     1302.00
17.6600     1281.00
17.6800     1237.00
17.7000     1055.00
17.7200      982.00
17.7400      885.00
17.7600      779.00
17.7800      654.00
17.8000      571.00
17.8200      461.00
17.8400      485.00
17.8600      411.00
17.8800      418.00
17.9000      394.00
17.9200      378.00
17.9400      352.00
17.9600      289.00
17.9800      295.00
18.0000      294.00
18.0200      273.00
18.0400      255.00
18.0600      256.00
18.0800      211.00
18.1000      209.00
18.1200      227.00
18.1400      183.00
18.1600      229.00
18.1800      167.00
18.2000      208.00
18.2200      237.00
18.2400      217.00
18.2600      273.00
18.2800      238.00
18.3000      293.00
18.3200      294.00
18.3400      325.00
18.3600      367.00
18.3800      422.00
18.4000      479.00
18.4200      502.00
18.4400      524.00
18.4600      570.00
18.4800      547.00
18.5000      511.00
18.5200      531.00
18.5400      468.00
18.5600      420.00
18.5800      388.00
18.6000      401.00
18.6200      349.00
18.6400      286.00
18.6600      268.00
18.6800      274.00
18.7000      281.00
18.7200      263.00
18.7400      282.00
18.7600      269.00
18.7800      270.00
18.8000      300.00
18.8200      262.00
18.8400      292.00
18.8600      288.00
18.8800      266.00
18.9000      243.00
18.9200      253.00
18.9400      207.00
18.9600      224.00
18.9800      244.00
19.0000      212.00
19.0200      245.00
19.0400      227.00
19.0600      256.00
19.0800      247.00
19.1000      219.00
19.1200      261.00
19.1400      234.00
19.1600      272.00
19.1800      259.00
19.2000      264.00
19.2200      279.00
19.2400      273.00
19.2600      229.00
19.2800      280.00
19.3000      266.00
19.3200      245.00
19.3400      240.00
19.3600      252.00
19.3800      254.00
19.4000      242.00
19.4200      244.00
19.4400      286.00
19.4600      298.00
19.4800      304.00
19.5000      356.00
19.5200      401.00
19.5400      462.00
19.5600      498.00
19.5800      573.00
19.6000      668.00
19.6200      744.00
19.6400      794.00
19.6600      904.00
19.6800      899.00
19.7000      933.00
19.7200      908.00
19.7400      985.00
19.7600      950.00
19.7800      837.00
19.8000      798.00
19.8200      760.00
19.8400      641.00
19.8600      601.00
19.8800      533.00
19.9000      519.00
19.9200      434.00
19.9400      429.00
19.9600      355.00
19.9800      369.00
20.0000      328.00
20.0200      323.00
20.0400      274.00
20.0600      269.00
20.0800      272.00
20.1000      239.00
20.1200      238.00
20.1400      232.00
20.1600      227.00
20.1800      206.00
20.2000      196.00
20.2200      223.00
20.2400      240.00
20.2600      206.00
20.2800      226.00
20.3000      213.00
20.3200      239.00
20.3400      210.00
20.3600      244.00
20.3800      238.00
20.4000      267.00
20.4200      238.00
20.4400      280.00
20.4600      320.00
20.4800      341.00
20.5000      316.00
20.5200      355.00
20.5400      452.00
20.5600      517.00
20.5800      651.00
20.6000      763.00
20.6200      852.00
20.6400     1024.00
20.6600     1065.00
20.6800     1101.00
20.7000     1127.00
20.7200     1028.00
20.7400     1061.00
20.7600      949.00
20.7800      885.00
20.8000      898.00
20.8200      867.00
20.8400      919.00
20.8600      925.00
20.8800      946.00
20.9000      907.00
20.9200     1089.00
20.9400     1065.00
20.9600     1171.00
20.9800     1316.00
21.0000     1391.00
21.0200     1492.00
21.0400     1651.00
21.0600     1706.00
21.0800     1879.00
21.1000     1840.00
21.1200     1736.00
21.1400     1740.00
21.1600     1569.00
21.1800     1539.00
21.2000     1276.00
21.2200     1119.00
21.2400      873.00
21.2600      669.00
21.2800      605.00
21.3000      491.00
21.3200      408.00
21.3400      432.00
21.3600      387.00
21.3800      326.00
21.4000      291.00
21.4200      301.00
21.4400      267.00
21.4600      240.00
21.4800      212.00
21.5000      237.00
21.5200      228.00
21.5400      220.00
21.5600      198.00
21.5800      210.00
21.6000      172.00
21.6200      225.00
21.6400      174.00
21.6600      195.00
21.6800      199.00
21.7000      201.00
21.7200      204.00
21.7400      187.00
21.7600      195.00
21.7800      195.00
21.8000      195.00
21.8200      177.00
21.8400      222.00
21.8600      199.00
21.8800      197.00
21.9000      218.00
21.9200      206.00
21.9400      199.00
21.9600      199.00
21.9800      210.00
22.0000      185.00
22.0200      216.00
22.0400      241.00
22.0600      246.00
22.0800      238.00
22.1000      237.00
22.1200      234.00
22.1400      278.00
22.1600      299.00
22.1800      265.00
22.2000      302.00
22.2200      358.00
22.2400      364.00
22.2600      419.00
22.2800      441.00
22.3000      487.00
22.3200      521.00
22.3400      500.00
22.3600      554.00
22.3800      495.00
22.4000      531.00
22.4200      488.00
22.4400      474.00
22.4600      526.00
22.4800      546.00
22.5000      529.00
22.5200      557.00
22.5400      626.00
22.5600      738.00
22.5800      759.00
22.6000      808.00
22.6200      858.00
22.6400      901.00
22.6600      969.00
22.6800      952.00
22.7000      886.00
22.7200      826.00
22.7400      760.00
22.7600      696.00
22.7800      624.00
22.8000      551.00
22.8200      584.00
22.8400      457.00
22.8600      486.00
22.8800      408.00
22.9000      487.00
22.9200      451.00
22.9400      500.00
22.9600      518.00
22.9800      481.00
23.0000      491.00
23.0200      506.00
23.0400      512.00
23.0600      509.00
23.0800      510.00
23.1000      530.00
23.1200      555.00
23.1400      565.00
23.1600      583.00
23.1800      586.00
23.2000      555.00
23.2200      555.00
23.2400      566.00
23.2600      540.00
23.2800      504.00
23.3000      491.00
23.3200      465.00
23.3400      403.00
23.3600      470.00
23.3800      438.00
23.4000      501.00
23.4200      526.00
23.4400      502.00
23.4600      522.00
23.4800      501.00
23.5000      464.00
23.5200      454.00
23.5400      443.00
23.5600      427.00
23.5800      370.00
23.6000      305.00
23.6200      254.00
23.6400      248.00
23.6600      243.00
23.6800      220.00
23.7000      249.00
23.7200      206.00
23.7400      223.00
23.7600      219.00
23.7800      206.00
23.8000      248.00
23.8200      255.00
23.8400      233.00
23.8600      278.00
23.8800      274.00
23.9000      298.00
23.9200      304.00
23.9400      311.00
23.9600      349.00
23.9800      359.00
24.0000      421.00
24.0200      483.00
24.0400      547.00
24.0600      553.00
24.0800      629.00
24.1000      673.00
24.1200      718.00
24.1400      708.00
24.1600      699.00
24.1800      709.00
24.2000      650.00
24.2200      707.00
24.2400      669.00
24.2600      638.00
24.2800      589.00
24.3000      573.00
24.3200      649.00
24.3400      693.00
24.3600      779.00
24.3800      802.00
24.4000      838.00
24.4200      856.00
24.4400      880.00
24.4600      827.00
24.4800      777.00
24.5000      685.00
24.5200      632.00
24.5400      574.00
24.5600      501.00
24.5800      419.00
24.6000      370.00
24.6200      340.00
24.6400      304.00
24.6600      277.00
24.6800      264.00
24.7000      235.00
24.7200      242.00
24.7400      273.00
24.7600      293.00
24.7800      320.00
24.8000      319.00
24.8200      313.00
24.8400      349.00
24.8600      346.00
24.8800      403.00
24.9000      473.00
24.9200      468.00
24.9400      535.00
24.9600      545.00
24.9800      547.00
25.0000      563.00
25.0200      522.00
25.0400      508.00
25.0600      483.00
25.0800      418.00
25.1000      404.00
25.1200      368.00
25.1400      301.00
25.1600      262.00
25.1800      278.00
25.2000      260.00
25.2200      202.00
25.2400      223.00
25.2600      214.00
25.2800      222.00
25.3000      214.00
25.3200      183.00
25.3400      182.00
25.3600      187.00
25.3800      192.00
25.4000      191.00
25.4200      171.00
25.4400      186.00
25.4600      163.00
25.4800      170.00
25.5000      177.00
25.5200      160.00
25.5400      165.00
25.5600      153.00
25.5800      165.00
25.6000      179.00
25.6200      137.00
25.6400      173.00
25.6600      168.00
25.6800      159.00
25.7000      161.00
25.7200      172.00
25.7400      166.00
25.7600      169.00
25.7800      175.00
25.8000      180.00
25.8200      173.00
25.8400      176.00
25.8600      182.00
25.8800      187.00
25.9000      219.00
25.9200      225.00
25.9400      228.00
25.9600      256.00
25.9800      254.00
26.0000      291.00
26.0200      307.00
26.0400      318.00
26.0600      302.00
26.0800      301.00
26.1000      337.00
26.1200      353.00
26.1400      383.00
26.1600      364.00
26.1800      365.00
26.2000      394.00
26.2200      401.00
26.2400      389.00
26.2600      387.00
26.2800      396.00
26.3000      363.00
26.3200      368.00
26.3400      386.00
26.3600      356.00
26.3800      390.00
26.4000      332.00
26.4200      370.00
26.4400      351.00
26.4600      379.00
26.4800      364.00
26.5000      375.00
26.5200      379.00
26.5400      352.00
26.5600      355.00
26.5800      310.00
26.6000      309.00
26.6200      324.00
26.6400      308.00
26.6600      266.00
26.6800      216.00
26.7000      222.00
26.7200      197.00
26.7400      202.00
26.7600      188.00
26.7800      172.00
26.8000      188.00
26.8200      162.00
26.8400      193.00
26.8600      167.00
26.8800      182.00
26.9000      170.00
26.9200      197.00
26.9400      193.00
26.9600      178.00
26.9800      221.00
27.0000      227.00
27.0200      214.00
27.0400      212.00
27.0600      222.00
27.0800      233.00
27.1000      215.00
27.1200      208.00
27.1400      199.00
27.1600      202.00
27.1800      196.00
27.2000      213.00
27.2200      243.00
27.2400      215.00
27.2600      240.00
27.2800      268.00
27.3000      252.00
27.3200      274.00
27.3400      265.00
27.3600      295.00
27.3800      295.00
27.4000      280.00
27.4200      286.00
27.4400      333.00
27.4600      297.00
27.4800      318.00
27.5000      341.00
27.5200      361.00
27.5400      418.00
27.5600      489.00
27.5800      581.00
27.6000      731.00
27.6200      757.00
27.6400      837.00
27.6600      906.00
27.6800      921.00
27.7000      970.00
27.7200      881.00
27.7400      804.00
27.7600      784.00
27.7800      707.00
27.8000      661.00
27.8200      594.00
27.8400      582.00
27.8600      491.00
27.8800      462.00
27.9000      417.00
27.9200      395.00
27.9400      365.00
27.9600      297.00
27.9800      324.00
28.0000      291.00
28.0200      248.00
28.0400      270.00
28.0600      288.00
28.0800      244.00
28.1000      219.00
28.1200      192.00
28.1400      201.00
28.1600      214.00
28.1800      225.00
28.2000      259.00
28.2200      199.00
28.2400      204.00
28.2600      222.00
28.2800      235.00
28.3000      265.00
28.3200      270.00
28.3400      323.00
28.3600      336.00
28.3800      374.00
28.4000      394.00
28.4200      477.00
28.4400      542.00
28.4600      582.00
28.4800      654.00
28.5000      679.00
28.5200      721.00
28.5400      745.00
28.5600      711.00
28.5800      686.00
28.6000      668.00
28.6200      639.00
28.6400      612.00
28.6600      536.00
28.6800      547.00
28.7000      538.00
28.7200      516.00
28.7400      468.00
28.7600      413.00
28.7800      411.00
28.8000      385.00
28.8200      408.00
28.8400      369.00
28.8600      370.00
28.8800      297.00
28.9000      313.00
28.9200      321.00
28.9400      284.00
28.9600      288.00
28.9800      287.00
29.0000      297.00
29.0200      261.00
29.0400      303.00
29.0600      282.00
29.0800      313.00
29.1000      324.00
29.1200      312.00
29.1400      339.00
29.1600      309.00
29.1800      326.00
29.2000      324.00
29.2200      342.00
29.2400      359.00
29.2600      334.00
29.2800      301.00
29.3000      339.00
29.3200      320.00
29.3400      351.00
29.3600      350.00
29.3800      359.00
29.4000      345.00
29.4200      391.00
29.4400      388.00
29.4600      378.00
29.4800      406.00
29.5000      392.00
29.5200      436.00
29.5400      423.00
29.5600      381.00
29.5800      399.00
29.6000      348.00
29.6200      312.00
29.6400      270.00
29.6600      268.00
29.6800      215.00
29.7000      212.00
29.7200      192.00
29.7400      182.00
29.7600      201.00
29.7800      182.00
29.8000      193.00
29.8200      157.00
29.8400      174.00
29.8600      155.00
29.8800      174.00
29.9000      168.00
29.9200      180.00
29.9400      159.00
29.9600      175.00
29.9800      196.00
30.0000      189.00
30.0200      191.00
30.0400      201.00
30.0600      206.00
30.0800      224.00
30.1000      244.00
30.1200      261.00
30.1400      263.00
30.1600      303.00
30.1800      282.00
30.2000      251.00
30.2200      295.00
30.2400      256.00
30.2600      270.00
30.2800      280.00
30.3000      260.00
30.3200      246.00
30.3400      240.00
30.3600      251.00
30.3800      244.00
30.4000      219.00
30.4200      207.00
30.4400      233.00
30.4600      205.00
30.4800      220.00
30.5000      186.00
30.5200      200.00
30.5400      189.00
30.5600      180.00
30.5800      183.00
30.6000      186.00
30.6200      198.00
30.6400      207.00
30.6600      195.00
30.6800      212.00
30.7000      196.00
30.7200      215.00
30.7400      210.00
30.7600      218.00
30.7800      190.00
30.8000      199.00
30.8200      207.00
30.8400      183.00
30.8600      180.00
30.8800      168.00
30.9000      187.00
30.9200      203.00
30.9400      191.00
30.9600      170.00
30.9800      213.00
31.0000      183.00
31.0200      166.00
31.0400      176.00
31.0600      195.00
31.0800      178.00
31.1000      183.00
31.1200      159.00
31.1400      174.00
31.1600      155.00
31.1800      156.00
31.2000      152.00
31.2200      157.00
31.2400      155.00
31.2600      159.00
31.2800      153.00
31.3000      124.00
31.3200      134.00
31.3400      152.00
31.3600      150.00
31.3800      129.00
31.4000      150.00
31.4200      152.00
31.4400      139.00
31.4600      172.00
31.4800      172.00
31.5000      193.00
31.5200      155.00
31.5400      161.00
31.5600      182.00
31.5800      175.00
31.6000      171.00
31.6200      159.00
31.6400      157.00
31.6600      198.00
31.6800      173.00
31.7000      180.00
31.7200      157.00
31.7400      174.00
31.7600      179.00
31.7800      167.00
31.8000      174.00
31.8200      167.00
31.8400      186.00
31.8600      169.00
31.8800      151.00
31.9000      166.00
31.9200      201.00
31.9400      201.00
31.9600      169.00
31.9800      177.00
32.0000      220.00
32.0200      235.00
32.0400      205.00
32.0600      196.00
32.0800      205.00
32.1000      231.00
32.1200      217.00
32.1400      213.00
32.1600      220.00
32.1800      217.00
32.2000      253.00
32.2200      224.00
32.2400      240.00
32.2600      204.00
32.2800      252.00
32.3000      239.00
32.3200      261.00
32.3400      232.00
32.3600      256.00
32.3800      240.00
32.4000      240.00
32.4200      227.00
32.4400      256.00
32.4600      260.00
32.4800      273.00
32.5000      264.00
32.5200      240.00
32.5400      287.00
32.5600      286.00
32.5800      293.00
32.6000      277.00
32.6200      290.00
32.6400      262.00
32.6600      323.00
32.6800      293.00
32.7000      314.00
32.7200      284.00
32.7400      271.00
32.7600      280.00
32.7800      254.00
32.8000      252.00
32.8200      247.00
32.8400      214.00
32.8600      244.00
32.8800      214.00
32.9000      214.00
32.9200      203.00
32.9400      241.00
32.9600      205.00
32.9800      228.00
33.0000      190.00
33.0200      198.00
33.0400      203.00
33.0600      209.00
33.0800      212.00
33.1000      190.00
33.1200      241.00
33.1400      227.00
33.1600      208.00
33.1800      232.00
33.2000      235.00
33.2200      265.00
33.2400      263.00
33.2600      277.00
33.2800      269.00
33.3000      264.00
33.3200      315.00
33.3400      296.00
33.3600      286.00
33.3800      313.00
33.4000      292.00
33.4200      265.00
33.4400      251.00
33.4600      263.00
33.4800      273.00
33.5000      237.00
33.5200      227.00
33.5400      226.00
33.5600      231.00
33.5800      243.00
33.6000      188.00
33.6200      225.00
33.6400      190.00
33.6600      191.00
33.6800      166.00
33.7000      179.00
33.7200      186.00
33.7400      188.00
33.7600      163.00
33.7800      140.00
33.8000      154.00
33.8200      137.00
33.8400      150.00
33.8600      165.00
33.8800      141.00
33.9000      166.00
33.9200      161.00
33.9400      163.00
33.9600      158.00
33.9800      160.00
34.0000      195.00
34.0200      157.00
34.0400      184.00
34.0600      191.00
34.0800      189.00
34.1000      197.00
34.1200      218.00
34.1400      228.00
34.1600      229.00
34.1800      286.00
34.2000      310.00
34.2200      322.00
34.2400      303.00
34.2600      294.00
34.2800      297.00
34.3000      308.00
34.3200      311.00
34.3400      228.00
34.3600      260.00
34.3800      218.00
34.4000      205.00
34.4200      185.00
34.4400      210.00
34.4600      224.00
34.4800      176.00
34.5000      169.00
34.5200      161.00
34.5400      155.00
34.5600      152.00
34.5800      147.00
34.6000      138.00
34.6200      153.00
34.6400      125.00
34.6600      147.00
34.6800      173.00
34.7000      173.00
34.7200      175.00
34.7400      184.00
34.7600      155.00
34.7800      187.00
34.8000      184.00
34.8200      165.00
34.8400      180.00
34.8600      177.00
34.8800      152.00
34.9000      182.00
34.9200      162.00
34.9400      181.00
34.9600      181.00
34.9800      198.00
35.0000      146.00
