 3.0000      287.00
 3.0200      264.00
 3.0400      283.00
 3.0600      304.00
 3.0800      280.00
 3.1000      249.00
 3.1200      302.00
 3.1400      269.00
 3.1600      233.00
 3.1800      277.00
 3.2000      245.00
 3.2200      242.00
 3.2400      246.00
 3.2600      274.00
 3.2800      250.00
 3.3000      238.00
 3.3200      235.00
 3.3400      244.00
 3.3600      206.00
 3.3800      220.00
 3.4000      241.00
 3.4200      232.00
 3.4400      221.00
 3.4600      269.00
 3.4800      247.00
 3.5000      263.00
 3.5200      232.00
 3.5400      212.00
 3.5600      244.00
 3.5800      221.00
 3.6000      246.00
 3.6200      227.00
 3.6400      239.00
 3.6600      222.00
 3.6800      224.00
 3.7000      215.00
 3.7200      221.00
 3.7400      209.00
 3.7600      211.00
 3.7800      200.00
 3.8000      203.00
 3.8200      191.00
 3.8400      202.00
 3.8600      204.00
 3.8800      207.00
 3.9000      183.00
 3.9200      224.00
 3.9400      224.00
 3.9600      205.00
 3.9800      221.00
 4.0000      201.00
 4.0200      212.00
 4.0400      222.00
 4.0600      195.00
 4.0800      186.00
 4.1000      199.00
 4.1200      152.00
 4.1400      163.00
 4.1600      190.00
 4.1800      172.00
 4.2000      189.00
 4.2200      164.00
 4.2400      176.00
 4.2600      191.00
 4.2800      181.00
 4.3000      177.00
 4.3200      172.00
 4.3400      161.00
 4.3600      171.00
 4.3800      141.00
 4.4000      160.00
 4.4200      130.00
 4.4400      161.00
 4.4600      139.00
 4.4800      161.00
 4.5000      157.00
 4.5200      162.00
 4.5400      149.00
 4.5600      160.00
 4.5800      147.00
 4.6000      150.00
 4.6200      156.00
 4.6400      136.00
 4.6600      157.00
 4.6800      138.00
 4.7000      142.00
 4.7200      168.00
 4.7400      124.00
 4.7600      158.00
 4.7800      162.00
 4.8000      155.00
 4.8200      159.00
 4.8400      162.00
 4.8600      141.00
 4.8800      169.00
 4.9000      160.00
 4.9200      134.00
 4.9400      163.00
 4.9600      142.00
 4.9800      146.00
 5.0000      156.00
 5.0200      147.00
 5.0400      150.00
 5.0600      154.00
 5.0800      141.00
 5.1000      146.00
 5.1200      149.00
 5.1400      140.00
 5.1600      140.00
 5.1800      142.00
 5.2000      142.00
 5.2200      141.00
 5.2400      156.00
 5.2600      142.00
 5.2800      145.00
 5.3000      136.00
 5.3200      144.00
 5.3400      144.00
 5.3600      146.00
 5.3800      122.00
 5.4000      135.00
 5.4200      131.00
 5.4400      132.00
 5.4600      143.00
 5.4800      127.00
 5.5000      155.00
 5.5200      149.00
 5.5400      121.00
 5.5600      141.00
 5.5800      133.00
 5.6000      148.00
 5.6200      151.00
 5.6400      141.00
 5.6600      129.00
 5.6800      127.00
 5.7000      150.00
 5.7200      142.00
 5.7400      156.00
 5.7600      140.00
 5.7800      150.00
 5.8000      151.00
 5.8200      128.00
 5.8400      141.00
 5.8600      137.00
 5.8800      129.00
 5.9000      132.00
 5.9200      165.00
 5.9400      134.00
 5.9600      143.00
 5.9800      160.00
 6.0000      124.00
 6.0200      150.00
 6.0400      155.00
 6.0600      128.00
 6.0800      147.00
 6.1000      164.00
 6.1200      129.00
 6.1400      152.00
 6.1600      131.00
 6.1800      157.00
 6.2000      139.00
 6.2200      137.00
 6.2400      150.00
 6.2600      154.00
 6.2800      156.00
 6.3000      123.00
 6.3200      155.00
 6.3400      150.00
 6.3600      120.00
 6.3800      149.00
 6.4000      138.00
 6.4200      153.00
 6.4400      133.00
 6.4600      144.00
 6.4800      141.00
 6.5000      143.00
 6.5200      139.00
 6.5400      142.00
 6.5600      154.00
 6.5800      151.00
 6.6000      151.00
 6.6200      158.00
 6.6400      171.00
 6.6600      168.00
 6.6800      158.00
 6.7000      158.00
 6.7200      178.00
 6.7400      173.00
 6.7600      160.00
 6.7800      170.00
 6.8000      178.00
 6.8200      163.00
 6.8400      180.00
 6.8600      152.00
 6.8800      168.00
 6.9000      143.00
 6.9200      135.00
 6.9400      148.00
 6.9600      128.00
 6.9800      149.00
 7.0000      143.00
 7.0200      143.00
 7.0400      127.00
 7.0600      162.00
 7.0800      132.00
 7.1000      146.00
 7.1200      128.00
 7.1400      124.00
 7.1600      134.00
 7.1800      138.00
 7.2000      123.00
 7.2200      139.00
 7.2400      137.00
 7.2600      123.00
 7.2800      145.00
 7.3000      144.00
 7.3200      145.00
 7.3400      166.00
 7.3600      132.00
 7.3800      145.00
 7.4000      145.00
 7.4200      139.00
 7.4400      145.00
 7.4600      134.00
 7.4800      138.00
 7.5000      134.00
 7.5200      132.00
 7.5400      124.00
 7.5600      144.00
 7.5800      142.00
 7.6000      127.00
 7.6200      150.00
 7.6400      145.00
 7.6600      138.00
 7.6800      135.00
 7.7000      148.00
 7.7200      127.00
 7.7400      131.00
 7.7600      162.00
 7.7800      127.00
 7.8000      129.00
 7.8200      130.00
 7.8400      121.00
 7.8600      106.00
 7.8800      109.00
 7.9000      132.00
 7.9200      128.00
 7.9400      123.00
 7.9600      127.00
 7.9800      144.00
 8.0000      160.00
 8.0200      164.00
 8.0400      129.00
 8.0600      133.00
 8.0800      143.00
 8.1000      133.00
 8.1200      133.00
 8.1400      148.00
 8.1600      135.00
 8.1800      123.00
 8.2000      123.00
 8.2200      132.00
 8.2400      124.00
 8.2600      119.00
 8.2800      147.00
 8.3000      156.00
 8.3200      144.00
 8.3400      125.00
 8.3600      140.00
 8.3800      158.00
 8.4000      118.00
 8.4200      148.00
 8.4400      147.00
 8.4600      154.00
 8.4800      148.00
 8.5000      150.00
 8.5200      151.00
 8.5400      149.00
 8.5600      137.00
 8.5800      141.00
 8.6000      142.00
 8.6200      147.00
 8.6400      155.00
 8.6600      167.00
 8.6800      168.00
 8.7000      166.00
 8.7200      164.00
 8.7400      142.00
 8.7600      152.00
 8.7800      148.00
 8.8000      131.00
 8.8200      140.00
 8.8400      148.00
 8.8600      142.00
 8.8800      146.00
 8.9000      138.00
 8.9200      145.00
 8.9400      122.00
 8.9600      150.00
 8.9800      129.00
 9.0000      141.00
 9.0200      126.00
 9.0400      133.00
 9.0600      167.00
 9.0800      156.00
 9.1000      126.00
 9.1200      136.00
 9.1400      123.00
 9.1600      129.00
 9.1800      131.00
 9.2000      123.00
 9.2200      146.00
 9.2400      122.00
 9.2600      142.00
 9.2800      164.00
 9.3000      133.00
 9.3200      143.00
 9.3400      146.00
 9.3600      138.00
 9.3800      134.00
 9.4000      135.00
 9.4200      156.00
 9.4400      132.00
 9.4600      156.00
 9.4800      153.00
 9.5000      136.00
 9.5200      132.00
 9.5400      130.00
 9.5600      142.00
 9.5800      134.00
 9.6000      154.00
 9.6200      120.00
 9.6400      135.00
 9.6600      144.00
 9.6800      178.00
 9.7000      109.00
 9.7200      131.00
 9.7400      156.00
 9.7600      138.00
 9.7800      158.00
 9.8000      150.00
 9.8200      182.00
 9.8400      145.00
 9.8600      138.00
 9.8800      163.00
 9.9000      150.00
 9.9200      155.00
 9.9400      134.00
 9.9600      145.00
 9.9800      167.00
10.0000      159.00
10.0200      158.00
10.0400      140.00
10.0600      143.00
10.0800      143.00
10.1000      138.00
10.1200      148.00
10.1400      143.00
10.1600      146.00
10.1800      160.00
10.2000      146.00
10.2200      125.00
10.2400      150.00
10.2600      148.00
10.2800      166.00
10.3000      140.00
10.3200      131.00
10.3400      144.00
10.3600      152.00
10.3800      132.00
10.4000      136.00
10.4200      145.00
10.4400      144.00
10.4600      141.00
10.4800      134.00
10.5000      171.00
10.5200      155.00
10.5400      164.00
10.5600      159.00
10.5800      150.00
10.6000      169.00
10.6200      191.00
10.6400      162.00
10.6600      153.00
10.6800      159.00
10.7000      177.00
10.7200      203.00
10.7400      216.00
10.7600      208.00
10.7800      228.00
10.8000      215.00
10.8200      243.00
10.8400      298.00
10.8600      342.00
10.8800      332.00
10.9000      384.00
10.9200      378.00
10.9400      370.00
10.9600      312.00
10.9800      356.00
11.0000      323.00
11.0200      309.00
11.0400      321.00
11.0600      310.00
11.0800      289.00
11.1000      305.00
11.1200      322.00
11.1400      346.00
11.1600      339.00
11.1800      324.00
11.2000      299.00
11.2200      308.00
11.2400      264.00
11.2600      212.00
11.2800      188.00
11.3000      151.00
11.3200      186.00
11.3400      170.00
11.3600      144.00
11.3800      158.00
11.4000      152.00
11.4200      146.00
11.4400      147.00
11.4600      130.00
11.4800      165.00
11.5000      150.00
11.5200      152.00
11.5400      157.00
11.5600      161.00
11.5800      156.00
11.6000      153.00
11.6200      163.00
11.6400      172.00
11.6600      163.00
11.6800      152.00
11.7000      177.00
11.7200      183.00
11.7400      191.00
11.7600      175.00
11.7800      227.00
11.8000      203.00
11.8200      218.00
11.8400      227.00
11.8600      249.00
11.8800      242.00
11.9000      283.00
11.9200      289.00
11.9400      312.00
11.9600      343.00
11.9800      339.00
12.0000      321.00
12.0200      338.00
12.0400      366.00
12.0600      371.00
12.0800      285.00
12.1000      309.00
12.1200      281.00
12.1400      262.00
12.1600      206.00
12.1800      216.00
12.2000      201.00
12.2200      217.00
12.2400      230.00
12.2600      228.00
12.2800      240.00
12.3000      271.00
12.3200      280.00
12.3400      276.00
12.3600      346.00
12.3800      367.00
12.4000      440.00
12.4200      390.00
12.4400      372.00
12.4600      346.00
12.4800      316.00
12.5000      297.00
12.5200      230.00
12.5400      194.00
12.5600      182.00
12.5800      147.00
12.6000      139.00
12.6200      149.00
12.6400      145.00
12.6600      169.00
12.6800      176.00
12.7000      140.00
12.7200      156.00
12.7400      148.00
12.7600      148.00
12.7800      150.00
12.8000      126.00
12.8200      136.00
12.8400      150.00
12.8600      155.00
12.8800      151.00
12.9000      162.00
12.9200      132.00
12.9400      133.00
12.9600      165.00
12.9800      151.00
13.0000      153.00
13.0200      174.00
13.0400      149.00
13.0600      142.00
13.0800      148.00
13.1000      153.00
13.1200      149.00
13.1400      148.00
13.1600      124.00
13.1800      153.00
13.2000      150.00
13.2200      152.00
13.2400      120.00
13.2600      132.00
13.2800      151.00
13.3000      172.00
13.3200      130.00
13.3400      163.00
13.3600      140.00
13.3800      175.00
13.4000      146.00
13.4200      172.00
13.4400      154.00
13.4600      134.00
13.4800      158.00
13.5000      143.00
13.5200      141.00
13.5400      167.00
13.5600      154.00
13.5800      132.00
13.6000      140.00
13.6200      163.00
13.6400      143.00
13.6600      165.00
13.6800      157.00
13.7000      155.00
13.7200      165.00
13.7400      148.00
13.7600      164.00
13.7800      159.00
13.8000      157.00
13.8200      170.00
13.8400      184.00
13.8600      185.00
13.8800      198.00
13.9000      204.00
13.9200      222.00
13.9400      258.00
13.9600      233.00
13.9800      267.00
14.0000      329.00
14.0200      369.00
14.0400      415.00
14.0600      448.00
14.0800      467.00
14.1000      467.00
14.1200      476.00
14.1400      455.00
14.1600      409.00
14.1800      352.00
14.2000      343.00
14.2200      344.00
14.2400      299.00
14.2600      270.00
14.2800      271.00
14.3000      261.00
14.3200      234.00
14.3400      217.00
14.3600      235.00
14.3800      188.00
14.4000      177.00
14.4200      187.00
14.4400      164.00
14.4600      161.00
14.4800      164.00
14.5000      165.00
14.5200      149.00
14.5400      147.00
14.5600      149.00
14.5800      127.00
14.6000      138.00
14.6200      152.00
14.6400      139.00
14.6600      163.00
14.6800      144.00
14.7000      141.00
14.7200      150.00
14.7400      146.00
14.7600      163.00
14.7800      143.00
14.8000      144.00
14.8200      137.00
14.8400      156.00
14.8600      143.00
14.8800      137.00
14.9000      133.00
14.9200      140.00
14.9400      152.00
14.9600      139.00
14.9800      139.00
15.0000      134.00
15.0200      157.00
15.0400      139.00
15.0600      137.00
15.0800      150.00
15.1000      128.00
15.1200      159.00
15.1400      120.00
15.1600      157.00
15.1800      129.00
15.2000      156.00
15.2200      141.00
15.2400      145.00
15.2600      132.00
15.2800      148.00
15.3000      162.00
15.3200      154.00
15.3400      152.00
15.3600      145.00
15.3800      135.00
15.4000      146.00
15.4200      153.00
15.4400      157.00
15.4600      145.00
15.4800      162.00
15.5000      145.00
15.5200      133.00
15.5400      156.00
15.5600      162.00
15.5800      166.00
15.6000      156.00
15.6200      172.00
15.6400      162.00
15.6600      176.00
15.6800      192.00
15.7000      189.00
15.7200      182.00
15.7400      190.00
15.7600      235.00
15.7800      231.00
15.8000      266.00
15.8200      252.00
15.8400      244.00
15.8600      268.00
15.8800      269.00
15.9000      244.00
15.9200      228.00
15.9400      215.00
15.9600      262.00
15.9800      247.00
16.0000      278.00
16.0200      300.00
16.0400      326.00
16.0600      346.00
16.0800      325.00
16.1000      324.00
16.1200      315.00
16.1400      273.00
16.1600      294.00
16.1800      254.00
16.2000      224.00
16.2200      226.00
16.2400      229.00
16.2600      269.00
16.2800      294.00
16.3000      341.00
16.3200      372.00
16.3400      370.00
16.3600      382.00
16.3800      432.00
16.4000      390.00
16.4200      378.00
16.4400      337.00
16.4600      286.00
16.4800      261.00
16.5000      217.00
16.5200      210.00
16.5400      205.00
16.5600      160.00
16.5800      159.00
16.6000      172.00
16.6200      150.00
16.6400      142.00
16.6600      143.00
16.6800      181.00
16.7000      192.00
16.7200      190.00
16.7400      159.00
16.7600      202.00
16.7800      215.00
16.8000      213.00
16.8200      247.00
16.8400      262.00
16.8600      307.00
16.8800      307.00
16.9000      375.00
16.9200      378.00
16.9400      366.00
16.9600      363.00
16.9800      394.00
17.0000      344.00
17.0200      314.00
17.0400      325.00
17.0600      272.00
17.0800      268.00
17.1000      267.00
17.1200      230.00
17.1400      241.00
17.1600      276.00
17.1800      279.00
17.2000      300.00
17.2200      345.00
17.2400      369.00
17.2600      424.00
17.2800      497.00
17.3000      541.00
17.3200      633.00
17.3400      712.00
17.3600      800.00
17.3800      895.00
17.4000      913.00
17.4200      934.00
17.4400     1035.00
17.4600      944.00
17.4800      965.00
17.5000      923.00
17.5200      783.00
17.5400      685.00
17.5600      572.00
17.5800      480.00
17.6000      364.00
17.6200      241.00
17.6400      241.00
17.6600      238.00
17.6800      214.00
17.7000      204.00
17.7200      213.00
17.7400      191.00
17.7600      203.00
17.7800      188.00
17.8000      199.00
17.8200      194.00
17.8400      200.00
17.8600      167.00
17.8800      171.00
17.9000      179.00
17.9200      159.00
17.9400      166.00
17.9600      175.00
17.9800      159.00
18.0000      162.00
18.0200      140.00
18.0400      183.00
18.0600      164.00
18.0800      154.00
18.1000      165.00
18.1200      199.00
18.1400      178.00
18.1600      212.00
18.1800      231.00
18.2000      238.00
18.2200      286.00
18.2400      310.00
18.2600      340.00
18.2800      346.00
18.3000      389.00
18.3200      373.00
18.3400      379.00
18.3600      345.00
18.3800      296.00
18.4000      259.00
18.4200      210.00
18.4400      214.00
18.4600      179.00
18.4800      166.00
18.5000      187.00
18.5200      193.00
18.5400      181.00
18.5600      177.00
18.5800      178.00
18.6000      202.00
18.6200      230.00
18.6400      221.00
18.6600      204.00
18.6800      215.00
18.7000      234.00
18.7200      205.00
18.7400      201.00
18.7600      175.00
18.7800      174.00
18.8000      177.00
18.8200      185.00
18.8400      184.00
18.8600      200.00
18.8800      170.00
18.9000      176.00
18.9200      216.00
18.9400      193.00
18.9600      189.00
18.9800      207.00
19.0000      209.00
19.0200      199.00
19.0400      195.00
19.0600      204.00
19.0800      169.00
19.1000      198.00
19.1200      165.00
19.1400      178.00
19.1600      184.00
19.1800      204.00
19.2000      197.00
19.2200      168.00
19.2400      173.00
19.2600      197.00
19.2800      178.00
19.3000      200.00
19.3200      234.00
19.3400      258.00
19.3600      243.00
19.3800      294.00
19.4000      314.00
19.4200      372.00
19.4400      414.00
19.4600      505.00
19.4800      575.00
19.5000      646.00
19.5200      692.00
19.5400      735.00
19.5600      726.00
19.5800      703.00
19.6000      666.00
19.6200      640.00
19.6400      527.00
19.6600      425.00
19.6800      388.00
19.7000      350.00
19.7200      306.00
19.7400      283.00
19.7600      226.00
19.7800      230.00
19.8000      181.00
19.8200      205.00
19.8400      182.00
19.8600      182.00
19.8800      173.00
19.9000      160.00
19.9200      172.00
19.9400      194.00
19.9600      156.00
19.9800      168.00
20.0000      185.00
20.0200      150.00
20.0400      174.00
20.0600      155.00
20.0800      161.00
20.1000      177.00
20.1200      183.00
20.1400      188.00
20.1600      170.00
20.1800      170.00
20.2000      166.00
20.2200      173.00
20.2400      213.00
20.2600      188.00
20.2800      190.00
20.3000      209.00
20.3200      230.00
20.3400      233.00
20.3600      239.00
20.3800      282.00
20.4000      339.00
20.4200      359.00
20.4400      413.00
20.4600      565.00
20.4800      682.00
20.5000      769.00
20.5200      900.00
20.5400      978.00
20.5600      970.00
20.5800     1011.00
20.6000      986.00
20.6200      867.00
20.6400      744.00
20.6600      712.00
20.6800      616.00
20.7000      581.00
20.7200      545.00
20.7400      553.00
20.7600      579.00
20.7800      685.00
20.8000      728.00
20.8200      845.00
20.8400      852.00
20.8600     1076.00
20.8800     1171.00
20.9000     1223.00
20.9200     1251.00
20.9400     1287.00
20.9600     1200.00
20.9800     1129.00
21.0000     1079.00
21.0200      840.00
21.0400      634.00
21.0600      505.00
21.0800      359.00
21.1000      303.00
21.1200      233.00
21.1400      208.00
21.1600      204.00
21.1800      175.00
21.2000      189.00
21.2200      176.00
21.2400      169.00
21.2600      183.00
21.2800      160.00
21.3000      156.00
21.3200      151.00
21.3400      149.00
21.3600      159.00
21.3800      140.00
21.4000      137.00
21.4200      167.00
21.4400      146.00
21.4600      151.00
21.4800      150.00
21.5000      159.00
21.5200      150.00
21.5400      147.00
21.5600      144.00
21.5800      152.00
21.6000      137.00
21.6200      155.00
21.6400      150.00
21.6600      137.00
21.6800      154.00
21.7000      145.00
21.7200      173.00
21.7400      155.00
21.7600      151.00
21.7800      156.00
21.8000      152.00
21.8200      170.00
21.8400      161.00
21.8600      161.00
21.8800      170.00
21.9000      188.00
21.9200      163.00
21.9400      174.00
21.9600      186.00
21.9800      177.00
22.0000      193.00
22.0200      209.00
22.0400      216.00
22.0600      247.00
22.0800      259.00
22.1000      256.00
22.1200      266.00
22.1400      296.00
22.1600      336.00
22.1800      375.00
22.2000      370.00
22.2200      405.00
22.2400      383.00
22.2600      385.00
22.2800      345.00
22.3000      346.00
22.3200      346.00
22.3400      324.00
22.3600      372.00
22.3800      426.00
22.4000      450.00
22.4200      496.00
22.4400      537.00
22.4600      598.00
22.4800      671.00
22.5000      651.00
22.5200      687.00
22.5400      631.00
22.5600      554.00
22.5800      485.00
22.6000      435.00
22.6200      356.00
22.6400      314.00
22.6600      299.00
22.6800      271.00
22.7000      270.00
22.7200      276.00
22.7400      280.00
22.7600      270.00
22.7800      360.00
22.8000      311.00
22.8200      311.00
22.8400      334.00
22.8600      335.00
22.8800      312.00
22.9000      363.00
22.9200      358.00
22.9400      360.00
22.9600      397.00
22.9800      411.00
23.0000      426.00
23.0200      365.00
23.0400      394.00
23.0600      373.00
23.0800      327.00
23.1000      305.00
23.1200      292.00
23.1400      271.00
23.1600      260.00
23.1800      275.00
23.2000      281.00
23.2200      303.00
23.2400      317.00
23.2600      334.00
23.2800      394.00
23.3000      366.00
23.3200      361.00
23.3400      321.00
23.3600      264.00
23.3800      267.00
23.4000      235.00
23.4200      187.00
23.4400      190.00
23.4600      164.00
23.4800      147.00
23.5000      148.00
23.5200      158.00
23.5400      154.00
23.5600      173.00
23.5800      153.00
23.6000      179.00
23.6200      176.00
23.6400      163.00
23.6600      196.00
23.6800      174.00
23.7000      181.00
23.7200      199.00
23.7400      196.00
23.7600      215.00
23.7800      218.00
23.8000      202.00
23.8200      260.00
23.8400      260.00
23.8600      319.00
23.8800      346.00
23.9000      368.00
23.9200      460.00
23.9400      455.00
23.9600      499.00
23.9800      501.00
24.0000      531.00
24.0200      521.00
24.0400      463.00
24.0600      448.00
24.0800      383.00
24.1000      332.00
24.1200      330.00
24.1400      365.00
24.1600      393.00
24.1800      440.00
24.2000      444.00
24.2200      521.00
24.2400      578.00
24.2600      590.00
24.2800      629.00
24.3000      628.00
24.3200      570.00
24.3400      558.00
24.3600      488.00
24.3800      365.00
24.4000      317.00
24.4200      264.00
24.4400      233.00
24.4600      204.00
24.4800      186.00
24.5000      171.00
24.5200      176.00
24.5400      147.00
24.5600      184.00
24.5800      189.00
24.6000      178.00
24.6200      196.00
24.6400      168.00
24.6600      210.00
24.6800      228.00
24.7000      231.00
24.7200      282.00
24.7400      323.00
24.7600      335.00
24.7800      377.00
24.8000      429.00
24.8200      412.00
24.8400      462.00
24.8600      387.00
24.8800      342.00
24.9000      316.00
24.9200      261.00
24.9400      221.00
24.9600      194.00
24.9800      172.00
25.0000      148.00
25.0200      174.00
25.0400      163.00
25.0600      152.00
25.0800      140.00
25.1000      148.00
25.1200      128.00
25.1400      120.00
25.1600      128.00
25.1800      157.00
25.2000      155.00
25.2200      141.00
25.2400      126.00
25.2600      147.00
25.2800      121.00
25.3000      141.00
25.3200      132.00
25.3400      141.00
25.3600      133.00
25.3800      126.00
25.4000      129.00
25.4200      107.00
25.4400      121.00
25.4600      142.00
25.4800      134.00
25.5000      127.00
25.5200      137.00
25.5400      140.00
25.5600      150.00
25.5800      156.00
25.6000      140.00
25.6200      113.00
25.6400      138.00
25.6600      121.00
25.6800      147.00
25.7000      140.00
25.7200      149.00
25.7400      152.00
25.7600      153.00
25.7800      156.00
25.8000      175.00
25.8200      218.00
25.8400      190.00
25.8600      192.00
25.8800      212.00
25.9000      220.00
25.9200      220.00
25.9400      228.00
25.9600      246.00
25.9800      223.00
26.0000      273.00
26.0200      223.00
26.0400      264.00
26.0600      234.00
26.0800      238.00
26.1000      275.00
26.1200      307.00
26.1400      290.00
26.1600      267.00
26.1800      267.00
26.2000      255.00
26.2200      234.00
26.2400      247.00
26.2600      231.00
26.2800      232.00
26.3000      226.00
26.3200      225.00
26.3400      242.00
26.3600      249.00
26.3800      241.00
26.4000      243.00
26.4200      228.00
26.4400      205.00
26.4600      196.00
26.4800      181.00
26.5000      173.00
26.5200      155.00
26.5400      127.00
26.5600      145.00
26.5800      130.00
26.6000      140.00
26.6200      134.00
26.6400      147.00
26.6600      110.00
26.6800      125.00
26.7000      124.00
26.7200      111.00
26.7400      136.00
26.7600      139.00
26.7800      152.00
26.8000      144.00
26.8200      179.00
26.8400      136.00
26.8600      141.00
26.8800      144.00
26.9000      157.00
26.9200      171.00
26.9400      149.00
26.9600      146.00
26.9800      152.00
27.0000      153.00
27.0200      148.00
27.0400      175.00
27.0600      175.00
27.0800      174.00
27.1000      164.00
27.1200      182.00
27.1400      205.00
27.1600      204.00
27.1800      192.00
27.2000      192.00
27.2200      223.00
27.2400      192.00
27.2600      213.00
27.2800      212.00
27.3000      190.00
27.3200      213.00
27.3400      205.00
27.3600      246.00
27.3800      247.00
27.4000      256.00
27.4200      323.00
27.4400      357.00
27.4600      397.00
27.4800      545.00
27.5000      581.00
27.5200      663.00
27.5400      725.00
27.5600      770.00
27.5800      774.00
27.6000      783.00
27.6200      689.00
27.6400      583.00
27.6600      512.00
27.6800      462.00
27.7000      467.00
27.7200      325.00
27.7400      222.00
27.7600      207.00
27.7800      212.00
27.8000      224.00
27.8200      184.00
27.8400      184.00
27.8600      205.00
27.8800      168.00
27.9000      156.00
27.9200      145.00
27.9400      150.00
27.9600      145.00
27.9800      160.00
28.0000      154.00
28.0200      130.00
28.0400      157.00
28.0600      147.00
28.0800      153.00
28.1000      164.00
28.1200      157.00
28.1400      162.00
28.1600      176.00
28.1800      183.00
28.2000      198.00
28.2200      232.00
28.2400      259.00
28.2600      298.00
28.2800      313.00
28.3000      399.00
28.3200      426.00
28.3400      518.00
28.3600      528.00
28.3800      556.00
28.4000      506.00
28.4200      568.00
28.4400      500.00
28.4600      477.00
28.4800      411.00
28.5000      414.00
28.5200      376.00
28.5400      306.00
28.5600      277.00
28.5800      262.00
28.6000      268.00
28.6200      267.00
28.6400      265.00
28.6600      230.00
28.6800      206.00
28.7000      217.00
28.7200      202.00
28.7400      200.00
28.7600      156.00
28.7800      185.00
28.8000      189.00
28.8200      177.00
28.8400      175.00
28.8600      204.00
28.8800      190.00
28.9000      197.00
28.9200      190.00
28.9400      189.00
28.9600      192.00
28.9800      185.00
29.0000      200.00
29.0200      206.00
29.0400      240.00
29.0600      239.00
29.0800      257.00
29.1000      272.00
29.1200      277.00
29.1400      255.00
29.1600      239.00
29.1800      242.00
29.2000      205.00
29.2200      193.00
29.2400      219.00
29.2600      242.00
29.2800      243.00
29.3000      259.00
29.3200      274.00
29.3400      266.00
29.3600      312.00
29.3800      275.00
29.4000      273.00
29.4200      257.00
29.4400      208.00
29.4600      218.00
29.4800      194.00
29.5000      163.00
29.5200      185.00
29.5400      142.00
29.5600      111.00
29.5800      152.00
29.6000      114.00
29.6200      126.00
29.6400      143.00
29.6600      145.00
29.6800      127.00
29.7000      102.00
29.7200      107.00
29.7400      103.00
29.7600      122.00
29.7800      135.00
29.8000      102.00
29.8200      132.00
29.8400      133.00
29.8600      147.00
29.8800      141.00
29.9000      145.00
29.9200      171.00
29.9400      172.00
29.9600      159.00
29.9800      178.00
30.0000      203.00
30.0200      162.00
30.0400      193.00
30.0600      201.00
30.0800      186.00
30.1000      181.00
30.1200      158.00
30.1400      149.00
30.1600      180.00
30.1800      175.00
30.2000      169.00
30.2200      154.00
30.2400      180.00
30.2600      150.00
30.2800      141.00
30.3000      129.00
30.3200      153.00
30.3400      128.00
30.3600      123.00
30.3800      115.00
30.4000      107.00
30.4200      123.00
30.4400      132.00
30.4600      128.00
30.4800      152.00
30.5000      145.00
30.5200      142.00
30.5400      152.00
30.5600      151.00
30.5800      152.00
30.6000      158.00
30.6200      166.00
30.6400      147.00
30.6600      121.00
30.6800      138.00
30.7000      141.00
30.7200      129.00
30.7400      123.00
30.7600      112.00
30.7800      129.00
30.8000      137.00
30.8200      129.00
30.8400      116.00
30.8600      104.00
30.8800      114.00
30.9000      131.00
30.9200      119.00
30.9400      138.00
30.9600      120.00
30.9800      113.00
31.0000      118.00
31.0200      120.00
31.0400       99.00
31.0600      106.00
31.0800      116.00
31.1000      102.00
31.1200      115.00
31.1400       95.00
31.1600      105.00
31.1800       91.00
31.2000      120.00
31.2200      112.00
31.2400      105.00
31.2600      120.00
31.2800       89.00
31.3000      102.00
31.3200      106.00
31.3400      102.00
31.3600      133.00
31.3800      125.00
31.4000      122.00
31.4200      112.00
31.4400      120.00
31.4600      132.00
31.4800      141.00
31.5000      126.00
31.5200      136.00
31.5400      145.00
31.5600      112.00
31.5800      123.00
31.6000      121.00
31.6200      116.00
31.6400      100.00
31.6600      117.00
31.6800      115.00
31.7000      133.00
31.7200      112.00
31.7400      130.00
31.7600      107.00
31.7800      125.00
31.8000      126.00
31.8200      146.00
31.8400      145.00
31.8600      148.00
31.8800      159.00
31.9000      151.00
31.9200      159.00
31.9400      166.00
31.9600      163.00
31.9800      174.00
32.0000      152.00
32.0200      168.00
32.0400      182.00
32.0600      163.00
32.0800      170.00
32.1000      150.00
32.1200      146.00
32.1400      166.00
32.1600      152.00
32.1800      152.00
32.2000      179.00
32.2200      171.00
32.2400      143.00
32.2600      171.00
32.2800      140.00
32.3000      144.00
32.3200      185.00
32.3400      184.00
32.3600      144.00
32.3800      175.00
32.4000      177.00
32.4200      204.00
32.4400      204.00
32.4600      221.00
32.4800      230.00
32.5000      212.00
32.5200      212.00
32.5400      221.00
32.5600      204.00
32.5800      224.00
32.6000      206.00
32.6200      184.00
32.6400      167.00
32.6600      206.00
32.6800      147.00
32.7000      175.00
32.7200      148.00
32.7400      143.00
32.7600      136.00
32.7800      119.00
32.8000      130.00
32.8200      138.00
32.8400      124.00
32.8600      139.00
32.8800      120.00
32.9000      125.00
32.9200      134.00
32.9400      127.00
32.9600      133.00
32.9800      152.00
33.0000      127.00
33.0200      154.00
33.0400      152.00
33.0600      147.00
33.0800      163.00
33.1000      156.00
33.1200      174.00
33.1400      207.00
33.1600      197.00
33.1800      183.00
33.2000      209.00
33.2200      208.00
33.2400      175.00
33.2600      160.00
33.2800      223.00
33.3000      157.00
33.3200      165.00
33.3400      172.00
33.3600      157.00
33.3800      171.00
33.4000      176.00
33.4200      166.00
33.4400      156.00
33.4600      156.00
33.4800      168.00
33.5000      144.00
33.5200      146.00
33.5400      114.00
33.5600      121.00
33.5800       99.00
33.6000      104.00
33.6200       94.00
33.6400      113.00
33.6600       79.00
33.6800      105.00
33.7000      100.00
33.7200      102.00
33.7400      105.00
33.7600      110.00
33.7800      112.00
33.8000       94.00
33.8200      101.00
33.8400      110.00
33.8600      122.00
33.8800      110.00
33.9000      122.00
33.9200      114.00
33.9400      120.00
33.9600      141.00
33.9800      138.00
34.0000      142.00
34.0200      160.00
34.0400      183.00
34.0600      184.00
34.0800      223.00
34.1000      210.00
34.1200      217.00
34.1400      230.00
34.1600      180.00
34.1800      199.00
34.2000      176.00
34.2200      152.00
34.2400      128.00
34.2600      119.00
34.2800      124.00
34.3000      106.00
34.3200      109.00
34.3400       99.00
34.3600       98.00
34.3800      123.00
34.4000       78.00
34.4200       96.00
34.4400      106.00
34.4600      103.00
34.4800      102.00
34.5000       95.00
34.5200      106.00
34.5400      108.00
34.5600      106.00
34.5800      105.00
34.6000      121.00
34.6200      128.00
34.6400      129.00
34.6600      121.00
34.6800      134.00
34.7000      119.00
34.7200      143.00
34.7400      147.00
34.7600      134.00
34.7800      138.00
34.8000      114.00
34.8200      101.00
34.8400      119.00
34.8600      125.00
34.8800      101.00
34.9000      131.00
34.9200      109.00
34.9400      117.00
34.9600      117.00
34.9800      101.00
35.0000      111.00
