 2.2000      387.00
 2.2200      356.00
 2.2400      372.00
 2.2600      367.00
 2.2800      337.00
 2.3000      324.00
 2.3200      353.00
 2.3400      370.00
 2.3600      316.00
 2.3800      364.00
 2.4000      328.00
 2.4200      316.00
 2.4400      315.00
 2.4600      337.00
 2.4800      302.00
 2.5000      339.00
 2.5200      330.00
 2.5400      328.00
 2.5600      347.00
 2.5800      315.00
 2.6000      304.00
 2.6200      306.00
 2.6400      266.00
 2.6600      269.00
 2.6800      289.00
 2.7000      354.00
 2.7200      295.00
 2.7400      312.00
 2.7600      298.00
 2.7800      270.00
 2.8000      273.00
 2.8200      292.00
 2.8400      290.00
 2.8600      299.00
 2.8800      283.00
 2.9000      274.00
 2.9200      271.00
 2.9400      282.00
 2.9600      269.00
 2.9800      291.00
 3.0000      284.00
 3.0200      294.00
 3.0400      285.00
 3.0600      268.00
 3.0800      297.00
 3.1000      268.00
 3.1200      273.00
 3.1400      294.00
 3.1600      277.00
 3.1800      229.00
 3.2000      279.00
 3.2200      263.00
 3.2400      270.00
 3.2600      244.00
 3.2800      247.00
 3.3000      254.00
 3.3200      234.00
 3.3400      237.00
 3.3600      231.00
 3.3800      226.00
 3.4000      222.00
 3.4200      233.00
 3.4400      211.00
 3.4600      271.00
 3.4800      225.00
 3.5000      233.00
 3.5200      227.00
 3.5400      227.00
 3.5600      222.00
 3.5800      211.00
 3.6000      225.00
 3.6200      216.00
 3.6400      218.00
 3.6600      254.00
 3.6800      219.00
 3.7000      222.00
 3.7200      209.00
 3.7400      224.00
 3.7600      182.00
 3.7800      228.00
 3.8000      227.00
 3.8200      214.00
 3.8400      194.00
 3.8600      207.00
 3.8800      223.00
 3.9000      201.00
 3.9200      218.00
 3.9400      203.00
 3.9600      191.00
 3.9800      200.00
 4.0000      198.00
 4.0200      202.00
 4.0400      209.00
 4.0600      181.00
 4.0800      187.00
 4.1000      198.00
 4.1200      202.00
 4.1400      195.00
 4.1600      187.00
 4.1800      180.00
 4.2000      169.00
 4.2200      198.00
 4.2400      196.00
 4.2600      175.00
 4.2800      166.00
 4.3000      194.00
 4.3200      176.00
 4.3400      183.00
 4.3600      185.00
 4.3800      197.00
 4.4000      167.00
 4.4200      171.00
 4.4400      176.00
 4.4600      164.00
 4.4800      180.00
 4.5000      174.00
 4.5200      170.00
 4.5400      186.00
 4.5600      153.00
 4.5800      184.00
 4.6000      171.00
 4.6200      167.00
 4.6400      162.00
 4.6600      181.00
 4.6800      177.00
 4.7000      159.00
 4.7200      158.00
 4.7400      168.00
 4.7600      150.00
 4.7800      154.00
 4.8000      194.00
 4.8200      157.00
 4.8400      151.00
 4.8600      197.00
 4.8800      165.00
 4.9000      159.00
 4.9200      156.00
 4.9400      161.00
 4.9600      157.00
 4.9800      168.00
 5.0000      149.00
 5.0200      141.00
 5.0400      193.00
 5.0600      161.00
 5.0800      173.00
 5.1000      157.00
 5.1200      136.00
 5.1400      166.00
 5.1600      170.00
 5.1800      173.00
 5.2000      175.00
 5.2200      137.00
 5.2400      178.00
 5.2600      142.00
 5.2800      158.00
 5.3000      179.00
 5.3200      179.00
 5.3400      159.00
 5.3600      156.00
 5.3800      176.00
 5.4000      171.00
 5.4200      158.00
 5.4400      175.00
 5.4600      164.00
 5.4800      182.00
 5.5000      160.00
 5.5200      164.00
 5.5400      169.00
 5.5600      157.00
 5.5800      162.00
 5.6000      150.00
 5.6200      159.00
 5.6400      165.00
 5.6600      156.00
 5.6800      168.00
 5.7000      179.00
 5.7200      173.00
 5.7400      172.00
 5.7600      154.00
 5.7800      175.00
 5.8000      165.00
 5.8200      157.00
 5.8400      164.00
 5.8600      164.00
 5.8800      177.00
 5.9000      163.00
 5.9200      163.00
 5.9400      156.00
 5.9600      150.00
 5.9800      178.00
 6.0000      169.00
 6.0200      170.00
 6.0400      140.00
 6.0600      182.00
 6.0800      183.00
 6.1000      162.00
 6.1200      144.00
 6.1400      158.00
 6.1600      153.00
 6.1800      161.00
 6.2000      161.00
 6.2200      173.00
 6.2400      162.00
 6.2600      165.00
 6.2800      170.00
 6.3000      173.00
 6.3200      166.00
 6.3400      170.00
 6.3600      169.00
 6.3800      161.00
 6.4000      170.00
 6.4200      167.00
 6.4400      168.00
 6.4600      164.00
 6.4800      175.00
 6.5000      142.00
 6.5200      192.00
 6.5400      163.00
 6.5600      206.00
 6.5800      170.00
 6.6000      188.00
 6.6200      151.00
 6.6400      175.00
 6.6600      175.00
 6.6800      150.00
 6.7000      193.00
 6.7200      150.00
 6.7400      169.00
 6.7600      163.00
 6.7800      168.00
 6.8000      169.00
 6.8200      170.00
 6.8400      162.00
 6.8600      162.00
 6.8800      180.00
 6.9000      155.00
 6.9200      167.00
 6.9400      165.00
 6.9600      170.00
 6.9800      180.00
 7.0000      175.00
 7.0200      178.00
 7.0400      174.00
 7.0600      159.00
 7.0800      143.00
 7.1000      144.00
 7.1200      147.00
 7.1400      164.00
 7.1600      179.00
 7.1800      148.00
 7.2000      172.00
 7.2200      182.00
 7.2400      184.00
 7.2600      138.00
 7.2800      161.00
 7.3000      184.00
 7.3200      179.00
 7.3400      196.00
 7.3600      167.00
 7.3800      197.00
 7.4000      168.00
 7.4200      203.00
 7.4400      170.00
 7.4600      171.00
 7.4800      177.00
 7.5000      176.00
 7.5200      163.00
 7.5400      184.00
 7.5600      179.00
 7.5800      178.00
 7.6000      166.00
 7.6200      206.00
 7.6400      168.00
 7.6600      181.00
 7.6800      171.00
 7.7000      165.00
 7.7200      201.00
 7.7400      173.00
 7.7600      206.00
 7.7800      172.00
 7.8000      190.00
 7.8200      192.00
 7.8400      161.00
 7.8600      176.00
 7.8800      159.00
 7.9000      166.00
 7.9200      190.00
 7.9400      143.00
 7.9600      187.00
 7.9800      177.00
 8.0000      197.00
 8.0200      171.00
 8.0400      197.00
 8.0600      187.00
 8.0800      163.00
 8.1000      182.00
 8.1200      199.00
 8.1400      194.00
 8.1600      165.00
 8.1800      168.00
 8.2000      185.00
 8.2200      184.00
 8.2400      171.00
 8.2600      194.00
 8.2800      197.00
 8.3000      176.00
 8.3200      170.00
 8.3400      175.00
 8.3600      210.00
 8.3800      185.00
 8.4000      191.00
 8.4200      148.00
 8.4400      166.00
 8.4600      207.00
 8.4800      169.00
 8.5000      152.00
 8.5200      173.00
 8.5400      189.00
 8.5600      192.00
 8.5800      199.00
 8.6000      178.00
 8.6200      181.00
 8.6400      201.00
 8.6600      203.00
 8.6800      199.00
 8.7000      199.00
 8.7200      198.00
 8.7400      190.00
 8.7600      184.00
 8.7800      204.00
 8.8000      190.00
 8.8200      184.00
 8.8400      176.00
 8.8600      225.00
 8.8800      199.00
 8.9000      198.00
 8.9200      218.00
 8.9400      204.00
 8.9600      183.00
 8.9800      214.00
 9.0000      200.00
 9.0200      212.00
 9.0400      179.00
 9.0600      185.00
 9.0800      201.00
 9.1000      203.00
 9.1200      210.00
 9.1400      194.00
 9.1600      188.00
 9.1800      207.00
 9.2000      232.00
 9.2200      203.00
 9.2400      228.00
 9.2600      196.00
 9.2800      196.00
 9.3000      226.00
 9.3200      232.00
 9.3400      202.00
 9.3600      209.00
 9.3800      205.00
 9.4000      181.00
 9.4200      195.00
 9.4400      217.00
 9.4600      207.00
 9.4800      207.00
 9.5000      202.00
 9.5200      188.00
 9.5400      222.00
 9.5600      217.00
 9.5800      232.00
 9.6000      210.00
 9.6200      208.00
 9.6400      217.00
 9.6600      201.00
 9.6800      217.00
 9.7000      193.00
 9.7200      213.00
 9.7400      221.00
 9.7600      218.00
 9.7800      217.00
 9.8000      214.00
 9.8200      231.00
 9.8400      228.00
 9.8600      224.00
 9.8800      235.00
 9.9000      208.00
 9.9200      241.00
 9.9400      204.00
 9.9600      214.00
 9.9800      239.00
10.0000      229.00
10.0200      242.00
10.0400      210.00
10.0600      218.00
10.0800      249.00
10.1000      223.00
10.1200      228.00
10.1400      229.00
10.1600      206.00
10.1800      199.00
10.2000      252.00
10.2200      222.00
10.2400      220.00
10.2600      247.00
10.2800      235.00
10.3000      247.00
10.3200      205.00
10.3400      222.00
10.3600      222.00
10.3800      239.00
10.4000      231.00
10.4200      230.00
10.4400      261.00
10.4600      232.00
10.4800      239.00
10.5000      251.00
10.5200      243.00
10.5400      241.00
10.5600      227.00
10.5800      249.00
10.6000      245.00
10.6200      219.00
10.6400      224.00
10.6600      246.00
10.6800      251.00
10.7000      249.00
10.7200      237.00
10.7400      257.00
10.7600      252.00
10.7800      235.00
10.8000      248.00
10.8200      263.00
10.8400      271.00
10.8600      271.00
10.8800      246.00
10.9000      276.00
10.9200      264.00
10.9400      240.00
10.9600      232.00
10.9800      225.00
11.0000      251.00
11.0200      222.00
11.0400      240.00
11.0600      249.00
11.0800      253.00
11.1000      232.00
11.1200      273.00
11.1400      241.00
11.1600      267.00
11.1800      275.00
11.2000      242.00
11.2200      257.00
11.2400      262.00
11.2600      245.00
11.2800      268.00
11.3000      262.00
11.3200      290.00
11.3400      257.00
11.3600      262.00
11.3800      267.00
11.4000      270.00
11.4200      253.00
11.4400      255.00
11.4600      253.00
11.4800      268.00
11.5000      262.00
11.5200      270.00
11.5400      273.00
11.5600      258.00
11.5800      255.00
11.6000      285.00
11.6200      272.00
11.6400      282.00
11.6600      294.00
11.6800      235.00
11.7000      276.00
11.7200      251.00
11.7400      275.00
11.7600      265.00
11.7800      244.00
11.8000      294.00
11.8200      284.00
11.8400      266.00
11.8600      250.00
11.8800      255.00
11.9000      272.00
11.9200      287.00
11.9400      270.00
11.9600      294.00
11.9800      278.00
12.0000      247.00
12.0200      281.00
12.0400      267.00
12.0600      262.00
12.0800      273.00
12.1000      288.00
12.1200      288.00
12.1400      257.00
12.1600      278.00
12.1800      279.00
12.2000      291.00
12.2200      269.00
12.2400      274.00
12.2600      314.00
12.2800      274.00
12.3000      289.00
12.3200      306.00
12.3400      262.00
12.3600      287.00
12.3800      282.00
12.4000      278.00
12.4200      286.00
12.4400      306.00
12.4600      305.00
12.4800      299.00
12.5000      281.00
12.5200      317.00
12.5400      317.00
12.5600      266.00
12.5800      306.00
12.6000      276.00
12.6200      278.00
12.6400      322.00
12.6600      327.00
12.6800      265.00
12.7000      301.00
12.7200      265.00
12.7400      259.00
12.7600      282.00
12.7800      300.00
12.8000      256.00
12.8200      284.00
12.8400      293.00
12.8600      285.00
12.8800      268.00
12.9000      305.00
12.9200      300.00
12.9400      307.00
12.9600      300.00
12.9800      271.00
13.0000      303.00
13.0200      262.00
13.0400      317.00
13.0600      310.00
13.0800      285.00
13.1000      296.00
13.1200      320.00
13.1400      287.00
13.1600      294.00
13.1800      292.00
13.2000      311.00
13.2200      289.00
13.2400      297.00
13.2600      293.00
13.2800      286.00
13.3000      306.00
13.3200      308.00
13.3400      315.00
13.3600      311.00
13.3800      312.00
13.4000      332.00
13.4200      295.00
13.4400      302.00
13.4600      308.00
13.4800      303.00
13.5000      292.00
13.5200      290.00
13.5400      288.00
13.5600      274.00
13.5800      288.00
13.6000      299.00
13.6200      315.00
13.6400      314.00
13.6600      314.00
13.6800      340.00
13.7000      322.00
13.7200      323.00
13.7400      303.00
13.7600      299.00
13.7800      306.00
13.8000      283.00
13.8200      307.00
13.8400      328.00
13.8600      316.00
13.8800      294.00
13.9000      318.00
13.9200      329.00
13.9400      309.00
13.9600      330.00
13.9800      335.00
14.0000      343.00
14.0200      300.00
14.0400      332.00
14.0600      310.00
14.0800      334.00
14.1000      340.00
14.1200      316.00
14.1400      334.00
14.1600      345.00
14.1800      353.00
14.2000      322.00
14.2200      326.00
14.2400      301.00
14.2600      323.00
14.2800      291.00
14.3000      345.00
14.3200      322.00
14.3400      306.00
14.3600      315.00
14.3800      324.00
14.4000      304.00
14.4200      313.00
14.4400      325.00
14.4600      337.00
14.4800      330.00
14.5000      332.00
14.5200      334.00
14.5400      332.00
14.5600      306.00
14.5800      320.00
14.6000      332.00
14.6200      320.00
14.6400      335.00
14.6600      287.00
14.6800      316.00
14.7000      329.00
14.7200      329.00
14.7400      340.00
14.7600      308.00
14.7800      349.00
14.8000      360.00
14.8200      324.00
14.8400      328.00
14.8600      303.00
14.8800      350.00
14.9000      328.00
14.9200      325.00
14.9400      365.00
14.9600      328.00
14.9800      349.00
15.0000      351.00
15.0200      365.00
15.0400      344.00
15.0600      336.00
15.0800      361.00
15.1000      365.00
15.1200      336.00
15.1400      339.00
15.1600      349.00
15.1800      351.00
15.2000      353.00
15.2200      382.00
15.2400      312.00
15.2600      325.00
15.2800      325.00
15.3000      354.00
15.3200      340.00
15.3400      355.00
15.3600      356.00
15.3800      368.00
15.4000      357.00
15.4200      368.00
15.4400      374.00
15.4600      373.00
15.4800      306.00
15.5000      357.00
15.5200      330.00
15.5400      359.00
15.5600      357.00
15.5800      337.00
15.6000      323.00
15.6200      338.00
15.6400      401.00
15.6600      327.00
15.6800      336.00
15.7000      325.00
15.7200      364.00
15.7400      395.00
15.7600      354.00
15.7800      370.00
15.8000      378.00
15.8200      376.00
15.8400      369.00
15.8600      353.00
15.8800      347.00
15.9000      407.00
15.9200      378.00
15.9400      346.00
15.9600      370.00
15.9800      376.00
16.0000      368.00
16.0200      419.00
16.0400      393.00
16.0600      390.00
16.0800      371.00
16.1000      346.00
16.1200      377.00
16.1400      355.00
16.1600      407.00
16.1800      391.00
16.2000      391.00
16.2200      358.00
16.2400      380.00
16.2600      402.00
16.2800      430.00
16.3000      399.00
16.3200      378.00
16.3400      359.00
16.3600      418.00
16.3800      438.00
16.4000      363.00
16.4200      403.00
16.4400      401.00
16.4600      405.00
16.4800      394.00
16.5000      362.00
16.5200      417.00
16.5400      414.00
16.5600      397.00
16.5800      404.00
16.6000      396.00
16.6200      391.00
16.6400      390.00
16.6600      434.00
16.6800      382.00
16.7000      408.00
16.7200      413.00
16.7400      419.00
16.7600      438.00
16.7800      402.00
16.8000      414.00
16.8200      407.00
16.8400      379.00
16.8600      458.00
16.8800      419.00
16.9000      410.00
16.9200      401.00
16.9400      430.00
16.9600      422.00
16.9800      418.00
17.0000      456.00
17.0200      401.00
17.0400      431.00
17.0600      429.00
17.0800      448.00
17.1000      416.00
17.1200      458.00
17.1400      451.00
17.1600      427.00
17.1800      426.00
17.2000      463.00
17.2200      449.00
17.2400      407.00
17.2600      422.00
17.2800      441.00
17.3000      440.00
17.3200      425.00
17.3400      451.00
17.3600      417.00
17.3800      445.00
17.4000      466.00
17.4200      422.00
17.4400      447.00
17.4600      421.00
17.4800      472.00
17.5000      476.00
17.5200      468.00
17.5400      503.00
17.5600      511.00
17.5800      484.00
17.6000      450.00
17.6200      462.00
17.6400      448.00
17.6600      508.00
17.6800      467.00
17.7000      473.00
17.7200      449.00
17.7400      495.00
17.7600      484.00
17.7800      442.00
17.8000      448.00
17.8200      460.00
17.8400      478.00
17.8600      467.00
17.8800      443.00
17.9000      491.00
17.9200      470.00
17.9400      437.00
17.9600      449.00
17.9800      450.00
18.0000      470.00
18.0200      481.00
18.0400      481.00
18.0600      474.00
18.0800      478.00
18.1000      460.00
18.1200      453.00
18.1400      507.00
18.1600      449.00
18.1800      487.00
18.2000      508.00
18.2200      489.00
18.2400      484.00
18.2600      482.00
18.2800      528.00
18.3000      504.00
18.3200      508.00
18.3400      514.00
18.3600      498.00
18.3800      485.00
18.4000      504.00
18.4200      505.00
18.4400      525.00
18.4600      512.00
18.4800      526.00
18.5000      539.00
18.5200      492.00
18.5400      514.00
18.5600      535.00
18.5800      518.00
18.6000      493.00
18.6200      521.00
18.6400      496.00
18.6600      519.00
18.6800      555.00
18.7000      507.00
18.7200      538.00
18.7400      513.00
18.7600      497.00
18.7800      490.00
18.8000      511.00
18.8200      545.00
18.8400      532.00
18.8600      541.00
18.8800      506.00
18.9000      548.00
18.9200      497.00
18.9400      592.00
18.9600      510.00
18.9800      526.00
19.0000      506.00
19.0200      500.00
19.0400      554.00
19.0600      567.00
19.0800      531.00
19.1000      509.00
19.1200      526.00
19.1400      529.00
19.1600      515.00
19.1800      507.00
19.2000      510.00
19.2200      514.00
19.2400      557.00
19.2600      525.00
19.2800      530.00
19.3000      517.00
19.3200      522.00
19.3400      538.00
19.3600      521.00
19.3800      502.00
19.4000      518.00
19.4200      557.00
19.4400      561.00
19.4600      550.00
19.4800      528.00
19.5000      560.00
19.5200      543.00
19.5400      553.00
19.5600      551.00
19.5800      546.00
19.6000      553.00
19.6200      528.00
19.6400      551.00
19.6600      589.00
19.6800      560.00
19.7000      573.00
19.7200      567.00
19.7400      553.00
19.7600      530.00
19.7800      518.00
19.8000      573.00
19.8200      554.00
19.8400      530.00
19.8600      540.00
19.8800      556.00
19.9000      566.00
19.9200      553.00
19.9400      519.00
19.9600      567.00
19.9800      539.00
20.0000      515.00
20.0200      573.00
20.0400      571.00
20.0600      560.00
20.0800      559.00
20.1000      566.00
20.1200      594.00
20.1400      540.00
20.1600      574.00
20.1800      531.00
20.2000      556.00
20.2200      564.00
20.2400      579.00
20.2600      565.00
20.2800      522.00
20.3000      554.00
20.3200      553.00
20.3400      559.00
20.3600      551.00
20.3800      529.00
20.4000      561.00
20.4200      535.00
20.4400      548.00
20.4600      575.00
20.4800      529.00
20.5000      555.00
20.5200      535.00
20.5400      515.00
20.5600      568.00
20.5800      535.00
20.6000      603.00
20.6200      493.00
20.6400      552.00
20.6600      534.00
20.6800      536.00
20.7000      535.00
20.7200      514.00
20.7400      561.00
20.7600      524.00
20.7800      556.00
20.8000      544.00
20.8200      563.00
20.8400      541.00
20.8600      563.00
20.8800      586.00
20.9000      548.00
20.9200      541.00
20.9400      554.00
20.9600      563.00
20.9800      520.00
21.0000      528.00
21.0200      574.00
21.0400      550.00
21.0600      544.00
21.0800      569.00
21.1000      596.00
21.1200      534.00
21.1400      547.00
21.1600      545.00
21.1800      540.00
21.2000      507.00
21.2200      579.00
21.2400      521.00
21.2600      522.00
21.2800      571.00
21.3000      541.00
21.3200      519.00
21.3400      533.00
21.3600      537.00
21.3800      487.00
21.4000      549.00
21.4200      501.00
21.4400      506.00
21.4600      490.00
21.4800      504.00
21.5000      526.00
21.5200      520.00
21.5400      518.00
21.5600      476.00
21.5800      532.00
21.6000      508.00
21.6200      510.00
21.6400      526.00
21.6600      481.00
21.6800      542.00
21.7000      525.00
21.7200      521.00
21.7400      520.00
21.7600      492.00
21.7800      483.00
21.8000      531.00
21.8200      511.00
21.8400      511.00
21.8600      491.00
21.8800      552.00
21.9000      508.00
21.9200      498.00
21.9400      497.00
21.9600      551.00
21.9800      516.00
22.0000      487.00
22.0200      472.00
22.0400      509.00
22.0600      479.00
22.0800      511.00
22.1000      505.00
22.1200      520.00
22.1400      481.00
22.1600      502.00
22.1800      474.00
22.2000      484.00
22.2200      486.00
22.2400      498.00
22.2600      507.00
22.2800      493.00
22.3000      483.00
22.3200      528.00
22.3400      517.00
22.3600      470.00
22.3800      494.00
22.4000      499.00
22.4200      461.00
22.4400      525.00
22.4600      511.00
22.4800      457.00
22.5000      477.00
22.5200      505.00
22.5400      485.00
22.5600      528.00
22.5800      472.00
22.6000      475.00
22.6200      484.00
22.6400      484.00
22.6600      522.00
22.6800      501.00
22.7000      508.00
22.7200      502.00
22.7400      474.00
22.7600      511.00
22.7800      491.00
22.8000      492.00
22.8200      524.00
22.8400      461.00
22.8600      465.00
22.8800      452.00
22.9000      443.00
22.9200      444.00
22.9400      514.00
22.9600      467.00
22.9800      440.00
23.0000      444.00
23.0200      480.00
23.0400      492.00
23.0600      451.00
23.0800      450.00
23.1000      443.00
23.1200      468.00
23.1400      480.00
23.1600      459.00
23.1800      451.00
23.2000      471.00
23.2200      445.00
23.2400      457.00
23.2600      468.00
23.2800      434.00
23.3000      502.00
23.3200      458.00
23.3400      458.00
23.3600      461.00
23.3800      481.00
23.4000      461.00
23.4200      503.00
23.4400      459.00
23.4600      455.00
23.4800      453.00
23.5000      462.00
23.5200      463.00
23.5400      441.00
23.5600      498.00
23.5800      456.00
23.6000      437.00
23.6200      470.00
23.6400      480.00
23.6600      465.00
23.6800      381.00
23.7000      425.00
23.7200      463.00
23.7400      442.00
23.7600      470.00
23.7800      448.00
23.8000      484.00
23.8200      450.00
23.8400      390.00
23.8600      470.00
23.8800      445.00
23.9000      433.00
23.9200      422.00
23.9400      410.00
23.9600      436.00
23.9800      431.00
24.0000      477.00
24.0200      425.00
24.0400      430.00
24.0600      428.00
24.0800      477.00
24.1000      452.00
24.1200      428.00
24.1400      465.00
24.1600      435.00
24.1800      391.00
24.2000      420.00
24.2200      459.00
24.2400      400.00
24.2600      452.00
24.2800      473.00
24.3000      438.00
24.3200      415.00
24.3400      470.00
24.3600      443.00
24.3800      426.00
24.4000      450.00
24.4200      412.00
24.4400      436.00
24.4600      447.00
24.4800      417.00
24.5000      433.00
24.5200      439.00
24.5400      429.00
24.5600      420.00
24.5800      410.00
24.6000      367.00
24.6200      426.00
24.6400      401.00
24.6600      422.00
24.6800      407.00
24.7000      412.00
24.7200      392.00
24.7400      413.00
24.7600      422.00
24.7800      425.00
24.8000      391.00
24.8200      437.00
24.8400      437.00
24.8600      405.00
24.8800      403.00
24.9000      446.00
24.9200      393.00
24.9400      422.00
24.9600      391.00
24.9800      411.00
25.0000      409.00
25.0200      368.00
25.0400      452.00
25.0600      405.00
25.0800      396.00
25.1000      401.00
25.1200      405.00
25.1400      364.00
25.1600      388.00
25.1800      432.00
25.2000      400.00
25.2200      378.00
25.2400      384.00
25.2600      360.00
25.2800      406.00
25.3000      385.00
25.3200      363.00
25.3400      373.00
25.3600      387.00
25.3800      401.00
25.4000      390.00
25.4200      401.00
25.4400      408.00
25.4600      378.00
25.4800      385.00
25.5000      360.00
25.5200      399.00
25.5400      375.00
25.5600      380.00
25.5800      406.00
25.6000      414.00
25.6200      416.00
25.6400      352.00
25.6600      356.00
25.6800      335.00
25.7000      391.00
25.7200      370.00
25.7400      384.00
25.7600      390.00
25.7800      357.00
25.8000      382.00
25.8200      363.00
25.8400      382.00
25.8600      340.00
25.8800      351.00
25.9000      369.00
25.9200      376.00
25.9400      363.00
25.9600      366.00
25.9800      343.00
26.0000      373.00
26.0200      314.00
26.0400      369.00
26.0600      384.00
26.0800      384.00
26.1000      354.00
26.1200      383.00
26.1400      337.00
26.1600      356.00
26.1800      346.00
26.2000      356.00
26.2200      354.00
26.2400      390.00
26.2600      353.00
26.2800      355.00
26.3000      342.00
26.3200      347.00
26.3400      340.00
26.3600      382.00
26.3800      369.00
26.4000      359.00
26.4200      346.00
26.4400      337.00
26.4600      358.00
26.4800      365.00
26.5000      366.00
26.5200      349.00
26.5400      360.00
26.5600      335.00
26.5800      347.00
26.6000      343.00
26.6200      331.00
26.6400      366.00
26.6600      327.00
26.6800      308.00
26.7000      305.00
26.7200      335.00
26.7400      367.00
26.7600      356.00
26.7800      343.00
26.8000      312.00
26.8200      350.00
26.8400      326.00
26.8600      335.00
26.8800      317.00
26.9000      323.00
26.9200      336.00
26.9400      346.00
26.9600      334.00
26.9800      331.00
27.0000      328.00
27.0200      333.00
27.0400      307.00
27.0600      334.00
27.0800      325.00
27.1000      303.00
27.1200      326.00
27.1400      338.00
27.1600      332.00
27.1800      344.00
27.2000      333.00
27.2200      307.00
27.2400      317.00
27.2600      308.00
27.2800      341.00
27.3000      358.00
27.3200      326.00
27.3400      350.00
27.3600      331.00
27.3800      318.00
27.4000      318.00
27.4200      334.00
27.4400      331.00
27.4600      334.00
27.4800      326.00
27.5000      300.00
27.5200      302.00
27.5400      355.00
27.5600      318.00
27.5800      327.00
27.6000      321.00
27.6200      336.00
27.6400      338.00
27.6600      316.00
27.6800      298.00
27.7000      330.00
27.7200      288.00
27.7400      348.00
27.7600      286.00
27.7800      331.00
27.8000      316.00
27.8200      280.00
27.8400      308.00
27.8600      305.00
27.8800      341.00
27.9000      296.00
27.9200      343.00
27.9400      301.00
27.9600      292.00
27.9800      272.00
28.0000      323.00
28.0200      278.00
28.0400      303.00
28.0600      312.00
28.0800      303.00
28.1000      319.00
28.1200      307.00
28.1400      319.00
28.1600      315.00
28.1800      285.00
28.2000      319.00
28.2200      297.00
28.2400      271.00
28.2600      268.00
28.2800      335.00
28.3000      302.00
28.3200      299.00
28.3400      308.00
28.3600      301.00
28.3800      290.00
28.4000      288.00
28.4200      297.00
28.4400      278.00
28.4600      305.00
28.4800      310.00
28.5000      343.00
28.5200      322.00
28.5400      300.00
28.5600      278.00
28.5800      294.00
28.6000      319.00
28.6200      299.00
28.6400      289.00
28.6600      290.00
28.6800      299.00
28.7000      309.00
28.7200      277.00
28.7400      304.00
28.7600      288.00
28.7800      291.00
28.8000      266.00
28.8200      287.00
28.8400      284.00
28.8600      272.00
28.8800      279.00
28.9000      275.00
28.9200      272.00
28.9400      284.00
28.9600      264.00
28.9800      270.00
29.0000      304.00
29.0200      302.00
29.0400      305.00
29.0600      295.00
29.0800      298.00
29.1000      292.00
29.1200      298.00
29.1400      275.00
29.1600      297.00
29.1800      272.00
29.2000      283.00
29.2200      271.00
29.2400      287.00
29.2600      292.00
29.2800      284.00
29.3000      278.00
29.3200      293.00
29.3400      247.00
29.3600      269.00
29.3800      257.00
29.4000      258.00
29.4200      278.00
29.4400      297.00
29.4600      263.00
29.4800      245.00
29.5000      280.00
29.5200      287.00
29.5400      257.00
29.5600      274.00
29.5800      255.00
29.6000      281.00
29.6200      260.00
29.6400      256.00
29.6600      259.00
29.6800      279.00
29.7000      288.00
29.7200      285.00
29.7400      259.00
29.7600      273.00
29.7800      271.00
29.8000      233.00
29.8200      241.00
29.8400      308.00
29.8600      253.00
29.8800      250.00
29.9000      242.00
29.9200      253.00
29.9400      259.00
29.9600      260.00
29.9800      302.00
30.0000      240.00
30.0200      238.00
30.0400      259.00
30.0600      261.00
30.0800      232.00
30.1000      287.00
30.1200      259.00
30.1400      271.00
30.1600      233.00
30.1800      287.00
30.2000      239.00
30.2200      271.00
30.2400      247.00
30.2600      255.00
30.2800      239.00
30.3000      232.00
30.3200      240.00
30.3400      223.00
30.3600      239.00
30.3800      272.00
30.4000      254.00
30.4200      247.00
30.4400      262.00
30.4600      255.00
30.4800      235.00
30.5000      243.00
30.5200      252.00
30.5400      228.00
30.5600      273.00
30.5800      239.00
30.6000      236.00
30.6200      236.00
30.6400      224.00
30.6600      221.00
30.6800      244.00
30.7000      247.00
30.7200      268.00
30.7400      275.00
30.7600      208.00
30.7800      236.00
30.8000      232.00
30.8200      263.00
30.8400      234.00
30.8600      229.00
30.8800      247.00
30.9000      255.00
30.9200      240.00
30.9400      235.00
30.9600      241.00
30.9800      267.00
31.0000      247.00
31.0200      223.00
31.0400      237.00
31.0600      244.00
31.0800      271.00
31.1000      247.00
31.1200      244.00
31.1400      218.00
31.1600      252.00
31.1800      246.00
31.2000      236.00
31.2200      239.00
31.2400      235.00
31.2600      208.00
31.2800      244.00
31.3000      222.00
31.3200      243.00
31.3400      236.00
31.3600      216.00
31.3800      220.00
31.4000      252.00
31.4200      242.00
31.4400      217.00
31.4600      235.00
31.4800      237.00
31.5000      244.00
31.5200      219.00
31.5400      232.00
31.5600      234.00
31.5800      229.00
31.6000      223.00
31.6200      239.00
31.6400      245.00
31.6600      246.00
31.6800      224.00
31.7000      229.00
31.7200      224.00
31.7400      218.00
31.7600      223.00
31.7800      221.00
31.8000      250.00
31.8200      240.00
31.8400      225.00
31.8600      230.00
31.8800      242.00
31.9000      260.00
31.9200      220.00
31.9400      229.00
31.9600      210.00
31.9800      246.00
32.0000      236.00
32.0200      247.00
32.0400      244.00
32.0600      245.00
32.0800      244.00
32.1000      240.00
32.1200      221.00
32.1400      228.00
32.1600      243.00
32.1800      221.00
32.2000      206.00
32.2200      214.00
32.2400      214.00
32.2600      216.00
32.2800      238.00
32.3000      228.00
32.3200      234.00
32.3400      206.00
32.3600      215.00
32.3800      235.00
32.4000      242.00
32.4200      230.00
32.4400      228.00
32.4600      218.00
32.4800      249.00
32.5000      198.00
32.5200      219.00
32.5400      222.00
32.5600      212.00
32.5800      236.00
32.6000      225.00
32.6200      223.00
32.6400      209.00
32.6600      217.00
32.6800      218.00
32.7000      197.00
32.7200      221.00
32.7400      240.00
32.7600      204.00
32.7800      205.00
32.8000      210.00
32.8200      183.00
32.8400      218.00
32.8600      204.00
32.8800      230.00
32.9000      219.00
32.9200      240.00
32.9400      209.00
32.9600      193.00
32.9800      223.00
33.0000      184.00
33.0200      228.00
33.0400      194.00
33.0600      231.00
33.0800      232.00
33.1000      229.00
33.1200      247.00
33.1400      227.00
33.1600      213.00
33.1800      213.00
33.2000      240.00
33.2200      205.00
33.2400      221.00
33.2600      221.00
33.2800      221.00
33.3000      190.00
33.3200      216.00
33.3400      232.00
33.3600      203.00
33.3800      194.00
33.4000      181.00
33.4200      184.00
33.4400      221.00
33.4600      184.00
33.4800      207.00
33.5000      214.00
33.5200      214.00
33.5400      205.00
33.5600      211.00
33.5800      199.00
33.6000      189.00
33.6200      217.00
33.6400      212.00
33.6600      186.00
33.6800      201.00
33.7000      200.00
33.7200      194.00
33.7400      231.00
33.7600      187.00
33.7800      221.00
33.8000      156.00
33.8200      195.00
33.8400      203.00
33.8600      203.00
33.8800      206.00
33.9000      229.00
33.9200      195.00
33.9400      185.00
33.9600      199.00
33.9800      195.00
34.0000      216.00
34.0200      215.00
34.0400      204.00
34.0600      175.00
34.0800      204.00
34.1000      214.00
34.1200      215.00
34.1400      233.00
34.1600      209.00
34.1800      200.00
34.2000      221.00
34.2200      193.00
34.2400      203.00
34.2600      206.00
34.2800      195.00
34.3000      203.00
34.3200      199.00
34.3400      192.00
34.3600      193.00
34.3800      191.00
34.4000      207.00
34.4200      202.00
34.4400      225.00
34.4600      199.00
34.4800      208.00
34.5000      200.00
34.5200      207.00
34.5400      195.00
34.5600      204.00
34.5800      212.00
34.6000      202.00
34.6200      180.00
34.6400      216.00
34.6600      228.00
34.6800      196.00
34.7000      198.00
34.7200      188.00
34.7400      208.00
34.7600      222.00
34.7800      170.00
34.8000      180.00
34.8200      211.00
34.8400      185.00
34.8600      190.00
34.8800      187.00
34.9000      217.00
34.9200      215.00
34.9400      202.00
34.9600      170.00
34.9800      199.00
35.0000      199.00
