 2.1100      344.00
 2.1300      364.00
 2.1500      341.00
 2.1700      335.00
 2.1900      345.00
 2.2100      332.00
 2.2300      296.00
 2.2500      348.00
 2.2700      301.00
 2.2900      338.00
 2.3100      354.00
 2.3300      304.00
 2.3500      304.00
 2.3700      330.00
 2.3900      312.00
 2.4100      293.00
 2.4300      259.00
 2.4500      315.00
 2.4700      276.00
 2.4900      305.00
 2.5100      293.00
 2.5300      283.00
 2.5500      278.00
 2.5700      308.00
 2.5900      296.00
 2.6100      293.00
 2.6300      286.00
 2.6500      294.00
 2.6700      267.00
 2.6900      282.00
 2.7100      306.00
 2.7300      267.00
 2.7500      284.00
 2.7700      292.00
 2.7900      253.00
 2.8100      279.00
 2.8300      276.00
 2.8500      293.00
 2.8700      280.00
 2.8900      247.00
 2.9100      280.00
 2.9300      247.00
 2.9500      245.00
 2.9700      248.00
 2.9900      259.00
 3.0100      245.00
 3.0300      265.00
 3.0500      277.00
 3.0700      260.00
 3.0900      263.00
 3.1100      217.00
 3.1300      275.00
 3.1500      236.00
 3.1700      230.00
 3.1900      225.00
 3.2100      254.00
 3.2300      209.00
 3.2500      253.00
 3.2700      233.00
 3.2900      234.00
 3.3100      219.00
 3.3300      235.00
 3.3500      241.00
 3.3700      225.00
 3.3900      203.00
 3.4100      216.00
 3.4300      224.00
 3.4500      195.00
 3.4700      219.00
 3.4900      213.00
 3.5100      232.00
 3.5300      206.00
 3.5500      192.00
 3.5700      179.00
 3.5900      194.00
 3.6100      187.00
 3.6300      184.00
 3.6500      202.00
 3.6700      186.00
 3.6900      195.00
 3.7100      205.00
 3.7300      180.00
 3.7500      169.00
 3.7700      194.00
 3.7900      158.00
 3.8100      206.00
 3.8300      195.00
 3.8500      173.00
 3.8700      186.00
 3.8900      189.00
 3.9100      183.00
 3.9300      173.00
 3.9500      161.00
 3.9700      182.00
 3.9900      177.00
 4.0100      166.00
 4.0300      195.00
 4.0500      177.00
 4.0700      189.00
 4.0900      179.00
 4.1100      155.00
 4.1300      131.00
 4.1500      181.00
 4.1700      158.00
 4.1900      145.00
 4.2100      130.00
 4.2300      135.00
 4.2500      139.00
 4.2700      165.00
 4.2900      153.00
 4.3100      153.00
 4.3300      152.00
 4.3500      160.00
 4.3700      157.00
 4.3900      145.00
 4.4100      156.00
 4.4300      122.00
 4.4500      160.00
 4.4700      140.00
 4.4900      144.00
 4.5100      132.00
 4.5300      141.00
 4.5500      131.00
 4.5700      146.00
 4.5900      126.00
 4.6100      130.00
 4.6300      154.00
 4.6500      153.00
 4.6700      138.00
 4.6900      154.00
 4.7100      133.00
 4.7300      132.00
 4.7500      143.00
 4.7700      149.00
 4.7900      131.00
 4.8100      134.00
 4.8300      134.00
 4.8500      149.00
 4.8700      134.00
 4.8900      136.00
 4.9100      157.00
 4.9300      144.00
 4.9500      134.00
 4.9700      144.00
 4.9900      137.00
 5.0100      118.00
 5.0300      148.00
 5.0500      122.00
 5.0700      128.00
 5.0900      137.00
 5.1100      132.00
 5.1300      138.00
 5.1500      136.00
 5.1700      133.00
 5.1900      153.00
 5.2100      130.00
 5.2300      144.00
 5.2500      135.00
 5.2700      147.00
 5.2900      129.00
 5.3100      146.00
 5.3300      123.00
 5.3500      131.00
 5.3700      141.00
 5.3900      123.00
 5.4100      143.00
 5.4300      140.00
 5.4500      155.00
 5.4700      121.00
 5.4900      152.00
 5.5100      131.00
 5.5300      132.00
 5.5500      111.00
 5.5700      124.00
 5.5900      142.00
 5.6100      140.00
 5.6300      127.00
 5.6500      121.00
 5.6700      128.00
 5.6900      142.00
 5.7100      129.00
 5.7300      122.00
 5.7500      148.00
 5.7700      156.00
 5.7900      124.00
 5.8100      146.00
 5.8300      142.00
 5.8500      113.00
 5.8700      148.00
 5.8900      111.00
 5.9100      129.00
 5.9300      119.00
 5.9500      144.00
 5.9700      130.00
 5.9900      132.00
 6.0100      133.00
 6.0300      128.00
 6.0500      143.00
 6.0700      139.00
 6.0900      124.00
 6.1100      122.00
 6.1300      146.00
 6.1500      139.00
 6.1700      129.00
 6.1900      109.00
 6.2100      161.00
 6.2300      149.00
 6.2500      135.00
 6.2700      144.00
 6.2900      149.00
 6.3100      150.00
 6.3300      136.00
 6.3500      135.00
 6.3700      109.00
 6.3900      134.00
 6.4100      132.00
 6.4300      126.00
 6.4500      125.00
 6.4700      133.00
 6.4900      126.00
 6.5100      141.00
 6.5300      140.00
 6.5500      123.00
 6.5700      130.00
 6.5900      124.00
 6.6100      110.00
 6.6300      126.00
 6.6500      144.00
 6.6700      125.00
 6.6900      131.00
 6.7100      131.00
 6.7300      140.00
 6.7500      153.00
 6.7700      122.00
 6.7900      145.00
 6.8100      138.00
 6.8300      130.00
 6.8500      117.00
 6.8700      132.00
 6.8900      143.00
 6.9100      152.00
 6.9300      126.00
 6.9500      123.00
 6.9700      141.00
 6.9900      132.00
 7.0100      137.00
 7.0300      132.00
 7.0500      137.00
 7.0700      125.00
 7.0900      133.00
 7.1100      129.00
 7.1300      129.00
 7.1500      101.00
 7.1700      120.00
 7.1900      117.00
 7.2100      129.00
 7.2300      117.00
 7.2500      134.00
 7.2700      137.00
 7.2900      151.00
 7.3100      124.00
 7.3300      138.00
 7.3500      143.00
 7.3700      146.00
 7.3900      130.00
 7.4100      141.00
 7.4300      124.00
 7.4500      137.00
 7.4700      101.00
 7.4900      113.00
 7.5100      126.00
 7.5300      138.00
 7.5500      134.00
 7.5700      139.00
 7.5900      134.00
 7.6100      127.00
 7.6300      109.00
 7.6500      135.00
 7.6700      136.00
 7.6900      120.00
 7.7100      122.00
 7.7300      120.00
 7.7500      119.00
 7.7700      115.00
 7.7900      128.00
 7.8100      123.00
 7.8300      112.00
 7.8500      132.00
 7.8700      126.00
 7.8900      135.00
 7.9100      128.00
 7.9300      127.00
 7.9500      125.00
 7.9700      117.00
 7.9900      140.00
 8.0100      137.00
 8.0300      136.00
 8.0500      124.00
 8.0700      103.00
 8.0900      124.00
 8.1100      132.00
 8.1300      148.00
 8.1500      137.00
 8.1700      105.00
 8.1900      134.00
 8.2100      126.00
 8.2300      122.00
 8.2500      109.00
 8.2700      167.00
 8.2900      117.00
 8.3100      122.00
 8.3300      142.00
 8.3500      112.00
 8.3700      124.00
 8.3900      139.00
 8.4100      139.00
 8.4300      130.00
 8.4500      125.00
 8.4700      144.00
 8.4900      140.00
 8.5100      134.00
 8.5300      153.00
 8.5500      145.00
 8.5700      156.00
 8.5900      153.00
 8.6100      123.00
 8.6300      140.00
 8.6500      147.00
 8.6700      158.00
 8.6900      141.00
 8.7100      151.00
 8.7300      155.00
 8.7500      168.00
 8.7700      142.00
 8.7900      157.00
 8.8100      168.00
 8.8300      149.00
 8.8500      151.00
 8.8700      154.00
 8.8900      142.00
 8.9100      132.00
 8.9300      149.00
 8.9500      153.00
 8.9700      131.00
 8.9900      135.00
 9.0100      136.00
 9.0300      139.00
 9.0500      140.00
 9.0700      128.00
 9.0900      135.00
 9.1100      135.00
 9.1300      134.00
 9.1500      116.00
 9.1700      148.00
 9.1900      130.00
 9.2100      140.00
 9.2300      125.00
 9.2500      128.00
 9.2700      126.00
 9.2900      134.00
 9.3100      128.00
 9.3300      142.00
 9.3500      146.00
 9.3700      144.00
 9.3900      133.00
 9.4100      135.00
 9.4300      128.00
 9.4500      147.00
 9.4700      141.00
 9.4900      109.00
 9.5100      138.00
 9.5300      146.00
 9.5500      146.00
 9.5700      123.00
 9.5900      124.00
 9.6100      131.00
 9.6300      129.00
 9.6500      138.00
 9.6700      133.00
 9.6900      122.00
 9.7100      152.00
 9.7300      137.00
 9.7500      139.00
 9.7700      143.00
 9.7900      145.00
 9.8100      150.00
 9.8300      150.00
 9.8500      138.00
 9.8700      141.00
 9.8900      172.00
 9.9100      141.00
 9.9300      138.00
 9.9500      123.00
 9.9700      152.00
 9.9900      157.00
10.0100      147.00
10.0300      131.00
10.0500      130.00
10.0700      138.00
10.0900      145.00
10.1100      146.00
10.1300      149.00
10.1500      151.00
10.1700      118.00
10.1900      138.00
10.2100      147.00
10.2300      153.00
10.2500      149.00
10.2700      130.00
10.2900      141.00
10.3100      151.00
10.3300      127.00
10.3500      148.00
10.3700      148.00
10.3900      154.00
10.4100      150.00
10.4300      121.00
10.4500      150.00
10.4700      140.00
10.4900      122.00
10.5100      130.00
10.5300      150.00
10.5500      140.00
10.5700      140.00
10.5900      135.00
10.6100      157.00
10.6300      162.00
10.6500      174.00
10.6700      188.00
10.6900      144.00
10.7100      181.00
10.7300      164.00
10.7500      170.00
10.7700      201.00
10.7900      184.00
10.8100      184.00
10.8300      197.00
10.8500      198.00
10.8700      219.00
10.8900      237.00
10.9100      255.00
10.9300      267.00
10.9500      248.00
10.9700      256.00
10.9900      289.00
11.0100      276.00
11.0300      277.00
11.0500      317.00
11.0700      288.00
11.0900      293.00
11.1100      252.00
11.1300      293.00
11.1500      246.00
11.1700      256.00
11.1900      256.00
11.2100      278.00
11.2300      231.00
11.2500      266.00
11.2700      225.00
11.2900      212.00
11.3100      195.00
11.3300      211.00
11.3500      199.00
11.3700      213.00
11.3900      165.00
11.4100      164.00
11.4300      161.00
11.4500      139.00
11.4700      137.00
11.4900      146.00
11.5100      168.00
11.5300      141.00
11.5500      138.00
11.5700      133.00
11.5900      147.00
11.6100      156.00
11.6300      151.00
11.6500      124.00
11.6700      151.00
11.6900      153.00
11.7100      155.00
11.7300      168.00
11.7500      150.00
11.7700      168.00
11.7900      173.00
11.8100      167.00
11.8300      174.00
11.8500      155.00
11.8700      183.00
11.8900      168.00
11.9100      177.00
11.9300      197.00
11.9500      217.00
11.9700      204.00
11.9900      233.00
12.0100      221.00
12.0300      290.00
12.0500      264.00
12.0700      251.00
12.0900      270.00
12.1100      242.00
12.1300      259.00
12.1500      253.00
12.1700      248.00
12.1900      217.00
12.2100      251.00
12.2300      255.00
12.2500      194.00
12.2700      223.00
12.2900      216.00
12.3100      247.00
12.3300      237.00
12.3500      223.00
12.3700      281.00
12.3900      268.00
12.4100      276.00
12.4300      325.00
12.4500      340.00
12.4700      293.00
12.4900      314.00
12.5100      287.00
12.5300      294.00
12.5500      266.00
12.5700      280.00
12.5900      266.00
12.6100      242.00
12.6300      200.00
12.6500      173.00
12.6700      190.00
12.6900      164.00
12.7100      158.00
12.7300      181.00
12.7500      136.00
12.7700      146.00
12.7900      143.00
12.8100      139.00
12.8300      125.00
12.8500      145.00
12.8700      144.00
12.8900      116.00
12.9100      138.00
12.9300      150.00
12.9500      135.00
12.9700      144.00
12.9900      111.00
13.0100      133.00
13.0300      147.00
13.0500      141.00
13.0700      148.00
13.0900      152.00
13.1100      176.00
13.1300      177.00
13.1500      149.00
13.1700      122.00
13.1900      149.00
13.2100      144.00
13.2300      128.00
13.2500      140.00
13.2700      154.00
13.2900      155.00
13.3100      141.00
13.3300      125.00
13.3500      154.00
13.3700      130.00
13.3900      170.00
13.4100      162.00
13.4300      150.00
13.4500      138.00
13.4700      136.00
13.4900      153.00
13.5100      142.00
13.5300      136.00
13.5500      154.00
13.5700      146.00
13.5900      144.00
13.6100      167.00
13.6300      147.00
13.6500      123.00
13.6700      146.00
13.6900      146.00
13.7100      153.00
13.7300      167.00
13.7500      120.00
13.7700      161.00
13.7900      178.00
13.8100      182.00
13.8300      179.00
13.8500      194.00
13.8700      174.00
13.8900      180.00
13.9100      169.00
13.9300      209.00
13.9500      206.00
13.9700      206.00
13.9900      210.00
14.0100      247.00
14.0300      250.00
14.0500      278.00
14.0700      307.00
14.0900      335.00
14.1100      350.00
14.1300      333.00
14.1500      353.00
14.1700      360.00
14.1900      404.00
14.2100      375.00
14.2300      355.00
14.2500      327.00
14.2700      322.00
14.2900      307.00
14.3100      268.00
14.3300      293.00
14.3500      265.00
14.3700      206.00
14.3900      239.00
14.4100      218.00
14.4300      197.00
14.4500      186.00
14.4700      198.00
14.4900      183.00
14.5100      174.00
14.5300      175.00
14.5500      154.00
14.5700      155.00
14.5900      169.00
14.6100      129.00
14.6300      156.00
14.6500      144.00
14.6700      170.00
14.6900      166.00
14.7100      164.00
14.7300      149.00
14.7500      142.00
14.7700      171.00
14.7900      156.00
14.8100      186.00
14.8300      151.00
14.8500      137.00
14.8700      127.00
14.8900      172.00
14.9100      167.00
14.9300      150.00
14.9500      173.00
14.9700      168.00
14.9900      131.00
15.0100      151.00
15.0300      166.00
15.0500      139.00
15.0700      172.00
15.0900      150.00
15.1100      148.00
15.1300      157.00
15.1500      139.00
15.1700      149.00
15.1900      153.00
15.2100      153.00
15.2300      132.00
15.2500      140.00
15.2700      145.00
15.2900      147.00
15.3100      147.00
15.3300      133.00
15.3500      151.00
15.3700      130.00
15.3900      150.00
15.4100      159.00
15.4300      149.00
15.4500      158.00
15.4700      164.00
15.4900      153.00
15.5100      157.00
15.5300      144.00
15.5500      133.00
15.5700      174.00
15.5900      150.00
15.6100      178.00
15.6300      167.00
15.6500      176.00
15.6700      176.00
15.6900      169.00
15.7100      173.00
15.7300      206.00
15.7500      210.00
15.7700      205.00
15.7900      217.00
15.8100      230.00
15.8300      261.00
15.8500      230.00
15.8700      268.00
15.8900      258.00
15.9100      272.00
15.9300      252.00
15.9500      229.00
15.9700      243.00
15.9900      234.00
16.0100      233.00
16.0300      235.00
16.0500      213.00
16.0700      193.00
16.0900      215.00
16.1100      220.00
16.1300      226.00
16.1500      217.00
16.1700      236.00
16.1900      212.00
16.2100      213.00
16.2300      197.00
16.2500      215.00
16.2700      196.00
16.2900      202.00
16.3100      197.00
16.3300      221.00
16.3500      240.00
16.3700      217.00
16.3900      256.00
16.4100      229.00
16.4300      245.00
16.4500      248.00
16.4700      213.00
16.4900      252.00
16.5100      209.00
16.5300      209.00
16.5500      204.00
16.5700      164.00
16.5900      190.00
16.6100      169.00
16.6300      154.00
16.6500      163.00
16.6700      183.00
16.6900      173.00
16.7100      175.00
16.7300      172.00
16.7500      190.00
16.7700      180.00
16.7900      176.00
16.8100      191.00
16.8300      221.00
16.8500      230.00
16.8700      191.00
16.8900      220.00
16.9100      229.00
16.9300      225.00
16.9500      269.00
16.9700      242.00
16.9900      260.00
17.0100      247.00
17.0300      256.00
17.0500      280.00
17.0700      251.00
17.0900      292.00
17.1100      289.00
17.1300      286.00
17.1500      266.00
17.1700      277.00
17.1900      335.00
17.2100      289.00
17.2300      333.00
17.2500      340.00
17.2700      423.00
17.2900      408.00
17.3100      494.00
17.3300      577.00
17.3500      608.00
17.3700      700.00
17.3900      781.00
17.4100      845.00
17.4300      906.00
17.4500     1065.00
17.4700     1103.00
17.4900     1218.00
17.5100     1260.00
17.5300     1266.00
17.5500     1280.00
17.5700     1350.00
17.5900     1173.00
17.6100     1131.00
17.6300     1014.00
17.6500      850.00
17.6700      699.00
17.6900      622.00
17.7100      506.00
17.7300      413.00
17.7500      368.00
17.7700      309.00
17.7900      302.00
17.8100      274.00
17.8300      283.00
17.8500      240.00
17.8700      233.00
17.8900      242.00
17.9100      230.00
17.9300      208.00
17.9500      210.00
17.9700      242.00
17.9900      221.00
18.0100      198.00
18.0300      214.00
18.0500      208.00
18.0700      205.00
18.0900      198.00
18.1100      229.00
18.1300      192.00
18.1500      183.00
18.1700      235.00
18.1900      236.00
18.2100      266.00
18.2300      246.00
18.2500      255.00
18.2700      284.00
18.2900      303.00
18.3100      278.00
18.3300      342.00
18.3500      319.00
18.3700      333.00
18.3900      340.00
18.4100      356.00
18.4300      310.00
18.4500      294.00
18.4700      277.00
18.4900      285.00
18.5100      275.00
18.5300      241.00
18.5500      209.00
18.5700      181.00
18.5900      192.00
18.6100      190.00
18.6300      205.00
18.6500      196.00
18.6700      202.00
18.6900      196.00
18.7100      252.00
18.7300      238.00
18.7500      209.00
18.7700      214.00
18.7900      222.00
18.8100      230.00
18.8300      211.00
18.8500      216.00
18.8700      200.00
18.8900      177.00
18.9100      197.00
18.9300      194.00
18.9500      196.00
18.9700      179.00
18.9900      181.00
19.0100      207.00
19.0300      185.00
19.0500      190.00
19.0700      232.00
19.0900      202.00
19.1100      204.00
19.1300      197.00
19.1500      215.00
19.1700      202.00
19.1900      210.00
19.2100      216.00
19.2300      199.00
19.2500      207.00
19.2700      179.00
19.2900      217.00
19.3100      194.00
19.3300      188.00
19.3500      220.00
19.3700      224.00
19.3900      262.00
19.4100      284.00
19.4300      269.00
19.4500      319.00
19.4700      336.00
19.4900      355.00
19.5100      418.00
19.5300      480.00
19.5500      519.00
19.5700      499.00
19.5900      541.00
19.6100      581.00
19.6300      617.00
19.6500      599.00
19.6700      566.00
19.6900      559.00
19.7100      550.00
19.7300      482.00
19.7500      431.00
19.7700      375.00
19.7900      357.00
19.8100      371.00
19.8300      297.00
19.8500      260.00
19.8700      262.00
19.8900      255.00
19.9100      216.00
19.9300      194.00
19.9500      176.00
19.9700      209.00
19.9900      196.00
20.0100      168.00
20.0300      187.00
20.0500      152.00
20.0700      159.00
20.0900      158.00
20.1100      190.00
20.1300      156.00
20.1500      156.00
20.1700      135.00
20.1900      171.00
20.2100      176.00
20.2300      158.00
20.2500      171.00
20.2700      165.00
20.2900      156.00
20.3100      145.00
20.3300      163.00
20.3500      179.00
20.3700      172.00
20.3900      167.00
20.4100      178.00
20.4300      168.00
20.4500      185.00
20.4700      205.00
20.4900      214.00
20.5100      231.00
20.5300      257.00
20.5500      281.00
20.5700      284.00
20.5900      297.00
20.6100      310.00
20.6300      345.00
20.6500      325.00
20.6700      326.00
20.6900      344.00
20.7100      348.00
20.7300      406.00
20.7500      433.00
20.7700      486.00
20.7900      463.00
20.8100      575.00
20.8300      613.00
20.8500      619.00
20.8700      722.00
20.8900      812.00
20.9100      895.00
20.9300      939.00
20.9500      930.00
20.9700     1036.00
20.9900     1092.00
21.0100     1051.00
21.0300     1062.00
21.0500     1012.00
21.0700      949.00
21.0900      839.00
21.1100      700.00
21.1300      620.00
21.1500      548.00
21.1700      438.00
21.1900      334.00
21.2100      310.00
21.2300      242.00
21.2500      215.00
21.2700      194.00
21.2900      186.00
21.3100      191.00
21.3300      167.00
21.3500      177.00
21.3700      174.00
21.3900      149.00
21.4100      145.00
21.4300      171.00
21.4500      152.00
21.4700      149.00
21.4900      132.00
21.5100      157.00
21.5300      130.00
21.5500      117.00
21.5700      145.00
21.5900      168.00
21.6100      123.00
21.6300      150.00
21.6500      136.00
21.6700      145.00
21.6900      131.00
21.7100      143.00
21.7300      136.00
21.7500      149.00
21.7700      133.00
21.7900      161.00
21.8100      157.00
21.8300      155.00
21.8500      117.00
21.8700      149.00
21.8900      170.00
21.9100      166.00
21.9300      176.00
21.9500      143.00
21.9700      165.00
21.9900      169.00
22.0100      187.00
22.0300      160.00
22.0500      168.00
22.0700      206.00
22.0900      167.00
22.1100      195.00
22.1300      213.00
22.1500      191.00
22.1700      208.00
22.1900      218.00
22.2100      238.00
22.2300      230.00
22.2500      209.00
22.2700      231.00
22.2900      244.00
22.3100      256.00
22.3300      252.00
22.3500      228.00
22.3700      246.00
22.3900      269.00
22.4100      246.00
22.4300      279.00
22.4500      281.00
22.4700      324.00
22.4900      291.00
22.5100      327.00
22.5300      348.00
22.5500      371.00
22.5700      354.00
22.5900      346.00
22.6100      338.00
22.6300      341.00
22.6500      332.00
22.6700      271.00
22.6900      273.00
22.7100      228.00
22.7300      247.00
22.7500      222.00
22.7700      196.00
22.7900      203.00
22.8100      191.00
22.8300      206.00
22.8500      257.00
22.8700      219.00
22.8900      234.00
22.9100      227.00
22.9300      229.00
22.9500      252.00
22.9700      241.00
22.9900      251.00
23.0100      262.00
23.0300      296.00
23.0500      263.00
23.0700      259.00
23.0900      290.00
23.1100      266.00
23.1300      294.00
23.1500      289.00
23.1700      289.00
23.1900      274.00
23.2100      270.00
23.2300      260.00
23.2500      270.00
23.2700      298.00
23.2900      299.00
23.3100      293.00
23.3300      305.00
23.3500      314.00
23.3700      306.00
23.3900      275.00
23.4100      277.00
23.4300      272.00
23.4500      277.00
23.4700      240.00
23.4900      237.00
23.5100      189.00
23.5300      199.00
23.5500      169.00
23.5700      152.00
23.5900      169.00
23.6100      126.00
23.6300      165.00
23.6500      182.00
23.6700      151.00
23.6900      159.00
23.7100      172.00
23.7300      169.00
23.7500      184.00
23.7700      197.00
23.7900      190.00
23.8100      196.00
23.8300      195.00
23.8500      235.00
23.8700      224.00
23.8900      236.00
23.9100      218.00
23.9300      256.00
23.9500      266.00
23.9700      279.00
23.9900      274.00
24.0100      289.00
24.0300      324.00
24.0500      286.00
24.0700      274.00
24.0900      283.00
24.1100      275.00
24.1300      306.00
24.1500      304.00
24.1700      301.00
24.1900      293.00
24.2100      331.00
24.2300      355.00
24.2500      343.00
24.2700      387.00
24.2900      382.00
24.3100      384.00
24.3300      399.00
24.3500      407.00
24.3700      356.00
24.3900      335.00
24.4100      348.00
24.4300      312.00
24.4500      287.00
24.4700      215.00
24.4900      205.00
24.5100      232.00
24.5300      219.00
24.5500      191.00
24.5700      217.00
24.5900      166.00
24.6100      195.00
24.6300      190.00
24.6500      197.00
24.6700      186.00
24.6900      209.00
24.7100      283.00
24.7300      228.00
24.7500      330.00
24.7700      349.00
24.7900      337.00
24.8100      366.00
24.8300      401.00
24.8500      450.00
24.8700      444.00
24.8900      417.00
24.9100      450.00
24.9300      431.00
24.9500      400.00
24.9700      379.00
24.9900      346.00
25.0100      310.00
25.0300      268.00
25.0500      238.00
25.0700      215.00
25.0900      200.00
25.1100      181.00
25.1300      157.00
25.1500      176.00
25.1700      129.00
25.1900      130.00
25.2100      145.00
25.2300      138.00
25.2500      131.00
25.2700      118.00
25.2900      151.00
25.3100      113.00
25.3300      131.00
25.3500      123.00
25.3700      122.00
25.3900      102.00
25.4100      142.00
25.4300      118.00
25.4500      135.00
25.4700      115.00
25.4900      105.00
25.5100      116.00
25.5300      112.00
25.5500      127.00
25.5700      109.00
25.5900      119.00
25.6100      110.00
25.6300      137.00
25.6500      134.00
25.6700      121.00
25.6900      126.00
25.7100      114.00
25.7300      118.00
25.7500      145.00
25.7700      139.00
25.7900      120.00
25.8100      149.00
25.8300      158.00
25.8500      154.00
25.8700      162.00
25.8900      147.00
25.9100      156.00
25.9300      197.00
25.9500      214.00
25.9700      205.00
25.9900      203.00
26.0100      237.00
26.0300      219.00
26.0500      231.00
26.0700      256.00
26.0900      250.00
26.1100      245.00
26.1300      237.00
26.1500      289.00
26.1700      253.00
26.1900      256.00
26.2100      252.00
26.2300      264.00
26.2500      270.00
26.2700      241.00
26.2900      269.00
26.3100      261.00
26.3300      240.00
26.3500      278.00
26.3700      263.00
26.3900      306.00
26.4100      272.00
26.4300      268.00
26.4500      268.00
26.4700      291.00
26.4900      294.00
26.5100      265.00
26.5300      229.00
26.5500      218.00
26.5700      215.00
26.5900      217.00
26.6100      182.00
26.6300      184.00
26.6500      152.00
26.6700      155.00
26.6900      114.00
26.7100      122.00
26.7300      137.00
26.7500      127.00
26.7700      130.00
26.7900      143.00
26.8100      124.00
26.8300      116.00
26.8500      123.00
26.8700      110.00
26.8900      151.00
26.9100      126.00
26.9300      124.00
26.9500      144.00
26.9700      152.00
26.9900      144.00
27.0100      131.00
27.0300      151.00
27.0500      120.00
27.0700      142.00
27.0900      172.00
27.1100      172.00
27.1300      178.00
27.1500      171.00
27.1700      182.00
27.1900      186.00
27.2100      220.00
27.2300      224.00
27.2500      235.00
27.2700      220.00
27.2900      184.00
27.3100      191.00
27.3300      215.00
27.3500      181.00
27.3700      199.00
27.3900      202.00
27.4100      197.00
27.4300      185.00
27.4500      183.00
27.4700      223.00
27.4900      204.00
27.5100      235.00
27.5300      208.00
27.5500      212.00
27.5700      225.00
27.5900      250.00
27.6100      265.00
27.6300      260.00
27.6500      228.00
27.6700      219.00
27.6900      228.00
27.7100      197.00
27.7300      203.00
27.7500      209.00
27.7700      169.00
27.7900      172.00
27.8100      191.00
27.8300      191.00
27.8500      155.00
27.8700      170.00
27.8900      170.00
27.9100      167.00
27.9300      174.00
27.9500      174.00
27.9700      188.00
27.9900      147.00
28.0100      164.00
28.0300      165.00
28.0500      170.00
28.0700      184.00
28.0900      151.00
28.1100      154.00
28.1300      162.00
28.1500      162.00
28.1700      176.00
28.1900      163.00
28.2100      215.00
28.2300      190.00
28.2500      207.00
28.2700      259.00
28.2900      263.00
28.3100      319.00
28.3300      330.00
28.3500      414.00
28.3700      386.00
28.3900      457.00
28.4100      418.00
28.4300      497.00
28.4500      498.00
28.4700      502.00
28.4900      496.00
28.5100      491.00
28.5300      509.00
28.5500      402.00
28.5700      415.00
28.5900      405.00
28.6100      352.00
28.6300      342.00
28.6500      317.00
28.6700      257.00
28.6900      248.00
28.7100      237.00
28.7300      199.00
28.7500      214.00
28.7700      200.00
28.7900      193.00
28.8100      201.00
28.8300      192.00
28.8500      186.00
28.8700      177.00
28.8900      181.00
28.9100      197.00
28.9300      173.00
28.9500      193.00
28.9700      191.00
28.9900      194.00
29.0100      184.00
29.0300      174.00
29.0500      163.00
29.0700      191.00
29.0900      204.00
29.1100      203.00
29.1300      218.00
29.1500      204.00
29.1700      196.00
29.1900      214.00
29.2100      223.00
29.2300      225.00
29.2500      234.00
29.2700      216.00
29.2900      230.00
29.3100      256.00
29.3300      228.00
29.3500      262.00
29.3700      245.00
29.3900      265.00
29.4100      310.00
29.4300      249.00
29.4500      256.00
29.4700      288.00
29.4900      269.00
29.5100      225.00
29.5300      183.00
29.5500      192.00
29.5700      174.00
29.5900      172.00
29.6100      152.00
29.6300      124.00
29.6500      140.00
29.6700      151.00
29.6900      134.00
29.7100      119.00
29.7300      126.00
29.7500      116.00
29.7700      106.00
29.7900      103.00
29.8100      118.00
29.8300      125.00
29.8500      125.00
29.8700      147.00
29.8900      122.00
29.9100      154.00
29.9300      146.00
29.9500      139.00
29.9700      158.00
29.9900      159.00
30.0100      163.00
30.0300      177.00
30.0500      175.00
30.0700      177.00
30.0900      167.00
30.1100      192.00
30.1300      196.00
30.1500      205.00
30.1700      203.00
30.1900      192.00
30.2100      170.00
30.2300      173.00
30.2500      165.00
30.2700      200.00
30.2900      139.00
30.3100      167.00
30.3300      127.00
30.3500      129.00
30.3700      157.00
30.3900      142.00
30.4100      135.00
30.4300      113.00
30.4500      134.00
30.4700      107.00
30.4900      108.00
30.5100      131.00
30.5300      136.00
30.5500      115.00
30.5700      107.00
30.5900      114.00
30.6100      120.00
30.6300      117.00
30.6500      113.00
30.6700      134.00
30.6900      125.00
30.7100      123.00
30.7300      126.00
30.7500      100.00
30.7700      130.00
30.7900      117.00
30.8100      129.00
30.8300      115.00
30.8500      119.00
30.8700      125.00
30.8900      110.00
30.9100      141.00
30.9300      127.00
30.9500      108.00
30.9700      114.00
30.9900      111.00
31.0100      122.00
31.0300      137.00
31.0500      131.00
31.0700      110.00
31.0900      105.00
31.1100      106.00
31.1300       99.00
31.1500      102.00
31.1700      109.00
31.1900      102.00
31.2100      101.00
31.2300      105.00
31.2500      108.00
31.2700      100.00
31.2900      121.00
31.3100       99.00
31.3300      113.00
31.3500      102.00
31.3700      131.00
31.3900      108.00
31.4100      118.00
31.4300      107.00
31.4500      114.00
31.4700      130.00
31.4900      124.00
31.5100      126.00
31.5300      139.00
31.5500      149.00
31.5700      110.00
31.5900      116.00
31.6100      120.00
31.6300      115.00
31.6500      111.00
31.6700      108.00
31.6900      122.00
31.7100       91.00
31.7300      107.00
31.7500      128.00
31.7700      105.00
31.7900      131.00
31.8100      149.00
31.8300      146.00
31.8500      142.00
31.8700      131.00
31.8900      133.00
31.9100      141.00
31.9300      167.00
31.9500      158.00
31.9700      160.00
31.9900      173.00
32.0100      187.00
32.0300      183.00
32.0500      190.00
32.0700      167.00
32.0900      188.00
32.1100      174.00
32.1300      184.00
32.1500      200.00
32.1700      192.00
32.1900      183.00
32.2100      207.00
32.2300      204.00
32.2500      176.00
32.2700      185.00
32.2900      170.00
32.3100      205.00
32.3300      190.00
32.3500      212.00
32.3700      184.00
32.3900      196.00
32.4100      209.00
32.4300      184.00
32.4500      182.00
32.4700      172.00
32.4900      181.00
32.5100      186.00
32.5300      180.00
32.5500      194.00
32.5700      174.00
32.5900      181.00
32.6100      172.00
32.6300      182.00
32.6500      155.00
32.6700      149.00
32.6900      181.00
32.7100      166.00
32.7300      156.00
32.7500      158.00
32.7700      155.00
32.7900      170.00
32.8100      154.00
32.8300      168.00
32.8500      148.00
32.8700      143.00
32.8900      160.00
32.9100      162.00
32.9300      144.00
32.9500      139.00
32.9700      161.00
32.9900      157.00
33.0100      154.00
33.0300      151.00
33.0500      160.00
33.0700      175.00
33.0900      170.00
33.1100      141.00
33.1300      204.00
33.1500      179.00
33.1700      217.00
33.1900      195.00
33.2100      214.00
33.2300      194.00
33.2500      210.00
33.2700      192.00
33.2900      196.00
33.3100      176.00
33.3300      180.00
33.3500      162.00
33.3700      173.00
33.3900      167.00
33.4100      147.00
33.4300      167.00
33.4500      146.00
33.4700      133.00
33.4900      124.00
33.5100      106.00
33.5300      108.00
33.5500      125.00
33.5700      117.00
33.5900      135.00
33.6100      117.00
33.6300      111.00
33.6500       96.00
33.6700      121.00
33.6900      117.00
33.7100      105.00
33.7300      104.00
33.7500      105.00
33.7700      112.00
33.7900       98.00
33.8100      101.00
33.8300      106.00
33.8500      117.00
33.8700      121.00
33.8900       98.00
33.9100       89.00
33.9300      118.00
33.9500      102.00
33.9700      113.00
33.9900      116.00
34.0100      102.00
34.0300      127.00
34.0500      138.00
34.0700      106.00
34.0900      132.00
34.1100      128.00
34.1300      139.00
34.1500      138.00
34.1700      139.00
34.1900      125.00
34.2100      144.00
34.2300      130.00
34.2500      129.00
34.2700      117.00
34.2900      108.00
34.3100      119.00
34.3300      120.00
34.3500      118.00
34.3700      103.00
34.3900      112.00
34.4100      102.00
34.4300      104.00
34.4500       95.00
34.4700       95.00
34.4900       93.00
34.5100      101.00
34.5300      113.00
34.5500       91.00
34.5700      102.00
34.5900       94.00
34.6100       92.00
34.6300      100.00
34.6500       90.00
34.6700      122.00
34.6900      117.00
34.7100      101.00
34.7300      100.00
34.7500       94.00
34.7700      110.00
34.7900      122.00
34.8100       97.00
34.8300      137.00
34.8500      126.00
34.8700      140.00
34.8900      117.00
34.9100      126.00
