 3.0000      129.00
 3.0200      147.00
 3.0400      139.00
 3.0600      118.00
 3.0800      131.00
 3.1000      133.00
 3.1200      114.00
 3.1400      116.00
 3.1600      134.00
 3.1800      121.00
 3.2000      126.00
 3.2200      116.00
 3.2400      127.00
 3.2600      109.00
 3.2800      107.00
 3.3000      120.00
 3.3200      115.00
 3.3400      115.00
 3.3600      124.00
 3.3800      121.00
 3.4000      128.00
 3.4200      100.00
 3.4400       91.00
 3.4600      120.00
 3.4800       94.00
 3.5000      111.00
 3.5200      114.00
 3.5400      104.00
 3.5600       89.00
 3.5800      116.00
 3.6000      102.00
 3.6200       95.00
 3.6400      114.00
 3.6600      103.00
 3.6800      107.00
 3.7000      112.00
 3.7200      101.00
 3.7400       92.00
 3.7600      100.00
 3.7800       96.00
 3.8000       86.00
 3.8200       99.00
 3.8400      122.00
 3.8600       95.00
 3.8800       94.00
 3.9000      110.00
 3.9200       80.00
 3.9400       97.00
 3.9600       90.00
 3.9800       93.00
 4.0000       94.00
 4.0200       82.00
 4.0400       73.00
 4.0600       96.00
 4.0800       90.00
 4.1000      102.00
 4.1200      103.00
 4.1400       94.00
 4.1600      100.00
 4.1800       85.00
 4.2000       84.00
 4.2200      111.00
 4.2400       79.00
 4.2600       85.00
 4.2800      107.00
 4.3000      107.00
 4.3200       90.00
 4.3400       87.00
 4.3600       90.00
 4.3800       87.00
 4.4000       85.00
 4.4200       80.00
 4.4400       81.00
 4.4600       91.00
 4.4800       85.00
 4.5000       80.00
 4.5200       66.00
 4.5400       98.00
 4.5600       81.00
 4.5800       82.00
 4.6000       93.00
 4.6200       86.00
 4.6400      100.00
 4.6600       64.00
 4.6800       95.00
 4.7000       92.00
 4.7200       80.00
 4.7400       77.00
 4.7600       79.00
 4.7800       84.00
 4.8000       80.00
 4.8200       76.00
 4.8400       92.00
 4.8600       92.00
 4.8800       88.00
 4.9000       87.00
 4.9200       75.00
 4.9400       95.00
 4.9600       86.00
 4.9800       89.00
 5.0000       86.00
 5.0200       80.00
 5.0400       73.00
 5.0600       76.00
 5.0800       93.00
 5.1000       77.00
 5.1200       75.00
 5.1400       84.00
 5.1600       82.00
 5.1800       93.00
 5.2000       81.00
 5.2200       68.00
 5.2400       83.00
 5.2600       83.00
 5.2800       71.00
 5.3000       86.00
 5.3200       79.00
 5.3400       85.00
 5.3600       71.00
 5.3800       88.00
 5.4000       94.00
 5.4200       83.00
 5.4400       81.00
 5.4600       80.00
 5.4800       76.00
 5.5000       83.00
 5.5200      107.00
 5.5400       87.00
 5.5600       83.00
 5.5800       80.00
 5.6000       89.00
 5.6200       90.00
 5.6400       76.00
 5.6600       76.00
 5.6800       76.00
 5.7000       89.00
 5.7200       78.00
 5.7400       81.00
 5.7600       93.00
 5.7800       71.00
 5.8000       87.00
 5.8200       98.00
 5.8400       80.00
 5.8600       77.00
 5.8800      103.00
 5.9000      111.00
 5.9200       93.00
 5.9400       91.00
 5.9600      100.00
 5.9800       85.00
 6.0000       86.00
 6.0200       88.00
 6.0400       93.00
 6.0600      104.00
 6.0800       81.00
 6.1000       66.00
 6.1200       82.00
 6.1400       97.00
 6.1600       98.00
 6.1800       72.00
 6.2000      104.00
 6.2200       79.00
 6.2400       89.00
 6.2600       98.00
 6.2800      100.00
 6.3000      104.00
 6.3200      108.00
 6.3400       97.00
 6.3600       76.00
 6.3800       95.00
 6.4000      107.00
 6.4200       89.00
 6.4400       92.00
 6.4600       87.00
 6.4800      100.00
 6.5000       93.00
 6.5200       99.00
 6.5400      112.00
 6.5600      114.00
 6.5800       89.00
 6.6000      111.00
 6.6200      102.00
 6.6400       92.00
 6.6600       79.00
 6.6800      100.00
 6.7000       96.00
 6.7200      119.00
 6.7400      104.00
 6.7600      126.00
 6.7800      117.00
 6.8000       89.00
 6.8200      122.00
 6.8400       96.00
 6.8600       97.00
 6.8800      101.00
 6.9000      108.00
 6.9200      131.00
 6.9400      106.00
 6.9600      125.00
 6.9800       96.00
 7.0000      107.00
 7.0200       98.00
 7.0400       96.00
 7.0600       89.00
 7.0800      109.00
 7.1000      101.00
 7.1200       94.00
 7.1400      113.00
 7.1600       92.00
 7.1800      122.00
 7.2000      124.00
 7.2200      115.00
 7.2400      109.00
 7.2600      130.00
 7.2800      114.00
 7.3000      108.00
 7.3200      118.00
 7.3400       89.00
 7.3600      124.00
 7.3800      114.00
 7.4000      104.00
 7.4200      107.00
 7.4400      118.00
 7.4600       97.00
 7.4800       95.00
 7.5000      115.00
 7.5200      118.00
 7.5400       95.00
 7.5600      122.00
 7.5800       92.00
 7.6000      124.00
 7.6200      121.00
 7.6400       96.00
 7.6600      136.00
 7.6800      102.00
 7.7000      122.00
 7.7200       97.00
 7.7400      101.00
 7.7600       96.00
 7.7800      117.00
 7.8000      112.00
 7.8200       97.00
 7.8400      106.00
 7.8600      106.00
 7.8800       93.00
 7.9000      102.00
 7.9200      107.00
 7.9400      114.00
 7.9600      119.00
 7.9800      121.00
 8.0000      130.00
 8.0200      106.00
 8.0400       90.00
 8.0600      111.00
 8.0800      121.00
 8.1000      126.00
 8.1200      109.00
 8.1400      117.00
 8.1600      128.00
 8.1800      114.00
 8.2000      108.00
 8.2200      122.00
 8.2400      127.00
 8.2600      118.00
 8.2800      119.00
 8.3000      112.00
 8.3200      128.00
 8.3400      123.00
 8.3600      130.00
 8.3800      122.00
 8.4000      124.00
 8.4200      104.00
 8.4400      135.00
 8.4600      120.00
 8.4800      127.00
 8.5000      136.00
 8.5200      118.00
 8.5400      146.00
 8.5600      138.00
 8.5800      145.00
 8.6000      136.00
 8.6200      132.00
 8.6400      123.00
 8.6600      148.00
 8.6800      137.00
 8.7000      140.00
 8.7200      152.00
 8.7400      136.00
 8.7600      139.00
 8.7800      165.00
 8.8000      171.00
 8.8200      136.00
 8.8400      149.00
 8.8600      155.00
 8.8800      152.00
 8.9000      168.00
 8.9200      148.00
 8.9400      156.00
 8.9600      165.00
 8.9800      163.00
 9.0000      161.00
 9.0200      162.00
 9.0400      154.00
 9.0600      182.00
 9.0800      169.00
 9.1000      160.00
 9.1200      167.00
 9.1400      163.00
 9.1600      166.00
 9.1800      164.00
 9.2000      171.00
 9.2200      160.00
 9.2400      175.00
 9.2600      160.00
 9.2800      180.00
 9.3000      156.00
 9.3200      154.00
 9.3400      160.00
 9.3600      136.00
 9.3800      164.00
 9.4000      139.00
 9.4200      124.00
 9.4400      134.00
 9.4600      114.00
 9.4800      139.00
 9.5000      137.00
 9.5200      126.00
 9.5400      155.00
 9.5600      137.00
 9.5800      141.00
 9.6000      145.00
 9.6200      155.00
 9.6400      131.00
 9.6600      152.00
 9.6800      165.00
 9.7000      156.00
 9.7200      161.00
 9.7400      129.00
 9.7600      146.00
 9.7800      154.00
 9.8000      165.00
 9.8200      147.00
 9.8400      145.00
 9.8600      140.00
 9.8800      154.00
 9.9000      137.00
 9.9200      151.00
 9.9400      152.00
 9.9600      152.00
 9.9800      161.00
10.0000      134.00
10.0200      163.00
10.0400      138.00
10.0600      166.00
10.0800      157.00
10.1000      157.00
10.1200      180.00
10.1400      171.00
10.1600      157.00
10.1800      154.00
10.2000      168.00
10.2200      136.00
10.2400      174.00
10.2600      172.00
10.2800      148.00
10.3000      192.00
10.3200      159.00
10.3400      148.00
10.3600      160.00
10.3800      178.00
10.4000      185.00
10.4200      148.00
10.4400      182.00
10.4600      170.00
10.4800      160.00
10.5000      177.00
10.5200      153.00
10.5400      140.00
10.5600      148.00
10.5800      136.00
10.6000      162.00
10.6200      148.00
10.6400      150.00
10.6600      149.00
10.6800      146.00
10.7000      187.00
10.7200      154.00
10.7400      157.00
10.7600      183.00
10.7800      182.00
10.8000      179.00
10.8200      180.00
10.8400      152.00
10.8600      182.00
10.8800      193.00
10.9000      175.00
10.9200      182.00
10.9400      217.00
10.9600      211.00
10.9800      253.00
11.0000      214.00
11.0200      250.00
11.0400      287.00
11.0600      298.00
11.0800      291.00
11.1000      341.00
11.1200      334.00
11.1400      326.00
11.1600      396.00
11.1800      378.00
11.2000      406.00
11.2200      410.00
11.2400      388.00
11.2600      461.00
11.2800      442.00
11.3000      447.00
11.3200      471.00
11.3400      481.00
11.3600      534.00
11.3800      531.00
11.4000      507.00
11.4200      536.00
11.4400      558.00
11.4600      530.00
11.4800      551.00
11.5000      521.00
11.5200      557.00
11.5400      547.00
11.5600      497.00
11.5800      467.00
11.6000      499.00
11.6200      426.00
11.6400      443.00
11.6600      414.00
11.6800      337.00
11.7000      361.00
11.7200      362.00
11.7400      344.00
11.7600      327.00
11.7800      307.00
11.8000      323.00
11.8200      288.00
11.8400      272.00
11.8600      278.00
11.8800      254.00
11.9000      182.00
11.9200      206.00
11.9400      190.00
11.9600      197.00
11.9800      190.00
12.0000      207.00
12.0200      200.00
12.0400      205.00
12.0600      256.00
12.0800      265.00
12.1000      250.00
12.1200      252.00
12.1400      280.00
12.1600      284.00
12.1800      271.00
12.2000      289.00
12.2200      335.00
12.2400      329.00
12.2600      363.00
12.2800      370.00
12.3000      370.00
12.3200      373.00
12.3400      379.00
12.3600      349.00
12.3800      367.00
12.4000      385.00
12.4200      428.00
12.4400      420.00
12.4600      429.00
12.4800      459.00
12.5000      473.00
12.5200      463.00
12.5400      491.00
12.5600      503.00
12.5800      547.00
12.6000      498.00
12.6200      539.00
12.6400      535.00
12.6600      483.00
12.6800      532.00
12.7000      524.00
12.7200      490.00
12.7400      482.00
12.7600      450.00
12.7800      419.00
12.8000      441.00
12.8200      442.00
12.8400      454.00
12.8600      444.00
12.8800      439.00
12.9000      457.00
12.9200      449.00
12.9400      472.00
12.9600      452.00
12.9800      414.00
13.0000      388.00
13.0200      399.00
13.0400      361.00
13.0600      372.00
13.0800      313.00
13.1000      285.00
13.1200      250.00
13.1400      245.00
13.1600      207.00
13.1800      182.00
13.2000      188.00
13.2200      159.00
13.2400      182.00
13.2600      186.00
13.2800      167.00
13.3000      172.00
13.3200      154.00
13.3400      173.00
13.3600      179.00
13.3800      172.00
13.4000      168.00
13.4200      172.00
13.4400      157.00
13.4600      170.00
13.4800      169.00
13.5000      168.00
13.5200      157.00
13.5400      172.00
13.5600      169.00
13.5800      150.00
13.6000      169.00
13.6200      178.00
13.6400      191.00
13.6600      181.00
13.6800      159.00
13.7000      154.00
13.7200      144.00
13.7400      174.00
13.7600      156.00
13.7800      176.00
13.8000      154.00
13.8200      188.00
13.8400      180.00
13.8600      167.00
13.8800      167.00
13.9000      177.00
13.9200      156.00
13.9400      167.00
13.9600      168.00
13.9800      191.00
14.0000      184.00
14.0200      191.00
14.0400      217.00
14.0600      205.00
14.0800      230.00
14.1000      256.00
14.1200      260.00
14.1400      293.00
14.1600      291.00
14.1800      279.00
14.2000      309.00
14.2200      325.00
14.2400      372.00
14.2600      350.00
14.2800      389.00
14.3000      436.00
14.3200      451.00
14.3400      517.00
14.3600      513.00
14.3800      506.00
14.4000      537.00
14.4200      528.00
14.4400      529.00
14.4600      582.00
14.4800      540.00
14.5000      570.00
14.5200      558.00
14.5400      586.00
14.5600      599.00
14.5800      620.00
14.6000      609.00
14.6200      604.00
14.6400      619.00
14.6600      586.00
14.6800      589.00
14.7000      508.00
14.7200      474.00
14.7400      498.00
14.7600      441.00
14.7800      404.00
14.8000      378.00
14.8200      342.00
14.8400      291.00
14.8600      292.00
14.8800      272.00
14.9000      257.00
14.9200      233.00
14.9400      239.00
14.9600      218.00
14.9800      204.00
15.0000      208.00
15.0200      171.00
15.0400      186.00
15.0600      183.00
15.0800      160.00
15.1000      163.00
15.1200      177.00
15.1400      151.00
15.1600      157.00
15.1800      157.00
15.2000      171.00
15.2200      176.00
15.2400      158.00
15.2600      168.00
15.2800      156.00
15.3000      153.00
15.3200      170.00
15.3400      176.00
15.3600      169.00
15.3800      171.00
15.4000      171.00
15.4200      145.00
15.4400      172.00
15.4600      143.00
15.4800      154.00
15.5000      161.00
15.5200      133.00
15.5400      159.00
15.5600      172.00
15.5800      137.00
15.6000      173.00
15.6200      149.00
15.6400      160.00
15.6600      145.00
15.6800      164.00
15.7000      170.00
15.7200      157.00
15.7400      161.00
15.7600      168.00
15.7800      174.00
15.8000      184.00
15.8200      168.00
15.8400      160.00
15.8600      211.00
15.8800      206.00
15.9000      162.00
15.9200      265.00
15.9400      217.00
15.9600      213.00
15.9800      249.00
16.0000      266.00
16.0200      260.00
16.0400      308.00
16.0600      247.00
16.0800      309.00
16.1000      308.00
16.1200      294.00
16.1400      287.00
16.1600      346.00
16.1800      326.00
16.2000      335.00
16.2200      311.00
16.2400      391.00
16.2600      357.00
16.2800      380.00
16.3000      376.00
16.3200      364.00
16.3400      398.00
16.3600      419.00
16.3800      391.00
16.4000      383.00
16.4200      413.00
16.4400      379.00
16.4600      386.00
16.4800      421.00
16.5000      397.00
16.5200      369.00
16.5400      422.00
16.5600      408.00
16.5800      378.00
16.6000      444.00
16.6200      414.00
16.6400      370.00
16.6600      410.00
16.6800      398.00
16.7000      410.00
16.7200      392.00
16.7400      387.00
16.7600      332.00
16.7800      332.00
16.8000      340.00
16.8200      328.00
16.8400      363.00
16.8600      354.00
16.8800      372.00
16.9000      346.00
16.9200      385.00
16.9400      351.00
16.9600      345.00
16.9800      322.00
17.0000      303.00
17.0200      336.00
17.0400      314.00
17.0600      323.00
17.0800      294.00
17.1000      321.00
17.1200      313.00
17.1400      296.00
17.1600      293.00
17.1800      346.00
17.2000      295.00
17.2200      341.00
17.2400      371.00
17.2600      420.00
17.2800      400.00
17.3000      408.00
17.3200      405.00
17.3400      417.00
17.3600      431.00
17.3800      443.00
17.4000      513.00
17.4200      550.00
17.4400      602.00
17.4600      650.00
17.4800      781.00
17.5000      783.00
17.5200      895.00
17.5400     1032.00
17.5600     1075.00
17.5800     1216.00
17.6000     1258.00
17.6200     1445.00
17.6400     1481.00
17.6600     1552.00
17.6800     1583.00
17.7000     1671.00
17.7200     1711.00
17.7400     1706.00
17.7600     1802.00
17.7800     1751.00
17.8000     1818.00
17.8200     1839.00
17.8400     1877.00
17.8600     1778.00
17.8800     1855.00
17.9000     1822.00
17.9200     1877.00
17.9400     1864.00
17.9600     1772.00
17.9800     1738.00
18.0000     1771.00
18.0200     1661.00
18.0400     1658.00
18.0600     1523.00
18.0800     1420.00
18.1000     1266.00
18.1200     1150.00
18.1400      967.00
18.1600      870.00
18.1800      677.00
18.2000      593.00
18.2200      485.00
18.2400      440.00
18.2600      379.00
18.2800      318.00
18.3000      316.00
18.3200      315.00
18.3400      289.00
18.3600      296.00
18.3800      330.00
18.4000      344.00
18.4200      324.00
18.4400      365.00
18.4600      366.00
18.4800      365.00
18.5000      412.00
18.5200      426.00
18.5400      428.00
18.5600      419.00
18.5800      406.00
18.6000      407.00
18.6200      453.00
18.6400      452.00
18.6600      422.00
18.6800      421.00
18.7000      422.00
18.7200      459.00
18.7400      434.00
18.7600      448.00
18.7800      431.00
18.8000      433.00
18.8200      442.00
18.8400      434.00
18.8600      435.00
18.8800      445.00
18.9000      457.00
18.9200      453.00
18.9400      420.00
18.9600      371.00
18.9800      383.00
19.0000      322.00
19.0200      309.00
19.0400      304.00
19.0600      326.00
19.0800      308.00
19.1000      270.00
19.1200      285.00
19.1400      292.00
19.1600      297.00
19.1800      304.00
19.2000      290.00
19.2200      269.00
19.2400      285.00
19.2600      296.00
19.2800      295.00
19.3000      297.00
19.3200      315.00
19.3400      272.00
19.3600      293.00
19.3800      297.00
19.4000      275.00
19.4200      286.00
19.4400      276.00
19.4600      313.00
19.4800      323.00
19.5000      292.00
19.5200      335.00
19.5400      323.00
19.5600      375.00
19.5800      364.00
19.6000      429.00
19.6200      454.00
19.6400      477.00
19.6600      527.00
19.6800      541.00
19.7000      600.00
19.7200      641.00
19.7400      659.00
19.7600      719.00
19.7800      731.00
19.8000      764.00
19.8200      833.00
19.8400      874.00
19.8600      876.00
19.8800      892.00
19.9000      838.00
19.9200      930.00
19.9400      906.00
19.9600      870.00
19.9800      935.00
20.0000      928.00
20.0200      906.00
20.0400      890.00
20.0600      910.00
20.0800      932.00
20.1000      961.00
20.1200      876.00
20.1400      850.00
20.1600      758.00
20.1800      742.00
20.2000      670.00
20.2200      626.00
20.2400      543.00
20.2600      526.00
20.2800      434.00
20.3000      437.00
20.3200      374.00
20.3400      326.00
20.3600      346.00
20.3800      281.00
20.4000      286.00
20.4200      240.00
20.4400      230.00
20.4600      215.00
20.4800      219.00
20.5000      231.00
20.5200      242.00
20.5400      257.00
20.5600      226.00
20.5800      243.00
20.6000      246.00
20.6200      274.00
20.6400      286.00
20.6600      269.00
20.6800      339.00
20.7000      343.00
20.7200      358.00
20.7400      375.00
20.7600      410.00
20.7800      474.00
20.8000      472.00
20.8200      489.00
20.8400      556.00
20.8600      573.00
20.8800      567.00
20.9000      660.00
20.9200      692.00
20.9400      810.00
20.9600      868.00
20.9800      936.00
21.0000      960.00
21.0200     1055.00
21.0400     1161.00
21.0600     1294.00
21.0800     1406.00
21.1000     1471.00
21.1200     1603.00
21.1400     1740.00
21.1600     1800.00
21.1800     1880.00
21.2000     1882.00
21.2200     1913.00
21.2400     1898.00
21.2600     1862.00
21.2800     1882.00
21.3000     1915.00
21.3200     1870.00
21.3400     1759.00
21.3600     1777.00
21.3800     1860.00
21.4000     1814.00
21.4200     1796.00
21.4400     1738.00
21.4600     1673.00
21.4800     1610.00
21.5000     1419.00
21.5200     1447.00
21.5400     1292.00
21.5600     1205.00
21.5800     1109.00
21.6000      985.00
21.6200      845.00
21.6400      711.00
21.6600      556.00
21.6800      463.00
21.7000      413.00
21.7200      363.00
21.7400      332.00
21.7600      286.00
21.7800      239.00
21.8000      252.00
21.8200      243.00
21.8400      233.00
21.8600      210.00
21.8800      237.00
21.9000      215.00
21.9200      219.00
21.9400      218.00
21.9600      209.00
21.9800      212.00
22.0000      228.00
22.0200      197.00
22.0400      218.00
22.0600      222.00
22.0800      248.00
22.1000      222.00
22.1200      228.00
22.1400      227.00
22.1600      236.00
22.1800      271.00
22.2000      270.00
22.2200      266.00
22.2400      270.00
22.2600      299.00
22.2800      290.00
22.3000      303.00
22.3200      329.00
22.3400      364.00
22.3600      370.00
22.3800      387.00
22.4000      377.00
22.4200      379.00
22.4400      428.00
22.4600      403.00
22.4800      410.00
22.5000      486.00
22.5200      464.00
22.5400      479.00
22.5600      477.00
22.5800      482.00
22.6000      534.00
22.6200      629.00
22.6400      549.00
22.6600      637.00
22.6800      613.00
22.7000      718.00
22.7200      699.00
22.7400      711.00
22.7600      713.00
22.7800      711.00
22.8000      729.00
22.8200      690.00
22.8400      704.00
22.8600      744.00
22.8800      678.00
22.9000      724.00
22.9200      681.00
22.9400      722.00
22.9600      727.00
22.9800      714.00
23.0000      711.00
23.0200      692.00
23.0400      643.00
23.0600      746.00
23.0800      687.00
23.1000      706.00
23.1200      657.00
23.1400      624.00
23.1600      621.00
23.1800      621.00
23.2000      619.00
23.2200      603.00
23.2400      630.00
23.2600      555.00
23.2800      618.00
23.3000      534.00
23.3200      616.00
23.3400      620.00
23.3600      569.00
23.3800      632.00
23.4000      625.00
23.4200      631.00
23.4400      634.00
23.4600      705.00
23.4800      617.00
23.5000      688.00
23.5200      730.00
23.5400      652.00
23.5600      661.00
23.5800      643.00
23.6000      622.00
23.6200      650.00
23.6400      594.00
23.6600      606.00
23.6800      609.00
23.7000      561.00
23.7200      536.00
23.7400      523.00
23.7600      574.00
23.7800      495.00
23.8000      502.00
23.8200      487.00
23.8400      492.00
23.8600      428.00
23.8800      410.00
23.9000      455.00
23.9200      451.00
23.9400      395.00
23.9600      401.00
23.9800      360.00
24.0000      401.00
24.0200      378.00
24.0400      363.00
24.0600      448.00
24.0800      377.00
24.1000      405.00
24.1200      426.00
24.1400      438.00
24.1600      453.00
24.1800      509.00
24.2000      475.00
24.2200      548.00
24.2400      532.00
24.2600      599.00
24.2800      578.00
24.3000      593.00
24.3200      656.00
24.3400      672.00
24.3600      689.00
24.3800      722.00
24.4000      798.00
24.4200      774.00
24.4400      839.00
24.4600      853.00
24.4800      820.00
24.5000      899.00
24.5200      906.00
24.5400      931.00
24.5600      952.00
24.5800      917.00
24.6000      875.00
24.6200      918.00
24.6400      843.00
24.6600      813.00
24.6800      830.00
24.7000      834.00
24.7200      764.00
24.7400      725.00
24.7600      745.00
24.7800      764.00
24.8000      706.00
24.8200      686.00
24.8400      750.00
24.8600      723.00
24.8800      678.00
24.9000      646.00
24.9200      694.00
24.9400      686.00
24.9600      660.00
24.9800      661.00
25.0000      725.00
25.0200      675.00
25.0400      657.00
25.0600      673.00
25.0800      734.00
25.1000      696.00
25.1200      796.00
25.1400      756.00
25.1600      763.00
25.1800      782.00
25.2000      741.00
25.2200      772.00
25.2400      739.00
25.2600      737.00
25.2800      674.00
25.3000      763.00
25.3200      733.00
25.3400      719.00
25.3600      638.00
25.3800      725.00
25.4000      664.00
25.4200      606.00
25.4400      541.00
25.4600      544.00
25.4800      451.00
25.5000      454.00
25.5200      357.00
25.5400      289.00
25.5600      289.00
25.5800      260.00
25.6000      245.00
25.6200      239.00
25.6400      242.00
25.6600      222.00
25.6800      231.00
25.7000      197.00
25.7200      200.00
25.7400      201.00
25.7600      182.00
25.7800      216.00
25.8000      219.00
25.8200      226.00
25.8400      186.00
25.8600      205.00
25.8800      210.00
25.9000      206.00
25.9200      182.00
25.9400      198.00
25.9600      202.00
25.9800      213.00
26.0000      242.00
26.0200      247.00
26.0400      219.00
26.0600      274.00
26.0800      267.00
26.1000      272.00
26.1200      308.00
26.1400      322.00
26.1600      310.00
26.1800      329.00
26.2000      374.00
26.2200      392.00
26.2400      382.00
26.2600      381.00
26.2800      420.00
26.3000      477.00
26.3200      460.00
26.3400      462.00
26.3600      548.00
26.3800      527.00
26.4000      561.00
26.4200      517.00
26.4400      553.00
26.4600      592.00
26.4800      586.00
26.5000      605.00
26.5200      610.00
26.5400      604.00
26.5600      602.00
26.5800      616.00
26.6000      652.00
26.6200      656.00
26.6400      622.00
26.6600      614.00
26.6800      593.00
26.7000      547.00
26.7200      576.00
26.7400      553.00
26.7600      502.00
26.7800      504.00
26.8000      474.00
26.8200      489.00
26.8400      494.00
26.8600      475.00
26.8800      485.00
26.9000      420.00
26.9200      400.00
26.9400      401.00
26.9600      379.00
26.9800      394.00
27.0000      371.00
27.0200      331.00
27.0400      310.00
27.0600      315.00
27.0800      258.00
27.1000      277.00
27.1200      281.00
27.1400      265.00
27.1600      251.00
27.1800      249.00
27.2000      240.00
27.2200      265.00
27.2400      242.00
27.2600      263.00
27.2800      268.00
27.3000      293.00
27.3200      286.00
27.3400      303.00
27.3600      294.00
27.3800      310.00
27.4000      337.00
27.4200      365.00
27.4400      344.00
27.4600      339.00
27.4800      358.00
27.5000      386.00
27.5200      374.00
27.5400      374.00
27.5600      359.00
27.5800      410.00
27.6000      362.00
27.6200      444.00
27.6400      424.00
27.6600      467.00
27.6800      500.00
27.7000      468.00
27.7200      479.00
27.7400      539.00
27.7600      497.00
27.7800      509.00
27.8000      525.00
27.8200      528.00
27.8400      497.00
27.8600      489.00
27.8800      520.00
27.9000      505.00
27.9200      471.00
27.9400      497.00
27.9600      532.00
27.9800      516.00
28.0000      519.00
28.0200      523.00
28.0400      491.00
28.0600      495.00
28.0800      480.00
28.1000      481.00
28.1200      454.00
28.1400      409.00
28.1600      420.00
28.1800      405.00
28.2000      412.00
28.2200      414.00
28.2400      395.00
28.2600      402.00
28.2800      409.00
28.3000      343.00
28.3200      314.00
28.3400      358.00
28.3600      373.00
28.3800      398.00
28.4000      344.00
28.4200      387.00
28.4400      459.00
28.4600      433.00
28.4800      472.00
28.5000      503.00
28.5200      583.00
28.5400      608.00
28.5600      678.00
28.5800      674.00
28.6000      769.00
28.6200      724.00
28.6400      829.00
28.6600      852.00
28.6800      842.00
28.7000      875.00
28.7200      927.00
28.7400      915.00
28.7600      917.00
28.7800     1002.00
28.8000     1013.00
28.8200      997.00
28.8400      950.00
28.8600      990.00
28.8800      928.00
28.9000      956.00
28.9200      917.00
28.9400      905.00
28.9600      861.00
28.9800      877.00
29.0000      787.00
29.0200      742.00
29.0400      718.00
29.0600      669.00
29.0800      572.00
29.1000      556.00
29.1200      485.00
29.1400      516.00
29.1600      481.00
29.1800      465.00
29.2000      443.00
29.2200      443.00
29.2400      453.00
29.2600      420.00
29.2800      392.00
29.3000      451.00
29.3200      445.00
29.3400      429.00
29.3600      386.00
29.3800      463.00
29.4000      467.00
29.4200      458.00
29.4400      474.00
29.4600      451.00
29.4800      504.00
29.5000      491.00
29.5200      495.00
29.5400      562.00
29.5600      524.00
29.5800      582.00
29.6000      545.00
29.6200      540.00
29.6400      553.00
29.6600      568.00
29.6800      527.00
29.7000      557.00
29.7200      592.00
29.7400      532.00
29.7600      542.00
29.7800      482.00
29.8000      522.00
29.8200      497.00
29.8400      460.00
29.8600      439.00
29.8800      444.00
29.9000      420.00
29.9200      413.00
29.9400      376.00
29.9600      386.00
29.9800      381.00
30.0000      348.00
30.0200      292.00
30.0400      311.00
30.0600      294.00
30.0800      269.00
30.1000      264.00
30.1200      279.00
30.1400      255.00
30.1600      291.00
30.1800      263.00
30.2000      277.00
30.2200      282.00
30.2400      310.00
30.2600      314.00
30.2800      310.00
30.3000      336.00
30.3200      342.00
30.3400      341.00
30.3600      347.00
30.3800      333.00
30.4000      366.00
30.4200      379.00
30.4400      362.00
30.4600      356.00
30.4800      360.00
30.5000      372.00
30.5200      358.00
30.5400      366.00
30.5600      351.00
30.5800      386.00
30.6000      346.00
30.6200      342.00
30.6400      335.00
30.6600      319.00
30.6800      345.00
30.7000      342.00
30.7200      335.00
30.7400      307.00
30.7600      281.00
30.7800      276.00
30.8000      241.00
30.8200      253.00
30.8400      252.00
30.8600      229.00
30.8800      221.00
30.9000      250.00
30.9200      226.00
30.9400      235.00
30.9600      189.00
30.9800      210.00
31.0000      223.00
31.0200      224.00
31.0400      247.00
31.0600      221.00
31.0800      215.00
31.1000      247.00
31.1200      239.00
31.1400      204.00
31.1600      208.00
31.1800      192.00
31.2000      228.00
31.2200      218.00
31.2400      219.00
31.2600      199.00
31.2800      202.00
31.3000      212.00
31.3200      198.00
31.3400      214.00
31.3600      179.00
31.3800      221.00
31.4000      202.00
31.4200      185.00
31.4400      185.00
31.4600      208.00
31.4800      246.00
31.5000      179.00
31.5200      214.00
31.5400      188.00
31.5600      199.00
31.5800      209.00
31.6000      193.00
31.6200      190.00
31.6400      197.00
31.6600      229.00
31.6800      196.00
31.7000      205.00
31.7200      209.00
31.7400      229.00
31.7600      232.00
31.7800      204.00
31.8000      203.00
31.8200      211.00
31.8400      215.00
31.8600      223.00
31.8800      212.00
31.9000      231.00
31.9200      224.00
31.9400      223.00
31.9600      229.00
31.9800      237.00
32.0000      272.00
32.0200      230.00
32.0400      241.00
32.0600      249.00
32.0800      260.00
32.1000      267.00
32.1200      254.00
32.1400      272.00
32.1600      282.00
32.1800      284.00
32.2000      300.00
32.2200      302.00
32.2400      318.00
32.2600      324.00
32.2800      321.00
32.3000      339.00
32.3200      313.00
32.3400      365.00
32.3600      358.00
32.3800      345.00
32.4000      369.00
32.4200      380.00
32.4400      382.00
32.4600      360.00
32.4800      407.00
32.5000      403.00
32.5200      408.00
32.5400      406.00
32.5600      430.00
32.5800      412.00
32.6000      420.00
32.6200      432.00
32.6400      413.00
32.6600      413.00
32.6800      405.00
32.7000      422.00
32.7200      454.00
32.7400      417.00
32.7600      439.00
32.7800      407.00
32.8000      412.00
32.8200      413.00
32.8400      431.00
32.8600      427.00
32.8800      402.00
32.9000      433.00
32.9200      419.00
32.9400      396.00
32.9600      360.00
32.9800      374.00
33.0000      386.00
33.0200      403.00
33.0400      367.00
33.0600      363.00
33.0800      415.00
33.1000      362.00
33.1200      351.00
33.1400      385.00
33.1600      356.00
33.1800      350.00
33.2000      318.00
33.2200      341.00
33.2400      362.00
33.2600      305.00
33.2800      379.00
33.3000      329.00
33.3200      378.00
33.3400      368.00
33.3600      390.00
33.3800      374.00
33.4000      403.00
33.4200      408.00
33.4400      398.00
33.4600      401.00
33.4800      378.00
33.5000      419.00
33.5200      456.00
33.5400      429.00
33.5600      411.00
33.5800      400.00
33.6000      383.00
33.6200      384.00
33.6400      382.00
33.6600      380.00
33.6800      379.00
33.7000      353.00
33.7200      391.00
33.7400      361.00
33.7600      323.00
33.7800      346.00
33.8000      317.00
33.8200      297.00
33.8400      281.00
33.8600      288.00
33.8800      263.00
33.9000      283.00
33.9200      233.00
33.9400      238.00
33.9600      211.00
33.9800      224.00
34.0000      204.00
34.0200      208.00
34.0400      199.00
34.0600      181.00
34.0800      202.00
34.1000      198.00
34.1200      220.00
34.1400      207.00
34.1600      223.00
34.1800      236.00
34.2000      216.00
34.2200      247.00
34.2400      247.00
34.2600      221.00
34.2800      225.00
34.3000      227.00
34.3200      278.00
34.3400      268.00
34.3600      279.00
34.3800      291.00
34.4000      269.00
34.4200      296.00
34.4400      267.00
34.4600      290.00
34.4800      257.00
34.5000      253.00
34.5200      283.00
34.5400      276.00
34.5600      277.00
34.5800      268.00
34.6000      280.00
34.6200      273.00
34.6400      247.00
34.6600      228.00
34.6800      231.00
34.7000      227.00
34.7200      245.00
34.7400      240.00
34.7600      204.00
34.7800      209.00
34.8000      211.00
34.8200      189.00
34.8400      183.00
34.8600      212.00
34.8800      205.00
34.9000      209.00
34.9200      187.00
34.9400      178.00
34.9600      199.00
34.9800      174.00
35.0000      191.00
