 2.1900      302.00
 2.2100      293.00
 2.2300      296.00
 2.2500      261.00
 2.2700      274.00
 2.2900      263.00
 2.3100      277.00
 2.3300      295.00
 2.3500      260.00
 2.3700      275.00
 2.3900      257.00
 2.4100      294.00
 2.4300      262.00
 2.4500      293.00
 2.4700      289.00
 2.4900      291.00
 2.5100      282.00
 2.5300      248.00
 2.5500      270.00
 2.5700      249.00
 2.5900      241.00
 2.6100      318.00
 2.6300      265.00
 2.6500      265.00
 2.6700      276.00
 2.6900      275.00
 2.7100      272.00
 2.7300      297.00
 2.7500      270.00
 2.7700      270.00
 2.7900      266.00
 2.8100      234.00
 2.8300      278.00
 2.8500      267.00
 2.8700      263.00
 2.8900      287.00
 2.9100      273.00
 2.9300      254.00
 2.9500      255.00
 2.9700      240.00
 2.9900      268.00
 3.0100      225.00
 3.0300      254.00
 3.0500      216.00
 3.0700      276.00
 3.0900      257.00
 3.1100      227.00
 3.1300      254.00
 3.1500      249.00
 3.1700      259.00
 3.1900      245.00
 3.2100      235.00
 3.2300      201.00
 3.2500      212.00
 3.2700      203.00
 3.2900      218.00
 3.3100      251.00
 3.3300      209.00
 3.3500      239.00
 3.3700      215.00
 3.3900      231.00
 3.4100      222.00
 3.4300      213.00
 3.4500      201.00
 3.4700      205.00
 3.4900      188.00
 3.5100      193.00
 3.5300      202.00
 3.5500      198.00
 3.5700      224.00
 3.5900      197.00
 3.6100      203.00
 3.6300      202.00
 3.6500      189.00
 3.6700      193.00
 3.6900      189.00
 3.7100      216.00
 3.7300      185.00
 3.7500      187.00
 3.7700      177.00
 3.7900      181.00
 3.8100      195.00
 3.8300      184.00
 3.8500      161.00
 3.8700      199.00
 3.8900      181.00
 3.9100      169.00
 3.9300      182.00
 3.9500      164.00
 3.9700      165.00
 3.9900      165.00
 4.0100      187.00
 4.0300      196.00
 4.0500      208.00
 4.0700      159.00
 4.0900      180.00
 4.1100      169.00
 4.1300      169.00
 4.1500      145.00
 4.1700      162.00
 4.1900      161.00
 4.2100      178.00
 4.2300      159.00
 4.2500      164.00
 4.2700      168.00
 4.2900      157.00
 4.3100      178.00
 4.3300      151.00
 4.3500      166.00
 4.3700      149.00
 4.3900      162.00
 4.4100      168.00
 4.4300      157.00
 4.4500      158.00
 4.4700      155.00
 4.4900      153.00
 4.5100      146.00
 4.5300      161.00
 4.5500      145.00
 4.5700      143.00
 4.5900      148.00
 4.6100      141.00
 4.6300      135.00
 4.6500      110.00
 4.6700      137.00
 4.6900      140.00
 4.7100      138.00
 4.7300      145.00
 4.7500      132.00
 4.7700      134.00
 4.7900      146.00
 4.8100      133.00
 4.8300      115.00
 4.8500      140.00
 4.8700      129.00
 4.8900      143.00
 4.9100      127.00
 4.9300      130.00
 4.9500      130.00
 4.9700      152.00
 4.9900      142.00
 5.0100      131.00
 5.0300      149.00
 5.0500      146.00
 5.0700      131.00
 5.0900      135.00
 5.1100      143.00
 5.1300      143.00
 5.1500      134.00
 5.1700      135.00
 5.1900      127.00
 5.2100      139.00
 5.2300      143.00
 5.2500      149.00
 5.2700      131.00
 5.2900      138.00
 5.3100      142.00
 5.3300      156.00
 5.3500      121.00
 5.3700      134.00
 5.3900      126.00
 5.4100      137.00
 5.4300      143.00
 5.4500      136.00
 5.4700      127.00
 5.4900      147.00
 5.5100      151.00
 5.5300      139.00
 5.5500      149.00
 5.5700      134.00
 5.5900      150.00
 5.6100      160.00
 5.6300      134.00
 5.6500      148.00
 5.6700      139.00
 5.6900      141.00
 5.7100      145.00
 5.7300      171.00
 5.7500      133.00
 5.7700      145.00
 5.7900      141.00
 5.8100      133.00
 5.8300      156.00
 5.8500      144.00
 5.8700      123.00
 5.8900      139.00
 5.9100      131.00
 5.9300      128.00
 5.9500      150.00
 5.9700      127.00
 5.9900      133.00
 6.0100      141.00
 6.0300      135.00
 6.0500      160.00
 6.0700      138.00
 6.0900      134.00
 6.1100      144.00
 6.1300      126.00
 6.1500      147.00
 6.1700      166.00
 6.1900      125.00
 6.2100      145.00
 6.2300      123.00
 6.2500      138.00
 6.2700      141.00
 6.2900      141.00
 6.3100      125.00
 6.3300      153.00
 6.3500      145.00
 6.3700      126.00
 6.3900      134.00
 6.4100      131.00
 6.4300      155.00
 6.4500      138.00
 6.4700      133.00
 6.4900      127.00
 6.5100      115.00
 6.5300      138.00
 6.5500      146.00
 6.5700      121.00
 6.5900      144.00
 6.6100      156.00
 6.6300      144.00
 6.6500      143.00
 6.6700      132.00
 6.6900      163.00
 6.7100      135.00
 6.7300      125.00
 6.7500      131.00
 6.7700      161.00
 6.7900      182.00
 6.8100      189.00
 6.8300      182.00
 6.8500      167.00
 6.8700      205.00
 6.8900      172.00
 6.9100      165.00
 6.9300      155.00
 6.9500      166.00
 6.9700      155.00
 6.9900      157.00
 7.0100      144.00
 7.0300      138.00
 7.0500      141.00
 7.0700      159.00
 7.0900      144.00
 7.1100      142.00
 7.1300      128.00
 7.1500      137.00
 7.1700      138.00
 7.1900      153.00
 7.2100      144.00
 7.2300      135.00
 7.2500      136.00
 7.2700      150.00
 7.2900      155.00
 7.3100      140.00
 7.3300      157.00
 7.3500      125.00
 7.3700      139.00
 7.3900      153.00
 7.4100      137.00
 7.4300      145.00
 7.4500      139.00
 7.4700      129.00
 7.4900      121.00
 7.5100      163.00
 7.5300      161.00
 7.5500      140.00
 7.5700      153.00
 7.5900      151.00
 7.6100      147.00
 7.6300      166.00
 7.6500      139.00
 7.6700      130.00
 7.6900      165.00
 7.7100      158.00
 7.7300      133.00
 7.7500      155.00
 7.7700      175.00
 7.7900      148.00
 7.8100      137.00
 7.8300      124.00
 7.8500      135.00
 7.8700      139.00
 7.8900      148.00
 7.9100      142.00
 7.9300      113.00
 7.9500      143.00
 7.9700      168.00
 7.9900      123.00
 8.0100      139.00
 8.0300      142.00
 8.0500      131.00
 8.0700      148.00
 8.0900      139.00
 8.1100      155.00
 8.1300      138.00
 8.1500      145.00
 8.1700      130.00
 8.1900      137.00
 8.2100      139.00
 8.2300      168.00
 8.2500      148.00
 8.2700      174.00
 8.2900      157.00
 8.3100      162.00
 8.3300      142.00
 8.3500      129.00
 8.3700      153.00
 8.3900      167.00
 8.4100      148.00
 8.4300      163.00
 8.4500      173.00
 8.4700      118.00
 8.4900      150.00
 8.5100      156.00
 8.5300      165.00
 8.5500      164.00
 8.5700      157.00
 8.5900      163.00
 8.6100      177.00
 8.6300      182.00
 8.6500      189.00
 8.6700      192.00
 8.6900      187.00
 8.7100      185.00
 8.7300      176.00
 8.7500      195.00
 8.7700      190.00
 8.7900      204.00
 8.8100      193.00
 8.8300      198.00
 8.8500      193.00
 8.8700      174.00
 8.8900      197.00
 8.9100      158.00
 8.9300      165.00
 8.9500      149.00
 8.9700      159.00
 8.9900      166.00
 9.0100      155.00
 9.0300      151.00
 9.0500      148.00
 9.0700      165.00
 9.0900      141.00
 9.1100      155.00
 9.1300      166.00
 9.1500      160.00
 9.1700      160.00
 9.1900      151.00
 9.2100      166.00
 9.2300      164.00
 9.2500      154.00
 9.2700      151.00
 9.2900      149.00
 9.3100      128.00
 9.3300      176.00
 9.3500      160.00
 9.3700      175.00
 9.3900      164.00
 9.4100      143.00
 9.4300      155.00
 9.4500      165.00
 9.4700      183.00
 9.4900      154.00
 9.5100      165.00
 9.5300      145.00
 9.5500      185.00
 9.5700      164.00
 9.5900      170.00
 9.6100      150.00
 9.6300      174.00
 9.6500      157.00
 9.6700      178.00
 9.6900      159.00
 9.7100      176.00
 9.7300      159.00
 9.7500      158.00
 9.7700      177.00
 9.7900      195.00
 9.8100      182.00
 9.8300      188.00
 9.8500      179.00
 9.8700      184.00
 9.8900      182.00
 9.9100      191.00
 9.9300      218.00
 9.9500      200.00
 9.9700      199.00
 9.9900      210.00
10.0100      200.00
10.0300      166.00
10.0500      192.00
10.0700      187.00
10.0900      211.00
10.1100      189.00
10.1300      163.00
10.1500      181.00
10.1700      165.00
10.1900      181.00
10.2100      161.00
10.2300      163.00
10.2500      164.00
10.2700      153.00
10.2900      148.00
10.3100      176.00
10.3300      150.00
10.3500      160.00
10.3700      179.00
10.3900      187.00
10.4100      175.00
10.4300      187.00
10.4500      177.00
10.4700      161.00
10.4900      181.00
10.5100      172.00
10.5300      178.00
10.5500      171.00
10.5700      167.00
10.5900      155.00
10.6100      196.00
10.6300      184.00
10.6500      196.00
10.6700      213.00
10.6900      206.00
10.7100      207.00
10.7300      223.00
10.7500      241.00
10.7700      264.00
10.7900      217.00
10.8100      255.00
10.8300      269.00
10.8500      264.00
10.8700      318.00
10.8900      318.00
10.9100      368.00
10.9300      393.00
10.9500      398.00
10.9700      491.00
10.9900      528.00
11.0100      517.00
11.0300      623.00
11.0500      575.00
11.0700      536.00
11.0900      532.00
11.1100      507.00
11.1300      475.00
11.1500      502.00
11.1700      456.00
11.1900      499.00
11.2100      558.00
11.2300      520.00
11.2500      597.00
11.2700      541.00
11.2900      524.00
11.3100      479.00
11.3300      427.00
11.3500      381.00
11.3700      315.00
11.3900      286.00
11.4100      245.00
11.4300      249.00
11.4500      207.00
11.4700      203.00
11.4900      202.00
11.5100      221.00
11.5300      183.00
11.5500      181.00
11.5700      195.00
11.5900      205.00
11.6100      209.00
11.6300      199.00
11.6500      218.00
11.6700      216.00
11.6900      212.00
11.7100      187.00
11.7300      231.00
11.7500      209.00
11.7700      259.00
11.7900      240.00
11.8100      237.00
11.8300      280.00
11.8500      239.00
11.8700      278.00
11.8900      335.00
11.9100      317.00
11.9300      339.00
11.9500      385.00
11.9700      396.00
11.9900      458.00
12.0100      515.00
12.0300      529.00
12.0500      615.00
12.0700      572.00
12.0900      586.00
12.1100      613.00
12.1300      632.00
12.1500      559.00
12.1700      594.00
12.1900      522.00
12.2100      448.00
12.2300      461.00
12.2500      437.00
12.2700      380.00
12.2900      348.00
12.3100      315.00
12.3300      326.00
12.3500      325.00
12.3700      402.00
12.3900      452.00
12.4100      469.00
12.4300      564.00
12.4500      557.00
12.4700      659.00
12.4900      672.00
12.5100      696.00
12.5300      680.00
12.5500      659.00
12.5700      582.00
12.5900      561.00
12.6100      474.00
12.6300      379.00
12.6500      353.00
12.6700      255.00
12.6900      260.00
12.7100      228.00
12.7300      229.00
12.7500      207.00
12.7700      216.00
12.7900      180.00
12.8100      216.00
12.8300      238.00
12.8500      210.00
12.8700      194.00
12.8900      220.00
12.9100      198.00
12.9300      175.00
12.9500      207.00
12.9700      175.00
12.9900      211.00
13.0100      186.00
13.0300      184.00
13.0500      188.00
13.0700      164.00
13.0900      207.00
13.1100      181.00
13.1300      200.00
13.1500      204.00
13.1700      191.00
13.1900      202.00
13.2100      214.00
13.2300      162.00
13.2500      189.00
13.2700      221.00
13.2900      175.00
13.3100      193.00
13.3300      172.00
13.3500      179.00
13.3700      204.00
13.3900      173.00
13.4100      172.00
13.4300      200.00
13.4500      171.00
13.4700      193.00
13.4900      197.00
13.5100      203.00
13.5300      182.00
13.5500      187.00
13.5700      177.00
13.5900      194.00
13.6100      192.00
13.6300      196.00
13.6500      191.00
13.6700      207.00
13.6900      218.00
13.7100      185.00
13.7300      180.00
13.7500      210.00
13.7700      228.00
13.7900      243.00
13.8100      242.00
13.8300      220.00
13.8500      238.00
13.8700      223.00
13.8900      237.00
13.9100      244.00
13.9300      253.00
13.9500      308.00
13.9700      284.00
13.9900      352.00
14.0100      386.00
14.0300      382.00
14.0500      446.00
14.0700      493.00
14.0900      576.00
14.1100      654.00
14.1300      736.00
14.1500      838.00
14.1700      842.00
14.1900      933.00
14.2100      891.00
14.2300      899.00
14.2500      847.00
14.2700      752.00
14.2900      686.00
14.3100      639.00
14.3300      590.00
14.3500      548.00
14.3700      514.00
14.3900      457.00
14.4100      433.00
14.4300      393.00
14.4500      361.00
14.4700      317.00
14.4900      302.00
14.5100      243.00
14.5300      235.00
14.5500      220.00
14.5700      212.00
14.5900      207.00
14.6100      220.00
14.6300      218.00
14.6500      186.00
14.6700      213.00
14.6900      195.00
14.7100      221.00
14.7300      195.00
14.7500      185.00
14.7700      225.00
14.7900      199.00
14.8100      195.00
14.8300      179.00
14.8500      204.00
14.8700      176.00
14.8900      174.00
14.9100      212.00
14.9300      182.00
14.9500      183.00
14.9700      185.00
14.9900      187.00
15.0100      208.00
15.0300      184.00
15.0500      195.00
15.0700      201.00
15.0900      209.00
15.1100      197.00
15.1300      183.00
15.1500      176.00
15.1700      173.00
15.1900      170.00
15.2100      187.00
15.2300      171.00
15.2500      173.00
15.2700      193.00
15.2900      168.00
15.3100      172.00
15.3300      183.00
15.3500      203.00
15.3700      206.00
15.3900      177.00
15.4100      170.00
15.4300      163.00
15.4500      194.00
15.4700      170.00
15.4900      188.00
15.5100      208.00
15.5300      187.00
15.5500      215.00
15.5700      206.00
15.5900      194.00
15.6100      201.00
15.6300      204.00
15.6500      177.00
15.6700      223.00
15.6900      201.00
15.7100      227.00
15.7300      246.00
15.7500      251.00
15.7700      292.00
15.7900      281.00
15.8100      303.00
15.8300      348.00
15.8500      356.00
15.8700      403.00
15.8900      415.00
15.9100      395.00
15.9300      435.00
15.9500      461.00
15.9700      390.00
15.9900      406.00
16.0100      420.00
16.0300      370.00
16.0500      325.00
16.0700      350.00
16.0900      379.00
16.1100      320.00
16.1300      406.00
16.1500      420.00
16.1700      420.00
16.1900      382.00
16.2100      392.00
16.2300      414.00
16.2500      339.00
16.2700      392.00
16.2900      322.00
16.3100      311.00
16.3300      340.00
16.3500      372.00
16.3700      388.00
16.3900      451.00
16.4100      476.00
16.4300      486.00
16.4500      535.00
16.4700      560.00
16.4900      524.00
16.5100      549.00
16.5300      511.00
16.5500      447.00
16.5700      340.00
16.5900      331.00
16.6100      305.00
16.6300      261.00
16.6500      252.00
16.6700      229.00
16.6900      236.00
16.7100      222.00
16.7300      222.00
16.7500      247.00
16.7700      222.00
16.7900      238.00
16.8100      262.00
16.8300      263.00
16.8500      266.00
16.8700      298.00
16.8900      317.00
16.9100      333.00
16.9300      369.00
16.9500      417.00
16.9700      418.00
16.9900      458.00
17.0100      537.00
17.0300      556.00
17.0500      589.00
17.0700      574.00
17.0900      577.00
17.1100      559.00
17.1300      501.00
17.1500      501.00
17.1700      464.00
17.1900      452.00
17.2100      451.00
17.2300      420.00
17.2500      447.00
17.2700      455.00
17.2900      519.00
17.3100      539.00
17.3300      618.00
17.3500      760.00
17.3700      889.00
17.3900      979.00
17.4100     1173.00
17.4300     1380.00
17.4500     1570.00
17.4700     1690.00
17.4900     1832.00
17.5100     1919.00
17.5300     2092.00
17.5500     2129.00
17.5700     2142.00
17.5900     2014.00
17.6100     1948.00
17.6300     1791.00
17.6500     1591.00
17.6700     1271.00
17.6900     1054.00
17.7100      834.00
17.7300      638.00
17.7500      486.00
17.7700      454.00
17.7900      410.00
17.8100      390.00
17.8300      354.00
17.8500      337.00
17.8700      364.00
17.8900      324.00
17.9100      355.00
17.9300      343.00
17.9500      340.00
17.9700      299.00
17.9900      313.00
18.0100      272.00
18.0300      251.00
18.0500      256.00
18.0700      254.00
18.0900      226.00
18.1100      237.00
18.1300      260.00
18.1500      242.00
18.1700      275.00
18.1900      298.00
18.2100      302.00
18.2300      350.00
18.2500      367.00
18.2700      452.00
18.2900      518.00
18.3100      605.00
18.3300      623.00
18.3500      672.00
18.3700      732.00
18.3900      738.00
18.4100      826.00
18.4300      814.00
18.4500      793.00
18.4700      721.00
18.4900      736.00
18.5100      644.00
18.5300      537.00
18.5500      508.00
18.5700      426.00
18.5900      375.00
18.6100      333.00
18.6300      270.00
18.6500      314.00
18.6700      298.00
18.6900      315.00
18.7100      333.00
18.7300      305.00
18.7500      336.00
18.7700      283.00
18.7900      315.00
18.8100      332.00
18.8300      305.00
18.8500      337.00
18.8700      301.00
18.8900      307.00
18.9100      259.00
18.9300      282.00
18.9500      268.00
18.9700      283.00
18.9900      277.00
19.0100      281.00
19.0300      279.00
19.0500      339.00
19.0700      324.00
19.0900      337.00
19.1100      335.00
19.1300      363.00
19.1500      352.00
19.1700      337.00
19.1900      351.00
19.2100      369.00
19.2300      344.00
19.2500      292.00
19.2700      348.00
19.2900      274.00
19.3100      287.00
19.3300      290.00
19.3500      294.00
19.3700      314.00
19.3900      359.00
19.4100      355.00
19.4300      410.00
19.4500      486.00
19.4700      568.00
19.4900      636.00
19.5100      806.00
19.5300      946.00
19.5500     1098.00
19.5700     1210.00
19.5900     1446.00
19.6100     1521.00
19.6300     1681.00
19.6500     1791.00
19.6700     1687.00
19.6900     1566.00
19.7100     1525.00
19.7300     1309.00
19.7500     1151.00
19.7700      945.00
19.7900      856.00
19.8100      695.00
19.8300      590.00
19.8500      512.00
19.8700      421.00
19.8900      397.00
19.9100      373.00
19.9300      375.00
19.9500      332.00
19.9700      336.00
19.9900      330.00
20.0100      298.00
20.0300      263.00
20.0500      256.00
20.0700      265.00
20.0900      262.00
20.1100      250.00
20.1300      250.00
20.1500      249.00
20.1700      229.00
20.1900      224.00
20.2100      243.00
20.2300      254.00
20.2500      263.00
20.2700      256.00
20.2900      261.00
20.3100      270.00
20.3300      251.00
20.3500      258.00
20.3700      305.00
20.3900      290.00
20.4100      276.00
20.4300      327.00
20.4500      352.00
20.4700      416.00
20.4900      447.00
20.5100      552.00
20.5300      588.00
20.5500      735.00
20.5700      873.00
20.5900      988.00
20.6100     1195.00
20.6300     1167.00
20.6500     1220.00
20.6700     1205.00
20.6900     1108.00
20.7100      966.00
20.7300      933.00
20.7500      873.00
20.7700      921.00
20.7900      875.00
20.8100      934.00
20.8300     1094.00
20.8500     1134.00
20.8700     1347.00
20.8900     1502.00
20.9100     1707.00
20.9300     1954.00
20.9500     2174.00
20.9700     2428.00
20.9900     2530.00
21.0100     2670.00
21.0300     2714.00
21.0500     2891.00
21.0700     2667.00
21.0900     2544.00
21.1100     2295.00
21.1300     1869.00
21.1500     1487.00
21.1700     1157.00
21.1900      910.00
21.2100      653.00
21.2300      546.00
21.2500      438.00
21.2700      358.00
21.2900      347.00
21.3100      295.00
21.3300      289.00
21.3500      246.00
21.3700      260.00
21.3900      275.00
21.4100      254.00
21.4300      211.00
21.4500      265.00
21.4700      246.00
21.4900      236.00
21.5100      234.00
21.5300      251.00
21.5500      242.00
21.5700      221.00
21.5900      204.00
21.6100      239.00
21.6300      197.00
21.6500      231.00
21.6700      248.00
21.6900      227.00
21.7100      232.00
21.7300      224.00
21.7500      214.00
21.7700      199.00
21.7900      236.00
21.8100      204.00
21.8300      201.00
21.8500      258.00
21.8700      231.00
21.8900      222.00
21.9100      254.00
21.9300      247.00
21.9500      263.00
21.9700      283.00
21.9900      255.00
22.0100      279.00
22.0300      296.00
22.0500      296.00
22.0700      289.00
22.0900      310.00
22.1100      344.00
22.1300      361.00
22.1500      386.00
22.1700      397.00
22.1900      432.00
22.2100      499.00
22.2300      499.00
22.2500      504.00
22.2700      479.00
22.2900      565.00
22.3100      551.00
22.3300      500.00
22.3500      568.00
22.3700      568.00
22.3900      524.00
22.4100      539.00
22.4300      558.00
22.4500      572.00
22.4700      604.00
22.4900      722.00
22.5100      856.00
22.5300      898.00
22.5500     1046.00
22.5700     1065.00
22.5900     1099.00
22.6100     1200.00
22.6300     1075.00
22.6500     1036.00
22.6700      961.00
22.6900      830.00
22.7100      744.00
22.7300      635.00
22.7500      559.00
22.7700      499.00
22.7900      472.00
22.8100      445.00
22.8300      460.00
22.8500      461.00
22.8700      488.00
22.8900      546.00
22.9100      587.00
22.9300      575.00
22.9500      575.00
22.9700      612.00
22.9900      571.00
23.0100      627.00
23.0300      735.00
23.0500      710.00
23.0700      789.00
23.0900      783.00
23.1100      718.00
23.1300      768.00
23.1500      770.00
23.1700      708.00
23.1900      683.00
23.2100      610.00
23.2300      525.00
23.2500      527.00
23.2700      611.00
23.2900      621.00
23.3100      620.00
23.3300      653.00
23.3500      720.00
23.3700      736.00
23.3900      732.00
23.4100      726.00
23.4300      719.00
23.4500      709.00
23.4700      652.00
23.4900      587.00
23.5100      499.00
23.5300      435.00
23.5500      318.00
23.5700      347.00
23.5900      297.00
23.6100      276.00
23.6300      249.00
23.6500      261.00
23.6700      285.00
23.6900      262.00
23.7100      253.00
23.7300      276.00
23.7500      249.00
23.7700      262.00
23.7900      332.00
23.8100      341.00
23.8300      321.00
23.8500      338.00
23.8700      334.00
23.8900      418.00
23.9100      401.00
23.9300      414.00
23.9500      499.00
23.9700      545.00
23.9900      620.00
24.0100      691.00
24.0300      717.00
24.0500      772.00
24.0700      790.00
24.0900      807.00
24.1100      745.00
24.1300      748.00
24.1500      698.00
24.1700      656.00
24.1900      642.00
24.2100      653.00
24.2300      673.00
24.2500      686.00
24.2700      763.00
24.2900      884.00
24.3100     1073.00
24.3300     1052.00
24.3500     1118.00
24.3700     1083.00
24.3900     1147.00
24.4100     1101.00
24.4300     1064.00
24.4500      889.00
24.4700      787.00
24.4900      672.00
24.5100      513.00
24.5300      446.00
24.5500      389.00
24.5700      331.00
24.5900      319.00
24.6100      286.00
24.6300      296.00
24.6500      307.00
24.6700      293.00
24.6900      347.00
24.7100      352.00
24.7300      343.00
24.7500      355.00
24.7700      409.00
24.7900      461.00
24.8100      554.00
24.8300      622.00
24.8500      702.00
24.8700      708.00
24.8900      818.00
24.9100      836.00
24.9300      883.00
24.9500      859.00
24.9700      758.00
24.9900      714.00
25.0100      594.00
25.0300      543.00
25.0500      451.00
25.0700      415.00
25.0900      354.00
25.1100      284.00
25.1300      295.00
25.1500      253.00
25.1700      269.00
25.1900      275.00
25.2100      242.00
25.2300      234.00
25.2500      229.00
25.2700      221.00
25.2900      221.00
25.3100      220.00
25.3300      231.00
25.3500      172.00
25.3700      176.00
25.3900      168.00
25.4100      178.00
25.4300      189.00
25.4500      180.00
25.4700      174.00
25.4900      168.00
25.5100      213.00
25.5300      216.00
25.5500      223.00
25.5700      209.00
25.5900      207.00
25.6100      197.00
25.6300      205.00
25.6500      196.00
25.6700      201.00
25.6900      185.00
25.7100      211.00
25.7300      191.00
25.7500      200.00
25.7700      208.00
25.7900      249.00
25.8100      220.00
25.8300      229.00
25.8500      262.00
25.8700      263.00
25.8900      299.00
25.9100      306.00
25.9300      316.00
25.9500      338.00
25.9700      342.00
25.9900      373.00
26.0100      401.00
26.0300      428.00
26.0500      440.00
26.0700      388.00
26.0900      445.00
26.1100      440.00
26.1300      485.00
26.1500      526.00
26.1700      595.00
26.1900      564.00
26.2100      578.00
26.2300      610.00
26.2500      536.00
26.2700      542.00
26.2900      546.00
26.3100      502.00
26.3300      448.00
26.3500      513.00
26.3700      458.00
26.3900      464.00
26.4100      469.00
26.4300      419.00
26.4500      460.00
26.4700      473.00
26.4900      425.00
26.5100      423.00
26.5300      411.00
26.5500      407.00
26.5700      369.00
26.5900      312.00
26.6100      328.00
26.6300      281.00
26.6500      241.00
26.6700      205.00
26.6900      187.00
26.7100      239.00
26.7300      204.00
26.7500      192.00
26.7700      204.00
26.7900      208.00
26.8100      201.00
26.8300      222.00
26.8500      201.00
26.8700      192.00
26.8900      225.00
26.9100      241.00
26.9300      226.00
26.9500      246.00
26.9700      235.00
26.9900      231.00
27.0100      267.00
27.0300      280.00
27.0500      266.00
27.0700      230.00
27.0900      234.00
27.1100      221.00
27.1300      221.00
27.1500      267.00
27.1700      270.00
27.1900      284.00
27.2100      307.00
27.2300      327.00
27.2500      347.00
27.2700      364.00
27.2900      399.00
27.3100      374.00
27.3300      361.00
27.3500      338.00
27.3700      331.00
27.3900      379.00
27.4100      355.00
27.4300      348.00
27.4500      372.00
27.4700      438.00
27.4900      477.00
27.5100      529.00
27.5300      557.00
27.5500      705.00
27.5700      812.00
27.5900      931.00
27.6100      991.00
27.6300      989.00
27.6500     1026.00
27.6700     1086.00
27.6900      922.00
27.7100      863.00
27.7300      664.00
27.7500      640.00
27.7700      551.00
27.7900      456.00
27.8100      460.00
27.8300      388.00
27.8500      348.00
27.8700      352.00
27.8900      331.00
27.9100      307.00
27.9300      318.00
27.9500      314.00
27.9700      315.00
27.9900      320.00
28.0100      255.00
28.0300      279.00
28.0500      273.00
28.0700      296.00
28.0900      267.00
28.1100      270.00
28.1300      267.00
28.1500      254.00
28.1700      247.00
28.1900      288.00
28.2100      286.00
28.2300      324.00
28.2500      331.00
28.2700      371.00
28.2900      395.00
28.3100      495.00
28.3300      546.00
28.3500      564.00
28.3700      683.00
28.3900      809.00
28.4100      827.00
28.4300      966.00
28.4500     1007.00
28.4700     1178.00
28.4900     1178.00
28.5100     1174.00
28.5300     1072.00
28.5500     1085.00
28.5700      982.00
28.5900      918.00
28.6100      761.00
28.6300      640.00
28.6500      658.00
28.6700      606.00
28.6900      547.00
28.7100      532.00
28.7300      489.00
28.7500      510.00
28.7700      452.00
28.7900      452.00
28.8100      398.00
28.8300      368.00
28.8500      382.00
28.8700      321.00
28.8900      325.00
28.9100      355.00
28.9300      298.00
28.9500      334.00
28.9700      369.00
28.9900      342.00
29.0100      371.00
29.0300      355.00
29.0500      373.00
29.0700      372.00
29.0900      392.00
29.1100      424.00
29.1300      405.00
29.1500      492.00
29.1700      457.00
29.1900      458.00
29.2100      480.00
29.2300      471.00
29.2500      464.00
29.2700      432.00
29.2900      431.00
29.3100      416.00
29.3300      405.00
29.3500      411.00
29.3700      498.00
29.3900      508.00
29.4100      573.00
29.4300      584.00
29.4500      624.00
29.4700      590.00
29.4900      587.00
29.5100      557.00
29.5300      478.00
29.5500      442.00
29.5700      350.00
29.5900      295.00
29.6100      293.00
29.6300      246.00
29.6500      227.00
29.6700      203.00
29.6900      209.00
29.7100      206.00
29.7300      214.00
29.7500      186.00
29.7700      190.00
29.7900      189.00
29.8100      178.00
29.8300      193.00
29.8500      189.00
29.8700      204.00
29.8900      214.00
29.9100      216.00
29.9300      217.00
29.9500      239.00
29.9700      272.00
29.9900      275.00
30.0100      264.00
30.0300      344.00
30.0500      343.00
30.0700      369.00
30.0900      387.00
30.1100      397.00
30.1300      398.00
30.1500      370.00
30.1700      394.00
30.1900      364.00
30.2100      393.00
30.2300      366.00
30.2500      352.00
30.2700      354.00
30.2900      316.00
30.3100      335.00
30.3300      313.00
30.3500      252.00
30.3700      271.00
30.3900      256.00
30.4100      225.00
30.4300      219.00
30.4500      222.00
30.4700      217.00
30.4900      184.00
30.5100      220.00
30.5300      198.00
30.5500      204.00
30.5700      201.00
30.5900      210.00
30.6100      242.00
30.6300      232.00
30.6500      221.00
30.6700      232.00
30.6900      246.00
30.7100      235.00
30.7300      208.00
30.7500      211.00
30.7700      180.00
30.7900      206.00
30.8100      192.00
30.8300      207.00
30.8500      209.00
30.8700      179.00
30.8900      200.00
30.9100      199.00
30.9300      205.00
30.9500      234.00
30.9700      224.00
30.9900      209.00
31.0100      209.00
31.0300      211.00
31.0500      224.00
31.0700      180.00
31.0900      190.00
31.1100      186.00
31.1300      153.00
31.1500      153.00
31.1700      158.00
31.1900      159.00
31.2100      164.00
31.2300      145.00
31.2500      199.00
31.2700      161.00
31.2900      153.00
31.3100      181.00
31.3300      177.00
31.3500      154.00
31.3700      170.00
31.3900      169.00
31.4100      146.00
31.4300      179.00
31.4500      192.00
31.4700      205.00
31.4900      216.00
31.5100      229.00
31.5300      227.00
31.5500      210.00
31.5700      217.00
31.5900      230.00
31.6100      258.00
31.6300      211.00
31.6500      198.00
31.6700      198.00
31.6900      197.00
31.7100      177.00
31.7300      188.00
31.7500      176.00
31.7700      192.00
31.7900      168.00
31.8100      180.00
31.8300      205.00
31.8500      188.00
31.8700      214.00
31.8900      215.00
31.9100      231.00
31.9300      224.00
31.9500      245.00
31.9700      254.00
31.9900      299.00
32.0100      258.00
32.0300      290.00
32.0500      265.00
32.0700      284.00
32.0900      294.00
32.1100      277.00
32.1300      304.00
32.1500      284.00
32.1700      290.00
32.1900      288.00
32.2100      281.00
32.2300      280.00
32.2500      302.00
32.2700      266.00
32.2900      269.00
32.3100      295.00
32.3300      302.00
32.3500      304.00
32.3700      282.00
32.3900      302.00
32.4100      342.00
32.4300      293.00
32.4500      314.00
32.4700      339.00
32.4900      311.00
32.5100      368.00
32.5300      323.00
32.5500      380.00
32.5700      375.00
32.5900      363.00
32.6100      360.00
32.6300      331.00
32.6500      339.00
32.6700      330.00
32.6900      308.00
32.7100      254.00
32.7300      306.00
32.7500      243.00
32.7700      282.00
32.7900      274.00
32.8100      283.00
32.8300      230.00
32.8500      247.00
32.8700      234.00
32.8900      243.00
32.9100      247.00
32.9300      231.00
32.9500      228.00
32.9700      262.00
32.9900      225.00
33.0100      240.00
33.0300      267.00
33.0500      255.00
33.0700      262.00
33.0900      265.00
33.1100      257.00
33.1300      275.00
33.1500      283.00
33.1700      287.00
33.1900      328.00
33.2100      333.00
33.2300      351.00
33.2500      394.00
33.2700      349.00
33.2900      358.00
33.3100      368.00
33.3300      343.00
33.3500      375.00
33.3700      324.00
33.3900      329.00
33.4100      314.00
33.4300      304.00
33.4500      285.00
33.4700      297.00
33.4900      265.00
33.5100      282.00
33.5300      256.00
33.5500      200.00
33.5700      209.00
33.5900      226.00
33.6100      195.00
33.6300      205.00
33.6500      202.00
33.6700      184.00
33.6900      169.00
33.7100      178.00
33.7300      169.00
33.7500      161.00
33.7700      143.00
33.7900      190.00
33.8100      176.00
33.8300      174.00
33.8500      175.00
33.8700      185.00
33.8900      191.00
33.9100      175.00
33.9300      172.00
33.9500      178.00
33.9700      210.00
33.9900      181.00
34.0100      186.00
34.0300      198.00
34.0500      227.00
34.0700      214.00
34.0900      269.00
34.1100      267.00
34.1300      265.00
34.1500      336.00
34.1700      316.00
34.1900      330.00
34.2100      334.00
34.2300      333.00
34.2500      319.00
34.2700      284.00
34.2900      263.00
34.3100      222.00
34.3300      224.00
34.3500      217.00
34.3700      175.00
34.3900      196.00
34.4100      182.00
34.4300      166.00
34.4500      185.00
34.4700      184.00
34.4900      181.00
34.5100      162.00
34.5300      175.00
34.5500      179.00
34.5700      184.00
34.5900      160.00
34.6100      183.00
34.6300      182.00
34.6500      151.00
34.6700      159.00
34.6900      180.00
34.7100      169.00
34.7300      226.00
34.7500      205.00
34.7700      229.00
34.7900      186.00
34.8100      191.00
34.8300      214.00
34.8500      204.00
34.8700      186.00
34.8900      202.00
34.9100      175.00
34.9300      186.00
34.9500      175.00
34.9700      180.00
34.9900      201.00
