 2.2000      264.00
 2.2200      319.00
 2.2400      296.00
 2.2600      276.00
 2.2800      271.00
 2.3000      283.00
 2.3200      306.00
 2.3400      279.00
 2.3600      292.00
 2.3800      278.00
 2.4000      261.00
 2.4200      275.00
 2.4400      304.00
 2.4600      266.00
 2.4800      300.00
 2.5000      265.00
 2.5200      292.00
 2.5400      278.00
 2.5600      284.00
 2.5800      297.00
 2.6000      318.00
 2.6200      282.00
 2.6400      258.00
 2.6600      283.00
 2.6800      291.00
 2.7000      289.00
 2.7200      263.00
 2.7400      265.00
 2.7600      296.00
 2.7800      269.00
 2.8000      289.00
 2.8200      257.00
 2.8400      275.00
 2.8600      244.00
 2.8800      262.00
 2.9000      299.00
 2.9200      248.00
 2.9400      304.00
 2.9600      269.00
 2.9800      282.00
 3.0000      286.00
 3.0200      307.00
 3.0400      263.00
 3.0600      279.00
 3.0800      281.00
 3.1000      269.00
 3.1200      270.00
 3.1400      281.00
 3.1600      270.00
 3.1800      250.00
 3.2000      265.00
 3.2200      252.00
 3.2400      255.00
 3.2600      274.00
 3.2800      260.00
 3.3000      259.00
 3.3200      262.00
 3.3400      245.00
 3.3600      268.00
 3.3800      248.00
 3.4000      241.00
 3.4200      260.00
 3.4400      277.00
 3.4600      254.00
 3.4800      234.00
 3.5000      230.00
 3.5200      269.00
 3.5400      270.00
 3.5600      248.00
 3.5800      244.00
 3.6000      243.00
 3.6200      243.00
 3.6400      246.00
 3.6600      257.00
 3.6800      237.00
 3.7000      262.00
 3.7200      223.00
 3.7400      218.00
 3.7600      250.00
 3.7800      252.00
 3.8000      219.00
 3.8200      213.00
 3.8400      246.00
 3.8600      202.00
 3.8800      233.00
 3.9000      219.00
 3.9200      221.00
 3.9400      196.00
 3.9600      245.00
 3.9800      235.00
 4.0000      200.00
 4.0200      228.00
 4.0400      220.00
 4.0600      209.00
 4.0800      197.00
 4.1000      191.00
 4.1200      229.00
 4.1400      245.00
 4.1600      220.00
 4.1800      197.00
 4.2000      190.00
 4.2200      218.00
 4.2400      210.00
 4.2600      211.00
 4.2800      213.00
 4.3000      186.00
 4.3200      180.00
 4.3400      221.00
 4.3600      197.00
 4.3800      216.00
 4.4000      184.00
 4.4200      177.00
 4.4400      196.00
 4.4600      185.00
 4.4800      191.00
 4.5000      205.00
 4.5200      182.00
 4.5400      173.00
 4.5600      196.00
 4.5800      198.00
 4.6000      200.00
 4.6200      178.00
 4.6400      204.00
 4.6600      176.00
 4.6800      167.00
 4.7000      176.00
 4.7200      176.00
 4.7400      183.00
 4.7600      180.00
 4.7800      173.00
 4.8000      193.00
 4.8200      188.00
 4.8400      178.00
 4.8600      165.00
 4.8800      188.00
 4.9000      187.00
 4.9200      183.00
 4.9400      185.00
 4.9600      177.00
 4.9800      160.00
 5.0000      166.00
 5.0200      160.00
 5.0400      184.00
 5.0600      167.00
 5.0800      179.00
 5.1000      167.00
 5.1200      161.00
 5.1400      184.00
 5.1600      182.00
 5.1800      180.00
 5.2000      162.00
 5.2200      197.00
 5.2400      167.00
 5.2600      207.00
 5.2800      192.00
 5.3000      171.00
 5.3200      168.00
 5.3400      180.00
 5.3600      187.00
 5.3800      184.00
 5.4000      223.00
 5.4200      163.00
 5.4400      204.00
 5.4600      182.00
 5.4800      191.00
 5.5000      157.00
 5.5200      181.00
 5.5400      189.00
 5.5600      159.00
 5.5800      180.00
 5.6000      187.00
 5.6200      168.00
 5.6400      178.00
 5.6600      190.00
 5.6800      190.00
 5.7000      181.00
 5.7200      162.00
 5.7400      210.00
 5.7600      197.00
 5.7800      196.00
 5.8000      184.00
 5.8200      220.00
 5.8400      212.00
 5.8600      200.00
 5.8800      224.00
 5.9000      203.00
 5.9200      216.00
 5.9400      232.00
 5.9600      219.00
 5.9800      238.00
 6.0000      240.00
 6.0200      217.00
 6.0400      246.00
 6.0600      270.00
 6.0800      257.00
 6.1000      273.00
 6.1200      295.00
 6.1400      287.00
 6.1600      285.00
 6.1800      334.00
 6.2000      305.00
 6.2200      366.00
 6.2400      378.00
 6.2600      427.00
 6.2800      456.00
 6.3000      449.00
 6.3200      538.00
 6.3400      591.00
 6.3600      591.00
 6.3800      671.00
 6.4000      725.00
 6.4200      745.00
 6.4400      746.00
 6.4600      815.00
 6.4800      866.00
 6.5000      944.00
 6.5200      980.00
 6.5400     1035.00
 6.5600     1104.00
 6.5800     1014.00
 6.6000      974.00
 6.6200      943.00
 6.6400      825.00
 6.6600      624.00
 6.6800      560.00
 6.7000      418.00
 6.7200      370.00
 6.7400      297.00
 6.7600      244.00
 6.7800      217.00
 6.8000      226.00
 6.8200      201.00
 6.8400      163.00
 6.8600      228.00
 6.8800      181.00
 6.9000      185.00
 6.9200      185.00
 6.9400      191.00
 6.9600      186.00
 6.9800      189.00
 7.0000      165.00
 7.0200      188.00
 7.0400      196.00
 7.0600      192.00
 7.0800      172.00
 7.1000      188.00
 7.1200      174.00
 7.1400      158.00
 7.1600      161.00
 7.1800      184.00
 7.2000      161.00
 7.2200      187.00
 7.2400      164.00
 7.2600      189.00
 7.2800      196.00
 7.3000      178.00
 7.3200      172.00
 7.3400      168.00
 7.3600      170.00
 7.3800      173.00
 7.4000      209.00
 7.4200      193.00
 7.4400      176.00
 7.4600      189.00
 7.4800      207.00
 7.5000      173.00
 7.5200      193.00
 7.5400      175.00
 7.5600      179.00
 7.5800      166.00
 7.6000      184.00
 7.6200      195.00
 7.6400      197.00
 7.6600      178.00
 7.6800      200.00
 7.7000      163.00
 7.7200      191.00
 7.7400      165.00
 7.7600      178.00
 7.7800      190.00
 7.8000      179.00
 7.8200      193.00
 7.8400      186.00
 7.8600      163.00
 7.8800      195.00
 7.9000      172.00
 7.9200      205.00
 7.9400      179.00
 7.9600      179.00
 7.9800      162.00
 8.0000      165.00
 8.0200      173.00
 8.0400      185.00
 8.0600      187.00
 8.0800      199.00
 8.1000      171.00
 8.1200      180.00
 8.1400      198.00
 8.1600      209.00
 8.1800      175.00
 8.2000      195.00
 8.2200      217.00
 8.2400      193.00
 8.2600      211.00
 8.2800      199.00
 8.3000      189.00
 8.3200      207.00
 8.3400      195.00
 8.3600      210.00
 8.3800      200.00
 8.4000      196.00
 8.4200      242.00
 8.4400      212.00
 8.4600      218.00
 8.4800      224.00
 8.5000      240.00
 8.5200      265.00
 8.5400      248.00
 8.5600      250.00
 8.5800      284.00
 8.6000      316.00
 8.6200      324.00
 8.6400      353.00
 8.6600      378.00
 8.6800      404.00
 8.7000      397.00
 8.7200      436.00
 8.7400      484.00
 8.7600      519.00
 8.7800      588.00
 8.8000      604.00
 8.8200      706.00
 8.8400      747.00
 8.8600      800.00
 8.8800      890.00
 8.9000      909.00
 8.9200      995.00
 8.9400     1054.00
 8.9600     1117.00
 8.9800     1186.00
 9.0000     1278.00
 9.0200     1226.00
 9.0400     1248.00
 9.0600     1236.00
 9.0800     1147.00
 9.1000     1006.00
 9.1200      975.00
 9.1400      777.00
 9.1600      656.00
 9.1800      466.00
 9.2000      390.00
 9.2200      336.00
 9.2400      299.00
 9.2600      249.00
 9.2800      253.00
 9.3000      223.00
 9.3200      237.00
 9.3400      249.00
 9.3600      222.00
 9.3800      200.00
 9.4000      217.00
 9.4200      216.00
 9.4400      228.00
 9.4600      222.00
 9.4800      205.00
 9.5000      188.00
 9.5200      232.00
 9.5400      212.00
 9.5600      224.00
 9.5800      216.00
 9.6000      248.00
 9.6200      221.00
 9.6400      215.00
 9.6600      202.00
 9.6800      227.00
 9.7000      240.00
 9.7200      252.00
 9.7400      247.00
 9.7600      280.00
 9.7800      261.00
 9.8000      272.00
 9.8200      255.00
 9.8400      266.00
 9.8600      275.00
 9.8800      244.00
 9.9000      251.00
 9.9200      252.00
 9.9400      283.00
 9.9600      262.00
 9.9800      244.00
10.0000      215.00
10.0200      224.00
10.0400      220.00
10.0600      216.00
10.0800      210.00
10.1000      200.00
10.1200      248.00
10.1400      202.00
10.1600      199.00
10.1800      210.00
10.2000      202.00
10.2200      223.00
10.2400      204.00
10.2600      199.00
10.2800      202.00
10.3000      214.00
10.3200      242.00
10.3400      242.00
10.3600      222.00
10.3800      218.00
10.4000      240.00
10.4200      232.00
10.4400      248.00
10.4600      260.00
10.4800      235.00
10.5000      279.00
10.5200      245.00
10.5400      251.00
10.5600      232.00
10.5800      260.00
10.6000      233.00
10.6200      277.00
10.6400      222.00
10.6600      230.00
10.6800      228.00
10.7000      218.00
10.7200      227.00
10.7400      205.00
10.7600      212.00
10.7800      210.00
10.8000      204.00
10.8200      235.00
10.8400      199.00
10.8600      212.00
10.8800      205.00
10.9000      206.00
10.9200      198.00
10.9400      189.00
10.9600      206.00
10.9800      238.00
11.0000      205.00
11.0200      194.00
11.0400      198.00
11.0600      199.00
11.0800      212.00
11.1000      200.00
11.1200      189.00
11.1400      215.00
11.1600      212.00
11.1800      238.00
11.2000      204.00
11.2200      202.00
11.2400      195.00
11.2600      187.00
11.2800      208.00
11.3000      206.00
11.3200      214.00
11.3400      211.00
11.3600      217.00
11.3800      221.00
11.4000      202.00
11.4200      241.00
11.4400      238.00
11.4600      212.00
11.4800      220.00
11.5000      221.00
11.5200      217.00
11.5400      250.00
11.5600      260.00
11.5800      259.00
11.6000      233.00
11.6200      225.00
11.6400      228.00
11.6600      255.00
11.6800      265.00
11.7000      276.00
11.7200      275.00
11.7400      213.00
11.7600      235.00
11.7800      245.00
11.8000      222.00
11.8200      222.00
11.8400      207.00
11.8600      240.00
11.8800      217.00
11.9000      245.00
11.9200      251.00
11.9400      251.00
11.9600      242.00
11.9800      267.00
12.0000      249.00
12.0200      263.00
12.0400      281.00
12.0600      317.00
12.0800      331.00
12.1000      318.00
12.1200      399.00
12.1400      383.00
12.1600      477.00
12.1800      487.00
12.2000      511.00
12.2200      580.00
12.2400      600.00
12.2600      663.00
12.2800      725.00
12.3000      744.00
12.3200      821.00
12.3400      879.00
12.3600      913.00
12.3800      937.00
12.4000      982.00
12.4200      936.00
12.4400      907.00
12.4600      958.00
12.4800      903.00
12.5000      898.00
12.5200      834.00
12.5400      791.00
12.5600      708.00
12.5800      765.00
12.6000      724.00
12.6200      803.00
12.6400      758.00
12.6600      783.00
12.6800      815.00
12.7000      779.00
12.7200      800.00
12.7400      853.00
12.7600      858.00
12.7800      854.00
12.8000      810.00
12.8200      838.00
12.8400      806.00
12.8600      708.00
12.8800      653.00
12.9000      594.00
12.9200      531.00
12.9400      492.00
12.9600      438.00
12.9800      409.00
13.0000      429.00
13.0200      402.00
13.0400      396.00
13.0600      406.00
13.0800      372.00
13.1000      350.00
13.1200      342.00
13.1400      285.00
13.1600      280.00
13.1800      233.00
13.2000      231.00
13.2200      240.00
13.2400      230.00
13.2600      219.00
13.2800      250.00
13.3000      227.00
13.3200      238.00
13.3400      245.00
13.3600      248.00
13.3800      223.00
13.4000      222.00
13.4200      237.00
13.4400      236.00
13.4600      222.00
13.4800      214.00
13.5000      241.00
13.5200      242.00
13.5400      216.00
13.5600      218.00
13.5800      235.00
13.6000      236.00
13.6200      262.00
13.6400      220.00
13.6600      239.00
13.6800      260.00
13.7000      249.00
13.7200      268.00
13.7400      275.00
13.7600      259.00
13.7800      292.00
13.8000      303.00
13.8200      299.00
13.8400      342.00
13.8600      317.00
13.8800      330.00
13.9000      362.00
13.9200      377.00
13.9400      373.00
13.9600      437.00
13.9800      414.00
14.0000      402.00
14.0200      394.00
14.0400      393.00
14.0600      389.00
14.0800      349.00
14.1000      303.00
14.1200      310.00
14.1400      312.00
14.1600      319.00
14.1800      283.00
14.2000      337.00
14.2200      295.00
14.2400      333.00
14.2600      318.00
14.2800      346.00
14.3000      325.00
14.3200      342.00
14.3400      354.00
14.3600      380.00
14.3800      356.00
14.4000      337.00
14.4200      364.00
14.4400      335.00
14.4600      284.00
14.4800      305.00
14.5000      305.00
14.5200      337.00
14.5400      285.00
14.5600      276.00
14.5800      296.00
14.6000      264.00
14.6200      290.00
14.6400      271.00
14.6600      296.00
14.6800      306.00
14.7000      284.00
14.7200      317.00
14.7400      336.00
14.7600      310.00
14.7800      311.00
14.8000      373.00
14.8200      322.00
14.8400      352.00
14.8600      407.00
14.8800      425.00
14.9000      462.00
14.9200      530.00
14.9400      505.00
14.9600      496.00
14.9800      578.00
15.0000      562.00
15.0200      600.00
15.0400      585.00
15.0600      583.00
15.0800      578.00
15.1000      559.00
15.1200      577.00
15.1400      482.00
15.1600      477.00
15.1800      532.00
15.2000      482.00
15.2200      446.00
15.2400      408.00
15.2600      420.00
15.2800      406.00
15.3000      396.00
15.3200      392.00
15.3400      368.00
15.3600      330.00
15.3800      329.00
15.4000      296.00
15.4200      277.00
15.4400      242.00
15.4600      226.00
15.4800      243.00
15.5000      207.00
15.5200      217.00
15.5400      234.00
15.5600      220.00
15.5800      217.00
15.6000      217.00
15.6200      215.00
15.6400      209.00
15.6600      270.00
15.6800      209.00
15.7000      229.00
15.7200      213.00
15.7400      203.00
15.7600      210.00
15.7800      226.00
15.8000      206.00
15.8200      205.00
15.8400      236.00
15.8600      282.00
15.8800      218.00
15.9000      225.00
15.9200      255.00
15.9400      249.00
15.9600      276.00
15.9800      251.00
16.0000      308.00
16.0200      291.00
16.0400      291.00
16.0600      274.00
16.0800      307.00
16.1000      296.00
16.1200      298.00
16.1400      331.00
16.1600      311.00
16.1800      346.00
16.2000      325.00
16.2200      330.00
16.2400      346.00
16.2600      323.00
16.2800      304.00
16.3000      323.00
16.3200      336.00
16.3400      331.00
16.3600      285.00
16.3800      287.00
16.4000      283.00
16.4200      255.00
16.4400      271.00
16.4600      253.00
16.4800      233.00
16.5000      208.00
16.5200      207.00
16.5400      236.00
16.5600      252.00
16.5800      223.00
16.6000      228.00
16.6200      243.00
16.6400      237.00
16.6600      236.00
16.6800      242.00
16.7000      231.00
16.7200      214.00
16.7400      238.00
16.7600      214.00
16.7800      215.00
16.8000      253.00
16.8200      225.00
16.8400      229.00
16.8600      193.00
16.8800      229.00
16.9000      248.00
16.9200      247.00
16.9400      230.00
16.9600      203.00
16.9800      238.00
17.0000      245.00
17.0200      235.00
17.0400      222.00
17.0600      258.00
17.0800      236.00
17.1000      238.00
17.1200      279.00
17.1400      260.00
17.1600      251.00
17.1800      266.00
17.2000      285.00
17.2200      262.00
17.2400      289.00
17.2600      290.00
17.2800      297.00
17.3000      317.00
17.3200      323.00
17.3400      345.00
17.3600      315.00
17.3800      349.00
17.4000      353.00
17.4200      390.00
17.4400      388.00
17.4600      418.00
17.4800      391.00
17.5000      452.00
17.5200      476.00
17.5400      536.00
17.5600      558.00
17.5800      538.00
17.6000      575.00
17.6200      640.00
17.6400      714.00
17.6600      741.00
17.6800      825.00
17.7000      932.00
17.7200     1078.00
17.7400     1183.00
17.7600     1406.00
17.7800     1516.00
17.8000     1790.00
17.8200     2060.00
17.8400     2285.00
17.8600     2466.00
17.8800     2776.00
17.9000     3002.00
17.9200     3119.00
17.9400     3392.00
17.9600     3522.00
17.9800     3485.00
18.0000     3507.00
18.0200     3377.00
18.0400     3185.00
18.0600     2986.00
18.0800     2557.00
18.1000     2264.00
18.1200     1843.00
18.1400     1526.00
18.1600     1205.00
18.1800      968.00
18.2000      733.00
18.2200      641.00
18.2400      540.00
18.2600      500.00
18.2800      436.00
18.3000      439.00
18.3200      458.00
18.3400      448.00
18.3600      419.00
18.3800      493.00
18.4000      461.00
18.4200      448.00
18.4400      455.00
18.4600      475.00
18.4800      440.00
18.5000      481.00
18.5200      473.00
18.5400      437.00
18.5600      510.00
18.5800      402.00
18.6000      423.00
18.6200      380.00
18.6400      350.00
18.6600      324.00
18.6800      305.00
18.7000      289.00
18.7200      295.00
18.7400      281.00
18.7600      277.00
18.7800      255.00
18.8000      260.00
18.8200      253.00
18.8400      281.00
18.8600      262.00
18.8800      250.00
18.9000      280.00
18.9200      266.00
18.9400      260.00
18.9600      278.00
18.9800      251.00
19.0000      285.00
19.0200      264.00
19.0400      293.00
19.0600      270.00
19.0800      266.00
19.1000      333.00
19.1200      334.00
19.1400      337.00
19.1600      309.00
19.1800      348.00
19.2000      367.00
19.2200      396.00
19.2400      406.00
19.2600      420.00
19.2800      489.00
19.3000      537.00
19.3200      553.00
19.3400      634.00
19.3600      683.00
19.3800      675.00
19.4000      767.00
19.4200      808.00
19.4400      827.00
19.4600      826.00
19.4800      831.00
19.5000      904.00
19.5200      866.00
19.5400      790.00
19.5600      842.00
19.5800      828.00
19.6000      772.00
19.6200      832.00
19.6400      830.00
19.6600      773.00
19.6800      879.00
19.7000      824.00
19.7200      847.00
19.7400      895.00
19.7600      823.00
19.7800      861.00
19.8000      806.00
19.8200      743.00
19.8400      688.00
19.8600      699.00
19.8800      594.00
19.9000      614.00
19.9200      509.00
19.9400      485.00
19.9600      466.00
19.9800      475.00
20.0000      498.00
20.0200      486.00
20.0400      570.00
20.0600      603.00
20.0800      648.00
20.1000      635.00
20.1200      711.00
20.1400      704.00
20.1600      821.00
20.1800      785.00
20.2000      747.00
20.2200      762.00
20.2400      720.00
20.2600      709.00
20.2800      629.00
20.3000      577.00
20.3200      579.00
20.3400      480.00
20.3600      440.00
20.3800      444.00
20.4000      393.00
20.4200      359.00
20.4400      422.00
20.4600      367.00
20.4800      390.00
20.5000      383.00
20.5200      388.00
20.5400      422.00
20.5600      422.00
20.5800      435.00
20.6000      443.00
20.6200      492.00
20.6400      465.00
20.6600      470.00
20.6800      486.00
20.7000      487.00
20.7200      472.00
20.7400      498.00
20.7600      506.00
20.7800      486.00
20.8000      471.00
20.8200      450.00
20.8400      437.00
20.8600      395.00
20.8800      422.00
20.9000      416.00
20.9200      405.00
20.9400      398.00
20.9600      433.00
20.9800      419.00
21.0000      432.00
21.0200      441.00
21.0400      441.00
21.0600      512.00
21.0800      501.00
21.1000      517.00
21.1200      531.00
21.1400      594.00
21.1600      596.00
21.1800      611.00
21.2000      688.00
21.2200      674.00
21.2400      764.00
21.2600      775.00
21.2800      850.00
21.3000      830.00
21.3200      882.00
21.3400      932.00
21.3600      977.00
21.3800     1004.00
21.4000     1040.00
21.4200     1091.00
21.4400     1058.00
21.4600     1086.00
21.4800     1072.00
21.5000     1005.00
21.5200     1018.00
21.5400     1042.00
21.5600     1034.00
21.5800      979.00
21.6000      919.00
21.6200      863.00
21.6400      819.00
21.6600      766.00
21.6800      685.00
21.7000      647.00
21.7200      586.00
21.7400      478.00
21.7600      434.00
21.7800      415.00
21.8000      366.00
21.8200      382.00
21.8400      371.00
21.8600      400.00
21.8800      369.00
21.9000      411.00
21.9200      415.00
21.9400      356.00
21.9600      382.00
21.9800      382.00
22.0000      407.00
22.0200      401.00
22.0400      430.00
22.0600      422.00
22.0800      391.00
22.1000      350.00
22.1200      394.00
22.1400      352.00
22.1600      362.00
22.1800      365.00
22.2000      383.00
22.2200      413.00
22.2400      434.00
22.2600      455.00
22.2800      522.00
22.3000      598.00
22.3200      623.00
22.3400      597.00
22.3600      738.00
22.3800      722.00
22.4000      703.00
22.4200      762.00
22.4400      773.00
22.4600      760.00
22.4800      652.00
22.5000      675.00
22.5200      625.00
22.5400      576.00
22.5600      554.00
22.5800      498.00
22.6000      427.00
22.6200      437.00
22.6400      373.00
22.6600      371.00
22.6800      388.00
22.7000      382.00
22.7200      408.00
22.7400      418.00
22.7600      443.00
22.7800      463.00
22.8000      460.00
22.8200      472.00
22.8400      470.00
22.8600      516.00
22.8800      532.00
22.9000      536.00
22.9200      571.00
22.9400      540.00
22.9600      581.00
22.9800      576.00
23.0000      577.00
23.0200      593.00
23.0400      538.00
23.0600      572.00
23.0800      615.00
23.1000      665.00
23.1200      659.00
23.1400      670.00
23.1600      751.00
23.1800      771.00
23.2000      788.00
23.2200      817.00
23.2400      934.00
23.2600      878.00
23.2800      857.00
23.3000      874.00
23.3200      916.00
23.3400      915.00
23.3600      856.00
23.3800      856.00
23.4000      733.00
23.4200      718.00
23.4400      640.00
23.4600      558.00
23.4800      480.00
23.5000      462.00
23.5200      454.00
23.5400      404.00
23.5600      346.00
23.5800      344.00
23.6000      341.00
23.6200      304.00
23.6400      318.00
23.6600      315.00
23.6800      330.00
23.7000      258.00
23.7200      288.00
23.7400      299.00
23.7600      281.00
23.7800      267.00
23.8000      258.00
23.8200      273.00
23.8400      244.00
23.8600      260.00
23.8800      267.00
23.9000      278.00
23.9200      251.00
23.9400      272.00
23.9600      261.00
23.9800      294.00
24.0000      342.00
24.0200      306.00
24.0400      312.00
24.0600      304.00
24.0800      328.00
24.1000      338.00
24.1200      347.00
24.1400      337.00
24.1600      369.00
24.1800      373.00
24.2000      352.00
24.2200      385.00
24.2400      420.00
24.2600      397.00
24.2800      437.00
24.3000      421.00
24.3200      415.00
24.3400      416.00
24.3600      406.00
24.3800      393.00
24.4000      359.00
24.4200      369.00
24.4400      371.00
24.4600      358.00
24.4800      311.00
24.5000      328.00
24.5200      322.00
24.5400      295.00
24.5600      290.00
24.5800      295.00
24.6000      304.00
24.6200      280.00
24.6400      313.00
24.6600      286.00
24.6800      302.00
24.7000      291.00
24.7200      319.00
24.7400      305.00
24.7600      364.00
24.7800      392.00
24.8000      374.00
24.8200      461.00
24.8400      483.00
24.8600      541.00
24.8800      552.00
24.9000      686.00
24.9200      786.00
24.9400      758.00
24.9600      830.00
24.9800      899.00
25.0000      896.00
25.0200      923.00
25.0400     1015.00
25.0600      967.00
25.0800      955.00
25.1000      914.00
25.1200      873.00
25.1400      783.00
25.1600      761.00
25.1800      711.00
25.2000      650.00
25.2200      554.00
25.2400      511.00
25.2600      527.00
25.2800      505.00
25.3000      521.00
25.3200      535.00
25.3400      607.00
25.3600      587.00
25.3800      620.00
25.4000      702.00
25.4200      760.00
25.4400      880.00
25.4600      954.00
25.4800     1015.00
25.5000      995.00
25.5200     1060.00
25.5400     1038.00
25.5600     1023.00
25.5800     1085.00
25.6000     1020.00
25.6200      911.00
25.6400      850.00
25.6600      779.00
25.6800      738.00
25.7000      646.00
25.7200      558.00
25.7400      522.00
25.7600      556.00
25.7800      431.00
25.8000      448.00
25.8200      428.00
25.8400      383.00
25.8600      396.00
25.8800      389.00
25.9000      437.00
25.9200      390.00
25.9400      383.00
25.9600      405.00
25.9800      373.00
26.0000      378.00
26.0200      387.00
26.0400      390.00
26.0600      357.00
26.0800      377.00
26.1000      339.00
26.1200      363.00
26.1400      347.00
26.1600      373.00
26.1800      367.00
26.2000      395.00
26.2200      374.00
26.2400      399.00
26.2600      396.00
26.2800      390.00
26.3000      463.00
26.3200      451.00
26.3400      454.00
26.3600      471.00
26.3800      466.00
26.4000      484.00
26.4200      472.00
26.4400      487.00
26.4600      469.00
26.4800      507.00
26.5000      484.00
26.5200      516.00
26.5400      486.00
26.5600      451.00
26.5800      420.00
26.6000      434.00
26.6200      443.00
26.6400      452.00
26.6600      443.00
26.6800      437.00
26.7000      425.00
26.7200      475.00
26.7400      491.00
26.7600      469.00
26.7800      490.00
26.8000      607.00
26.8200      675.00
26.8400      739.00
26.8600      877.00
26.8800      989.00
26.9000     1260.00
26.9200     1450.00
26.9400     1581.00
26.9600     1885.00
26.9800     2028.00
27.0000     2296.00
27.0200     2488.00
27.0400     2602.00
27.0600     2718.00
27.0800     2685.00
27.1000     2833.00
27.1200     2822.00
27.1400     2643.00
27.1600     2546.00
27.1800     2400.00
27.2000     2107.00
27.2200     1942.00
27.2400     1643.00
27.2600     1441.00
27.2800     1198.00
27.3000     1031.00
27.3200      850.00
27.3400      695.00
27.3600      656.00
27.3800      516.00
27.4000      433.00
27.4200      447.00
27.4400      410.00
27.4600      380.00
27.4800      379.00
27.5000      399.00
27.5200      420.00
27.5400      380.00
27.5600      429.00
27.5800      461.00
27.6000      472.00
27.6200      447.00
27.6400      515.00
27.6600      530.00
27.6800      533.00
27.7000      580.00
27.7200      573.00
27.7400      595.00
27.7600      596.00
27.7800      663.00
27.8000      543.00
27.8200      566.00
27.8400      534.00
27.8600      541.00
27.8800      523.00
27.9000      499.00
27.9200      475.00
27.9400      442.00
27.9600      456.00
27.9800      431.00
28.0000      421.00
28.0200      426.00
28.0400      384.00
28.0600      413.00
28.0800      380.00
28.1000      332.00
28.1200      342.00
28.1400      329.00
28.1600      311.00
28.1800      279.00
28.2000      277.00
28.2200      279.00
28.2400      308.00
28.2600      268.00
28.2800      300.00
28.3000      314.00
28.3200      325.00
28.3400      327.00
28.3600      317.00
28.3800      350.00
28.4000      351.00
28.4200      374.00
28.4400      400.00
28.4600      419.00
28.4800      420.00
28.5000      420.00
28.5200      447.00
28.5400      453.00
28.5600      455.00
28.5800      418.00
28.6000      469.00
28.6200      432.00
28.6400      410.00
28.6600      397.00
28.6800      420.00
28.7000      436.00
28.7200      385.00
28.7400      364.00
28.7600      339.00
28.7800      400.00
28.8000      365.00
28.8200      358.00
28.8400      368.00
28.8600      402.00
28.8800      421.00
28.9000      369.00
28.9200      410.00
28.9400      380.00
28.9600      425.00
28.9800      397.00
29.0000      392.00
29.0200      356.00
29.0400      386.00
29.0600      410.00
29.0800      445.00
29.1000      402.00
29.1200      430.00
29.1400      441.00
29.1600      425.00
29.1800      462.00
29.2000      459.00
29.2200      454.00
29.2400      460.00
29.2600      417.00
29.2800      436.00
29.3000      429.00
29.3200      395.00
29.3400      387.00
29.3600      361.00
29.3800      338.00
29.4000      340.00
29.4200      305.00
29.4400      279.00
29.4600      282.00
29.4800      269.00
29.5000      254.00
29.5200      295.00
29.5400      246.00
29.5600      258.00
29.5800      275.00
29.6000      269.00
29.6200      269.00
29.6400      286.00
29.6600      267.00
29.6800      260.00
29.7000      256.00
29.7200      270.00
29.7400      278.00
29.7600      236.00
29.7800      278.00
29.8000      249.00
29.8200      233.00
29.8400      244.00
29.8600      265.00
29.8800      263.00
29.9000      234.00
29.9200      249.00
29.9400      209.00
29.9600      251.00
29.9800      234.00
30.0000      242.00
30.0200      231.00
30.0400      234.00
30.0600      247.00
30.0800      231.00
30.1000      242.00
30.1200      227.00
30.1400      252.00
30.1600      221.00
30.1800      233.00
30.2000      223.00
30.2200      249.00
30.2400      245.00
30.2600      284.00
30.2800      268.00
30.3000      274.00
30.3200      295.00
30.3400      293.00
30.3600      345.00
30.3800      340.00
30.4000      331.00
30.4200      326.00
30.4400      359.00
30.4600      363.00
30.4800      385.00
30.5000      381.00
30.5200      402.00
30.5400      426.00
30.5600      376.00
30.5800      389.00
30.6000      368.00
30.6200      397.00
30.6400      353.00
30.6600      324.00
30.6800      301.00
30.7000      309.00
30.7200      307.00
30.7400      284.00
30.7600      267.00
30.7800      258.00
30.8000      257.00
30.8200      271.00
30.8400      268.00
30.8600      288.00
30.8800      288.00
30.9000      279.00
30.9200      310.00
30.9400      278.00
30.9600      284.00
30.9800      267.00
31.0000      276.00
31.0200      295.00
31.0400      279.00
31.0600      286.00
31.0800      301.00
31.1000      266.00
31.1200      239.00
31.1400      241.00
31.1600      247.00
31.1800      273.00
31.2000      242.00
31.2200      251.00
31.2400      226.00
31.2600      220.00
31.2800      230.00
31.3000      223.00
31.3200      227.00
31.3400      243.00
31.3600      236.00
31.3800      234.00
31.4000      228.00
31.4200      248.00
31.4400      225.00
31.4600      242.00
31.4800      217.00
31.5000      238.00
31.5200      219.00
31.5400      252.00
31.5600      215.00
31.5800      242.00
31.6000      230.00
31.6200      211.00
31.6400      222.00
31.6600      180.00
31.6800      224.00
31.7000      213.00
31.7200      226.00
31.7400      219.00
31.7600      184.00
31.7800      196.00
31.8000      221.00
31.8200      207.00
31.8400      157.00
31.8600      220.00
31.8800      202.00
31.9000      226.00
31.9200      212.00
31.9400      229.00
31.9600      230.00
31.9800      188.00
32.0000      210.00
32.0200      202.00
32.0400      236.00
32.0600      218.00
32.0800      182.00
32.1000      200.00
32.1200      204.00
32.1400      214.00
32.1600      228.00
32.1800      217.00
32.2000      245.00
32.2200      232.00
32.2400      194.00
32.2600      240.00
32.2800      225.00
32.3000      215.00
32.3200      271.00
32.3400      208.00
32.3600      257.00
32.3800      201.00
32.4000      239.00
32.4200      250.00
32.4400      228.00
32.4600      239.00
32.4800      245.00
32.5000      226.00
32.5200      244.00
32.5400      242.00
32.5600      239.00
32.5800      240.00
32.6000      266.00
32.6200      272.00
32.6400      290.00
32.6600      307.00
32.6800      331.00
32.7000      313.00
32.7200      325.00
32.7400      365.00
32.7600      319.00
32.7800      356.00
32.8000      353.00
32.8200      345.00
32.8400      346.00
32.8600      359.00
32.8800      328.00
32.9000      362.00
32.9200      317.00
32.9400      322.00
32.9600      282.00
32.9800      267.00
33.0000      267.00
33.0200      276.00
33.0400      270.00
33.0600      271.00
33.0800      274.00
33.1000      252.00
33.1200      271.00
33.1400      253.00
33.1600      234.00
33.1800      249.00
33.2000      267.00
33.2200      275.00
33.2400      237.00
33.2600      235.00
33.2800      201.00
33.3000      227.00
33.3200      242.00
33.3400      236.00
33.3600      254.00
33.3800      246.00
33.4000      243.00
33.4200      271.00
33.4400      281.00
33.4600      238.00
33.4800      290.00
33.5000      280.00
33.5200      312.00
33.5400      328.00
33.5600      308.00
33.5800      314.00
33.6000      305.00
33.6200      297.00
33.6400      317.00
33.6600      330.00
33.6800      305.00
33.7000      271.00
33.7200      296.00
33.7400      259.00
33.7600      278.00
33.7800      252.00
33.8000      232.00
33.8200      226.00
33.8400      228.00
33.8600      243.00
33.8800      216.00
33.9000      213.00
33.9200      238.00
33.9400      222.00
33.9600      200.00
33.9800      206.00
34.0000      237.00
34.0200      220.00
34.0400      263.00
34.0600      220.00
34.0800      190.00
34.1000      233.00
34.1200      206.00
34.1400      235.00
34.1600      205.00
34.1800      202.00
34.2000      211.00
34.2200      178.00
34.2400      201.00
34.2600      197.00
34.2800      199.00
34.3000      202.00
34.3200      184.00
34.3400      192.00
34.3600      193.00
34.3800      213.00
34.4000      214.00
34.4200      215.00
34.4400      246.00
34.4600      218.00
34.4800      231.00
34.5000      239.00
34.5200      254.00
34.5400      232.00
34.5600      237.00
34.5800      239.00
34.6000      261.00
34.6200      220.00
34.6400      230.00
34.6600      246.00
34.6800      234.00
34.7000      246.00
34.7200      235.00
34.7400      232.00
34.7600      187.00
34.7800      215.00
34.8000      230.00
34.8200      236.00
34.8400      211.00
34.8600      221.00
34.8800      179.00
34.9000      203.00
34.9200      170.00
34.9400      190.00
34.9600      188.00
34.9800      183.00
35.0000      173.00
