 3.0000      145.00
 3.0200      124.00
 3.0400      144.00
 3.0600      140.00
 3.0800      127.00
 3.1000      124.00
 3.1200      136.00
 3.1400      131.00
 3.1600      124.00
 3.1800      133.00
 3.2000      135.00
 3.2200      115.00
 3.2400      106.00
 3.2600      119.00
 3.2800      104.00
 3.3000      126.00
 3.3200      129.00
 3.3400      134.00
 3.3600      121.00
 3.3800      123.00
 3.4000      128.00
 3.4200      108.00
 3.4400      132.00
 3.4600      119.00
 3.4800      128.00
 3.5000      106.00
 3.5200      122.00
 3.5400      115.00
 3.5600      125.00
 3.5800      121.00
 3.6000       93.00
 3.6200      123.00
 3.6400       86.00
 3.6600       85.00
 3.6800      111.00
 3.7000      119.00
 3.7200      103.00
 3.7400      107.00
 3.7600      100.00
 3.7800      104.00
 3.8000      115.00
 3.8200      112.00
 3.8400      145.00
 3.8600      100.00
 3.8800      110.00
 3.9000      108.00
 3.9200      103.00
 3.9400      100.00
 3.9600       92.00
 3.9800      112.00
 4.0000       96.00
 4.0200      100.00
 4.0400      113.00
 4.0600       91.00
 4.0800       93.00
 4.1000      112.00
 4.1200      101.00
 4.1400      111.00
 4.1600      103.00
 4.1800       90.00
 4.2000       90.00
 4.2200      100.00
 4.2400       90.00
 4.2600       88.00
 4.2800      101.00
 4.3000       89.00
 4.3200      100.00
 4.3400       88.00
 4.3600       92.00
 4.3800       91.00
 4.4000       75.00
 4.4200       87.00
 4.4400      106.00
 4.4600       94.00
 4.4800       86.00
 4.5000      103.00
 4.5200       78.00
 4.5400       76.00
 4.5600       96.00
 4.5800       71.00
 4.6000       76.00
 4.6200       88.00
 4.6400       81.00
 4.6600       70.00
 4.6800       81.00
 4.7000       80.00
 4.7200       91.00
 4.7400       80.00
 4.7600       83.00
 4.7800       69.00
 4.8000       76.00
 4.8200       76.00
 4.8400       84.00
 4.8600       97.00
 4.8800       81.00
 4.9000       78.00
 4.9200       68.00
 4.9400       89.00
 4.9600       78.00
 4.9800       77.00
 5.0000       88.00
 5.0200       87.00
 5.0400       88.00
 5.0600       81.00
 5.0800       95.00
 5.1000       84.00
 5.1200       95.00
 5.1400       77.00
 5.1600       69.00
 5.1800       88.00
 5.2000       76.00
 5.2200       74.00
 5.2400       91.00
 5.2600       90.00
 5.2800       64.00
 5.3000       82.00
 5.3200       88.00
 5.3400       79.00
 5.3600       81.00
 5.3800       87.00
 5.4000       89.00
 5.4200       80.00
 5.4400       81.00
 5.4600       78.00
 5.4800       79.00
 5.5000       79.00
 5.5200       84.00
 5.5400       79.00
 5.5600       88.00
 5.5800      103.00
 5.6000       83.00
 5.6200       91.00
 5.6400       84.00
 5.6600       92.00
 5.6800       90.00
 5.7000      107.00
 5.7200      100.00
 5.7400       83.00
 5.7600       89.00
 5.7800       83.00
 5.8000       93.00
 5.8200       98.00
 5.8400       74.00
 5.8600       93.00
 5.8800       95.00
 5.9000       94.00
 5.9200       89.00
 5.9400       85.00
 5.9600       84.00
 5.9800      111.00
 6.0000       98.00
 6.0200       85.00
 6.0400       87.00
 6.0600       88.00
 6.0800       93.00
 6.1000      126.00
 6.1200       91.00
 6.1400      101.00
 6.1600      113.00
 6.1800      100.00
 6.2000       96.00
 6.2200       93.00
 6.2400       91.00
 6.2600       92.00
 6.2800      100.00
 6.3000      103.00
 6.3200      111.00
 6.3400      101.00
 6.3600      105.00
 6.3800      111.00
 6.4000      105.00
 6.4200      104.00
 6.4400      102.00
 6.4600      115.00
 6.4800      111.00
 6.5000      108.00
 6.5200       92.00
 6.5400      133.00
 6.5600      121.00
 6.5800      113.00
 6.6000      133.00
 6.6200      104.00
 6.6400      118.00
 6.6600      127.00
 6.6800      117.00
 6.7000      125.00
 6.7200      111.00
 6.7400      142.00
 6.7600      140.00
 6.7800      174.00
 6.8000      171.00
 6.8200      149.00
 6.8400      125.00
 6.8600      149.00
 6.8800      141.00
 6.9000      142.00
 6.9200      134.00
 6.9400      140.00
 6.9600      141.00
 6.9800      145.00
 7.0000      125.00
 7.0200      129.00
 7.0400      118.00
 7.0600      129.00
 7.0800      135.00
 7.1000      113.00
 7.1200      118.00
 7.1400      126.00
 7.1600      142.00
 7.1800      140.00
 7.2000      121.00
 7.2200      139.00
 7.2400      113.00
 7.2600      127.00
 7.2800      127.00
 7.3000      138.00
 7.3200      133.00
 7.3400      134.00
 7.3600       97.00
 7.3800      114.00
 7.4000      104.00
 7.4200      105.00
 7.4400      120.00
 7.4600      105.00
 7.4800      119.00
 7.5000      107.00
 7.5200      126.00
 7.5400      114.00
 7.5600      109.00
 7.5800      115.00
 7.6000      104.00
 7.6200      131.00
 7.6400      113.00
 7.6600      102.00
 7.6800      119.00
 7.7000      113.00
 7.7200      126.00
 7.7400      108.00
 7.7600      116.00
 7.7800      103.00
 7.8000      111.00
 7.8200      102.00
 7.8400       95.00
 7.8600      117.00
 7.8800      130.00
 7.9000      103.00
 7.9200      103.00
 7.9400      107.00
 7.9600      106.00
 7.9800       99.00
 8.0000      100.00
 8.0200      111.00
 8.0400      113.00
 8.0600      118.00
 8.0800      129.00
 8.1000      119.00
 8.1200      103.00
 8.1400      122.00
 8.1600      102.00
 8.1800      108.00
 8.2000      111.00
 8.2200      128.00
 8.2400      120.00
 8.2600      113.00
 8.2800      121.00
 8.3000      135.00
 8.3200      124.00
 8.3400      116.00
 8.3600      120.00
 8.3800      117.00
 8.4000      118.00
 8.4200      112.00
 8.4400      134.00
 8.4600       97.00
 8.4800      122.00
 8.5000      113.00
 8.5200      133.00
 8.5400      119.00
 8.5600      120.00
 8.5800      114.00
 8.6000      121.00
 8.6200      118.00
 8.6400      122.00
 8.6600      114.00
 8.6800      119.00
 8.7000      134.00
 8.7200      129.00
 8.7400      119.00
 8.7600      123.00
 8.7800      130.00
 8.8000      150.00
 8.8200      123.00
 8.8400      139.00
 8.8600      177.00
 8.8800      138.00
 8.9000      141.00
 8.9200      156.00
 8.9400      152.00
 8.9600      152.00
 8.9800      138.00
 9.0000      139.00
 9.0200      143.00
 9.0400      148.00
 9.0600      149.00
 9.0800      171.00
 9.1000      134.00
 9.1200      166.00
 9.1400      148.00
 9.1600      127.00
 9.1800      136.00
 9.2000      141.00
 9.2200      140.00
 9.2400      140.00
 9.2600      138.00
 9.2800      113.00
 9.3000      121.00
 9.3200      128.00
 9.3400      152.00
 9.3600      145.00
 9.3800      146.00
 9.4000      132.00
 9.4200      133.00
 9.4400      158.00
 9.4600      137.00
 9.4800      125.00
 9.5000      134.00
 9.5200      138.00
 9.5400      144.00
 9.5600      120.00
 9.5800      109.00
 9.6000      131.00
 9.6200      132.00
 9.6400      137.00
 9.6600      144.00
 9.6800      138.00
 9.7000      132.00
 9.7200      143.00
 9.7400      140.00
 9.7600      148.00
 9.7800      158.00
 9.8000      147.00
 9.8200      165.00
 9.8400      171.00
 9.8600      156.00
 9.8800      139.00
 9.9000      167.00
 9.9200      150.00
 9.9400      149.00
 9.9600      171.00
 9.9800      160.00
10.0000      141.00
10.0200      169.00
10.0400      176.00
10.0600      171.00
10.0800      189.00
10.1000      168.00
10.1200      174.00
10.1400      168.00
10.1600      160.00
10.1800      172.00
10.2000      177.00
10.2200      155.00
10.2400      172.00
10.2600      182.00
10.2800      181.00
10.3000      160.00
10.3200      172.00
10.3400      147.00
10.3600      157.00
10.3800      155.00
10.4000      168.00
10.4200      142.00
10.4400      156.00
10.4600      147.00
10.4800      129.00
10.5000      140.00
10.5200      157.00
10.5400      164.00
10.5600      166.00
10.5800      149.00
10.6000      144.00
10.6200      192.00
10.6400      139.00
10.6600      154.00
10.6800      158.00
10.7000      169.00
10.7200      151.00
10.7400      158.00
10.7600      179.00
10.7800      167.00
10.8000      177.00
10.8200      162.00
10.8400      162.00
10.8600      171.00
10.8800      192.00
10.9000      186.00
10.9200      225.00
10.9400      185.00
10.9600      237.00
10.9800      238.00
11.0000      250.00
11.0200      244.00
11.0400      287.00
11.0600      308.00
11.0800      294.00
11.1000      306.00
11.1200      303.00
11.1400      349.00
11.1600      378.00
11.1800      347.00
11.2000      376.00
11.2200      372.00
11.2400      429.00
11.2600      405.00
11.2800      456.00
11.3000      426.00
11.3200      471.00
11.3400      446.00
11.3600      475.00
11.3800      457.00
11.4000      436.00
11.4200      447.00
11.4400      466.00
11.4600      420.00
11.4800      453.00
11.5000      402.00
11.5200      414.00
11.5400      379.00
11.5600      387.00
11.5800      404.00
11.6000      386.00
11.6200      356.00
11.6400      353.00
11.6600      291.00
11.6800      293.00
11.7000      288.00
11.7200      239.00
11.7400      244.00
11.7600      195.00
11.7800      218.00
11.8000      224.00
11.8200      193.00
11.8400      182.00
11.8600      199.00
11.8800      201.00
11.9000      222.00
11.9200      190.00
11.9400      203.00
11.9600      205.00
11.9800      195.00
12.0000      234.00
12.0200      220.00
12.0400      254.00
12.0600      261.00
12.0800      263.00
12.1000      303.00
12.1200      343.00
12.1400      348.00
12.1600      362.00
12.1800      360.00
12.2000      387.00
12.2200      384.00
12.2400      397.00
12.2600      410.00
12.2800      469.00
12.3000      456.00
12.3200      475.00
12.3400      507.00
12.3600      486.00
12.3800      526.00
12.4000      484.00
12.4200      510.00
12.4400      502.00
12.4600      508.00
12.4800      523.00
12.5000      491.00
12.5200      459.00
12.5400      499.00
12.5600      471.00
12.5800      421.00
12.6000      440.00
12.6200      443.00
12.6400      447.00
12.6600      415.00
12.6800      432.00
12.7000      418.00
12.7200      444.00
12.7400      445.00
12.7600      479.00
12.7800      478.00
12.8000      464.00
12.8200      473.00
12.8400      444.00
12.8600      438.00
12.8800      425.00
12.9000      356.00
12.9200      361.00
12.9400      333.00
12.9600      316.00
12.9800      286.00
13.0000      260.00
13.0200      233.00
13.0400      256.00
13.0600      235.00
13.0800      241.00
13.1000      203.00
13.1200      221.00
13.1400      215.00
13.1600      251.00
13.1800      223.00
13.2000      228.00
13.2200      268.00
13.2400      257.00
13.2600      262.00
13.2800      279.00
13.3000      258.00
13.3200      238.00
13.3400      242.00
13.3600      212.00
13.3800      227.00
13.4000      226.00
13.4200      239.00
13.4400      192.00
13.4600      219.00
13.4800      194.00
13.5000      200.00
13.5200      195.00
13.5400      182.00
13.5600      176.00
13.5800      170.00
13.6000      177.00
13.6200      171.00
13.6400      181.00
13.6600      193.00
13.6800      162.00
13.7000      185.00
13.7200      180.00
13.7400      165.00
13.7600      168.00
13.7800      154.00
13.8000      191.00
13.8200      153.00
13.8400      192.00
13.8600      191.00
13.8800      173.00
13.9000      154.00
13.9200      182.00
13.9400      200.00
13.9600      177.00
13.9800      200.00
14.0000      217.00
14.0200      207.00
14.0400      227.00
14.0600      228.00
14.0800      254.00
14.1000      230.00
14.1200      281.00
14.1400      285.00
14.1600      297.00
14.1800      358.00
14.2000      364.00
14.2200      387.00
14.2400      400.00
14.2600      500.00
14.2800      514.00
14.3000      511.00
14.3200      508.00
14.3400      531.00
14.3600      562.00
14.3800      566.00
14.4000      583.00
14.4200      630.00
14.4400      653.00
14.4600      676.00
14.4800      666.00
14.5000      651.00
14.5200      603.00
14.5400      595.00
14.5600      576.00
14.5800      531.00
14.6000      583.00
14.6200      499.00
14.6400      511.00
14.6600      491.00
14.6800      405.00
14.7000      395.00
14.7200      396.00
14.7400      341.00
14.7600      323.00
14.7800      308.00
14.8000      299.00
14.8200      311.00
14.8400      309.00
14.8600      303.00
14.8800      261.00
14.9000      258.00
14.9200      324.00
14.9400      301.00
14.9600      277.00
14.9800      308.00
15.0000      286.00
15.0200      294.00
15.0400      270.00
15.0600      301.00
15.0800      279.00
15.1000      306.00
15.1200      302.00
15.1400      346.00
15.1600      337.00
15.1800      308.00
15.2000      277.00
15.2200      267.00
15.2400      231.00
15.2600      215.00
15.2800      187.00
15.3000      218.00
15.3200      177.00
15.3400      192.00
15.3600      174.00
15.3800      172.00
15.4000      174.00
15.4200      151.00
15.4400      153.00
15.4600      149.00
15.4800      165.00
15.5000      183.00
15.5200      177.00
15.5400      176.00
15.5600      176.00
15.5800      148.00
15.6000      162.00
15.6200      184.00
15.6400      177.00
15.6600      174.00
15.6800      175.00
15.7000      166.00
15.7200      162.00
15.7400      170.00
15.7600      190.00
15.7800      192.00
15.8000      194.00
15.8200      209.00
15.8400      181.00
15.8600      223.00
15.8800      228.00
15.9000      217.00
15.9200      216.00
15.9400      247.00
15.9600      275.00
15.9800      296.00
16.0000      265.00
16.0200      291.00
16.0400      292.00
16.0600      327.00
16.0800      343.00
16.1000      353.00
16.1200      356.00
16.1400      335.00
16.1600      383.00
16.1800      394.00
16.2000      390.00
16.2200      399.00
16.2400      443.00
16.2600      411.00
16.2800      401.00
16.3000      430.00
16.3200      386.00
16.3400      445.00
16.3600      456.00
16.3800      454.00
16.4000      417.00
16.4200      460.00
16.4400      457.00
16.4600      461.00
16.4800      446.00
16.5000      479.00
16.5200      446.00
16.5400      450.00
16.5600      411.00
16.5800      427.00
16.6000      442.00
16.6200      448.00
16.6400      485.00
16.6600      452.00
16.6800      470.00
16.7000      457.00
16.7200      419.00
16.7400      462.00
16.7600      433.00
16.7800      463.00
16.8000      485.00
16.8200      448.00
16.8400      433.00
16.8600      378.00
16.8800      374.00
16.9000      396.00
16.9200      303.00
16.9400      354.00
16.9600      327.00
16.9800      335.00
17.0000      329.00
17.0200      315.00
17.0400      319.00
17.0600      334.00
17.0800      336.00
17.1000      348.00
17.1200      411.00
17.1400      438.00
17.1600      454.00
17.1800      460.00
17.2000      515.00
17.2200      478.00
17.2400      570.00
17.2600      566.00
17.2800      598.00
17.3000      564.00
17.3200      606.00
17.3400      606.00
17.3600      592.00
17.3800      624.00
17.4000      595.00
17.4200      575.00
17.4400      649.00
17.4600      637.00
17.4800      660.00
17.5000      628.00
17.5200      733.00
17.5400      743.00
17.5600      747.00
17.5800      886.00
17.6000      862.00
17.6200      888.00
17.6400      969.00
17.6600     1051.00
17.6800     1029.00
17.7000     1145.00
17.7200     1151.00
17.7400     1145.00
17.7600     1176.00
17.7800     1132.00
17.8000     1253.00
17.8200     1202.00
17.8400     1133.00
17.8600     1151.00
17.8800     1087.00
17.9000     1075.00
17.9200     1029.00
17.9400      937.00
17.9600      888.00
17.9800      819.00
18.0000      741.00
18.0200      680.00
18.0400      640.00
18.0600      569.00
18.0800      525.00
18.1000      475.00
18.1200      409.00
18.1400      363.00
18.1600      372.00
18.1800      354.00
18.2000      343.00
18.2200      329.00
18.2400      332.00
18.2600      346.00
18.2800      337.00
18.3000      356.00
18.3200      321.00
18.3400      389.00
18.3600      372.00
18.3800      385.00
18.4000      457.00
18.4200      481.00
18.4400      497.00
18.4600      488.00
18.4800      546.00
18.5000      511.00
18.5200      530.00
18.5400      539.00
18.5600      551.00
18.5800      545.00
18.6000      567.00
18.6200      542.00
18.6400      552.00
18.6600      634.00
18.6800      584.00
18.7000      548.00
18.7200      542.00
18.7400      535.00
18.7600      518.00
18.7800      438.00
18.8000      462.00
18.8200      404.00
18.8400      388.00
18.8600      390.00
18.8800      338.00
18.9000      350.00
18.9200      357.00
18.9400      315.00
18.9600      294.00
18.9800      303.00
19.0000      294.00
19.0200      296.00
19.0400      305.00
19.0600      300.00
19.0800      322.00
19.1000      321.00
19.1200      328.00
19.1400      326.00
19.1600      337.00
19.1800      356.00
19.2000      288.00
19.2200      326.00
19.2400      353.00
19.2600      375.00
19.2800      368.00
19.3000      336.00
19.3200      359.00
19.3400      359.00
19.3600      355.00
19.3800      379.00
19.4000      374.00
19.4200      385.00
19.4400      404.00
19.4600      383.00
19.4800      417.00
19.5000      405.00
19.5200      463.00
19.5400      476.00
19.5600      502.00
19.5800      543.00
19.6000      593.00
19.6200      647.00
19.6400      728.00
19.6600      765.00
19.6800      836.00
19.7000      948.00
19.7200      972.00
19.7400     1095.00
19.7600     1104.00
19.7800     1174.00
19.8000     1141.00
19.8200     1193.00
19.8400     1292.00
19.8600     1252.00
19.8800     1205.00
19.9000     1258.00
19.9200     1255.00
19.9400     1231.00
19.9600     1110.00
19.9800     1074.00
20.0000     1029.00
20.0200      950.00
20.0400      863.00
20.0600      828.00
20.0800      727.00
20.1000      720.00
20.1200      612.00
20.1400      583.00
20.1600      475.00
20.1800      436.00
20.2000      397.00
20.2200      400.00
20.2400      306.00
20.2600      319.00
20.2800      291.00
20.3000      275.00
20.3200      242.00
20.3400      264.00
20.3600      248.00
20.3800      255.00
20.4000      218.00
20.4200      258.00
20.4400      256.00
20.4600      276.00
20.4800      261.00
20.5000      259.00
20.5200      259.00
20.5400      265.00
20.5600      270.00
20.5800      331.00
20.6000      371.00
20.6200      418.00
20.6400      492.00
20.6600      529.00
20.6800      633.00
20.7000      707.00
20.7200      691.00
20.7400      720.00
20.7600      724.00
20.7800      768.00
20.8000      785.00
20.8200      817.00
20.8400      879.00
20.8600      949.00
20.8800      964.00
20.9000     1115.00
20.9200     1173.00
20.9400     1395.00
20.9600     1345.00
20.9800     1506.00
21.0000     1556.00
21.0200     1532.00
21.0400     1661.00
21.0600     1785.00
21.0800     1740.00
21.1000     1823.00
21.1200     1817.00
21.1400     1920.00
21.1600     1880.00
21.1800     1898.00
21.2000     1831.00
21.2200     1902.00
21.2400     1811.00
21.2600     1748.00
21.2800     1718.00
21.3000     1709.00
21.3200     1737.00
21.3400     1502.00
21.3600     1562.00
21.3800     1398.00
21.4000     1343.00
21.4200     1225.00
21.4400     1006.00
21.4600      939.00
21.4800      763.00
21.5000      665.00
21.5200      595.00
21.5400      526.00
21.5600      440.00
21.5800      360.00
21.6000      339.00
21.6200      318.00
21.6400      305.00
21.6600      271.00
21.6800      241.00
21.7000      274.00
21.7200      271.00
21.7400      260.00
21.7600      279.00
21.7800      261.00
21.8000      287.00
21.8200      312.00
21.8400      298.00
21.8600      296.00
21.8800      291.00
21.9000      349.00
21.9200      334.00
21.9400      327.00
21.9600      338.00
21.9800      311.00
22.0000      302.00
22.0200      346.00
22.0400      345.00
22.0600      370.00
22.0800      346.00
22.1000      401.00
22.1200      381.00
22.1400      375.00
22.1600      372.00
22.1800      377.00
22.2000      393.00
22.2200      428.00
22.2400      427.00
22.2600      412.00
22.2800      474.00
22.3000      483.00
22.3200      494.00
22.3400      585.00
22.3600      632.00
22.3800      637.00
22.4000      656.00
22.4200      687.00
22.4400      708.00
22.4600      792.00
22.4800      773.00
22.5000      818.00
22.5200      875.00
22.5400      937.00
22.5600      947.00
22.5800      976.00
22.6000      936.00
22.6200     1000.00
22.6400      983.00
22.6600     1103.00
22.6800     1044.00
22.7000     1033.00
22.7200     1036.00
22.7400     1028.00
22.7600     1071.00
22.7800     1061.00
22.8000     1079.00
22.8200     1118.00
22.8400     1106.00
22.8600     1138.00
22.8800     1114.00
22.9000     1041.00
22.9200     1058.00
22.9400      991.00
22.9600      987.00
22.9800      941.00
23.0000      868.00
23.0200      897.00
23.0400      812.00
23.0600      801.00
23.0800      795.00
23.1000      726.00
23.1200      789.00
23.1400      766.00
23.1600      785.00
23.1800      800.00
23.2000      787.00
23.2200      817.00
23.2400      768.00
23.2600      755.00
23.2800      813.00
23.3000      820.00
23.3200      736.00
23.3400      808.00
23.3600      821.00
23.3800      830.00
23.4000      857.00
23.4200      788.00
23.4400      762.00
23.4600      797.00
23.4800      752.00
23.5000      721.00
23.5200      711.00
23.5400      690.00
23.5600      653.00
23.5800      596.00
23.6000      542.00
23.6200      585.00
23.6400      543.00
23.6600      540.00
23.6800      553.00
23.7000      540.00
23.7200      501.00
23.7400      457.00
23.7600      468.00
23.7800      437.00
23.8000      425.00
23.8200      365.00
23.8400      385.00
23.8600      353.00
23.8800      338.00
23.9000      358.00
23.9200      375.00
23.9400      333.00
23.9600      334.00
23.9800      363.00
24.0000      353.00
24.0200      445.00
24.0400      440.00
24.0600      523.00
24.0800      597.00
24.1000      602.00
24.1200      585.00
24.1400      686.00
24.1600      697.00
24.1800      740.00
24.2000      744.00
24.2200      827.00
24.2400      810.00
24.2600      850.00
24.2800      901.00
24.3000      953.00
24.3200      989.00
24.3400     1028.00
24.3600     1054.00
24.3800     1118.00
24.4000     1123.00
24.4200     1123.00
24.4400     1147.00
24.4600     1113.00
24.4800     1109.00
24.5000     1084.00
24.5200     1014.00
24.5400     1013.00
24.5600      984.00
24.5800      968.00
24.6000      952.00
24.6200     1004.00
24.6400      949.00
24.6600      922.00
24.6800      861.00
24.7000      901.00
24.7200      810.00
24.7400      756.00
24.7600      717.00
24.7800      689.00
24.8000      644.00
24.8200      590.00
24.8400      567.00
24.8600      524.00
24.8800      503.00
24.9000      546.00
24.9200      510.00
24.9400      557.00
24.9600      544.00
24.9800      533.00
25.0000      587.00
25.0200      589.00
25.0400      579.00
25.0600      532.00
25.0800      556.00
25.1000      632.00
25.1200      592.00
25.1400      636.00
25.1600      574.00
25.1800      665.00
25.2000      625.00
25.2200      611.00
25.2400      597.00
25.2600      600.00
25.2800      514.00
25.3000      508.00
25.3200      471.00
25.3400      418.00
25.3600      394.00
25.3800      378.00
25.4000      354.00
25.4200      357.00
25.4400      310.00
25.4600      263.00
25.4800      273.00
25.5000      243.00
25.5200      251.00
25.5400      236.00
25.5600      233.00
25.5800      229.00
25.6000      244.00
25.6200      198.00
25.6400      227.00
25.6600      262.00
25.6800      207.00
25.7000      233.00
25.7200      224.00
25.7400      218.00
25.7600      226.00
25.7800      210.00
25.8000      216.00
25.8200      215.00
25.8400      251.00
25.8600      227.00
25.8800      223.00
25.9000      230.00
25.9200      248.00
25.9400      257.00
25.9600      245.00
25.9800      257.00
26.0000      283.00
26.0200      284.00
26.0400      269.00
26.0600      327.00
26.0800      305.00
26.1000      379.00
26.1200      347.00
26.1400      371.00
26.1600      340.00
26.1800      403.00
26.2000      415.00
26.2200      459.00
26.2400      471.00
26.2600      467.00
26.2800      498.00
26.3000      482.00
26.3200      478.00
26.3400      484.00
26.3600      529.00
26.3800      497.00
26.4000      493.00
26.4200      516.00
26.4400      467.00
26.4600      521.00
26.4800      545.00
26.5000      562.00
26.5200      571.00
26.5400      574.00
26.5600      501.00
26.5800      495.00
26.6000      514.00
26.6200      496.00
26.6400      432.00
26.6600      420.00
26.6800      451.00
26.7000      457.00
26.7200      392.00
26.7400      405.00
26.7600      390.00
26.7800      369.00
26.8000      372.00
26.8200      328.00
26.8400      341.00
26.8600      313.00
26.8800      329.00
26.9000      342.00
26.9200      321.00
26.9400      342.00
26.9600      300.00
26.9800      342.00
27.0000      399.00
27.0200      368.00
27.0400      386.00
27.0600      432.00
27.0800      409.00
27.1000      409.00
27.1200      419.00
27.1400      472.00
27.1600      504.00
27.1800      483.00
27.2000      470.00
27.2200      547.00
27.2400      569.00
27.2600      574.00
27.2800      567.00
27.3000      604.00
27.3200      573.00
27.3400      552.00
27.3600      544.00
27.3800      557.00
27.4000      511.00
27.4200      505.00
27.4400      481.00
27.4600      456.00
27.4800      445.00
27.5000      435.00
27.5200      421.00
27.5400      470.00
27.5600      453.00
27.5800      505.00
27.6000      486.00
27.6200      542.00
27.6400      580.00
27.6600      649.00
27.6800      740.00
27.7000      767.00
27.7200      756.00
27.7400      828.00
27.7600      823.00
27.7800      806.00
27.8000      827.00
27.8200      844.00
27.8400      802.00
27.8600      813.00
27.8800      815.00
27.9000      851.00
27.9200      846.00
27.9400      850.00
27.9600      799.00
27.9800      863.00
28.0000      807.00
28.0200      752.00
28.0400      730.00
28.0600      681.00
28.0800      645.00
28.1000      596.00
28.1200      574.00
28.1400      517.00
28.1600      463.00
28.1800      442.00
28.2000      391.00
28.2200      431.00
28.2400      402.00
28.2600      406.00
28.2800      389.00
28.3000      372.00
28.3200      382.00
28.3400      379.00
28.3600      411.00
28.3800      411.00
28.4000      504.00
28.4200      493.00
28.4400      578.00
28.4600      590.00
28.4800      671.00
28.5000      663.00
28.5200      720.00
28.5400      773.00
28.5600      790.00
28.5800      835.00
28.6000      865.00
28.6200      828.00
28.6400      902.00
28.6600      920.00
28.6800      915.00
28.7000      992.00
28.7200      862.00
28.7400      881.00
28.7600      927.00
28.7800      883.00
28.8000      924.00
28.8200      871.00
28.8400      815.00
28.8600      766.00
28.8800      714.00
28.9000      719.00
28.9200      695.00
28.9400      562.00
28.9600      594.00
28.9800      563.00
29.0000      523.00
29.0200      527.00
29.0400      496.00
29.0600      487.00
29.0800      477.00
29.1000      485.00
29.1200      489.00
29.1400      464.00
29.1600      458.00
29.1800      438.00
29.2000      481.00
29.2200      490.00
29.2400      458.00
29.2600      453.00
29.2800      472.00
29.3000      465.00
29.3200      472.00
29.3400      454.00
29.3600      488.00
29.3800      520.00
29.4000      510.00
29.4200      451.00
29.4400      486.00
29.4600      543.00
29.4800      484.00
29.5000      529.00
29.5200      498.00
29.5400      491.00
29.5600      478.00
29.5800      483.00
29.6000      476.00
29.6200      483.00
29.6400      474.00
29.6600      503.00
29.6800      481.00
29.7000      511.00
29.7200      426.00
29.7400      451.00
29.7600      447.00
29.7800      386.00
29.8000      421.00
29.8200      372.00
29.8400      357.00
29.8600      318.00
29.8800      333.00
29.9000      328.00
29.9200      305.00
29.9400      305.00
29.9600      267.00
29.9800      291.00
30.0000      290.00
30.0200      282.00
30.0400      303.00
30.0600      328.00
30.0800      324.00
30.1000      313.00
30.1200      284.00
30.1400      306.00
30.1600      314.00
30.1800      309.00
30.2000      317.00
30.2200      342.00
30.2400      313.00
30.2600      342.00
30.2800      343.00
30.3000      368.00
30.3200      380.00
30.3400      382.00
30.3600      371.00
30.3800      399.00
30.4000      334.00
30.4200      358.00
30.4400      353.00
30.4600      367.00
30.4800      359.00
30.5000      324.00
30.5200      310.00
30.5400      323.00
30.5600      296.00
30.5800      308.00
30.6000      308.00
30.6200      310.00
30.6400      297.00
30.6600      261.00
30.6800      276.00
30.7000      271.00
30.7200      285.00
30.7400      289.00
30.7600      240.00
30.7800      257.00
30.8000      266.00
30.8200      271.00
30.8400      287.00
30.8600      274.00
30.8800      279.00
30.9000      303.00
30.9200      275.00
30.9400      306.00
30.9600      284.00
30.9800      288.00
31.0000      281.00
31.0200      306.00
31.0400      263.00
31.0600      281.00
31.0800      262.00
31.1000      271.00
31.1200      252.00
31.1400      229.00
31.1600      244.00
31.1800      261.00
31.2000      249.00
31.2200      242.00
31.2400      216.00
31.2600      200.00
31.2800      224.00
31.3000      189.00
31.3200      207.00
31.3400      229.00
31.3600      204.00
31.3800      194.00
31.4000      218.00
31.4200      203.00
31.4400      223.00
31.4600      185.00
31.4800      232.00
31.5000      193.00
31.5200      203.00
31.5400      230.00
31.5600      188.00
31.5800      236.00
31.6000      220.00
31.6200      210.00
31.6400      233.00
31.6600      234.00
31.6800      225.00
31.7000      246.00
31.7200      232.00
31.7400      226.00
31.7600      229.00
31.7800      229.00
31.8000      214.00
31.8200      243.00
31.8400      211.00
31.8600      253.00
31.8800      244.00
31.9000      221.00
31.9200      270.00
31.9400      240.00
31.9600      212.00
31.9800      222.00
32.0000      248.00
32.0200      218.00
32.0400      235.00
32.0600      230.00
32.0800      227.00
32.1000      220.00
32.1200      258.00
32.1400      290.00
32.1600      264.00
32.1800      282.00
32.2000      296.00
32.2200      265.00
32.2400      264.00
32.2600      287.00
32.2800      319.00
32.3000      294.00
32.3200      318.00
32.3400      282.00
32.3600      320.00
32.3800      322.00
32.4000      311.00
32.4200      327.00
32.4400      314.00
32.4600      328.00
32.4800      304.00
32.5000      340.00
32.5200      354.00
32.5400      335.00
32.5600      387.00
32.5800      363.00
32.6000      371.00
32.6200      381.00
32.6400      378.00
32.6600      386.00
32.6800      375.00
32.7000      362.00
32.7200      417.00
32.7400      400.00
32.7600      429.00
32.7800      432.00
32.8000      415.00
32.8200      399.00
32.8400      376.00
32.8600      387.00
32.8800      388.00
32.9000      393.00
32.9200      342.00
32.9400      387.00
32.9600      338.00
32.9800      339.00
33.0000      309.00
33.0200      280.00
33.0400      315.00
33.0600      298.00
33.0800      287.00
33.1000      297.00
33.1200      255.00
33.1400      274.00
33.1600      288.00
33.1800      235.00
33.2000      279.00
33.2200      279.00
33.2400      273.00
33.2600      280.00
33.2800      269.00
33.3000      328.00
33.3200      288.00
33.3400      278.00
33.3600      333.00
33.3800      306.00
33.4000      333.00
33.4200      331.00
33.4400      314.00
33.4600      324.00
33.4800      291.00
33.5000      350.00
33.5200      343.00
33.5400      393.00
33.5600      355.00
33.5800      357.00
33.6000      339.00
33.6200      368.00
33.6400      332.00
33.6600      341.00
33.6800      344.00
33.7000      343.00
33.7200      317.00
33.7400      307.00
33.7600      310.00
33.7800      289.00
33.8000      294.00
33.8200      295.00
33.8400      269.00
33.8600      269.00
33.8800      240.00
33.9000      256.00
33.9200      239.00
33.9400      234.00
33.9600      248.00
33.9800      231.00
34.0000      236.00
34.0200      221.00
34.0400      228.00
34.0600      208.00
34.0800      212.00
34.1000      223.00
34.1200      252.00
34.1400      244.00
34.1600      249.00
34.1800      259.00
34.2000      310.00
34.2200      268.00
34.2400      283.00
34.2600      345.00
34.2800      324.00
34.3000      332.00
34.3200      333.00
34.3400      355.00
34.3600      352.00
34.3800      391.00
34.4000      349.00
34.4200      363.00
34.4400      329.00
34.4600      411.00
34.4800      359.00
34.5000      325.00
34.5200      331.00
34.5400      285.00
34.5600      334.00
34.5800      241.00
34.6000      260.00
34.6200      269.00
34.6400      259.00
34.6600      228.00
34.6800      221.00
34.7000      217.00
34.7200      265.00
34.7400      226.00
34.7600      229.00
34.7800      220.00
34.8000      208.00
34.8200      268.00
34.8400      232.00
34.8600      232.00
34.8800      262.00
34.9000      245.00
34.9200      268.00
34.9400      278.00
34.9600      276.00
34.9800      283.00
35.0000      279.00
