 2.2000      332.00
 2.2200      297.00
 2.2400      322.00
 2.2600      288.00
 2.2800      310.00
 2.3000      307.00
 2.3200      275.00
 2.3400      290.00
 2.3600      285.00
 2.3800      308.00
 2.4000      277.00
 2.4200      286.00
 2.4400      299.00
 2.4600      284.00
 2.4800      309.00
 2.5000      303.00
 2.5200      280.00
 2.5400      295.00
 2.5600      268.00
 2.5800      257.00
 2.6000      272.00
 2.6200      259.00
 2.6400      256.00
 2.6600      266.00
 2.6800      269.00
 2.7000      271.00
 2.7200      289.00
 2.7400      261.00
 2.7600      242.00
 2.7800      272.00
 2.8000      240.00
 2.8200      248.00
 2.8400      256.00
 2.8600      279.00
 2.8800      234.00
 2.9000      243.00
 2.9200      240.00
 2.9400      270.00
 2.9600      231.00
 2.9800      249.00
 3.0000      240.00
 3.0200      243.00
 3.0400      252.00
 3.0600      237.00
 3.0800      250.00
 3.1000      229.00
 3.1200      250.00
 3.1400      220.00
 3.1600      231.00
 3.1800      263.00
 3.2000      225.00
 3.2200      226.00
 3.2400      254.00
 3.2600      218.00
 3.2800      250.00
 3.3000      240.00
 3.3200      253.00
 3.3400      237.00
 3.3600      228.00
 3.3800      256.00
 3.4000      221.00
 3.4200      272.00
 3.4400      227.00
 3.4600      234.00
 3.4800      196.00
 3.5000      188.00
 3.5200      202.00
 3.5400      213.00
 3.5600      222.00
 3.5800      235.00
 3.6000      192.00
 3.6200      198.00
 3.6400      207.00
 3.6600      209.00
 3.6800      189.00
 3.7000      189.00
 3.7200      181.00
 3.7400      208.00
 3.7600      221.00
 3.7800      199.00
 3.8000      173.00
 3.8200      184.00
 3.8400      216.00
 3.8600      202.00
 3.8800      195.00
 3.9000      177.00
 3.9200      183.00
 3.9400      170.00
 3.9600      201.00
 3.9800      226.00
 4.0000      177.00
 4.0200      175.00
 4.0400      154.00
 4.0600      161.00
 4.0800      164.00
 4.1000      166.00
 4.1200      161.00
 4.1400      161.00
 4.1600      178.00
 4.1800      174.00
 4.2000      164.00
 4.2200      149.00
 4.2400      144.00
 4.2600      171.00
 4.2800      155.00
 4.3000      172.00
 4.3200      151.00
 4.3400      153.00
 4.3600      176.00
 4.3800      138.00
 4.4000      146.00
 4.4200      153.00
 4.4400      137.00
 4.4600      156.00
 4.4800      140.00
 4.5000      150.00
 4.5200      144.00
 4.5400      152.00
 4.5600      157.00
 4.5800      135.00
 4.6000      149.00
 4.6200      140.00
 4.6400      144.00
 4.6600      143.00
 4.6800      144.00
 4.7000      135.00
 4.7200      139.00
 4.7400      145.00
 4.7600      138.00
 4.7800      136.00
 4.8000      149.00
 4.8200      152.00
 4.8400      145.00
 4.8600      123.00
 4.8800      156.00
 4.9000      134.00
 4.9200      124.00
 4.9400      129.00
 4.9600      144.00
 4.9800      138.00
 5.0000      126.00
 5.0200      137.00
 5.0400      126.00
 5.0600      142.00
 5.0800      129.00
 5.1000      123.00
 5.1200      131.00
 5.1400      123.00
 5.1600      133.00
 5.1800      138.00
 5.2000      142.00
 5.2200      142.00
 5.2400      142.00
 5.2600      126.00
 5.2800      142.00
 5.3000      133.00
 5.3200      119.00
 5.3400      121.00
 5.3600      134.00
 5.3800      129.00
 5.4000      168.00
 5.4200      134.00
 5.4400      135.00
 5.4600      141.00
 5.4800      128.00
 5.5000      122.00
 5.5200      128.00
 5.5400      119.00
 5.5600      118.00
 5.5800      150.00
 5.6000      132.00
 5.6200      152.00
 5.6400      121.00
 5.6600      134.00
 5.6800      134.00
 5.7000      137.00
 5.7200      148.00
 5.7400      152.00
 5.7600      137.00
 5.7800      137.00
 5.8000      130.00
 5.8200      123.00
 5.8400      146.00
 5.8600      145.00
 5.8800      152.00
 5.9000      135.00
 5.9200      141.00
 5.9400      130.00
 5.9600      145.00
 5.9800      133.00
 6.0000      139.00
 6.0200      134.00
 6.0400      148.00
 6.0600      147.00
 6.0800      144.00
 6.1000      129.00
 6.1200      138.00
 6.1400      127.00
 6.1600      141.00
 6.1800      133.00
 6.2000      151.00
 6.2200      127.00
 6.2400      160.00
 6.2600      132.00
 6.2800      117.00
 6.3000      125.00
 6.3200      125.00
 6.3400      144.00
 6.3600      133.00
 6.3800      160.00
 6.4000      149.00
 6.4200      149.00
 6.4400      131.00
 6.4600      136.00
 6.4800      138.00
 6.5000      123.00
 6.5200      135.00
 6.5400      161.00
 6.5600      139.00
 6.5800      142.00
 6.6000      139.00
 6.6200      132.00
 6.6400      143.00
 6.6600      145.00
 6.6800      154.00
 6.7000      130.00
 6.7200      133.00
 6.7400      133.00
 6.7600      147.00
 6.7800      140.00
 6.8000      151.00
 6.8200      149.00
 6.8400      153.00
 6.8600      129.00
 6.8800      131.00
 6.9000      154.00
 6.9200      152.00
 6.9400      143.00
 6.9600      155.00
 6.9800      150.00
 7.0000      137.00
 7.0200      125.00
 7.0400      138.00
 7.0600      163.00
 7.0800      116.00
 7.1000      139.00
 7.1200      118.00
 7.1400      155.00
 7.1600      142.00
 7.1800      147.00
 7.2000      148.00
 7.2200      141.00
 7.2400      147.00
 7.2600      130.00
 7.2800      113.00
 7.3000      153.00
 7.3200      131.00
 7.3400      150.00
 7.3600      112.00
 7.3800      122.00
 7.4000      123.00
 7.4200      166.00
 7.4400      144.00
 7.4600      120.00
 7.4800      129.00
 7.5000      137.00
 7.5200      124.00
 7.5400      139.00
 7.5600      143.00
 7.5800      130.00
 7.6000      131.00
 7.6200      148.00
 7.6400      134.00
 7.6600      140.00
 7.6800      142.00
 7.7000      129.00
 7.7200      139.00
 7.7400      141.00
 7.7600      143.00
 7.7800      137.00
 7.8000      129.00
 7.8200      122.00
 7.8400      150.00
 7.8600      122.00
 7.8800      149.00
 7.9000      146.00
 7.9200      145.00
 7.9400      137.00
 7.9600      120.00
 7.9800      149.00
 8.0000      134.00
 8.0200      143.00
 8.0400      140.00
 8.0600      145.00
 8.0800      142.00
 8.1000      124.00
 8.1200      141.00
 8.1400      169.00
 8.1600      139.00
 8.1800      124.00
 8.2000      142.00
 8.2200      138.00
 8.2400      144.00
 8.2600      118.00
 8.2800      153.00
 8.3000      135.00
 8.3200      151.00
 8.3400      150.00
 8.3600      130.00
 8.3800      139.00
 8.4000      166.00
 8.4200      142.00
 8.4400      144.00
 8.4600      131.00
 8.4800      162.00
 8.5000      109.00
 8.5200      124.00
 8.5400      127.00
 8.5600      129.00
 8.5800      139.00
 8.6000      155.00
 8.6200      163.00
 8.6400      160.00
 8.6600      133.00
 8.6800      152.00
 8.7000      146.00
 8.7200      141.00
 8.7400      139.00
 8.7600      137.00
 8.7800      154.00
 8.8000      124.00
 8.8200      164.00
 8.8400      159.00
 8.8600      165.00
 8.8800      176.00
 8.9000      137.00
 8.9200      155.00
 8.9400      142.00
 8.9600      170.00
 8.9800      151.00
 9.0000      144.00
 9.0200      144.00
 9.0400      158.00
 9.0600      144.00
 9.0800      122.00
 9.1000      139.00
 9.1200      144.00
 9.1400      121.00
 9.1600      152.00
 9.1800      116.00
 9.2000      151.00
 9.2200      124.00
 9.2400      150.00
 9.2600      137.00
 9.2800      140.00
 9.3000      136.00
 9.3200      140.00
 9.3400      132.00
 9.3600      141.00
 9.3800      167.00
 9.4000      163.00
 9.4200      141.00
 9.4400      128.00
 9.4600      152.00
 9.4800      123.00
 9.5000      139.00
 9.5200      139.00
 9.5400      137.00
 9.5600      153.00
 9.5800      130.00
 9.6000      137.00
 9.6200      127.00
 9.6400      141.00
 9.6600      144.00
 9.6800      162.00
 9.7000      142.00
 9.7200      135.00
 9.7400      151.00
 9.7600      141.00
 9.7800      143.00
 9.8000      170.00
 9.8200      141.00
 9.8400      180.00
 9.8600      149.00
 9.8800      148.00
 9.9000      148.00
 9.9200      170.00
 9.9400      156.00
 9.9600      142.00
 9.9800      164.00
10.0000      174.00
10.0200      166.00
10.0400      145.00
10.0600      150.00
10.0800      143.00
10.1000      140.00
10.1200      128.00
10.1400      142.00
10.1600      148.00
10.1800      142.00
10.2000      155.00
10.2200      146.00
10.2400      158.00
10.2600      143.00
10.2800      147.00
10.3000      160.00
10.3200      154.00
10.3400      157.00
10.3600      150.00
10.3800      140.00
10.4000      150.00
10.4200      140.00
10.4400      159.00
10.4600      131.00
10.4800      146.00
10.5000      166.00
10.5200      145.00
10.5400      148.00
10.5600      165.00
10.5800      136.00
10.6000      148.00
10.6200      165.00
10.6400      153.00
10.6600      163.00
10.6800      144.00
10.7000      177.00
10.7200      178.00
10.7400      171.00
10.7600      185.00
10.7800      174.00
10.8000      193.00
10.8200      209.00
10.8400      206.00
10.8600      208.00
10.8800      245.00
10.9000      222.00
10.9200      252.00
10.9400      252.00
10.9600      234.00
10.9800      259.00
11.0000      278.00
11.0200      270.00
11.0400      280.00
11.0600      289.00
11.0800      281.00
11.1000      324.00
11.1200      315.00
11.1400      325.00
11.1600      342.00
11.1800      309.00
11.2000      319.00
11.2200      278.00
11.2400      284.00
11.2600      285.00
11.2800      281.00
11.3000      261.00
11.3200      256.00
11.3400      230.00
11.3600      252.00
11.3800      201.00
11.4000      243.00
11.4200      219.00
11.4400      220.00
11.4600      182.00
11.4800      180.00
11.5000      174.00
11.5200      191.00
11.5400      175.00
11.5600      158.00
11.5800      154.00
11.6000      168.00
11.6200      143.00
11.6400      144.00
11.6600      169.00
11.6800      147.00
11.7000      161.00
11.7200      160.00
11.7400      138.00
11.7600      170.00
11.7800      173.00
11.8000      182.00
11.8200      165.00
11.8400      204.00
11.8600      191.00
11.8800      194.00
11.9000      194.00
11.9200      197.00
11.9400      246.00
11.9600      193.00
11.9800      215.00
12.0000      226.00
12.0200      247.00
12.0400      242.00
12.0600      249.00
12.0800      262.00
12.1000      248.00
12.1200      271.00
12.1400      261.00
12.1600      276.00
12.1800      284.00
12.2000      268.00
12.2200      267.00
12.2400      273.00
12.2600      285.00
12.2800      304.00
12.3000      271.00
12.3200      266.00
12.3400      236.00
12.3600      264.00
12.3800      263.00
12.4000      272.00
12.4200      280.00
12.4400      300.00
12.4600      287.00
12.4800      305.00
12.5000      309.00
12.5200      315.00
12.5400      289.00
12.5600      318.00
12.5800      306.00
12.6000      318.00
12.6200      299.00
12.6400      274.00
12.6600      284.00
12.6800      249.00
12.7000      232.00
12.7200      267.00
12.7400      200.00
12.7600      194.00
12.7800      185.00
12.8000      180.00
12.8200      148.00
12.8400      157.00
12.8600      151.00
12.8800      152.00
12.9000      131.00
12.9200      148.00
12.9400      155.00
12.9600      149.00
12.9800      131.00
13.0000      168.00
13.0200      151.00
13.0400      155.00
13.0600      164.00
13.0800      174.00
13.1000      143.00
13.1200      167.00
13.1400      142.00
13.1600      146.00
13.1800      142.00
13.2000      147.00
13.2200      143.00
13.2400      151.00
13.2600      154.00
13.2800      153.00
13.3000      156.00
13.3200      158.00
13.3400      165.00
13.3600      165.00
13.3800      159.00
13.4000      141.00
13.4200      142.00
13.4400      131.00
13.4600      160.00
13.4800      145.00
13.5000      142.00
13.5200      151.00
13.5400      147.00
13.5600      158.00
13.5800      132.00
13.6000      155.00
13.6200      153.00
13.6400      141.00
13.6600      157.00
13.6800      159.00
13.7000      155.00
13.7200      159.00
13.7400      151.00
13.7600      140.00
13.7800      161.00
13.8000      175.00
13.8200      152.00
13.8400      151.00
13.8600      188.00
13.8800      170.00
13.9000      165.00
13.9200      190.00
13.9400      165.00
13.9600      187.00
13.9800      211.00
14.0000      225.00
14.0200      280.00
14.0400      240.00
14.0600      273.00
14.0800      269.00
14.1000      275.00
14.1200      324.00
14.1400      300.00
14.1600      339.00
14.1800      340.00
14.2000      369.00
14.2200      365.00
14.2400      352.00
14.2600      340.00
14.2800      401.00
14.3000      368.00
14.3200      397.00
14.3400      354.00
14.3600      346.00
14.3800      349.00
14.4000      292.00
14.4200      283.00
14.4400      264.00
14.4600      250.00
14.4800      239.00
14.5000      248.00
14.5200      212.00
14.5400      178.00
14.5600      203.00
14.5800      185.00
14.6000      179.00
14.6200      157.00
14.6400      162.00
14.6600      148.00
14.6800      153.00
14.7000      134.00
14.7200      132.00
14.7400      155.00
14.7600      140.00
14.7800      151.00
14.8000      129.00
14.8200      149.00
14.8400      160.00
14.8600      120.00
14.8800      122.00
14.9000      154.00
14.9200      140.00
14.9400      141.00
14.9600      150.00
14.9800      167.00
15.0000      157.00
15.0200      170.00
15.0400      123.00
15.0600      140.00
15.0800      144.00
15.1000      135.00
15.1200      151.00
15.1400      135.00
15.1600      126.00
15.1800      128.00
15.2000      144.00
15.2200      120.00
15.2400      147.00
15.2600      125.00
15.2800      130.00
15.3000      148.00
15.3200      151.00
15.3400      149.00
15.3600      141.00
15.3800      134.00
15.4000      151.00
15.4200      147.00
15.4400      156.00
15.4600      153.00
15.4800      142.00
15.5000      168.00
15.5200      139.00
15.5400      153.00
15.5600      148.00
15.5800      142.00
15.6000      157.00
15.6200      152.00
15.6400      166.00
15.6600      145.00
15.6800      134.00
15.7000      159.00
15.7200      164.00
15.7400      186.00
15.7600      182.00
15.7800      186.00
15.8000      192.00
15.8200      210.00
15.8400      217.00
15.8600      201.00
15.8800      229.00
15.9000      179.00
15.9200      214.00
15.9400      239.00
15.9600      223.00
15.9800      219.00
16.0000      238.00
16.0200      229.00
16.0400      217.00
16.0600      219.00
16.0800      276.00
16.1000      230.00
16.1200      232.00
16.1400      239.00
16.1600      214.00
16.1800      220.00
16.2000      223.00
16.2200      214.00
16.2400      225.00
16.2600      202.00
16.2800      243.00
16.3000      253.00
16.3200      228.00
16.3400      265.00
16.3600      261.00
16.3800      277.00
16.4000      281.00
16.4200      262.00
16.4400      282.00
16.4600      269.00
16.4800      247.00
16.5000      272.00
16.5200      258.00
16.5400      264.00
16.5600      263.00
16.5800      218.00
16.6000      253.00
16.6200      242.00
16.6400      257.00
16.6600      210.00
16.6800      199.00
16.7000      211.00
16.7200      221.00
16.7400      176.00
16.7600      165.00
16.7800      173.00
16.8000      161.00
16.8200      160.00
16.8400      157.00
16.8600      191.00
16.8800      158.00
16.9000      222.00
16.9200      205.00
16.9400      240.00
16.9600      226.00
16.9800      239.00
17.0000      251.00
17.0200      247.00
17.0400      270.00
17.0600      285.00
17.0800      279.00
17.1000      278.00
17.1200      272.00
17.1400      249.00
17.1600      299.00
17.1800      303.00
17.2000      254.00
17.2200      289.00
17.2400      283.00
17.2600      301.00
17.2800      329.00
17.3000      360.00
17.3200      373.00
17.3400      417.00
17.3600      438.00
17.3800      536.00
17.4000      550.00
17.4200      654.00
17.4400      662.00
17.4600      710.00
17.4800      774.00
17.5000      808.00
17.5200      849.00
17.5400      823.00
17.5600      860.00
17.5800      829.00
17.6000      839.00
17.6200      834.00
17.6400      846.00
17.6600      763.00
17.6800      758.00
17.7000      698.00
17.7200      670.00
17.7400      624.00
17.7600      539.00
17.7800      488.00
17.8000      427.00
17.8200      391.00
17.8400      286.00
17.8600      244.00
17.8800      225.00
17.9000      209.00
17.9200      221.00
17.9400      221.00
17.9600      207.00
17.9800      197.00
18.0000      169.00
18.0200      183.00
18.0400      184.00
18.0600      175.00
18.0800      170.00
18.1000      187.00
18.1200      194.00
18.1400      182.00
18.1600      184.00
18.1800      189.00
18.2000      207.00
18.2200      211.00
18.2400      233.00
18.2600      227.00
18.2800      263.00
18.3000      289.00
18.3200      285.00
18.3400      264.00
18.3600      280.00
18.3800      280.00
18.4000      275.00
18.4200      318.00
18.4400      279.00
18.4600      315.00
18.4800      330.00
18.5000      336.00
18.5200      314.00
18.5400      266.00
18.5600      310.00
18.5800      293.00
18.6000      230.00
18.6200      214.00
18.6400      244.00
18.6600      200.00
18.6800      206.00
18.7000      215.00
18.7200      199.00
18.7400      208.00
18.7600      205.00
18.7800      199.00
18.8000      198.00
18.8200      168.00
18.8400      178.00
18.8600      191.00
18.8800      178.00
18.9000      200.00
18.9200      189.00
18.9400      183.00
18.9600      198.00
18.9800      192.00
19.0000      191.00
19.0200      163.00
19.0400      191.00
19.0600      177.00
19.0800      168.00
19.1000      194.00
19.1200      191.00
19.1400      209.00
19.1600      202.00
19.1800      196.00
19.2000      171.00
19.2200      173.00
19.2400      192.00
19.2600      207.00
19.2800      185.00
19.3000      194.00
19.3200      195.00
19.3400      197.00
19.3600      189.00
19.3800      226.00
19.4000      227.00
19.4200      224.00
19.4400      264.00
19.4600      295.00
19.4800      352.00
19.5000      375.00
19.5200      388.00
19.5400      401.00
19.5600      438.00
19.5800      457.00
19.6000      534.00
19.6200      506.00
19.6400      530.00
19.6600      570.00
19.6800      621.00
19.7000      541.00
19.7200      578.00
19.7400      522.00
19.7600      530.00
19.7800      535.00
19.8000      481.00
19.8200      473.00
19.8400      391.00
19.8600      383.00
19.8800      345.00
19.9000      304.00
19.9200      290.00
19.9400      247.00
19.9600      244.00
19.9800      201.00
20.0000      198.00
20.0200      189.00
20.0400      183.00
20.0600      205.00
20.0800      179.00
20.1000      148.00
20.1200      182.00
20.1400      176.00
20.1600      150.00
20.1800      176.00
20.2000      151.00
20.2200      161.00
20.2400      158.00
20.2600      138.00
20.2800      173.00
20.3000      165.00
20.3200      151.00
20.3400      174.00
20.3600      161.00
20.3800      203.00
20.4000      184.00
20.4200      195.00
20.4400      220.00
20.4600      205.00
20.4800      221.00
20.5000      247.00
20.5200      241.00
20.5400      268.00
20.5600      310.00
20.5800      314.00
20.6000      339.00
20.6200      345.00
20.6400      342.00
20.6600      349.00
20.6800      407.00
20.7000      404.00
20.7200      429.00
20.7400      487.00
20.7600      475.00
20.7800      530.00
20.8000      588.00
20.8200      516.00
20.8400      598.00
20.8600      618.00
20.8800      730.00
20.9000      805.00
20.9200      823.00
20.9400      916.00
20.9600      938.00
20.9800      931.00
21.0000      937.00
21.0200      968.00
21.0400      954.00
21.0600      997.00
21.0800      994.00
21.1000      998.00
21.1200      981.00
21.1400      891.00
21.1600      775.00
21.1800      790.00
21.2000      697.00
21.2200      666.00
21.2400      539.00
21.2600      450.00
21.2800      374.00
21.3000      320.00
21.3200      249.00
21.3400      219.00
21.3600      216.00
21.3800      207.00
21.4000      177.00
21.4200      144.00
21.4400      175.00
21.4600      179.00
21.4800      165.00
21.5000      146.00
21.5200      147.00
21.5400      153.00
21.5600      151.00
21.5800      150.00
21.6000      149.00
21.6200      151.00
21.6400      162.00
21.6600      135.00
21.6800      159.00
21.7000      167.00
21.7200      158.00
21.7400      147.00
21.7600      148.00
21.7800      144.00
21.8000      170.00
21.8200      156.00
21.8400      145.00
21.8600      163.00
21.8800      168.00
21.9000      158.00
21.9200      143.00
21.9400      161.00
21.9600      167.00
21.9800      162.00
22.0000      149.00
22.0200      162.00
22.0400      169.00
22.0600      196.00
22.0800      196.00
22.1000      190.00
22.1200      204.00
22.1400      224.00
22.1600      204.00
22.1800      234.00
22.2000      238.00
22.2200      189.00
22.2400      248.00
22.2600      235.00
22.2800      291.00
22.3000      268.00
22.3200      267.00
22.3400      299.00
22.3600      281.00
22.3800      313.00
22.4000      323.00
22.4200      345.00
22.4400      329.00
22.4600      346.00
22.4800      405.00
22.5000      374.00
22.5200      395.00
22.5400      432.00
22.5600      414.00
22.5800      395.00
22.6000      439.00
22.6200      410.00
22.6400      432.00
22.6600      429.00
22.6800      448.00
22.7000      429.00
22.7200      422.00
22.7400      402.00
22.7600      360.00
22.7800      357.00
22.8000      359.00
22.8200      291.00
22.8400      279.00
22.8600      318.00
22.8800      270.00
22.9000      279.00
22.9200      281.00
22.9400      284.00
22.9600      283.00
22.9800      302.00
23.0000      343.00
23.0200      331.00
23.0400      352.00
23.0600      302.00
23.0800      385.00
23.1000      333.00
23.1200      310.00
23.1400      353.00
23.1600      362.00
23.1800      332.00
23.2000      321.00
23.2200      341.00
23.2400      324.00
23.2600      331.00
23.2800      348.00
23.3000      331.00
23.3200      354.00
23.3400      330.00
23.3600      325.00
23.3800      327.00
23.4000      293.00
23.4200      314.00
23.4400      324.00
23.4600      303.00
23.4800      298.00
23.5000      298.00
23.5200      292.00
23.5400      266.00
23.5600      252.00
23.5800      226.00
23.6000      240.00
23.6200      198.00
23.6400      198.00
23.6600      167.00
23.6800      195.00
23.7000      179.00
23.7200      167.00
23.7400      159.00
23.7600      171.00
23.7800      184.00
23.8000      177.00
23.8200      201.00
23.8400      205.00
23.8600      204.00
23.8800      231.00
23.9000      280.00
23.9200      264.00
23.9400      274.00
23.9600      280.00
23.9800      313.00
24.0000      302.00
24.0200      325.00
24.0400      367.00
24.0600      347.00
24.0800      367.00
24.1000      385.00
24.1200      374.00
24.1400      374.00
24.1600      382.00
24.1800      434.00
24.2000      416.00
24.2200      425.00
24.2400      438.00
24.2600      445.00
24.2800      453.00
24.3000      451.00
24.3200      414.00
24.3400      460.00
24.3600      440.00
24.3800      451.00
24.4000      442.00
24.4200      450.00
24.4400      449.00
24.4600      413.00
24.4800      370.00
24.5000      391.00
24.5200      369.00
24.5400      323.00
24.5600      296.00
24.5800      305.00
24.6000      277.00
24.6200      267.00
24.6400      216.00
24.6600      187.00
24.6800      203.00
24.7000      259.00
24.7200      244.00
24.7400      219.00
24.7600      236.00
24.7800      283.00
24.8000      289.00
24.8200      299.00
24.8400      349.00
24.8600      344.00
24.8800      337.00
24.9000      359.00
24.9200      347.00
24.9400      377.00
24.9600      374.00
24.9800      359.00
25.0000      355.00
25.0200      323.00
25.0400      375.00
25.0600      308.00
25.0800      290.00
25.1000      311.00
25.1200      257.00
25.1400      248.00
25.1600      220.00
25.1800      204.00
25.2000      191.00
25.2200      172.00
25.2400      169.00
25.2600      149.00
25.2800      129.00
25.3000      144.00
25.3200      154.00
25.3400      130.00
25.3600      141.00
25.3800      142.00
25.4000      114.00
25.4200      121.00
25.4400      129.00
25.4600      102.00
25.4800      142.00
25.5000      130.00
25.5200      130.00
25.5400      120.00
25.5600      121.00
25.5800      136.00
25.6000      133.00
25.6200      137.00
25.6400      131.00
25.6600      139.00
25.6800      132.00
25.7000      130.00
25.7200      140.00
25.7400      118.00
25.7600      153.00
25.7800      133.00
25.8000      168.00
25.8200      157.00
25.8400      162.00
25.8600      145.00
25.8800      165.00
25.9000      158.00
25.9200      178.00
25.9400      187.00
25.9600      192.00
25.9800      187.00
26.0000      214.00
26.0200      221.00
26.0400      220.00
26.0600      213.00
26.0800      251.00
26.1000      277.00
26.1200      293.00
26.1400      248.00
26.1600      273.00
26.1800      300.00
26.2000      262.00
26.2200      280.00
26.2400      282.00
26.2600      276.00
26.2800      274.00
26.3000      283.00
26.3200      292.00
26.3400      274.00
26.3600      305.00
26.3800      290.00
26.4000      296.00
26.4200      262.00
26.4400      261.00
26.4600      258.00
26.4800      241.00
26.5000      210.00
26.5200      252.00
26.5400      247.00
26.5600      229.00
26.5800      214.00
26.6000      217.00
26.6200      210.00
26.6400      195.00
26.6600      226.00
26.6800      175.00
26.7000      176.00
26.7200      170.00
26.7400      138.00
26.7600      144.00
26.7800      163.00
26.8000      126.00
26.8200      130.00
26.8400      120.00
26.8600      144.00
26.8800      119.00
26.9000      134.00
26.9200      137.00
26.9400      131.00
26.9600      153.00
26.9800      156.00
27.0000      139.00
27.0200      150.00
27.0400      138.00
27.0600      168.00
27.0800      140.00
27.1000      151.00
27.1200      163.00
27.1400      170.00
27.1600      162.00
27.1800      164.00
27.2000      200.00
27.2200      166.00
27.2400      173.00
27.2600      196.00
27.2800      215.00
27.3000      197.00
27.3200      199.00
27.3400      195.00
27.3600      221.00
27.3800      191.00
27.4000      195.00
27.4200      212.00
27.4400      240.00
27.4600      228.00
27.4800      244.00
27.5000      253.00
27.5200      243.00
27.5400      240.00
27.5600      273.00
27.5800      295.00
27.6000      320.00
27.6200      296.00
27.6400      316.00
27.6600      293.00
27.6800      312.00
27.7000      322.00
27.7200      293.00
27.7400      308.00
27.7600      286.00
27.7800      309.00
27.8000      302.00
27.8200      300.00
27.8400      287.00
27.8600      246.00
27.8800      224.00
27.9000      224.00
27.9200      207.00
27.9400      207.00
27.9600      209.00
27.9800      178.00
28.0000      154.00
28.0200      196.00
28.0400      174.00
28.0600      167.00
28.0800      213.00
28.1000      184.00
28.1200      168.00
28.1400      162.00
28.1600      179.00
28.1800      176.00
28.2000      185.00
28.2200      174.00
28.2400      230.00
28.2600      206.00
28.2800      214.00
28.3000      265.00
28.3200      264.00
28.3400      324.00
28.3600      347.00
28.3800      365.00
28.4000      372.00
28.4200      423.00
28.4400      447.00
28.4600      494.00
28.4800      437.00
28.5000      504.00
28.5200      515.00
28.5400      474.00
28.5600      473.00
28.5800      498.00
28.6000      478.00
28.6200      512.00
28.6400      462.00
28.6600      421.00
28.6800      390.00
28.7000      367.00
28.7200      319.00
28.7400      302.00
28.7600      285.00
28.7800      235.00
28.8000      223.00
28.8200      245.00
28.8400      230.00
28.8600      240.00
28.8800      204.00
28.9000      209.00
28.9200      218.00
28.9400      199.00
28.9600      186.00
28.9800      214.00
29.0000      192.00
29.0200      204.00
29.0400      212.00
29.0600      217.00
29.0800      205.00
29.1000      227.00
29.1200      217.00
29.1400      257.00
29.1600      230.00
29.1800      210.00
29.2000      252.00
29.2200      256.00
29.2400      250.00
29.2600      263.00
29.2800      268.00
29.3000      237.00
29.3200      229.00
29.3400      269.00
29.3600      283.00
29.3800      255.00
29.4000      272.00
29.4200      295.00
29.4400      301.00
29.4600      267.00
29.4800      260.00
29.5000      264.00
29.5200      257.00
29.5400      228.00
29.5600      266.00
29.5800      229.00
29.6000      224.00
29.6200      206.00
29.6400      201.00
29.6600      171.00
29.6800      182.00
29.7000      154.00
29.7200      131.00
29.7400      137.00
29.7600      141.00
29.7800      142.00
29.8000      152.00
29.8200      134.00
29.8400      131.00
29.8600      130.00
29.8800      138.00
29.9000      139.00
29.9200      141.00
29.9400      135.00
29.9600      144.00
29.9800      139.00
30.0000      164.00
30.0200      177.00
30.0400      178.00
30.0600      175.00
30.0800      210.00
30.1000      205.00
30.1200      188.00
30.1400      215.00
30.1600      205.00
30.1800      191.00
30.2000      194.00
30.2200      211.00
30.2400      207.00
30.2600      201.00
30.2800      176.00
30.3000      196.00
30.3200      213.00
30.3400      178.00
30.3600      170.00
30.3800      199.00
30.4000      166.00
30.4200      139.00
30.4400      158.00
30.4600      150.00
30.4800      168.00
30.5000      152.00
30.5200      131.00
30.5400      148.00
30.5600      123.00
30.5800      135.00
30.6000      138.00
30.6200      133.00
30.6400      125.00
30.6600      144.00
30.6800      148.00
30.7000      143.00
30.7200      152.00
30.7400      134.00
30.7600      151.00
30.7800      127.00
30.8000      156.00
30.8200      143.00
30.8400      139.00
30.8600      142.00
30.8800      130.00
30.9000      129.00
30.9200      135.00
30.9400      116.00
30.9600      130.00
30.9800      133.00
31.0000      133.00
31.0200      150.00
31.0400      158.00
31.0600      108.00
31.0800      118.00
31.1000      107.00
31.1200      125.00
31.1400      114.00
31.1600      126.00
31.1800      132.00
31.2000      118.00
31.2200      121.00
31.2400      109.00
31.2600      131.00
31.2800      111.00
31.3000      116.00
31.3200      111.00
31.3400      117.00
31.3600      110.00
31.3800      126.00
31.4000      100.00
31.4200      127.00
31.4400      112.00
31.4600      134.00
31.4800      111.00
31.5000      131.00
31.5200      110.00
31.5400      124.00
31.5600      128.00
31.5800      149.00
31.6000      123.00
31.6200      134.00
31.6400      124.00
31.6600      145.00
31.6800      145.00
31.7000      141.00
31.7200      131.00
31.7400      132.00
31.7600      121.00
31.7800      132.00
31.8000      138.00
31.8200      104.00
31.8400      141.00
31.8600      137.00
31.8800      136.00
31.9000      164.00
31.9200      150.00
31.9400      166.00
31.9600      150.00
31.9800      158.00
32.0000      136.00
