 3.0000      181.00
 3.0200      177.00
 3.0400      162.00
 3.0600      164.00
 3.0800      159.00
 3.1000      150.00
 3.1200      155.00
 3.1400      145.00
 3.1600      156.00
 3.1800      136.00
 3.2000      144.00
 3.2200      139.00
 3.2400      145.00
 3.2600      149.00
 3.2800      133.00
 3.3000      135.00
 3.3200      126.00
 3.3400      150.00
 3.3600      156.00
 3.3800      138.00
 3.4000      137.00
 3.4200      144.00
 3.4400      123.00
 3.4600      138.00
 3.4800      131.00
 3.5000      119.00
 3.5200      141.00
 3.5400      148.00
 3.5600      113.00
 3.5800      124.00
 3.6000      159.00
 3.6200      119.00
 3.6400      112.00
 3.6600      128.00
 3.6800      133.00
 3.7000      136.00
 3.7200      132.00
 3.7400      133.00
 3.7600      135.00
 3.7800      143.00
 3.8000      106.00
 3.8200      104.00
 3.8400      116.00
 3.8600      110.00
 3.8800      113.00
 3.9000      127.00
 3.9200      119.00
 3.9400      122.00
 3.9600      105.00
 3.9800      121.00
 4.0000      127.00
 4.0200      131.00
 4.0400      139.00
 4.0600      122.00
 4.0800      117.00
 4.1000      106.00
 4.1200      104.00
 4.1400      114.00
 4.1600      116.00
 4.1800      100.00
 4.2000      111.00
 4.2200      101.00
 4.2400      115.00
 4.2600      115.00
 4.2800      107.00
 4.3000       93.00
 4.3200      114.00
 4.3400      112.00
 4.3600      108.00
 4.3800      119.00
 4.4000      121.00
 4.4200       99.00
 4.4400      115.00
 4.4600       99.00
 4.4800      109.00
 4.5000      102.00
 4.5200      105.00
 4.5400      104.00
 4.5600      101.00
 4.5800       98.00
 4.6000      122.00
 4.6200      105.00
 4.6400      104.00
 4.6600      104.00
 4.6800      103.00
 4.7000      117.00
 4.7200      128.00
 4.7400      142.00
 4.7600      128.00
 4.7800      133.00
 4.8000      123.00
 4.8200      124.00
 4.8400      140.00
 4.8600      122.00
 4.8800      138.00
 4.9000      139.00
 4.9200      127.00
 4.9400      146.00
 4.9600      145.00
 4.9800      168.00
 5.0000      167.00
 5.0200      165.00
 5.0400      159.00
 5.0600      179.00
 5.0800      180.00
 5.1000      223.00
 5.1200      220.00
 5.1400      233.00
 5.1600      239.00
 5.1800      228.00
 5.2000      248.00
 5.2200      252.00
 5.2400      294.00
 5.2600      337.00
 5.2800      328.00
 5.3000      343.00
 5.3200      378.00
 5.3400      396.00
 5.3600      384.00
 5.3800      448.00
 5.4000      423.00
 5.4200      437.00
 5.4400      491.00
 5.4600      468.00
 5.4800      498.00
 5.5000      486.00
 5.5200      446.00
 5.5400      433.00
 5.5600      402.00
 5.5800      358.00
 5.6000      315.00
 5.6200      239.00
 5.6400      209.00
 5.6600      173.00
 5.6800      150.00
 5.7000      157.00
 5.7200      138.00
 5.7400      114.00
 5.7600      129.00
 5.7800       97.00
 5.8000      100.00
 5.8200      108.00
 5.8400      105.00
 5.8600      108.00
 5.8800       94.00
 5.9000      105.00
 5.9200       96.00
 5.9400       86.00
 5.9600       94.00
 5.9800      111.00
 6.0000      120.00
 6.0200      121.00
 6.0400      105.00
 6.0600       98.00
 6.0800       93.00
 6.1000       84.00
 6.1200      107.00
 6.1400      109.00
 6.1600      122.00
 6.1800      111.00
 6.2000       85.00
 6.2200      102.00
 6.2400       94.00
 6.2600      112.00
 6.2800      108.00
 6.3000      102.00
 6.3200       93.00
 6.3400      104.00
 6.3600      112.00
 6.3800      117.00
 6.4000       97.00
 6.4200      103.00
 6.4400       91.00
 6.4600      107.00
 6.4800      102.00
 6.5000      107.00
 6.5200       95.00
 6.5400      104.00
 6.5600      127.00
 6.5800       90.00
 6.6000       98.00
 6.6200      134.00
 6.6400      111.00
 6.6600      105.00
 6.6800      120.00
 6.7000      116.00
 6.7200      120.00
 6.7400      128.00
 6.7600      102.00
 6.7800      107.00
 6.8000      130.00
 6.8200      122.00
 6.8400      124.00
 6.8600       94.00
 6.8800       96.00
 6.9000      112.00
 6.9200       97.00
 6.9400      125.00
 6.9600      108.00
 6.9800      112.00
 7.0000      119.00
 7.0200      133.00
 7.0400      116.00
 7.0600      108.00
 7.0800      109.00
 7.1000      128.00
 7.1200       81.00
 7.1400      119.00
 7.1600      121.00
 7.1800      100.00
 7.2000       98.00
 7.2200      119.00
 7.2400      106.00
 7.2600      106.00
 7.2800      130.00
 7.3000      100.00
 7.3200      112.00
 7.3400      107.00
 7.3600      138.00
 7.3800      118.00
 7.4000      114.00
 7.4200      124.00
 7.4400      112.00
 7.4600      114.00
 7.4800      106.00
 7.5000      110.00
 7.5200      114.00
 7.5400      122.00
 7.5600       95.00
 7.5800      105.00
 7.6000      103.00
 7.6200      114.00
 7.6400      111.00
 7.6600      124.00
 7.6800      129.00
 7.7000      111.00
 7.7200      108.00
 7.7400      114.00
 7.7600      124.00
 7.7800      125.00
 7.8000      115.00
 7.8200       99.00
 7.8400      122.00
 7.8600      105.00
 7.8800      106.00
 7.9000      103.00
 7.9200      114.00
 7.9400      109.00
 7.9600      137.00
 7.9800      115.00
 8.0000      110.00
 8.0200      116.00
 8.0400      128.00
 8.0600      111.00
 8.0800      116.00
 8.1000      108.00
 8.1200      127.00
 8.1400      121.00
 8.1600      109.00
 8.1800      124.00
 8.2000      128.00
 8.2200      107.00
 8.2400      138.00
 8.2600      133.00
 8.2800      118.00
 8.3000      121.00
 8.3200       99.00
 8.3400      141.00
 8.3600      124.00
 8.3800      115.00
 8.4000      122.00
 8.4200      123.00
 8.4400      141.00
 8.4600      131.00
 8.4800      133.00
 8.5000      105.00
 8.5200       99.00
 8.5400      133.00
 8.5600      132.00
 8.5800      108.00
 8.6000      111.00
 8.6200      128.00
 8.6400      121.00
 8.6600      124.00
 8.6800      134.00
 8.7000      125.00
 8.7200      155.00
 8.7400      126.00
 8.7600      119.00
 8.7800      129.00
 8.8000      125.00
 8.8200      142.00
 8.8400      127.00
 8.8600      153.00
 8.8800      140.00
 8.9000      117.00
 8.9200      122.00
 8.9400      147.00
 8.9600      123.00
 8.9800      134.00
 9.0000      129.00
 9.0200      148.00
 9.0400      136.00
 9.0600      117.00
 9.0800      120.00
 9.1000      123.00
 9.1200      132.00
 9.1400      129.00
 9.1600      132.00
 9.1800      116.00
 9.2000      102.00
 9.2200      104.00
 9.2400      129.00
 9.2600      115.00
 9.2800      119.00
 9.3000      118.00
 9.3200      146.00
 9.3400      124.00
 9.3600      125.00
 9.3800      106.00
 9.4000      116.00
 9.4200      122.00
 9.4400      120.00
 9.4600      127.00
 9.4800      109.00
 9.5000      121.00
 9.5200      119.00
 9.5400      128.00
 9.5600      118.00
 9.5800      117.00
 9.6000      143.00
 9.6200      122.00
 9.6400      120.00
 9.6600      144.00
 9.6800      128.00
 9.7000      133.00
 9.7200      124.00
 9.7400      129.00
 9.7600      128.00
 9.7800      133.00
 9.8000      123.00
 9.8200      109.00
 9.8400      123.00
 9.8600      135.00
 9.8800      143.00
 9.9000      147.00
 9.9200      132.00
 9.9400      127.00
 9.9600      130.00
 9.9800      134.00
10.0000      151.00
10.0200      124.00
10.0400      144.00
10.0600      128.00
10.0800      139.00
10.1000      116.00
10.1200      129.00
10.1400      148.00
10.1600      154.00
10.1800      126.00
10.2000      131.00
10.2200      139.00
10.2400      151.00
10.2600      132.00
10.2800      149.00
10.3000      159.00
10.3200      167.00
10.3400      181.00
10.3600      164.00
10.3800      146.00
10.4000      182.00
10.4200      181.00
10.4400      193.00
10.4600      204.00
10.4800      251.00
10.5000      214.00
10.5200      258.00
10.5400      245.00
10.5600      263.00
10.5800      251.00
10.6000      314.00
10.6200      281.00
10.6400      278.00
10.6600      326.00
10.6800      296.00
10.7000      278.00
10.7200      237.00
10.7400      293.00
10.7600      241.00
10.7800      248.00
10.8000      238.00
10.8200      197.00
10.8400      179.00
10.8600      191.00
10.8800      174.00
10.9000      174.00
10.9200      163.00
10.9400      158.00
10.9600      162.00
10.9800      149.00
11.0000      133.00
11.0200      123.00
11.0400      122.00
11.0600      136.00
11.0800      130.00
11.1000      132.00
11.1200      141.00
11.1400      135.00
11.1600      136.00
11.1800      145.00
11.2000      137.00
11.2200      141.00
11.2400      127.00
11.2600      135.00
11.2800      123.00
11.3000      144.00
11.3200      131.00
11.3400      158.00
11.3600      139.00
11.3800      142.00
11.4000      140.00
11.4200      136.00
11.4400      145.00
11.4600      149.00
11.4800      143.00
11.5000      160.00
11.5200      141.00
11.5400      145.00
11.5600      151.00
11.5800      165.00
11.6000      131.00
11.6200      134.00
11.6400      143.00
11.6600      140.00
11.6800      158.00
11.7000      150.00
11.7200      147.00
11.7400      145.00
11.7600      158.00
11.7800      135.00
11.8000      150.00
11.8200      152.00
11.8400      163.00
11.8600      149.00
11.8800      139.00
11.9000      143.00
11.9200      152.00
11.9400      147.00
11.9600      199.00
11.9800      172.00
12.0000      165.00
12.0200      170.00
12.0400      195.00
12.0600      194.00
12.0800      224.00
12.1000      213.00
12.1200      204.00
12.1400      232.00
12.1600      225.00
12.1800      237.00
12.2000      221.00
12.2200      262.00
12.2400      250.00
12.2600      280.00
12.2800      265.00
12.3000      242.00
12.3200      193.00
12.3400      224.00
12.3600      219.00
12.3800      224.00
12.4000      185.00
12.4200      200.00
12.4400      160.00
12.4600      179.00
12.4800      142.00
12.5000      145.00
12.5200      160.00
12.5400      169.00
12.5600      161.00
12.5800      167.00
12.6000      182.00
12.6200      170.00
12.6400      188.00
12.6600      191.00
12.6800      197.00
12.7000      220.00
12.7200      236.00
12.7400      243.00
12.7600      256.00
12.7800      274.00
12.8000      344.00
12.8200      300.00
12.8400      349.00
12.8600      371.00
12.8800      425.00
12.9000      454.00
12.9200      555.00
12.9400      575.00
12.9600      626.00
12.9800      617.00
13.0000      694.00
13.0200      673.00
13.0400      696.00
13.0600      669.00
13.0800      739.00
13.1000      686.00
13.1200      737.00
13.1400      716.00
13.1600      682.00
13.1800      637.00
13.2000      556.00
13.2200      530.00
13.2400      478.00
13.2600      466.00
13.2800      448.00
13.3000      462.00
13.3200      492.00
13.3400      506.00
13.3600      541.00
13.3800      609.00
13.4000      722.00
13.4200      778.00
13.4400      804.00
13.4600      912.00
13.4800      946.00
13.5000     1021.00
13.5200     1052.00
13.5400     1027.00
13.5600     1078.00
13.5800     1185.00
13.6000     1105.00
13.6200     1042.00
13.6400     1004.00
13.6600      959.00
13.6800      811.00
13.7000      793.00
13.7200      587.00
13.7400      532.00
13.7600      450.00
13.7800      352.00
13.8000      285.00
13.8200      326.00
13.8400      226.00
13.8600      215.00
13.8800      213.00
13.9000      189.00
13.9200      193.00
13.9400      181.00
13.9600      183.00
13.9800      153.00
14.0000      183.00
14.0200      199.00
14.0400      177.00
14.0600      188.00
14.0800      199.00
14.1000      190.00
14.1200      195.00
14.1400      200.00
14.1600      208.00
14.1800      232.00
14.2000      197.00
14.2200      225.00
14.2400      243.00
14.2600      235.00
14.2800      265.00
14.3000      273.00
14.3200      271.00
14.3400      249.00
14.3600      269.00
14.3800      302.00
14.4000      287.00
14.4200      325.00
14.4400      308.00
14.4600      346.00
14.4800      307.00
14.5000      333.00
14.5200      323.00
14.5400      372.00
14.5600      410.00
14.5800      416.00
14.6000      419.00
14.6200      463.00
14.6400      469.00
14.6600      506.00
14.6800      568.00
14.7000      583.00
14.7200      597.00
14.7400      693.00
14.7600      635.00
14.7800      708.00
14.8000      652.00
14.8200      721.00
14.8400      649.00
14.8600      675.00
14.8800      657.00
14.9000      612.00
14.9200      590.00
14.9400      525.00
14.9600      506.00
14.9800      425.00
15.0000      393.00
15.0200      347.00
15.0400      296.00
15.0600      284.00
15.0800      252.00
15.1000      233.00
15.1200      257.00
15.1400      207.00
15.1600      249.00
15.1800      242.00
15.2000      213.00
15.2200      280.00
15.2400      303.00
15.2600      340.00
15.2800      338.00
15.3000      361.00
15.3200      448.00
15.3400      453.00
15.3600      507.00
15.3800      546.00
15.4000      554.00
15.4200      686.00
15.4400      690.00
15.4600      786.00
15.4800      790.00
15.5000      889.00
15.5200      873.00
15.5400      938.00
15.5600      905.00
15.5800     1025.00
15.6000      968.00
15.6200      980.00
15.6400      956.00
15.6600      902.00
15.6800      874.00
15.7000      900.00
15.7200      805.00
15.7400      813.00
15.7600      734.00
15.7800      699.00
15.8000      689.00
15.8200      628.00
15.8400      546.00
15.8600      482.00
15.8800      459.00
15.9000      415.00
15.9200      368.00
15.9400      317.00
15.9600      344.00
15.9800      318.00
16.0000      280.00
16.0200      245.00
16.0400      275.00
16.0600      241.00
16.0800      214.00
16.1000      249.00
16.1200      219.00
16.1400      220.00
16.1600      205.00
16.1800      206.00
16.2000      191.00
16.2200      216.00
16.2400      179.00
16.2600      200.00
16.2800      215.00
16.3000      213.00
16.3200      206.00
16.3400      227.00
16.3600      239.00
16.3800      239.00
16.4000      255.00
16.4200      307.00
16.4400      312.00
16.4600      360.00
16.4800      376.00
16.5000      387.00
16.5200      416.00
16.5400      391.00
16.5600      413.00
16.5800      459.00
16.6000      432.00
16.6200      435.00
16.6400      423.00
16.6600      458.00
16.6800      403.00
16.7000      392.00
16.7200      388.00
16.7400      336.00
16.7600      323.00
16.7800      277.00
16.8000      239.00
16.8200      242.00
16.8400      237.00
16.8600      195.00
16.8800      207.00
16.9000      189.00
16.9200      188.00
16.9400      169.00
16.9600      174.00
16.9800      193.00
17.0000      169.00
17.0200      194.00
17.0400      196.00
17.0600      185.00
17.0800      157.00
17.1000      190.00
17.1200      180.00
17.1400      157.00
17.1600      147.00
17.1800      174.00
17.2000      161.00
17.2200      165.00
17.2400      171.00
17.2600      145.00
17.2800      162.00
17.3000      177.00
17.3200      186.00
17.3400      160.00
17.3600      152.00
17.3800      191.00
17.4000      197.00
17.4200      185.00
17.4400      175.00
17.4600      205.00
17.4800      227.00
17.5000      204.00
17.5200      242.00
17.5400      220.00
17.5600      268.00
17.5800      239.00
17.6000      314.00
17.6200      293.00
17.6400      353.00
17.6600      347.00
17.6800      389.00
17.7000      393.00
17.7200      439.00
17.7400      454.00
17.7600      494.00
17.7800      504.00
17.8000      539.00
17.8200      596.00
17.8400      617.00
17.8600      600.00
17.8800      660.00
17.9000      669.00
17.9200      653.00
17.9400      705.00
17.9600      697.00
17.9800      682.00
18.0000      685.00
18.0200      653.00
18.0400      646.00
18.0600      584.00
18.0800      607.00
18.1000      584.00
18.1200      520.00
18.1400      480.00
18.1600      461.00
18.1800      402.00
18.2000      343.00
18.2200      298.00
18.2400      318.00
18.2600      256.00
18.2800      232.00
18.3000      233.00
18.3200      214.00
18.3400      202.00
18.3600      248.00
18.3800      203.00
18.4000      211.00
18.4200      242.00
18.4400      244.00
18.4600      283.00
18.4800      280.00
18.5000      259.00
18.5200      290.00
18.5400      315.00
18.5600      277.00
18.5800      314.00
18.6000      308.00
18.6200      348.00
18.6400      321.00
18.6600      335.00
18.6800      298.00
18.7000      295.00
18.7200      268.00
18.7400      275.00
18.7600      206.00
18.7800      222.00
18.8000      247.00
18.8200      208.00
18.8400      188.00
18.8600      192.00
18.8800      173.00
18.9000      175.00
18.9200      167.00
18.9400      156.00
18.9600      161.00
18.9800      148.00
19.0000      188.00
19.0200      177.00
19.0400      167.00
19.0600      157.00
19.0800      164.00
19.1000      172.00
19.1200      203.00
19.1400      183.00
19.1600      175.00
19.1800      164.00
19.2000      202.00
19.2200      215.00
19.2400      201.00
19.2600      194.00
19.2800      187.00
19.3000      218.00
19.3200      198.00
19.3400      212.00
19.3600      205.00
19.3800      244.00
19.4000      250.00
19.4200      264.00
19.4400      254.00
19.4600      297.00
19.4800      284.00
19.5000      304.00
19.5200      335.00
19.5400      431.00
19.5600      451.00
19.5800      480.00
19.6000      459.00
19.6200      537.00
19.6400      569.00
19.6600      583.00
19.6800      596.00
19.7000      613.00
19.7200      605.00
19.7400      671.00
19.7600      702.00
19.7800      682.00
19.8000      712.00
19.8200      636.00
19.8400      613.00
19.8600      538.00
19.8800      565.00
19.9000      547.00
19.9200      510.00
19.9400      471.00
19.9600      471.00
19.9800      423.00
20.0000      347.00
20.0200      341.00
20.0400      329.00
20.0600      301.00
20.0800      273.00
20.1000      288.00
20.1200      263.00
20.1400      279.00
20.1600      294.00
20.1800      306.00
20.2000      311.00
20.2200      321.00
20.2400      346.00
20.2600      361.00
20.2800      405.00
20.3000      447.00
20.3200      498.00
20.3400      532.00
20.3600      581.00
20.3800      580.00
20.4000      732.00
20.4200      744.00
20.4400      806.00
20.4600      807.00
20.4800      908.00
20.5000      992.00
20.5200     1027.00
20.5400     1084.00
20.5600     1089.00
20.5800     1102.00
20.6000     1159.00
20.6200     1180.00
20.6400     1204.00
20.6600     1213.00
20.6800     1243.00
20.7000     1080.00
20.7200     1052.00
20.7400     1076.00
20.7600      969.00
20.7800      899.00
20.8000      867.00
20.8200      739.00
20.8400      733.00
20.8600      680.00
20.8800      647.00
20.9000      638.00
20.9200      572.00
20.9400      608.00
20.9600      560.00
20.9800      588.00
21.0000      648.00
21.0200      700.00
21.0400      689.00
21.0600      816.00
21.0800      903.00
21.1000     1046.00
21.1200     1095.00
21.1400     1225.00
21.1600     1414.00
21.1800     1485.00
21.2000     1738.00
21.2200     1842.00
21.2400     2108.00
21.2600     2120.00
21.2800     2372.00
21.3000     2471.00
21.3200     2614.00
21.3400     2691.00
21.3600     2656.00
21.3800     2710.00
21.4000     2662.00
21.4200     2745.00
21.4400     2562.00
21.4600     2469.00
21.4800     2349.00
21.5000     2262.00
21.5200     1972.00
21.5400     1847.00
21.5600     1707.00
21.5800     1409.00
21.6000     1272.00
21.6200     1073.00
21.6400     1052.00
21.6600      838.00
21.6800      725.00
21.7000      675.00
21.7200      569.00
21.7400      461.00
21.7600      452.00
21.7800      425.00
21.8000      387.00
21.8200      373.00
21.8400      373.00
21.8600      382.00
21.8800      383.00
21.9000      374.00
21.9200      404.00
21.9400      433.00
21.9600      454.00
21.9800      467.00
22.0000      484.00
22.0200      474.00
22.0400      507.00
22.0600      500.00
22.0800      515.00
22.1000      583.00
22.1200      502.00
22.1400      463.00
22.1600      480.00
22.1800      420.00
22.2000      399.00
22.2200      380.00
22.2400      329.00
22.2600      326.00
22.2800      285.00
22.3000      279.00
22.3200      251.00
22.3400      227.00
22.3600      206.00
22.3800      196.00
22.4000      209.00
22.4200      203.00
22.4400      188.00
22.4600      178.00
22.4800      188.00
22.5000      183.00
22.5200      161.00
22.5400      179.00
22.5600      186.00
22.5800      196.00
22.6000      188.00
22.6200      204.00
22.6400      176.00
22.6600      216.00
22.6800      196.00
22.7000      210.00
22.7200      171.00
22.7400      207.00
22.7600      196.00
22.7800      188.00
22.8000      199.00
22.8200      195.00
22.8400      203.00
22.8600      227.00
22.8800      186.00
22.9000      205.00
22.9200      230.00
22.9400      203.00
22.9600      232.00
22.9800      265.00
23.0000      245.00
23.0200      237.00
23.0400      259.00
23.0600      262.00
23.0800      235.00
23.1000      268.00
23.1200      265.00
23.1400      262.00
23.1600      252.00
23.1800      249.00
23.2000      282.00
23.2200      293.00
23.2400      260.00
23.2600      238.00
23.2800      242.00
23.3000      241.00
23.3200      224.00
23.3400      238.00
23.3600      217.00
23.3800      191.00
23.4000      237.00
23.4200      209.00
23.4400      233.00
23.4600      226.00
23.4800      217.00
23.5000      221.00
23.5200      219.00
23.5400      228.00
23.5600      237.00
23.5800      252.00
23.6000      261.00
23.6200      245.00
23.6400      253.00
23.6600      248.00
23.6800      219.00
23.7000      208.00
23.7200      207.00
23.7400      206.00
23.7600      212.00
23.7800      167.00
23.8000      163.00
23.8200      159.00
23.8400      199.00
23.8600      167.00
23.8800      130.00
23.9000      162.00
23.9200      180.00
23.9400      164.00
23.9600      178.00
23.9800      152.00
24.0000      145.00
24.0200      153.00
24.0400      158.00
24.0600      156.00
24.0800      171.00
24.1000      160.00
24.1200      188.00
24.1400      183.00
24.1600      196.00
24.1800      166.00
24.2000      202.00
24.2200      208.00
24.2400      185.00
24.2600      200.00
24.2800      211.00
24.3000      204.00
24.3200      248.00
24.3400      220.00
24.3600      206.00
24.3800      235.00
24.4000      262.00
24.4200      235.00
24.4400      230.00
24.4600      239.00
24.4800      225.00
24.5000      238.00
24.5200      226.00
24.5400      248.00
24.5600      207.00
24.5800      229.00
24.6000      183.00
24.6200      251.00
24.6400      212.00
24.6600      188.00
24.6800      180.00
24.7000      186.00
24.7200      164.00
24.7400      184.00
24.7600      192.00
24.7800      150.00
24.8000      187.00
24.8200      173.00
24.8400      176.00
24.8600      188.00
24.8800      193.00
24.9000      194.00
24.9200      219.00
24.9400      205.00
24.9600      230.00
24.9800      210.00
25.0000      231.00
25.0200      237.00
25.0400      262.00
25.0600      265.00
25.0800      300.00
25.1000      350.00
25.1200      357.00
25.1400      405.00
25.1600      466.00
25.1800      434.00
25.2000      494.00
25.2200      529.00
25.2400      582.00
25.2600      626.00
25.2800      651.00
25.3000      649.00
25.3200      704.00
25.3400      708.00
25.3600      642.00
25.3800      659.00
25.4000      630.00
25.4200      654.00
25.4400      590.00
25.4600      595.00
25.4800      574.00
25.5000      519.00
25.5200      441.00
25.5400      474.00
25.5600      399.00
25.5800      410.00
25.6000      344.00
25.6200      351.00
25.6400      353.00
25.6600      315.00
25.6800      349.00
25.7000      369.00
25.7200      343.00
25.7400      344.00
25.7600      377.00
25.7800      364.00
25.8000      399.00
25.8200      381.00
25.8400      418.00
25.8600      401.00
25.8800      432.00
25.9000      406.00
25.9200      417.00
25.9400      428.00
25.9600      451.00
25.9800      438.00
26.0000      510.00
26.0200      457.00
26.0400      496.00
26.0600      470.00
26.0800      485.00
26.1000      475.00
26.1200      449.00
26.1400      396.00
26.1600      413.00
26.1800      401.00
26.2000      345.00
26.2200      363.00
26.2400      349.00
26.2600      329.00
26.2800      388.00
26.3000      346.00
26.3200      373.00
26.3400      398.00
26.3600      423.00
26.3800      449.00
26.4000      503.00
26.4200      475.00
26.4400      535.00
26.4600      549.00
26.4800      526.00
26.5000      526.00
26.5200      575.00
26.5400      564.00
26.5600      526.00
26.5800      486.00
26.6000      494.00
26.6200      462.00
26.6400      422.00
26.6600      401.00
26.6800      345.00
26.7000      349.00
26.7200      328.00
26.7400      327.00
26.7600      299.00
26.7800      254.00
26.8000      257.00
26.8200      245.00
26.8400      227.00
26.8600      208.00
26.8800      200.00
26.9000      216.00
26.9200      191.00
26.9400      190.00
26.9600      200.00
26.9800      213.00
27.0000      209.00
27.0200      236.00
27.0400      257.00
27.0600      255.00
27.0800      255.00
27.1000      270.00
27.1200      298.00
27.1400      317.00
27.1600      342.00
27.1800      328.00
27.2000      358.00
27.2200      370.00
27.2400      357.00
27.2600      379.00
27.2800      409.00
27.3000      387.00
27.3200      405.00
27.3400      389.00
27.3600      395.00
27.3800      379.00
27.4000      375.00
27.4200      373.00
27.4400      341.00
27.4600      348.00
27.4800      294.00
27.5000      291.00
27.5200      281.00
27.5400      285.00
27.5600      315.00
27.5800      301.00
27.6000      291.00
27.6200      334.00
27.6400      358.00
27.6600      370.00
27.6800      375.00
27.7000      379.00
27.7200      429.00
27.7400      441.00
27.7600      451.00
27.7800      402.00
27.8000      460.00
27.8200      481.00
27.8400      440.00
27.8600      445.00
27.8800      473.00
27.9000      434.00
27.9200      415.00
27.9400      412.00
27.9600      439.00
27.9800      420.00
28.0000      328.00
28.0200      374.00
28.0400      373.00
28.0600      304.00
28.0800      296.00
28.1000      322.00
28.1200      290.00
28.1400      265.00
28.1600      260.00
28.1800      276.00
28.2000      244.00
28.2200      210.00
28.2400      230.00
28.2600      228.00
28.2800      233.00
28.3000      263.00
28.3200      252.00
28.3400      298.00
28.3600      299.00
28.3800      275.00
28.4000      299.00
28.4200      306.00
28.4400      323.00
28.4600      312.00
28.4800      303.00
28.5000      310.00
28.5200      338.00
28.5400      341.00
28.5600      351.00
28.5800      289.00
28.6000      321.00
28.6200      316.00
28.6400      308.00
28.6600      299.00
28.6800      289.00
28.7000      257.00
28.7200      271.00
28.7400      263.00
28.7600      245.00
28.7800      282.00
28.8000      289.00
28.8200      286.00
28.8400      287.00
28.8600      276.00
28.8800      307.00
28.9000      328.00
28.9200      369.00
28.9400      405.00
28.9600      398.00
28.9800      481.00
29.0000      482.00
29.0200      545.00
29.0400      581.00
29.0600      597.00
29.0800      625.00
29.1000      620.00
29.1200      691.00
29.1400      649.00
29.1600      648.00
29.1800      701.00
29.2000      686.00
29.2200      669.00
29.2400      664.00
29.2600      633.00
29.2800      590.00
29.3000      599.00
29.3200      570.00
29.3400      497.00
29.3600      494.00
29.3800      452.00
29.4000      406.00
29.4200      389.00
29.4400      419.00
29.4600      407.00
29.4800      429.00
29.5000      409.00
29.5200      438.00
29.5400      442.00
29.5600      422.00
29.5800      424.00
29.6000      460.00
29.6200      466.00
29.6400      499.00
29.6600      507.00
29.6800      484.00
29.7000      528.00
29.7200      491.00
29.7400      461.00
29.7600      432.00
29.7800      445.00
29.8000      368.00
29.8200      403.00
29.8400      381.00
29.8600      352.00
29.8800      320.00
29.9000      320.00
29.9200      294.00
29.9400      246.00
29.9600      281.00
29.9800      242.00
30.0000      250.00
30.0200      247.00
30.0400      236.00
30.0600      221.00
30.0800      213.00
30.1000      208.00
30.1200      204.00
30.1400      205.00
30.1600      182.00
30.1800      205.00
30.2000      195.00
30.2200      221.00
30.2400      192.00
30.2600      197.00
30.2800      213.00
30.3000      228.00
30.3200      197.00
30.3400      188.00
30.3600      203.00
30.3800      195.00
30.4000      179.00
30.4200      193.00
30.4400      185.00
30.4600      176.00
30.4800      177.00
30.5000      163.00
30.5200      154.00
30.5400      177.00
30.5600      155.00
30.5800      146.00
30.6000      167.00
30.6200      165.00
30.6400      154.00
30.6600      144.00
30.6800      155.00
30.7000      159.00
30.7200      149.00
30.7400      203.00
30.7600      177.00
30.7800      166.00
30.8000      175.00
30.8200      197.00
30.8400      209.00
30.8600      228.00
30.8800      230.00
30.9000      226.00
30.9200      260.00
30.9400      265.00
30.9600      248.00
30.9800      290.00
31.0000      249.00
31.0200      274.00
31.0400      308.00
31.0600      248.00
31.0800      276.00
31.1000      301.00
31.1200      268.00
31.1400      243.00
31.1600      255.00
31.1800      222.00
31.2000      261.00
31.2200      222.00
31.2400      248.00
31.2600      222.00
31.2800      241.00
31.3000      192.00
31.3200      222.00
31.3400      214.00
31.3600      210.00
31.3800      199.00
31.4000      248.00
31.4200      255.00
31.4400      231.00
31.4600      245.00
31.4800      282.00
31.5000      283.00
31.5200      251.00
31.5400      305.00
31.5600      291.00
31.5800      270.00
31.6000      296.00
31.6200      276.00
31.6400      304.00
31.6600      285.00
31.6800      303.00
31.7000      262.00
31.7200      239.00
31.7400      238.00
31.7600      211.00
31.7800      211.00
31.8000      195.00
31.8200      214.00
31.8400      197.00
31.8600      154.00
31.8800      231.00
31.9000      184.00
31.9200      173.00
31.9400      186.00
31.9600      172.00
31.9800      167.00
32.0000      184.00
32.0200      158.00
32.0400      177.00
32.0600      181.00
32.0800      175.00
32.1000      196.00
32.1200      204.00
32.1400      167.00
32.1600      185.00
32.1800      164.00
32.2000      184.00
32.2200      171.00
32.2400      158.00
32.2600      158.00
32.2800      153.00
32.3000      162.00
32.3200      169.00
32.3400      165.00
32.3600      143.00
32.3800      167.00
32.4000      158.00
32.4200      152.00
32.4400      141.00
32.4600      182.00
32.4800      142.00
32.5000      164.00
32.5200      179.00
32.5400      190.00
32.5600      191.00
32.5800      174.00
32.6000      172.00
32.6200      199.00
32.6400      202.00
32.6600      188.00
32.6800      200.00
32.7000      199.00
32.7200      189.00
32.7400      199.00
32.7600      224.00
32.7800      202.00
32.8000      220.00
32.8200      199.00
32.8400      190.00
32.8600      203.00
32.8800      185.00
32.9000      192.00
32.9200      195.00
32.9400      192.00
32.9600      192.00
32.9800      212.00
33.0000      220.00
33.0200      219.00
33.0400      201.00
33.0600      225.00
33.0800      270.00
33.1000      219.00
33.1200      199.00
33.1400      250.00
33.1600      219.00
33.1800      217.00
33.2000      250.00
33.2200      232.00
33.2400      209.00
33.2600      248.00
33.2800      236.00
33.3000      212.00
33.3200      189.00
33.3400      217.00
33.3600      200.00
33.3800      211.00
33.4000      192.00
33.4200      214.00
33.4400      202.00
33.4600      220.00
33.4800      216.00
33.5000      207.00
33.5200      212.00
33.5400      244.00
33.5600      255.00
33.5800      245.00
33.6000      261.00
33.6200      255.00
33.6400      245.00
33.6600      268.00
33.6800      271.00
33.7000      286.00
33.7200      274.00
33.7400      286.00
33.7600      289.00
33.7800      308.00
33.8000      278.00
33.8200      315.00
33.8400      278.00
33.8600      247.00
33.8800      235.00
33.9000      220.00
33.9200      221.00
33.9400      205.00
33.9600      193.00
33.9800      177.00
34.0000      183.00
34.0200      169.00
34.0400      161.00
34.0600      167.00
34.0800      153.00
34.1000      151.00
34.1200      158.00
34.1400      166.00
34.1600      150.00
34.1800      147.00
34.2000      159.00
34.2200      138.00
34.2400      137.00
34.2600      152.00
34.2800      166.00
34.3000      145.00
34.3200      137.00
34.3400      141.00
34.3600      120.00
34.3800      136.00
34.4000      159.00
34.4200      143.00
34.4400      147.00
34.4600      133.00
34.4800      140.00
34.5000      134.00
34.5200      126.00
34.5400      117.00
34.5600      146.00
34.5800      135.00
34.6000      159.00
34.6200      147.00
34.6400      140.00
34.6600      163.00
34.6800      152.00
34.7000      149.00
34.7200      158.00
34.7400      173.00
34.7600      155.00
34.7800      148.00
34.8000      201.00
34.8200      162.00
34.8400      198.00
34.8600      167.00
34.8800      168.00
34.9000      177.00
34.9200      193.00
34.9400      168.00
34.9600      177.00
34.9800      171.00
35.0000      186.00
