 3.0000      193.00
 3.0200      193.00
 3.0400      199.00
 3.0600      197.00
 3.0800      183.00
 3.1000      190.00
 3.1200      227.00
 3.1400      202.00
 3.1600      212.00
 3.1800      223.00
 3.2000      206.00
 3.2200      187.00
 3.2400      186.00
 3.2600      201.00
 3.2800      196.00
 3.3000      199.00
 3.3200      188.00
 3.3400      183.00
 3.3600      168.00
 3.3800      193.00
 3.4000      184.00
 3.4200      218.00
 3.4400      212.00
 3.4600      225.00
 3.4800      176.00
 3.5000      215.00
 3.5200      222.00
 3.5400      197.00
 3.5600      217.00
 3.5800      199.00
 3.6000      212.00
 3.6200      178.00
 3.6400      185.00
 3.6600      181.00
 3.6800      217.00
 3.7000      204.00
 3.7200      170.00
 3.7400      199.00
 3.7600      214.00
 3.7800      171.00
 3.8000      190.00
 3.8200      158.00
 3.8400      191.00
 3.8600      198.00
 3.8800      173.00
 3.9000      188.00
 3.9200      192.00
 3.9400      202.00
 3.9600      217.00
 3.9800      198.00
 4.0000      191.00
 4.0200      182.00
 4.0400      161.00
 4.0600      170.00
 4.0800      183.00
 4.1000      170.00
 4.1200      164.00
 4.1400      166.00
 4.1600      171.00
 4.1800      161.00
 4.2000      181.00
 4.2200      142.00
 4.2400      161.00
 4.2600      159.00
 4.2800      161.00
 4.3000      168.00
 4.3200      134.00
 4.3400      152.00
 4.3600      130.00
 4.3800      164.00
 4.4000      155.00
 4.4200      124.00
 4.4400      159.00
 4.4600      154.00
 4.4800      145.00
 4.5000      144.00
 4.5200      140.00
 4.5400      162.00
 4.5600      144.00
 4.5800      125.00
 4.6000      146.00
 4.6200      165.00
 4.6400      131.00
 4.6600      136.00
 4.6800      135.00
 4.7000      104.00
 4.7200      141.00
 4.7400      140.00
 4.7600      150.00
 4.7800      132.00
 4.8000      158.00
 4.8200      135.00
 4.8400      132.00
 4.8600      142.00
 4.8800      120.00
 4.9000      141.00
 4.9200      132.00
 4.9400      142.00
 4.9600      150.00
 4.9800      119.00
 5.0000      144.00
 5.0200      122.00
 5.0400      133.00
 5.0600      119.00
 5.0800      126.00
 5.1000      138.00
 5.1200      139.00
 5.1400      142.00
 5.1600      132.00
 5.1800      127.00
 5.2000      113.00
 5.2200      110.00
 5.2400      139.00
 5.2600      144.00
 5.2800      127.00
 5.3000      135.00
 5.3200      115.00
 5.3400      133.00
 5.3600      114.00
 5.3800      118.00
 5.4000      137.00
 5.4200      139.00
 5.4400      152.00
 5.4600      168.00
 5.4800      127.00
 5.5000      143.00
 5.5200      147.00
 5.5400      153.00
 5.5600      165.00
 5.5800      159.00
 5.6000      153.00
 5.6200      161.00
 5.6400      169.00
 5.6600      185.00
 5.6800      173.00
 5.7000      173.00
 5.7200      177.00
 5.7400      194.00
 5.7600      209.00
 5.7800      244.00
 5.8000      209.00
 5.8200      228.00
 5.8400      237.00
 5.8600      233.00
 5.8800      247.00
 5.9000      277.00
 5.9200      302.00
 5.9400      269.00
 5.9600      310.00
 5.9800      306.00
 6.0000      332.00
 6.0200      406.00
 6.0400      414.00
 6.0600      381.00
 6.0800      446.00
 6.1000      444.00
 6.1200      505.00
 6.1400      481.00
 6.1600      622.00
 6.1800      638.00
 6.2000      693.00
 6.2200      776.00
 6.2400      860.00
 6.2600      879.00
 6.2800      984.00
 6.3000     1212.00
 6.3200     1290.00
 6.3400     1466.00
 6.3600     1560.00
 6.3800     1718.00
 6.4000     1834.00
 6.4200     1938.00
 6.4400     1959.00
 6.4600     2080.00
 6.4800     1976.00
 6.5000     2008.00
 6.5200     2085.00
 6.5400     1952.00
 6.5600     2020.00
 6.5800     1912.00
 6.6000     1991.00
 6.6200     1951.00
 6.6400     1874.00
 6.6600     1810.00
 6.6800     1686.00
 6.7000     1534.00
 6.7200     1411.00
 6.7400     1152.00
 6.7600      964.00
 6.7800      749.00
 6.8000      553.00
 6.8200      437.00
 6.8400      332.00
 6.8600      245.00
 6.8800      217.00
 6.9000      192.00
 6.9200      210.00
 6.9400      188.00
 6.9600      207.00
 6.9800      204.00
 7.0000      169.00
 7.0200      146.00
 7.0400      183.00
 7.0600      170.00
 7.0800      140.00
 7.1000      173.00
 7.1200      140.00
 7.1400      192.00
 7.1600      163.00
 7.1800      162.00
 7.2000      145.00
 7.2200      136.00
 7.2400      147.00
 7.2600      139.00
 7.2800      134.00
 7.3000      150.00
 7.3200      154.00
 7.3400      129.00
 7.3600      145.00
 7.3800      138.00
 7.4000      127.00
 7.4200      145.00
 7.4400      141.00
 7.4600      151.00
 7.4800      132.00
 7.5000      135.00
 7.5200      131.00
 7.5400      142.00
 7.5600      143.00
 7.5800      153.00
 7.6000      169.00
 7.6200      123.00
 7.6400      155.00
 7.6600      137.00
 7.6800      135.00
 7.7000      150.00
 7.7200      128.00
 7.7400      136.00
 7.7600      125.00
 7.7800      133.00
 7.8000      118.00
 7.8200      128.00
 7.8400      128.00
 7.8600      123.00
 7.8800      111.00
 7.9000      124.00
 7.9200      119.00
 7.9400      124.00
 7.9600      119.00
 7.9800      139.00
 8.0000      104.00
 8.0200      128.00
 8.0400      123.00
 8.0600      133.00
 8.0800      132.00
 8.1000      123.00
 8.1200      121.00
 8.1400      106.00
 8.1600      114.00
 8.1800      112.00
 8.2000      125.00
 8.2200      131.00
 8.2400      112.00
 8.2600      123.00
 8.2800      136.00
 8.3000      110.00
 8.3200      120.00
 8.3400      121.00
 8.3600      118.00
 8.3800      108.00
 8.4000       97.00
 8.4200       93.00
 8.4400      124.00
 8.4600      115.00
 8.4800      107.00
 8.5000      135.00
 8.5200      103.00
 8.5400      117.00
 8.5600      119.00
 8.5800      104.00
 8.6000      140.00
 8.6200      111.00
 8.6400      131.00
 8.6600      103.00
 8.6800      116.00
 8.7000      110.00
 8.7200      105.00
 8.7400      104.00
 8.7600      120.00
 8.7800      126.00
 8.8000      133.00
 8.8200      101.00
 8.8400      120.00
 8.8600      136.00
 8.8800      128.00
 8.9000      120.00
 8.9200      118.00
 8.9400      110.00
 8.9600      121.00
 8.9800      128.00
 9.0000      105.00
 9.0200      118.00
 9.0400      121.00
 9.0600      124.00
 9.0800      119.00
 9.1000      130.00
 9.1200      146.00
 9.1400      150.00
 9.1600      142.00
 9.1800      139.00
 9.2000      142.00
 9.2200      155.00
 9.2400      179.00
 9.2600      180.00
 9.2800      162.00
 9.3000      202.00
 9.3200      187.00
 9.3400      220.00
 9.3600      207.00
 9.3800      191.00
 9.4000      204.00
 9.4200      189.00
 9.4400      220.00
 9.4600      232.00
 9.4800      215.00
 9.5000      216.00
 9.5200      259.00
 9.5400      253.00
 9.5600      231.00
 9.5800      206.00
 9.6000      212.00
 9.6200      226.00
 9.6400      208.00
 9.6600      214.00
 9.6800      218.00
 9.7000      219.00
 9.7200      228.00
 9.7400      214.00
 9.7600      229.00
 9.7800      191.00
 9.8000      184.00
 9.8200      160.00
 9.8400      165.00
 9.8600      179.00
 9.8800      165.00
 9.9000      180.00
 9.9200      148.00
 9.9400      161.00
 9.9600      134.00
 9.9800      137.00
10.0000      148.00
10.0200      166.00
10.0400      137.00
10.0600      154.00
10.0800      170.00
10.1000      139.00
10.1200      184.00
10.1400      154.00
10.1600      154.00
10.1800      152.00
10.2000      162.00
10.2200      160.00
10.2400      129.00
10.2600      146.00
10.2800      154.00
10.3000      145.00
10.3200      146.00
10.3400      129.00
10.3600      142.00
10.3800      133.00
10.4000      144.00
10.4200      132.00
10.4400      142.00
10.4600      114.00
10.4800      127.00
10.5000      124.00
10.5200      132.00
10.5400      132.00
10.5600      132.00
10.5800      133.00
10.6000      130.00
10.6200      118.00
10.6400      165.00
10.6600      144.00
10.6800      178.00
10.7000      155.00
10.7200      161.00
10.7400      198.00
10.7600      201.00
10.7800      205.00
10.8000      214.00
10.8200      241.00
10.8400      256.00
10.8600      249.00
10.8800      276.00
10.9000      314.00
10.9200      325.00
10.9400      335.00
10.9600      314.00
10.9800      334.00
11.0000      323.00
11.0200      319.00
11.0400      326.00
11.0600      308.00
11.0800      289.00
11.1000      291.00
11.1200      263.00
11.1400      235.00
11.1600      209.00
11.1800      195.00
11.2000      200.00
11.2200      144.00
11.2400      134.00
11.2600      150.00
11.2800      134.00
11.3000      149.00
11.3200      140.00
11.3400      117.00
11.3600      132.00
11.3800      141.00
11.4000      141.00
11.4200      147.00
11.4400      158.00
11.4600      128.00
11.4800      131.00
11.5000      131.00
11.5200      145.00
11.5400      128.00
11.5600      153.00
11.5800      154.00
11.6000      126.00
11.6200      164.00
11.6400      171.00
11.6600      151.00
11.6800      183.00
11.7000      186.00
11.7200      191.00
11.7400      166.00
11.7600      214.00
11.7800      221.00
11.8000      205.00
11.8200      246.00
11.8400      251.00
11.8600      287.00
11.8800      287.00
11.9000      280.00
11.9200      346.00
11.9400      314.00
11.9600      310.00
11.9800      322.00
12.0000      301.00
12.0200      331.00
12.0400      302.00
12.0600      310.00
12.0800      351.00
12.1000      318.00
12.1200      363.00
12.1400      347.00
12.1600      329.00
12.1800      294.00
12.2000      296.00
12.2200      281.00
12.2400      238.00
12.2600      219.00
12.2800      253.00
12.3000      201.00
12.3200      215.00
12.3400      228.00
12.3600      265.00
12.3800      226.00
12.4000      207.00
12.4200      199.00
12.4400      248.00
12.4600      211.00
12.4800      215.00
12.5000      225.00
12.5200      219.00
12.5400      217.00
12.5600      231.00
12.5800      275.00
12.6000      351.00
12.6200      360.00
12.6400      371.00
12.6600      430.00
12.6800      498.00
12.7000      540.00
12.7200      582.00
12.7400      680.00
12.7600      779.00
12.7800      840.00
12.8000      908.00
12.8200      948.00
12.8400      947.00
12.8600      977.00
12.8800     1004.00
12.9000     1026.00
12.9200     1013.00
12.9400      984.00
12.9600      966.00
12.9800      896.00
13.0000      887.00
13.0200      909.00
13.0400      865.00
13.0600      775.00
13.0800      677.00
13.1000      604.00
13.1200      567.00
13.1400      454.00
13.1600      376.00
13.1800      290.00
13.2000      265.00
13.2200      237.00
13.2400      201.00
13.2600      172.00
13.2800      144.00
13.3000      157.00
13.3200      146.00
13.3400      165.00
13.3600      144.00
13.3800      161.00
13.4000      156.00
13.4200      152.00
13.4400      134.00
13.4600      130.00
13.4800      102.00
13.5000      153.00
13.5200      152.00
13.5400      128.00
13.5600      153.00
13.5800      145.00
13.6000      137.00
13.6200      148.00
13.6400      147.00
13.6600      146.00
13.6800      133.00
13.7000      166.00
13.7200      129.00
13.7400      170.00
13.7600      185.00
13.7800      170.00
13.8000      139.00
13.8200      171.00
13.8400      156.00
13.8600      145.00
13.8800      150.00
13.9000      174.00
13.9200      169.00
13.9400      144.00
13.9600      124.00
13.9800      172.00
14.0000      147.00
14.0200      169.00
14.0400      174.00
14.0600      161.00
14.0800      150.00
14.1000      160.00
14.1200      160.00
14.1400      163.00
14.1600      157.00
14.1800      142.00
14.2000      156.00
14.2200      184.00
14.2400      154.00
14.2600      176.00
14.2800      196.00
14.3000      196.00
14.3200      205.00
14.3400      262.00
14.3600      229.00
14.3800      250.00
14.4000      275.00
14.4200      258.00
14.4400      273.00
14.4600      269.00
14.4800      251.00
14.5000      300.00
14.5200      297.00
14.5400      283.00
14.5600      261.00
14.5800      241.00
14.6000      261.00
14.6200      246.00
14.6400      238.00
14.6600      209.00
14.6800      192.00
14.7000      190.00
14.7200      167.00
14.7400      181.00
14.7600      193.00
14.7800      205.00
14.8000      189.00
14.8200      187.00
14.8400      229.00
14.8600      224.00
14.8800      250.00
14.9000      259.00
14.9200      255.00
14.9400      313.00
14.9600      298.00
14.9800      340.00
15.0000      385.00
15.0200      382.00
15.0400      344.00
15.0600      357.00
15.0800      351.00
15.1000      377.00
15.1200      335.00
15.1400      366.00
15.1600      321.00
15.1800      301.00
15.2000      317.00
15.2200      302.00
15.2400      257.00
15.2600      248.00
15.2800      232.00
15.3000      215.00
15.3200      186.00
15.3400      164.00
15.3600      161.00
15.3800      169.00
15.4000      150.00
15.4200      135.00
15.4400      111.00
15.4600      157.00
15.4800      162.00
15.5000      150.00
15.5200      176.00
15.5400      165.00
15.5600      173.00
15.5800      143.00
15.6000      171.00
15.6200      173.00
15.6400      179.00
15.6600      167.00
15.6800      165.00
15.7000      190.00
15.7200      188.00
15.7400      196.00
15.7600      201.00
15.7800      175.00
15.8000      191.00
15.8200      198.00
15.8400      179.00
15.8600      167.00
15.8800      185.00
15.9000      171.00
15.9200      188.00
15.9400      190.00
15.9600      210.00
15.9800      203.00
16.0000      188.00
16.0200      173.00
16.0400      203.00
16.0600      175.00
16.0800      186.00
16.1000      169.00
16.1200      162.00
16.1400      186.00
16.1600      151.00
16.1800      140.00
16.2000      160.00
16.2200      178.00
16.2400      177.00
16.2600      189.00
16.2800      203.00
16.3000      185.00
16.3200      213.00
16.3400      193.00
16.3600      210.00
16.3800      160.00
16.4000      198.00
16.4200      190.00
16.4400      172.00
16.4600      194.00
16.4800      214.00
16.5000      185.00
16.5200      179.00
16.5400      165.00
16.5600      167.00
16.5800      150.00
16.6000      151.00
16.6200      130.00
16.6400      148.00
16.6600      151.00
16.6800      150.00
16.7000      169.00
16.7200      140.00
16.7400      136.00
16.7600      155.00
16.7800      154.00
16.8000      181.00
16.8200      155.00
16.8400      212.00
16.8600      188.00
16.8800      177.00
16.9000      199.00
16.9200      177.00
16.9400      216.00
16.9600      184.00
16.9800      190.00
17.0000      188.00
17.0200      202.00
17.0400      212.00
17.0600      209.00
17.0800      210.00
17.1000      211.00
17.1200      230.00
17.1400      266.00
17.1600      243.00
17.1800      255.00
17.2000      292.00
17.2200      288.00
17.2400      299.00
17.2600      310.00
17.2800      295.00
17.3000      334.00
17.3200      316.00
17.3400      313.00
17.3600      329.00
17.3800      319.00
17.4000      352.00
17.4200      361.00
17.4400      363.00
17.4600      390.00
17.4800      391.00
17.5000      399.00
17.5200      375.00
17.5400      385.00
17.5600      349.00
17.5800      334.00
17.6000      330.00
17.6200      378.00
17.6400      310.00
17.6600      309.00
17.6800      262.00
17.7000      282.00
17.7200      248.00
17.7400      256.00
17.7600      201.00
17.7800      186.00
17.8000      190.00
17.8200      205.00
17.8400      210.00
17.8600      216.00
17.8800      216.00
17.9000      209.00
17.9200      213.00
17.9400      214.00
17.9600      220.00
17.9800      235.00
18.0000      244.00
18.0200      252.00
18.0400      252.00
18.0600      270.00
18.0800      273.00
18.1000      262.00
18.1200      314.00
18.1400      272.00
18.1600      250.00
18.1800      305.00
18.2000      277.00
18.2200      269.00
18.2400      259.00
18.2600      263.00
18.2800      245.00
18.3000      232.00
18.3200      231.00
18.3400      244.00
18.3600      243.00
18.3800      250.00
18.4000      233.00
18.4200      250.00
18.4400      225.00
18.4600      249.00
18.4800      280.00
18.5000      288.00
18.5200      290.00
18.5400      289.00
18.5600      353.00
18.5800      353.00
18.6000      391.00
18.6200      421.00
18.6400      435.00
18.6600      469.00
18.6800      486.00
18.7000      510.00
18.7200      562.00
18.7400      577.00
18.7600      565.00
18.7800      571.00
18.8000      552.00
18.8200      564.00
18.8400      544.00
18.8600      543.00
18.8800      472.00
18.9000      494.00
18.9200      431.00
18.9400      412.00
18.9600      378.00
18.9800      350.00
19.0000      356.00
19.0200      327.00
19.0400      292.00
19.0600      266.00
19.0800      299.00
19.1000      301.00
19.1200      269.00
19.1400      324.00
19.1600      310.00
19.1800      372.00
19.2000      344.00
19.2200      384.00
19.2400      397.00
19.2600      432.00
19.2800      445.00
19.3000      440.00
19.3200      483.00
19.3400      466.00
19.3600      480.00
19.3800      434.00
19.4000      458.00
19.4200      473.00
19.4400      485.00
19.4600      460.00
19.4800      493.00
19.5000      433.00
19.5200      481.00
19.5400      497.00
19.5600      499.00
19.5800      461.00
19.6000      522.00
19.6200      500.00
19.6400      504.00
19.6600      474.00
19.6800      500.00
19.7000      452.00
19.7200      462.00
19.7400      438.00
19.7600      437.00
19.7800      389.00
19.8000      370.00
19.8200      365.00
19.8400      363.00
19.8600      316.00
19.8800      285.00
19.9000      284.00
19.9200      242.00
19.9400      211.00
19.9600      250.00
19.9800      221.00
20.0000      217.00
20.0200      199.00
20.0400      193.00
20.0600      183.00
20.0800      192.00
20.1000      224.00
20.1200      211.00
20.1400      208.00
20.1600      200.00
20.1800      241.00
20.2000      216.00
20.2200      239.00
20.2400      225.00
20.2600      278.00
20.2800      251.00
20.3000      254.00
20.3200      247.00
20.3400      239.00
20.3600      234.00
20.3800      241.00
20.4000      228.00
20.4200      206.00
20.4400      252.00
20.4600      214.00
20.4800      215.00
20.5000      209.00
20.5200      239.00
20.5400      220.00
20.5600      225.00
20.5800      218.00
20.6000      188.00
20.6200      218.00
20.6400      250.00
20.6600      241.00
20.6800      226.00
20.7000      235.00
20.7200      209.00
20.7400      217.00
20.7600      209.00
20.7800      210.00
20.8000      207.00
20.8200      198.00
20.8400      166.00
20.8600      197.00
20.8800      191.00
20.9000      189.00
20.9200      182.00
20.9400      162.00
20.9600      181.00
20.9800      158.00
21.0000      183.00
21.0200      175.00
21.0400      144.00
21.0600      148.00
21.0800      166.00
21.1000      173.00
21.1200      201.00
21.1400      187.00
21.1600      175.00
21.1800      178.00
21.2000      223.00
21.2200      231.00
21.2400      204.00
21.2600      255.00
21.2800      266.00
21.3000      255.00
21.3200      276.00
21.3400      259.00
21.3600      263.00
21.3800      292.00
21.4000      273.00
21.4200      278.00
21.4400      266.00
21.4600      279.00
21.4800      245.00
21.5000      254.00
21.5200      256.00
21.5400      315.00
21.5600      275.00
21.5800      283.00
21.6000      294.00
21.6200      301.00
21.6400      298.00
21.6600      308.00
21.6800      342.00
21.7000      321.00
21.7200      304.00
21.7400      314.00
21.7600      298.00
21.7800      334.00
21.8000      280.00
21.8200      308.00
21.8400      308.00
21.8600      287.00
21.8800      262.00
21.9000      274.00
21.9200      224.00
21.9400      245.00
21.9600      250.00
21.9800      227.00
22.0000      237.00
22.0200      215.00
22.0400      236.00
22.0600      228.00
22.0800      218.00
22.1000      250.00
22.1200      227.00
22.1400      240.00
22.1600      239.00
22.1800      240.00
22.2000      201.00
22.2200      211.00
22.2400      221.00
22.2600      221.00
22.2800      204.00
22.3000      178.00
22.3200      222.00
22.3400      177.00
22.3600      180.00
22.3800      185.00
22.4000      165.00
22.4200      159.00
22.4400      177.00
22.4600      207.00
22.4800      212.00
22.5000      185.00
22.5200      215.00
22.5400      222.00
22.5600      261.00
22.5800      251.00
22.6000      309.00
22.6200      269.00
22.6400      354.00
22.6600      332.00
22.6800      349.00
22.7000      370.00
22.7200      404.00
22.7400      389.00
22.7600      412.00
22.7800      412.00
22.8000      403.00
22.8200      356.00
22.8400      363.00
22.8600      370.00
22.8800      345.00
22.9000      352.00
22.9200      380.00
22.9400      308.00
22.9600      268.00
22.9800      279.00
23.0000      259.00
23.0200      267.00
23.0400      233.00
23.0600      251.00
23.0800      220.00
23.1000      196.00
23.1200      235.00
23.1400      191.00
23.1600      211.00
23.1800      181.00
23.2000      175.00
23.2200      161.00
23.2400      183.00
23.2600      178.00
23.2800      146.00
23.3000      150.00
23.3200      163.00
23.3400      161.00
23.3600      144.00
23.3800      144.00
23.4000      153.00
23.4200      133.00
23.4400      146.00
23.4600      160.00
23.4800      135.00
23.5000      150.00
23.5200      162.00
23.5400      166.00
23.5600      171.00
23.5800      194.00
23.6000      188.00
23.6200      199.00
23.6400      239.00
23.6600      234.00
23.6800      258.00
23.7000      272.00
23.7200      335.00
23.7400      305.00
23.7600      374.00
23.7800      392.00
23.8000      415.00
23.8200      430.00
23.8400      406.00
23.8600      429.00
23.8800      426.00
23.9000      434.00
23.9200      456.00
23.9400      450.00
23.9600      420.00
23.9800      409.00
24.0000      405.00
24.0200      412.00
24.0400      416.00
24.0600      434.00
24.0800      421.00
24.1000      390.00
24.1200      364.00
24.1400      413.00
24.1600      425.00
24.1800      415.00
24.2000      411.00
24.2200      433.00
24.2400      493.00
24.2600      549.00
24.2800      596.00
24.3000      642.00
24.3200      626.00
24.3400      631.00
24.3600      655.00
24.3800      680.00
24.4000      649.00
24.4200      638.00
24.4400      636.00
24.4600      657.00
24.4800      619.00
24.5000      584.00
24.5200      566.00
24.5400      517.00
24.5600      475.00
24.5800      417.00
24.6000      423.00
24.6200      378.00
24.6400      317.00
24.6600      330.00
24.6800      282.00
24.7000      277.00
24.7200      273.00
24.7400      246.00
24.7600      219.00
24.7800      216.00
24.8000      264.00
24.8200      230.00
24.8400      228.00
24.8600      232.00
24.8800      218.00
24.9000      227.00
24.9200      212.00
24.9400      219.00
24.9600      192.00
24.9800      205.00
25.0000      206.00
25.0200      214.00
25.0400      207.00
25.0600      202.00
25.0800      183.00
25.1000      180.00
25.1200      173.00
25.1400      164.00
25.1600      178.00
25.1800      165.00
25.2000      175.00
25.2200      164.00
25.2400      152.00
25.2600      158.00
25.2800      177.00
25.3000      176.00
25.3200      159.00
25.3400      201.00
25.3600      197.00
25.3800      183.00
25.4000      155.00
25.4200      157.00
25.4400      170.00
25.4600      158.00
25.4800      164.00
25.5000      173.00
25.5200      173.00
25.5400      202.00
25.5600      227.00
25.5800      218.00
25.6000      205.00
25.6200      253.00
25.6400      239.00
25.6600      250.00
25.6800      280.00
25.7000      284.00
25.7200      293.00
25.7400      313.00
25.7600      307.00
25.7800      365.00
25.8000      358.00
25.8200      337.00
25.8400      370.00
25.8600      339.00
25.8800      403.00
25.9000      412.00
25.9200      391.00
25.9400      404.00
25.9600      416.00
25.9800      406.00
26.0000      416.00
26.0200      382.00
26.0400      394.00
26.0600      396.00
26.0800      384.00
26.1000      366.00
26.1200      365.00
26.1400      335.00
26.1600      349.00
26.1800      309.00
26.2000      280.00
26.2200      287.00
26.2400      239.00
26.2600      232.00
26.2800      235.00
26.3000      235.00
26.3200      203.00
26.3400      212.00
26.3600      175.00
26.3800      189.00
26.4000      212.00
26.4200      161.00
26.4400      153.00
26.4600      171.00
26.4800      174.00
26.5000      130.00
26.5200      139.00
26.5400      150.00
26.5600      151.00
26.5800      160.00
26.6000      148.00
26.6200      135.00
26.6400      142.00
26.6600      145.00
26.6800      140.00
26.7000      165.00
26.7200      161.00
26.7400      145.00
26.7600      173.00
26.7800      160.00
26.8000      161.00
26.8200      163.00
26.8400      175.00
26.8600      187.00
26.8800      199.00
26.9000      154.00
26.9200      183.00
26.9400      178.00
26.9600      192.00
26.9800      192.00
27.0000      198.00
27.0200      215.00
27.0400      175.00
27.0600      188.00
27.0800      206.00
27.1000      223.00
27.1200      203.00
27.1400      193.00
27.1600      224.00
27.1800      206.00
27.2000      204.00
27.2200      178.00
27.2400      225.00
27.2600      219.00
27.2800      194.00
27.3000      191.00
27.3200      203.00
27.3400      234.00
27.3600      259.00
27.3800      300.00
27.4000      319.00
27.4200      349.00
27.4400      375.00
27.4600      444.00
27.4800      438.00
27.5000      487.00
27.5200      489.00
27.5400      526.00
27.5600      528.00
27.5800      588.00
27.6000      559.00
27.6200      584.00
27.6400      598.00
27.6600      582.00
27.6800      543.00
27.7000      487.00
27.7200      493.00
27.7400      464.00
27.7600      442.00
27.7800      414.00
27.8000      410.00
27.8200      407.00
27.8400      409.00
27.8600      380.00
27.8800      379.00
27.9000      388.00
27.9200      321.00
27.9400      360.00
27.9600      325.00
27.9800      323.00
28.0000      343.00
28.0200      323.00
28.0400      321.00
28.0600      306.00
28.0800      291.00
28.1000      288.00
28.1200      307.00
28.1400      317.00
28.1600      248.00
28.1800      252.00
28.2000      275.00
28.2200      243.00
28.2400      246.00
28.2600      259.00
28.2800      265.00
28.3000      246.00
28.3200      258.00
28.3400      259.00
28.3600      244.00
28.3800      216.00
28.4000      213.00
28.4200      213.00
28.4400      187.00
28.4600      157.00
28.4800      172.00
28.5000      192.00
28.5200      167.00
28.5400      147.00
28.5600      152.00
28.5800      151.00
28.6000      166.00
28.6200      167.00
28.6400      156.00
28.6600      153.00
28.6800      170.00
28.7000      153.00
28.7200      124.00
28.7400      142.00
28.7600      143.00
28.7800      170.00
28.8000      146.00
28.8200      141.00
28.8400      146.00
28.8600      152.00
28.8800      151.00
28.9000      165.00
28.9200      188.00
28.9400      158.00
28.9600      208.00
28.9800      220.00
29.0000      197.00
29.0200      222.00
29.0400      212.00
29.0600      231.00
29.0800      250.00
29.1000      266.00
29.1200      247.00
29.1400      285.00
29.1600      274.00
29.1800      319.00
29.2000      296.00
29.2200      262.00
29.2400      337.00
29.2600      296.00
29.2800      316.00
29.3000      297.00
29.3200      312.00
29.3400      309.00
29.3600      304.00
29.3800      278.00
29.4000      283.00
29.4200      241.00
29.4400      236.00
29.4600      233.00
29.4800      207.00
29.5000      228.00
29.5200      185.00
29.5400      186.00
29.5600      167.00
29.5800      165.00
29.6000      159.00
29.6200      148.00
29.6400      151.00
29.6600      143.00
29.6800      176.00
29.7000      160.00
29.7200      129.00
29.7400      122.00
29.7600      137.00
29.7800      145.00
29.8000      138.00
29.8200      141.00
29.8400      140.00
29.8600      158.00
29.8800      129.00
29.9000      149.00
29.9200      137.00
29.9400      161.00
29.9600      154.00
29.9800      147.00
30.0000      143.00
30.0200      142.00
30.0400      185.00
30.0600      171.00
30.0800      195.00
30.1000      170.00
30.1200      169.00
30.1400      188.00
30.1600      153.00
30.1800      200.00
30.2000      215.00
30.2200      199.00
30.2400      208.00
30.2600      231.00
30.2800      260.00
30.3000      274.00
30.3200      275.00
30.3400      310.00
30.3600      293.00
30.3800      291.00
30.4000      257.00
30.4200      295.00
30.4400      284.00
30.4600      261.00
30.4800      267.00
30.5000      272.00
30.5200      270.00
30.5400      279.00
30.5600      251.00
30.5800      241.00
30.6000      228.00
30.6200      213.00
30.6400      190.00
30.6600      186.00
30.6800      185.00
30.7000      205.00
30.7200      164.00
30.7400      160.00
30.7600      146.00
30.7800      168.00
30.8000      183.00
30.8200      155.00
30.8400      142.00
30.8600      160.00
30.8800      141.00
30.9000      150.00
30.9200      156.00
30.9400      149.00
30.9600      151.00
30.9800      130.00
31.0000      134.00
31.0200      148.00
31.0400      152.00
31.0600      164.00
31.0800      133.00
31.1000      157.00
31.1200      152.00
31.1400      127.00
31.1600      140.00
31.1800      142.00
31.2000      155.00
31.2200      164.00
31.2400      159.00
31.2600      159.00
31.2800      123.00
31.3000      159.00
31.3200      138.00
31.3400      143.00
31.3600      126.00
31.3800      138.00
31.4000      120.00
31.4200      101.00
31.4400      130.00
31.4600      156.00
31.4800      121.00
31.5000      120.00
31.5200      133.00
31.5400      121.00
31.5600      122.00
31.5800      124.00
31.6000      121.00
31.6200      117.00
31.6400      115.00
31.6600      116.00
31.6800      130.00
31.7000      141.00
31.7200      128.00
31.7400      148.00
31.7600      152.00
31.7800      127.00
31.8000      130.00
31.8200      133.00
31.8400      128.00
31.8600      136.00
31.8800      125.00
31.9000      133.00
31.9200      131.00
31.9400      154.00
31.9600      124.00
31.9800      150.00
32.0000      126.00
32.0200      141.00
32.0400      130.00
32.0600      148.00
32.0800      116.00
32.1000      123.00
32.1200      140.00
32.1400      147.00
32.1600      147.00
32.1800      131.00
32.2000      145.00
32.2200      116.00
32.2400      138.00
32.2600      130.00
32.2800      130.00
32.3000      142.00
32.3200      135.00
32.3400      131.00
32.3600      127.00
32.3800      149.00
32.4000      153.00
32.4200      133.00
32.4400      153.00
32.4600      165.00
32.4800      137.00
32.5000      140.00
32.5200      139.00
32.5400      143.00
32.5600      128.00
32.5800      146.00
32.6000      118.00
32.6200      102.00
32.6400      106.00
32.6600      129.00
32.6800      124.00
32.7000      103.00
32.7200      120.00
32.7400       98.00
32.7600      114.00
32.7800      103.00
32.8000      103.00
32.8200      113.00
32.8400      110.00
32.8600      120.00
32.8800      106.00
32.9000       93.00
32.9200      123.00
32.9400      100.00
32.9600       99.00
32.9800      128.00
33.0000       94.00
33.0200      107.00
33.0400      122.00
33.0600      119.00
33.0800      127.00
33.1000      133.00
33.1200      125.00
33.1400      128.00
33.1600      131.00
33.1800      136.00
33.2000      141.00
33.2200      130.00
33.2400      147.00
33.2600      132.00
33.2800      124.00
33.3000      145.00
33.3200      152.00
33.3400      134.00
33.3600      150.00
33.3800      136.00
33.4000      143.00
33.4200      133.00
33.4400      122.00
33.4600      127.00
33.4800      142.00
33.5000      127.00
33.5200      124.00
33.5400      132.00
33.5600      136.00
33.5800      128.00
33.6000      129.00
33.6200      116.00
33.6400      127.00
33.6600      135.00
33.6800      113.00
33.7000      119.00
33.7200      113.00
33.7400      120.00
33.7600      123.00
33.7800      127.00
33.8000      116.00
33.8200      107.00
33.8400      128.00
33.8600      110.00
33.8800      120.00
33.9000      133.00
33.9200      139.00
33.9400      115.00
33.9600      128.00
33.9800      108.00
34.0000      136.00
34.0200      146.00
34.0400      137.00
34.0600      137.00
34.0800      123.00
34.1000      145.00
34.1200      148.00
34.1400      146.00
34.1600      143.00
34.1800      144.00
34.2000      151.00
34.2200      124.00
34.2400      174.00
34.2600      153.00
34.2800      146.00
34.3000      151.00
34.3200      169.00
34.3400      157.00
34.3600      179.00
34.3800      154.00
34.4000      151.00
34.4200      164.00
34.4400      146.00
34.4600      160.00
34.4800      154.00
34.5000      150.00
34.5200      117.00
34.5400      150.00
34.5600      138.00
34.5800      127.00
34.6000      139.00
34.6200      165.00
34.6400      150.00
34.6600      158.00
34.6800      132.00
34.7000      150.00
34.7200      146.00
34.7400      152.00
34.7600      133.00
34.7800      131.00
34.8000      111.00
34.8200      123.00
34.8400      115.00
34.8600      125.00
34.8800      113.00
34.9000      131.00
34.9200      101.00
34.9400      109.00
34.9600      111.00
34.9800      111.00
35.0000      125.00
