 2.2000      321.00
 2.2200      314.00
 2.2400      322.00
 2.2600      323.00
 2.2800      331.00
 2.3000      283.00
 2.3200      314.00
 2.3400      330.00
 2.3600      294.00
 2.3800      310.00
 2.4000      276.00
 2.4200      289.00
 2.4400      298.00
 2.4600      267.00
 2.4800      305.00
 2.5000      267.00
 2.5200      273.00
 2.5400      277.00
 2.5600      264.00
 2.5800      271.00
 2.6000      270.00
 2.6200      296.00
 2.6400      282.00
 2.6600      294.00
 2.6800      267.00
 2.7000      292.00
 2.7200      260.00
 2.7400      268.00
 2.7600      273.00
 2.7800      287.00
 2.8000      259.00
 2.8200      284.00
 2.8400      270.00
 2.8600      266.00
 2.8800      272.00
 2.9000      243.00
 2.9200      265.00
 2.9400      266.00
 2.9600      253.00
 2.9800      268.00
 3.0000      248.00
 3.0200      269.00
 3.0400      272.00
 3.0600      263.00
 3.0800      245.00
 3.1000      238.00
 3.1200      246.00
 3.1400      231.00
 3.1600      246.00
 3.1800      248.00
 3.2000      224.00
 3.2200      226.00
 3.2400      226.00
 3.2600      194.00
 3.2800      240.00
 3.3000      220.00
 3.3200      233.00
 3.3400      221.00
 3.3600      220.00
 3.3800      219.00
 3.4000      207.00
 3.4200      220.00
 3.4400      181.00
 3.4600      218.00
 3.4800      231.00
 3.5000      208.00
 3.5200      209.00
 3.5400      213.00
 3.5600      215.00
 3.5800      226.00
 3.6000      188.00
 3.6200      188.00
 3.6400      161.00
 3.6600      200.00
 3.6800      199.00
 3.7000      195.00
 3.7200      187.00
 3.7400      191.00
 3.7600      181.00
 3.7800      228.00
 3.8000      198.00
 3.8200      191.00
 3.8400      186.00
 3.8600      216.00
 3.8800      190.00
 3.9000      202.00
 3.9200      181.00
 3.9400      177.00
 3.9600      174.00
 3.9800      188.00
 4.0000      177.00
 4.0200      167.00
 4.0400      167.00
 4.0600      157.00
 4.0800      189.00
 4.1000      148.00
 4.1200      164.00
 4.1400      153.00
 4.1600      158.00
 4.1800      163.00
 4.2000      169.00
 4.2200      193.00
 4.2400      147.00
 4.2600      161.00
 4.2800      144.00
 4.3000      152.00
 4.3200      166.00
 4.3400      173.00
 4.3600      171.00
 4.3800      146.00
 4.4000      154.00
 4.4200      188.00
 4.4400      152.00
 4.4600      154.00
 4.4800      166.00
 4.5000      135.00
 4.5200      139.00
 4.5400      141.00
 4.5600      141.00
 4.5800      156.00
 4.6000      147.00
 4.6200      145.00
 4.6400      139.00
 4.6600      148.00
 4.6800      125.00
 4.7000      144.00
 4.7200      152.00
 4.7400      130.00
 4.7600      135.00
 4.7800      138.00
 4.8000      148.00
 4.8200      133.00
 4.8400      129.00
 4.8600      142.00
 4.8800      138.00
 4.9000      157.00
 4.9200      141.00
 4.9400      149.00
 4.9600      136.00
 4.9800      126.00
 5.0000      136.00
 5.0200      136.00
 5.0400      167.00
 5.0600      147.00
 5.0800      152.00
 5.1000      146.00
 5.1200      128.00
 5.1400      158.00
 5.1600      137.00
 5.1800      143.00
 5.2000      128.00
 5.2200      137.00
 5.2400      137.00
 5.2600      127.00
 5.2800      145.00
 5.3000      133.00
 5.3200      136.00
 5.3400      141.00
 5.3600      127.00
 5.3800      124.00
 5.4000      137.00
 5.4200      148.00
 5.4400      120.00
 5.4600      143.00
 5.4800      137.00
 5.5000      125.00
 5.5200      137.00
 5.5400      146.00
 5.5600      141.00
 5.5800      143.00
 5.6000      121.00
 5.6200      148.00
 5.6400      136.00
 5.6600      138.00
 5.6800      138.00
 5.7000      147.00
 5.7200      131.00
 5.7400      139.00
 5.7600      127.00
 5.7800      156.00
 5.8000      150.00
 5.8200      142.00
 5.8400      153.00
 5.8600      156.00
 5.8800      153.00
 5.9000      145.00
 5.9200      137.00
 5.9400      146.00
 5.9600      149.00
 5.9800      143.00
 6.0000      165.00
 6.0200      141.00
 6.0400      148.00
 6.0600      165.00
 6.0800      143.00
 6.1000      154.00
 6.1200      135.00
 6.1400      139.00
 6.1600      137.00
 6.1800      136.00
 6.2000      148.00
 6.2200      140.00
 6.2400      134.00
 6.2600      134.00
 6.2800      153.00
 6.3000      158.00
 6.3200      166.00
 6.3400      140.00
 6.3600      141.00
 6.3800      156.00
 6.4000      158.00
 6.4200      150.00
 6.4400      147.00
 6.4600      129.00
 6.4800      161.00
 6.5000      144.00
 6.5200      162.00
 6.5400      127.00
 6.5600      122.00
 6.5800      132.00
 6.6000      165.00
 6.6200      143.00
 6.6400      160.00
 6.6600      143.00
 6.6800      148.00
 6.7000      142.00
 6.7200      163.00
 6.7400      166.00
 6.7600      165.00
 6.7800      163.00
 6.8000      137.00
 6.8200      165.00
 6.8400      163.00
 6.8600      157.00
 6.8800      176.00
 6.9000      133.00
 6.9200      179.00
 6.9400      166.00
 6.9600      167.00
 6.9800      168.00
 7.0000      167.00
 7.0200      159.00
 7.0400      175.00
 7.0600      185.00
 7.0800      136.00
 7.1000      177.00
 7.1200      166.00
 7.1400      186.00
 7.1600      157.00
 7.1800      139.00
 7.2000      149.00
 7.2200      129.00
 7.2400      151.00
 7.2600      145.00
 7.2800      120.00
 7.3000      143.00
 7.3200      163.00
 7.3400      147.00
 7.3600      156.00
 7.3800      154.00
 7.4000      130.00
 7.4200      163.00
 7.4400      143.00
 7.4600      153.00
 7.4800      135.00
 7.5000      146.00
 7.5200      141.00
 7.5400      127.00
 7.5600      154.00
 7.5800      160.00
 7.6000      158.00
 7.6200      145.00
 7.6400      154.00
 7.6600      161.00
 7.6800      166.00
 7.7000      129.00
 7.7200      136.00
 7.7400      122.00
 7.7600      145.00
 7.7800      178.00
 7.8000      170.00
 7.8200      132.00
 7.8400      144.00
 7.8600      171.00
 7.8800      160.00
 7.9000      152.00
 7.9200      126.00
 7.9400      147.00
 7.9600      144.00
 7.9800      145.00
 8.0000      146.00
 8.0200      138.00
 8.0400      173.00
 8.0600      170.00
 8.0800      161.00
 8.1000      158.00
 8.1200      152.00
 8.1400      132.00
 8.1600      152.00
 8.1800      158.00
 8.2000      160.00
 8.2200      155.00
 8.2400      148.00
 8.2600      149.00
 8.2800      146.00
 8.3000      151.00
 8.3200      148.00
 8.3400      154.00
 8.3600      162.00
 8.3800      158.00
 8.4000      181.00
 8.4200      165.00
 8.4400      160.00
 8.4600      162.00
 8.4800      164.00
 8.5000      165.00
 8.5200      168.00
 8.5400      152.00
 8.5600      184.00
 8.5800      153.00
 8.6000      164.00
 8.6200      178.00
 8.6400      176.00
 8.6600      172.00
 8.6800      133.00
 8.7000      161.00
 8.7200      155.00
 8.7400      201.00
 8.7600      174.00
 8.7800      182.00
 8.8000      194.00
 8.8200      191.00
 8.8400      203.00
 8.8600      195.00
 8.8800      219.00
 8.9000      218.00
 8.9200      222.00
 8.9400      193.00
 8.9600      192.00
 8.9800      196.00
 9.0000      165.00
 9.0200      193.00
 9.0400      160.00
 9.0600      192.00
 9.0800      170.00
 9.1000      185.00
 9.1200      175.00
 9.1400      151.00
 9.1600      182.00
 9.1800      168.00
 9.2000      143.00
 9.2200      154.00
 9.2400      154.00
 9.2600      156.00
 9.2800      154.00
 9.3000      153.00
 9.3200      158.00
 9.3400      170.00
 9.3600      195.00
 9.3800      172.00
 9.4000      155.00
 9.4200      150.00
 9.4400      183.00
 9.4600      162.00
 9.4800      161.00
 9.5000      166.00
 9.5200      168.00
 9.5400      169.00
 9.5600      172.00
 9.5800      185.00
 9.6000      161.00
 9.6200      179.00
 9.6400      162.00
 9.6600      166.00
 9.6800      155.00
 9.7000      188.00
 9.7200      173.00
 9.7400      187.00
 9.7600      159.00
 9.7800      176.00
 9.8000      185.00
 9.8200      186.00
 9.8400      203.00
 9.8600      146.00
 9.8800      167.00
 9.9000      167.00
 9.9200      194.00
 9.9400      191.00
 9.9600      191.00
 9.9800      192.00
10.0000      170.00
10.0200      187.00
10.0400      207.00
10.0600      205.00
10.0800      200.00
10.1000      180.00
10.1200      173.00
10.1400      177.00
10.1600      186.00
10.1800      175.00
10.2000      177.00
10.2200      194.00
10.2400      181.00
10.2600      158.00
10.2800      186.00
10.3000      173.00
10.3200      188.00
10.3400      195.00
10.3600      185.00
10.3800      185.00
10.4000      185.00
10.4200      188.00
10.4400      194.00
10.4600      179.00
10.4800      177.00
10.5000      193.00
10.5200      186.00
10.5400      207.00
10.5600      179.00
10.5800      181.00
10.6000      202.00
10.6200      209.00
10.6400      208.00
10.6600      191.00
10.6800      199.00
10.7000      221.00
10.7200      215.00
10.7400      215.00
10.7600      202.00
10.7800      212.00
10.8000      236.00
10.8200      236.00
10.8400      233.00
10.8600      262.00
10.8800      268.00
10.9000      287.00
10.9200      332.00
10.9400      324.00
10.9600      368.00
10.9800      393.00
11.0000      415.00
11.0200      456.00
11.0400      466.00
11.0600      499.00
11.0800      516.00
11.1000      546.00
11.1200      576.00
11.1400      577.00
11.1600      598.00
11.1800      601.00
11.2000      610.00
11.2200      553.00
11.2400      556.00
11.2600      536.00
11.2800      569.00
11.3000      573.00
11.3200      537.00
11.3400      509.00
11.3600      534.00
11.3800      484.00
11.4000      465.00
11.4200      464.00
11.4400      433.00
11.4600      421.00
11.4800      356.00
11.5000      333.00
11.5200      293.00
11.5400      274.00
11.5600      257.00
11.5800      231.00
11.6000      224.00
11.6200      230.00
11.6400      212.00
11.6600      202.00
11.6800      225.00
11.7000      200.00
11.7200      203.00
11.7400      196.00
11.7600      248.00
11.7800      235.00
11.8000      217.00
11.8200      262.00
11.8400      240.00
11.8600      251.00
11.8800      214.00
11.9000      234.00
11.9200      280.00
11.9400      255.00
11.9600      276.00
11.9800      295.00
12.0000      361.00
12.0200      338.00
12.0400      369.00
12.0600      391.00
12.0800      406.00
12.1000      409.00
12.1200      432.00
12.1400      441.00
12.1600      494.00
12.1800      449.00
12.2000      507.00
12.2200      476.00
12.2400      502.00
12.2600      492.00
12.2800      480.00
12.3000      458.00
12.3200      422.00
12.3400      417.00
12.3600      367.00
12.3800      300.00
12.4000      389.00
12.4200      357.00
12.4400      398.00
12.4600      419.00
12.4800      418.00
12.5000      419.00
12.5200      467.00
12.5400      526.00
12.5600      501.00
12.5800      525.00
12.6000      512.00
12.6200      577.00
12.6400      492.00
12.6600      486.00
12.6800      467.00
12.7000      413.00
12.7200      386.00
12.7400      359.00
12.7600      323.00
12.7800      266.00
12.8000      237.00
12.8200      244.00
12.8400      237.00
12.8600      228.00
12.8800      199.00
12.9000      254.00
12.9200      207.00
12.9400      195.00
12.9600      224.00
12.9800      186.00
13.0000      205.00
13.0200      189.00
13.0400      180.00
13.0600      191.00
13.0800      196.00
13.1000      197.00
13.1200      218.00
13.1400      199.00
13.1600      208.00
13.1800      216.00
13.2000      195.00
13.2200      231.00
13.2400      225.00
13.2600      204.00
13.2800      216.00
13.3000      200.00
13.3200      198.00
13.3400      203.00
13.3600      196.00
13.3800      204.00
13.4000      184.00
13.4200      179.00
13.4400      190.00
13.4600      209.00
13.4800      185.00
13.5000      202.00
13.5200      172.00
13.5400      203.00
13.5600      177.00
13.5800      196.00
13.6000      200.00
13.6200      196.00
13.6400      191.00
13.6600      194.00
13.6800      218.00
13.7000      201.00
13.7200      191.00
13.7400      201.00
13.7600      218.00
13.7800      223.00
13.8000      213.00
13.8200      216.00
13.8400      226.00
13.8600      216.00
13.8800      232.00
13.9000      238.00
13.9200      227.00
13.9400      277.00
13.9600      248.00
13.9800      257.00
14.0000      273.00
14.0200      292.00
14.0400      309.00
14.0600      346.00
14.0800      353.00
14.1000      414.00
14.1200      424.00
14.1400      470.00
14.1600      474.00
14.1800      548.00
14.2000      559.00
14.2200      591.00
14.2400      614.00
14.2600      628.00
14.2800      664.00
14.3000      718.00
14.3200      693.00
14.3400      705.00
14.3600      673.00
14.3800      636.00
14.4000      628.00
14.4200      523.00
14.4400      537.00
14.4600      447.00
14.4800      480.00
14.5000      421.00
14.5200      382.00
14.5400      348.00
14.5600      331.00
14.5800      306.00
14.6000      273.00
14.6200      260.00
14.6400      268.00
14.6600      276.00
14.6800      257.00
14.7000      205.00
14.7200      231.00
14.7400      234.00
14.7600      210.00
14.7800      215.00
14.8000      215.00
14.8200      198.00
14.8400      224.00
14.8600      190.00
14.8800      198.00
14.9000      192.00
14.9200      217.00
14.9400      226.00
14.9600      209.00
14.9800      210.00
15.0000      214.00
15.0200      217.00
15.0400      227.00
15.0600      212.00
15.0800      222.00
15.1000      208.00
15.1200      222.00
15.1400      191.00
15.1600      194.00
15.1800      197.00
15.2000      185.00
15.2200      187.00
15.2400      191.00
15.2600      209.00
15.2800      172.00
15.3000      163.00
15.3200      173.00
15.3400      184.00
15.3600      182.00
15.3800      180.00
15.4000      191.00
15.4200      215.00
15.4400      201.00
15.4600      204.00
15.4800      186.00
15.5000      187.00
15.5200      208.00
15.5400      194.00
15.5600      197.00
15.5800      194.00
15.6000      186.00
15.6200      213.00
15.6400      174.00
15.6600      210.00
15.6800      215.00
15.7000      238.00
15.7200      206.00
15.7400      241.00
15.7600      227.00
15.7800      226.00
15.8000      274.00
15.8200      248.00
15.8400      287.00
15.8600      310.00
15.8800      302.00
15.9000      307.00
15.9200      341.00
15.9400      364.00
15.9600      380.00
15.9800      402.00
16.0000      381.00
16.0200      369.00
16.0400      349.00
16.0600      389.00
16.0800      403.00
16.1000      399.00
16.1200      424.00
16.1400      400.00
16.1600      400.00
16.1800      395.00
16.2000      436.00
16.2200      429.00
16.2400      453.00
16.2600      406.00
16.2800      429.00
16.3000      431.00
16.3200      445.00
16.3400      448.00
16.3600      458.00
16.3800      413.00
16.4000      455.00
16.4200      419.00
16.4400      472.00
16.4600      441.00
16.4800      508.00
16.5000      558.00
16.5200      506.00
16.5400      536.00
16.5600      544.00
16.5800      562.00
16.6000      547.00
16.6200      519.00
16.6400      558.00
16.6600      510.00
16.6800      407.00
16.7000      413.00
16.7200      341.00
16.7400      372.00
16.7600      326.00
16.7800      272.00
16.8000      259.00
16.8200      287.00
16.8400      265.00
16.8600      252.00
16.8800      272.00
16.9000      299.00
16.9200      303.00
16.9400      323.00
16.9600      323.00
16.9800      373.00
17.0000      398.00
17.0200      430.00
17.0400      434.00
17.0600      476.00
17.0800      512.00
17.1000      534.00
17.1200      500.00
17.1400      528.00
17.1600      560.00
17.1800      530.00
17.2000      537.00
17.2200      521.00
17.2400      510.00
17.2600      539.00
17.2800      557.00
17.3000      509.00
17.3200      544.00
17.3400      590.00
17.3600      603.00
17.3800      680.00
17.4000      670.00
17.4200      821.00
17.4400      906.00
17.4600     1003.00
17.4800     1139.00
17.5000     1282.00
17.5200     1330.00
17.5400     1552.00
17.5600     1639.00
17.5800     1851.00
17.6000     1731.00
17.6200     1928.00
17.6400     1980.00
17.6600     1975.00
17.6800     2009.00
17.7000     1871.00
17.7200     1803.00
17.7400     1719.00
17.7600     1568.00
17.7800     1347.00
17.8000     1190.00
17.8200     1018.00
17.8400      859.00
17.8600      660.00
17.8800      604.00
17.9000      501.00
17.9200      415.00
17.9400      423.00
17.9600      394.00
17.9800      327.00
18.0000      339.00
18.0200      305.00
18.0400      314.00
18.0600      285.00
18.0800      307.00
18.1000      304.00
18.1200      271.00
18.1400      257.00
18.1600      291.00
18.1800      294.00
18.2000      292.00
18.2200      294.00
18.2400      280.00
18.2600      269.00
18.2800      335.00
18.3000      356.00
18.3200      373.00
18.3400      391.00
18.3600      412.00
18.3800      451.00
18.4000      493.00
18.4200      516.00
18.4400      464.00
18.4600      533.00
18.4800      503.00
18.5000      490.00
18.5200      555.00
18.5400      490.00
18.5600      522.00
18.5800      441.00
18.6000      449.00
18.6200      431.00
18.6400      401.00
18.6600      321.00
18.6800      343.00
18.7000      328.00
18.7200      316.00
18.7400      311.00
18.7600      334.00
18.7800      330.00
18.8000      321.00
18.8200      356.00
18.8400      349.00
18.8600      320.00
18.8800      326.00
18.9000      294.00
18.9200      366.00
18.9400      317.00
18.9600      324.00
18.9800      340.00
19.0000      294.00
19.0200      302.00
19.0400      313.00
19.0600      262.00
19.0800      295.00
19.1000      296.00
19.1200      298.00
19.1400      279.00
19.1600      301.00
19.1800      293.00
19.2000      331.00
19.2200      289.00
19.2400      325.00
19.2600      285.00
19.2800      310.00
19.3000      321.00
19.3200      311.00
19.3400      318.00
19.3600      280.00
19.3800      288.00
19.4000      354.00
19.4200      320.00
19.4400      333.00
19.4600      374.00
19.4800      403.00
19.5000      438.00
19.5200      478.00
19.5400      487.00
19.5600      565.00
19.5800      687.00
19.6000      733.00
19.6200      822.00
19.6400      881.00
19.6600      957.00
19.6800     1002.00
19.7000     1039.00
19.7200     1040.00
19.7400     1031.00
19.7600     1074.00
19.7800     1030.00
19.8000     1012.00
19.8200      945.00
19.8400      823.00
19.8600      834.00
19.8800      736.00
19.9000      651.00
19.9200      600.00
19.9400      549.00
19.9600      485.00
19.9800      453.00
20.0000      403.00
20.0200      388.00
20.0400      334.00
20.0600      334.00
20.0800      297.00
20.1000      328.00
20.1200      263.00
20.1400      258.00
20.1600      256.00
20.1800      263.00
20.2000      259.00
20.2200      255.00
20.2400      245.00
20.2600      267.00
20.2800      268.00
20.3000      270.00
20.3200      263.00
20.3400      309.00
20.3600      290.00
20.3800      286.00
20.4000      271.00
20.4200      281.00
20.4400      318.00
20.4600      310.00
20.4800      320.00
20.5000      317.00
20.5200      364.00
20.5400      402.00
20.5600      417.00
20.5800      465.00
20.6000      516.00
20.6200      596.00
20.6400      639.00
20.6600      637.00
20.6800      749.00
20.7000      791.00
20.7200      866.00
20.7400      929.00
20.7600      942.00
20.7800      993.00
20.8000     1021.00
20.8200     1072.00
20.8400     1073.00
20.8600     1091.00
20.8800     1140.00
20.9000     1209.00
20.9200     1292.00
20.9400     1392.00
20.9600     1429.00
20.9800     1616.00
21.0000     1639.00
21.0200     1842.00
21.0400     1996.00
21.0600     2044.00
21.0800     2044.00
21.1000     2010.00
21.1200     2153.00
21.1400     2159.00
21.1600     2006.00
21.1800     1847.00
21.2000     1676.00
21.2200     1575.00
21.2400     1416.00
21.2600     1230.00
21.2800      995.00
21.3000      784.00
21.3200      706.00
21.3400      569.00
21.3600      489.00
21.3800      384.00
21.4000      392.00
21.4200      334.00
21.4400      297.00
21.4600      288.00
21.4800      279.00
21.5000      308.00
21.5200      289.00
21.5400      236.00
21.5600      221.00
21.5800      256.00
21.6000      256.00
21.6200      226.00
21.6400      219.00
21.6600      265.00
21.6800      219.00
21.7000      232.00
21.7200      197.00
21.7400      243.00
21.7600      247.00
21.7800      218.00
21.8000      212.00
21.8200      247.00
21.8400      247.00
21.8600      254.00
21.8800      256.00
21.9000      229.00
21.9200      262.00
21.9400      267.00
21.9600      277.00
21.9800      273.00
22.0000      241.00
22.0200      272.00
22.0400      285.00
22.0600      289.00
22.0800      312.00
22.1000      297.00
22.1200      364.00
22.1400      322.00
22.1600      340.00
22.1800      360.00
22.2000      381.00
22.2200      398.00
22.2400      406.00
22.2600      432.00
22.2800      470.00
22.3000      466.00
22.3200      482.00
22.3400      593.00
22.3600      572.00
22.3800      554.00
22.4000      543.00
22.4200      593.00
22.4400      624.00
22.4600      603.00
22.4800      599.00
22.5000      675.00
22.5200      727.00
22.5400      748.00
22.5600      829.00
22.5800      798.00
22.6000      836.00
22.6200      866.00
22.6400      938.00
22.6600      934.00
22.6800      952.00
22.7000      949.00
22.7200      913.00
22.7400      862.00
22.7600      827.00
22.7800      740.00
22.8000      711.00
22.8200      676.00
22.8400      604.00
22.8600      599.00
22.8800      575.00
22.9000      534.00
22.9200      497.00
22.9400      510.00
22.9600      555.00
22.9800      520.00
23.0000      518.00
23.0200      582.00
23.0400      593.00
23.0600      617.00
23.0800      619.00
23.1000      658.00
23.1200      655.00
23.1400      637.00
23.1600      649.00
23.1800      652.00
23.2000      676.00
23.2200      671.00
23.2400      618.00
23.2600      614.00
23.2800      588.00
23.3000      613.00
23.3200      564.00
23.3400      583.00
23.3600      595.00
23.3800      528.00
23.4000      572.00
23.4200      555.00
23.4400      572.00
23.4600      560.00
23.4800      607.00
23.5000      568.00
23.5200      545.00
23.5400      495.00
23.5600      517.00
23.5800      492.00
23.6000      413.00
23.6200      448.00
23.6400      367.00
23.6600      341.00
23.6800      345.00
23.7000      329.00
23.7200      298.00
23.7400      267.00
23.7600      292.00
23.7800      300.00
23.8000      272.00
23.8200      298.00
23.8400      292.00
23.8600      340.00
23.8800      340.00
23.9000      348.00
23.9200      388.00
23.9400      423.00
23.9600      459.00
23.9800      505.00
24.0000      499.00
24.0200      523.00
24.0400      594.00
24.0600      600.00
24.0800      682.00
24.1000      701.00
24.1200      762.00
24.1400      780.00
24.1600      787.00
24.1800      782.00
24.2000      812.00
24.2200      846.00
24.2400      826.00
24.2600      806.00
24.2800      822.00
24.3000      848.00
24.3200      825.00
24.3400      875.00
24.3600      909.00
24.3800      930.00
24.4000     1022.00
24.4200      999.00
24.4400      976.00
24.4600      993.00
24.4800     1011.00
24.5000      918.00
24.5200      889.00
24.5400      778.00
24.5600      742.00
24.5800      694.00
24.6000      556.00
24.6200      548.00
24.6400      482.00
24.6600      412.00
24.6800      391.00
24.7000      371.00
24.7200      375.00
24.7400      387.00
24.7600      347.00
24.7800      405.00
24.8000      413.00
24.8200      462.00
24.8400      490.00
24.8600      548.00
24.8800      602.00
24.9000      622.00
24.9200      710.00
24.9400      692.00
24.9600      768.00
24.9800      768.00
25.0000      789.00
25.0200      796.00
25.0400      753.00
25.0600      761.00
25.0800      737.00
25.1000      660.00
25.1200      601.00
25.1400      548.00
25.1600      511.00
25.1800      434.00
25.2000      381.00
25.2200      352.00
25.2400      310.00
25.2600      281.00
25.2800      273.00
25.3000      267.00
25.3200      226.00
25.3400      220.00
25.3600      237.00
25.3800      201.00
25.4000      243.00
25.4200      224.00
25.4400      195.00
25.4600      208.00
25.4800      206.00
25.5000      203.00
25.5200      189.00
25.5400      217.00
25.5600      216.00
25.5800      215.00
25.6000      199.00
25.6200      208.00
25.6400      216.00
25.6600      201.00
25.6800      184.00
25.7000      234.00
25.7200      201.00
25.7400      208.00
25.7600      213.00
25.7800      234.00
25.8000      235.00
25.8200      251.00
25.8400      219.00
25.8600      211.00
25.8800      232.00
25.9000      261.00
25.9200      251.00
25.9400      290.00
25.9600      234.00
25.9800      316.00
26.0000      332.00
26.0200      322.00
26.0400      361.00
26.0600      373.00
26.0800      369.00
26.1000      398.00
26.1200      423.00
26.1400      409.00
26.1600      482.00
26.1800      457.00
26.2000      482.00
26.2200      473.00
26.2400      514.00
26.2600      501.00
26.2800      496.00
26.3000      528.00
26.3200      518.00
26.3400      504.00
26.3600      517.00
26.3800      490.00
26.4000      488.00
26.4200      482.00
26.4400      500.00
26.4600      487.00
26.4800      453.00
26.5000      463.00
26.5200      428.00
26.5400      455.00
26.5600      435.00
26.5800      456.00
26.6000      442.00
26.6200      425.00
26.6400      398.00
26.6600      367.00
26.6800      397.00
26.7000      327.00
26.7200      322.00
26.7400      315.00
26.7600      279.00
26.7800      259.00
26.8000      256.00
26.8200      250.00
26.8400      221.00
26.8600      221.00
26.8800      230.00
26.9000      227.00
26.9200      224.00
26.9400      207.00
26.9600      221.00
26.9800      250.00
27.0000      236.00
27.0200      233.00
27.0400      256.00
27.0600      276.00
27.0800      246.00
27.1000      278.00
27.1200      248.00
27.1400      267.00
27.1600      275.00
27.1800      253.00
27.2000      285.00
27.2200      305.00
27.2400      328.00
27.2600      300.00
27.2800      286.00
27.3000      298.00
27.3200      353.00
27.3400      349.00
27.3600      372.00
27.3800      377.00
27.4000      413.00
27.4200      373.00
27.4400      420.00
27.4600      420.00
27.4800      387.00
27.5000      461.00
27.5200      415.00
27.5400      424.00
27.5600      448.00
27.5800      527.00
27.6000      487.00
27.6200      512.00
27.6400      525.00
27.6600      632.00
27.6800      646.00
27.7000      655.00
27.7200      691.00
27.7400      725.00
27.7600      749.00
27.7800      739.00
27.8000      713.00
27.8200      655.00
27.8400      685.00
27.8600      596.00
27.8800      604.00
27.9000      546.00
27.9200      497.00
27.9400      430.00
27.9600      425.00
27.9800      386.00
28.0000      391.00
28.0200      387.00
28.0400      327.00
28.0600      307.00
28.0800      287.00
28.1000      318.00
28.1200      299.00
28.1400      306.00
28.1600      287.00
28.1800      326.00
28.2000      282.00
28.2200      291.00
28.2400      299.00
28.2600      284.00
28.2800      307.00
28.3000      328.00
28.3200      397.00
28.3400      388.00
28.3600      460.00
28.3800      480.00
28.4000      531.00
28.4200      567.00
28.4400      656.00
28.4600      698.00
28.4800      779.00
28.5000      833.00
28.5200      865.00
28.5400      957.00
28.5600      942.00
28.5800      952.00
28.6000      972.00
28.6200      878.00
28.6400      874.00
28.6600      848.00
28.6800      874.00
28.7000      773.00
28.7200      743.00
28.7400      684.00
28.7600      609.00
28.7800      567.00
28.8000      557.00
28.8200      507.00
28.8400      533.00
28.8600      410.00
28.8800      440.00
28.9000      415.00
28.9200      392.00
28.9400      398.00
28.9600      365.00
28.9800      363.00
29.0000      354.00
29.0200      417.00
29.0400      328.00
29.0600      353.00
29.0800      352.00
29.1000      365.00
29.1200      358.00
29.1400      404.00
29.1600      376.00
29.1800      410.00
29.2000      407.00
29.2200      418.00
29.2400      406.00
29.2600      421.00
29.2800      381.00
29.3000      433.00
29.3200      412.00
29.3400      427.00
29.3600      459.00
29.3800      444.00
29.4000      456.00
29.4200      468.00
29.4400      467.00
29.4600      526.00
29.4800      500.00
29.5000      501.00
29.5200      536.00
29.5400      493.00
29.5600      485.00
29.5800      477.00
29.6000      495.00
29.6200      463.00
29.6400      394.00
29.6600      355.00
29.6800      341.00
29.7000      322.00
29.7200      305.00
29.7400      275.00
29.7600      243.00
29.7800      236.00
29.8000      218.00
29.8200      213.00
29.8400      207.00
29.8600      229.00
29.8800      194.00
29.9000      208.00
29.9200      213.00
29.9400      211.00
29.9600      207.00
29.9800      207.00
30.0000      231.00
30.0200      241.00
30.0400      250.00
30.0600      249.00
30.0800      275.00
30.1000      269.00
30.1200      330.00
30.1400      365.00
30.1600      345.00
30.1800      326.00
30.2000      306.00
30.2200      351.00
30.2400      377.00
30.2600      335.00
30.2800      341.00
30.3000      361.00
30.3200      393.00
30.3400      378.00
30.3600      337.00
30.3800      328.00
30.4000      296.00
30.4200      313.00
30.4400      323.00
30.4600      289.00
30.4800      267.00
30.5000      260.00
30.5200      246.00
30.5400      273.00
30.5600      227.00
30.5800      273.00
30.6000      247.00
30.6200      250.00
30.6400      233.00
30.6600      237.00
30.6800      241.00
30.7000      242.00
30.7200      236.00
30.7400      280.00
30.7600      259.00
30.7800      254.00
30.8000      259.00
30.8200      243.00
30.8400      216.00
30.8600      233.00
30.8800      208.00
30.9000      214.00
30.9200      224.00
30.9400      247.00
30.9600      221.00
30.9800      237.00
31.0000      208.00
31.0200      214.00
31.0400      202.00
31.0600      225.00
31.0800      220.00
31.1000      191.00
31.1200      189.00
31.1400      205.00
31.1600      211.00
31.1800      185.00
31.2000      178.00
31.2200      166.00
31.2400      194.00
31.2600      181.00
31.2800      174.00
31.3000      174.00
31.3200      172.00
31.3400      152.00
31.3600      175.00
31.3800      190.00
31.4000      182.00
31.4200      212.00
31.4400      199.00
31.4600      213.00
31.4800      211.00
31.5000      192.00
31.5200      227.00
31.5400      205.00
31.5600      202.00
31.5800      194.00
31.6000      209.00
31.6200      213.00
31.6400      231.00
31.6600      232.00
31.6800      220.00
31.7000      200.00
31.7200      223.00
31.7400      194.00
31.7600      225.00
31.7800      201.00
31.8000      251.00
31.8200      215.00
31.8400      192.00
31.8600      190.00
31.8800      229.00
31.9000      245.00
31.9200      202.00
31.9400      230.00
31.9600      230.00
31.9800      252.00
32.0000      224.00
32.0200      247.00
32.0400      251.00
32.0600      263.00
32.0800      308.00
32.1000      307.00
32.1200      312.00
32.1400      301.00
32.1600      311.00
32.1800      330.00
32.2000      336.00
32.2200      312.00
32.2400      315.00
32.2600      321.00
32.2800      324.00
32.3000      315.00
32.3200      326.00
32.3400      301.00
32.3600      331.00
32.3800      289.00
32.4000      286.00
32.4200      349.00
32.4400      315.00
32.4600      316.00
32.4800      341.00
32.5000      349.00
32.5200      344.00
32.5400      363.00
32.5600      397.00
32.5800      370.00
32.6000      383.00
32.6200      335.00
32.6400      390.00
32.6600      424.00
32.6800      370.00
32.7000      401.00
32.7200      372.00
32.7400      363.00
32.7600      325.00
32.7800      350.00
32.8000      355.00
32.8200      320.00
32.8400      338.00
32.8600      336.00
32.8800      320.00
32.9000      323.00
32.9200      319.00
32.9400      288.00
32.9600      275.00
32.9800      293.00
33.0000      302.00
33.0200      292.00
33.0400      265.00
33.0600      263.00
33.0800      260.00
33.1000      282.00
33.1200      287.00
33.1400      286.00
33.1600      322.00
33.1800      286.00
33.2000      321.00
33.2200      317.00
33.2400      328.00
33.2600      333.00
33.2800      354.00
33.3000      347.00
33.3200      368.00
33.3400      371.00
33.3600      361.00
33.3800      367.00
33.4000      353.00
33.4200      364.00
33.4400      334.00
33.4600      322.00
33.4800      325.00
33.5000      301.00
33.5200      323.00
33.5400      292.00
33.5600      295.00
33.5800      278.00
33.6000      263.00
33.6200      264.00
33.6400      253.00
33.6600      231.00
33.6800      246.00
33.7000      219.00
33.7200      214.00
33.7400      190.00
33.7600      179.00
33.7800      175.00
33.8000      178.00
33.8200      196.00
33.8400      193.00
33.8600      191.00
33.8800      178.00
33.9000      188.00
33.9200      182.00
33.9400      221.00
33.9600      208.00
33.9800      194.00
34.0000      203.00
34.0200      213.00
34.0400      216.00
34.0600      220.00
34.0800      244.00
34.1000      193.00
34.1200      242.00
34.1400      281.00
34.1600      289.00
34.1800      306.00
34.2000      298.00
34.2200      300.00
34.2400      277.00
34.2600      326.00
34.2800      310.00
34.3000      307.00
34.3200      303.00
34.3400      283.00
34.3600      288.00
34.3800      247.00
34.4000      255.00
34.4200      251.00
34.4400      221.00
34.4600      208.00
34.4800      239.00
34.5000      222.00
34.5200      188.00
34.5400      204.00
34.5600      163.00
34.5800      199.00
34.6000      174.00
34.6200      139.00
34.6400      176.00
34.6600      204.00
34.6800      178.00
34.7000      194.00
34.7200      206.00
34.7400      181.00
34.7600      179.00
34.7800      172.00
34.8000      188.00
34.8200      186.00
34.8400      175.00
34.8600      191.00
34.8800      215.00
34.9000      219.00
34.9200      215.00
34.9400      211.00
34.9600      220.00
34.9800      209.00
35.0000      236.00
