 2.2000      451.00
 2.2200      452.00
 2.2400      418.00
 2.2600      433.00
 2.2800      412.00
 2.3000      422.00
 2.3200      404.00
 2.3400      432.00
 2.3600      411.00
 2.3800      389.00
 2.4000      420.00
 2.4200      401.00
 2.4400      397.00
 2.4600      394.00
 2.4800      392.00
 2.5000      395.00
 2.5200      441.00
 2.5400      414.00
 2.5600      382.00
 2.5800      379.00
 2.6000      387.00
 2.6200      384.00
 2.6400      392.00
 2.6600      402.00
 2.6800      358.00
 2.7000      368.00
 2.7200      400.00
 2.7400      394.00
 2.7600      376.00
 2.7800      347.00
 2.8000      365.00
 2.8200      367.00
 2.8400      377.00
 2.8600      378.00
 2.8800      349.00
 2.9000      328.00
 2.9200      372.00
 2.9400      334.00
 2.9600      347.00
 2.9800      368.00
 3.0000      347.00
 3.0200      357.00
 3.0400      376.00
 3.0600      348.00
 3.0800      313.00
 3.1000      323.00
 3.1200      312.00
 3.1400      307.00
 3.1600      345.00
 3.1800      333.00
 3.2000      352.00
 3.2200      359.00
 3.2400      330.00
 3.2600      325.00
 3.2800      339.00
 3.3000      323.00
 3.3200      312.00
 3.3400      301.00
 3.3600      336.00
 3.3800      295.00
 3.4000      312.00
 3.4200      290.00
 3.4400      327.00
 3.4600      322.00
 3.4800      328.00
 3.5000      281.00
 3.5200      267.00
 3.5400      295.00
 3.5600      322.00
 3.5800      302.00
 3.6000      279.00
 3.6200      306.00
 3.6400      286.00
 3.6600      304.00
 3.6800      308.00
 3.7000      273.00
 3.7200      325.00
 3.7400      294.00
 3.7600      279.00
 3.7800      282.00
 3.8000      298.00
 3.8200      285.00
 3.8400      283.00
 3.8600      291.00
 3.8800      260.00
 3.9000      257.00
 3.9200      293.00
 3.9400      288.00
 3.9600      287.00
 3.9800      294.00
 4.0000      272.00
 4.0200      236.00
 4.0400      253.00
 4.0600      258.00
 4.0800      268.00
 4.1000      246.00
 4.1200      258.00
 4.1400      234.00
 4.1600      225.00
 4.1800      208.00
 4.2000      241.00
 4.2200      244.00
 4.2400      220.00
 4.2600      223.00
 4.2800      240.00
 4.3000      249.00
 4.3200      234.00
 4.3400      227.00
 4.3600      250.00
 4.3800      230.00
 4.4000      232.00
 4.4200      212.00
 4.4400      214.00
 4.4600      226.00
 4.4800      209.00
 4.5000      214.00
 4.5200      216.00
 4.5400      212.00
 4.5600      202.00
 4.5800      212.00
 4.6000      201.00
 4.6200      211.00
 4.6400      215.00
 4.6600      202.00
 4.6800      227.00
 4.7000      211.00
 4.7200      216.00
 4.7400      210.00
 4.7600      198.00
 4.7800      221.00
 4.8000      229.00
 4.8200      227.00
 4.8400      203.00
 4.8600      212.00
 4.8800      217.00
 4.9000      202.00
 4.9200      159.00
 4.9400      212.00
 4.9600      195.00
 4.9800      178.00
 5.0000      189.00
 5.0200      201.00
 5.0400      207.00
 5.0600      179.00
 5.0800      182.00
 5.1000      192.00
 5.1200      174.00
 5.1400      184.00
 5.1600      180.00
 5.1800      210.00
 5.2000      168.00
 5.2200      201.00
 5.2400      180.00
 5.2600      195.00
 5.2800      176.00
 5.3000      211.00
 5.3200      201.00
 5.3400      198.00
 5.3600      202.00
 5.3800      207.00
 5.4000      205.00
 5.4200      200.00
 5.4400      213.00
 5.4600      192.00
 5.4800      216.00
 5.5000      237.00
 5.5200      219.00
 5.5400      244.00
 5.5600      244.00
 5.5800      267.00
 5.6000      254.00
 5.6200      270.00
 5.6400      279.00
 5.6600      295.00
 5.6800      283.00
 5.7000      302.00
 5.7200      297.00
 5.7400      333.00
 5.7600      353.00
 5.7800      360.00
 5.8000      389.00
 5.8200      343.00
 5.8400      400.00
 5.8600      401.00
 5.8800      482.00
 5.9000      475.00
 5.9200      474.00
 5.9400      545.00
 5.9600      594.00
 5.9800      599.00
 6.0000      650.00
 6.0200      760.00
 6.0400      757.00
 6.0600      841.00
 6.0800      921.00
 6.1000      977.00
 6.1200     1153.00
 6.1400     1240.00
 6.1600     1330.00
 6.1800     1447.00
 6.2000     1637.00
 6.2200     1840.00
 6.2400     2115.00
 6.2600     2290.00
 6.2800     2377.00
 6.3000     2576.00
 6.3200     2629.00
 6.3400     2712.00
 6.3600     2626.00
 6.3800     2510.00
 6.4000     2318.00
 6.4200     2120.00
 6.4400     1877.00
 6.4600     1648.00
 6.4800     1417.00
 6.5000     1112.00
 6.5200      923.00
 6.5400      703.00
 6.5600      559.00
 6.5800      439.00
 6.6000      383.00
 6.6200      330.00
 6.6400      318.00
 6.6600      262.00
 6.6800      246.00
 6.7000      251.00
 6.7200      275.00
 6.7400      234.00
 6.7600      233.00
 6.7800      239.00
 6.8000      234.00
 6.8200      244.00
 6.8400      216.00
 6.8600      229.00
 6.8800      215.00
 6.9000      217.00
 6.9200      216.00
 6.9400      220.00
 6.9600      184.00
 6.9800      202.00
 7.0000      191.00
 7.0200      204.00
 7.0400      170.00
 7.0600      209.00
 7.0800      174.00
 7.1000      208.00
 7.1200      181.00
 7.1400      177.00
 7.1600      193.00
 7.1800      172.00
 7.2000      189.00
 7.2200      177.00
 7.2400      179.00
 7.2600      193.00
 7.2800      198.00
 7.3000      156.00
 7.3200      189.00
 7.3400      163.00
 7.3600      181.00
 7.3800      160.00
 7.4000      177.00
 7.4200      174.00
 7.4400      172.00
 7.4600      165.00
 7.4800      190.00
 7.5000      159.00
 7.5200      146.00
 7.5400      176.00
 7.5600      170.00
 7.5800      173.00
 7.6000      149.00
 7.6200      162.00
 7.6400      165.00
 7.6600      151.00
 7.6800      152.00
 7.7000      159.00
 7.7200      171.00
 7.7400      169.00
 7.7600      139.00
 7.7800      147.00
 7.8000      160.00
 7.8200      154.00
 7.8400      167.00
 7.8600      148.00
 7.8800      145.00
 7.9000      157.00
 7.9200      144.00
 7.9400      154.00
 7.9600      169.00
 7.9800      140.00
 8.0000      160.00
 8.0200      146.00
 8.0400      161.00
 8.0600      160.00
 8.0800      157.00
 8.1000      150.00
 8.1200      143.00
 8.1400      150.00
 8.1600      149.00
 8.1800      163.00
 8.2000      149.00
 8.2200      147.00
 8.2400      157.00
 8.2600      143.00
 8.2800      154.00
 8.3000      148.00
 8.3200      149.00
 8.3400      147.00
 8.3600      160.00
 8.3800      146.00
 8.4000      147.00
 8.4200      147.00
 8.4400      131.00
 8.4600      170.00
 8.4800      123.00
 8.5000      141.00
 8.5200      131.00
 8.5400      161.00
 8.5600      147.00
 8.5800      155.00
 8.6000      145.00
 8.6200      129.00
 8.6400      137.00
 8.6600      139.00
 8.6800      158.00
 8.7000      160.00
 8.7200      123.00
 8.7400      136.00
 8.7600      143.00
 8.7800      144.00
 8.8000      152.00
 8.8200      142.00
 8.8400      146.00
 8.8600      144.00
 8.8800      149.00
 8.9000      143.00
 8.9200      140.00
 8.9400      165.00
 8.9600      133.00
 8.9800      130.00
 9.0000      132.00
 9.0200      156.00
 9.0400      115.00
 9.0600      152.00
 9.0800      144.00
 9.1000      148.00
 9.1200      151.00
 9.1400      134.00
 9.1600      137.00
 9.1800      145.00
 9.2000      124.00
 9.2200      149.00
 9.2400      160.00
 9.2600      150.00
 9.2800      177.00
 9.3000      176.00
 9.3200      167.00
 9.3400      156.00
 9.3600      182.00
 9.3800      153.00
 9.4000      152.00
 9.4200      186.00
 9.4400      166.00
 9.4600      170.00
 9.4800      199.00
 9.5000      156.00
 9.5200      206.00
 9.5400      176.00
 9.5600      201.00
 9.5800      188.00
 9.6000      208.00
 9.6200      152.00
 9.6400      210.00
 9.6600      169.00
 9.6800      150.00
 9.7000      183.00
 9.7200      142.00
 9.7400      161.00
 9.7600      143.00
 9.7800      145.00
 9.8000      143.00
 9.8200      156.00
 9.8400      153.00
 9.8600      142.00
 9.8800      131.00
 9.9000      155.00
 9.9200      114.00
 9.9400      154.00
 9.9600      146.00
 9.9800      148.00
10.0000      171.00
10.0200      151.00
10.0400      169.00
10.0600      166.00
10.0800      166.00
10.1000      160.00
10.1200      154.00
10.1400      152.00
10.1600      147.00
10.1800      164.00
10.2000      163.00
10.2200      155.00
10.2400      122.00
10.2600      158.00
10.2800      156.00
10.3000      141.00
10.3200      134.00
10.3400      142.00
10.3600      137.00
10.3800      152.00
10.4000      147.00
10.4200      139.00
10.4400      153.00
10.4600      131.00
10.4800      139.00
10.5000      136.00
10.5200      148.00
10.5400      142.00
10.5600      175.00
10.5800      168.00
10.6000      200.00
10.6200      178.00
10.6400      149.00
10.6600      174.00
10.6800      188.00
10.7000      179.00
10.7200      206.00
10.7400      212.00
10.7600      223.00
10.7800      247.00
10.8000      264.00
10.8200      257.00
10.8400      267.00
10.8600      245.00
10.8800      298.00
10.9000      278.00
10.9200      252.00
10.9400      277.00
10.9600      265.00
10.9800      255.00
11.0000      244.00
11.0200      201.00
11.0400      230.00
11.0600      191.00
11.0800      164.00
11.1000      179.00
11.1200      171.00
11.1400      150.00
11.1600      146.00
11.1800      152.00
11.2000      166.00
11.2200      136.00
11.2400      141.00
11.2600      147.00
11.2800      156.00
11.3000      168.00
11.3200      147.00
11.3400      153.00
11.3600      177.00
11.3800      169.00
11.4000      146.00
11.4200      158.00
11.4400      170.00
11.4600      194.00
11.4800      210.00
11.5000      191.00
11.5200      180.00
11.5400      223.00
11.5600      217.00
11.5800      230.00
11.6000      239.00
11.6200      272.00
11.6400      251.00
11.6600      228.00
11.6800      277.00
11.7000      282.00
11.7200      298.00
11.7400      291.00
11.7600      292.00
11.7800      252.00
11.8000      256.00
11.8200      242.00
11.8400      219.00
11.8600      191.00
11.8800      190.00
11.9000      169.00
11.9200      185.00
11.9400      149.00
11.9600      169.00
11.9800      162.00
12.0000      196.00
12.0200      164.00
12.0400      161.00
12.0600      176.00
12.0800      174.00
12.1000      187.00
12.1200      212.00
12.1400      207.00
12.1600      188.00
12.1800      184.00
12.2000      198.00
12.2200      181.00
12.2400      194.00
12.2600      238.00
12.2800      230.00
12.3000      213.00
12.3200      231.00
12.3400      243.00
12.3600      232.00
12.3800      256.00
12.4000      283.00
12.4200      309.00
12.4400      352.00
12.4600      382.00
12.4800      389.00
12.5000      441.00
12.5200      507.00
12.5400      494.00
12.5600      643.00
12.5800      686.00
12.6000      721.00
12.6200      751.00
12.6400      788.00
12.6600      776.00
12.6800      798.00
12.7000      749.00
12.7200      780.00
12.7400      660.00
12.7600      606.00
12.7800      584.00
12.8000      471.00
12.8200      423.00
12.8400      359.00
12.8600      309.00
12.8800      253.00
12.9000      204.00
12.9200      187.00
12.9400      175.00
12.9600      186.00
12.9800      170.00
13.0000      177.00
13.0200      148.00
13.0400      168.00
13.0600      146.00
13.0800      152.00
13.1000      163.00
13.1200      137.00
13.1400      160.00
13.1600      154.00
13.1800      161.00
13.2000      160.00
13.2200      169.00
13.2400      160.00
13.2600      167.00
13.2800      162.00
13.3000      151.00
13.3200      166.00
13.3400      166.00
13.3600      164.00
13.3800      167.00
13.4000      138.00
13.4200      144.00
13.4400      175.00
13.4600      133.00
13.4800      160.00
13.5000      166.00
13.5200      172.00
13.5400      176.00
13.5600      179.00
13.5800      151.00
13.6000      182.00
13.6200      175.00
13.6400      166.00
13.6600      157.00
13.6800      148.00
13.7000      160.00
13.7200      159.00
13.7400      146.00
13.7600      160.00
13.7800      184.00
13.8000      178.00
13.8200      164.00
13.8400      154.00
13.8600      149.00
13.8800      158.00
13.9000      148.00
13.9200      166.00
13.9400      149.00
13.9600      147.00
13.9800      177.00
14.0000      161.00
14.0200      165.00
14.0400      185.00
14.0600      169.00
14.0800      159.00
14.1000      207.00
14.1200      189.00
14.1400      228.00
14.1600      209.00
14.1800      193.00
14.2000      227.00
14.2200      238.00
14.2400      262.00
14.2600      240.00
14.2800      266.00
14.3000      261.00
14.3200      283.00
14.3400      276.00
14.3600      222.00
14.3800      215.00
14.4000      232.00
14.4200      210.00
14.4400      178.00
14.4600      190.00
14.4800      172.00
14.5000      189.00
14.5200      165.00
14.5400      166.00
14.5600      166.00
14.5800      140.00
14.6000      156.00
14.6200      169.00
14.6400      176.00
14.6600      169.00
14.6800      160.00
14.7000      188.00
14.7200      172.00
14.7400      210.00
14.7600      210.00
14.7800      251.00
14.8000      272.00
14.8200      283.00
14.8400      289.00
14.8600      318.00
14.8800      320.00
14.9000      304.00
14.9200      315.00
14.9400      286.00
14.9600      271.00
14.9800      256.00
15.0000      269.00
15.0200      215.00
15.0400      229.00
15.0600      194.00
15.0800      185.00
15.1000      178.00
15.1200      160.00
15.1400      133.00
15.1600      159.00
15.1800      160.00
15.2000      151.00
15.2200      167.00
15.2400      181.00
15.2600      166.00
15.2800      142.00
15.3000      124.00
15.3200      142.00
15.3400      144.00
15.3600      141.00
15.3800      146.00
15.4000      172.00
15.4200      134.00
15.4400      143.00
15.4600      156.00
15.4800      152.00
15.5000      162.00
15.5200      148.00
15.5400      151.00
15.5600      164.00
15.5800      164.00
15.6000      162.00
15.6200      170.00
15.6400      157.00
15.6600      167.00
15.6800      136.00
15.7000      185.00
15.7200      165.00
15.7400      181.00
15.7600      167.00
15.7800      173.00
15.8000      153.00
15.8200      158.00
15.8400      139.00
15.8600      175.00
15.8800      154.00
15.9000      165.00
15.9200      145.00
15.9400      157.00
15.9600      154.00
15.9800      136.00
16.0000      150.00
16.0200      143.00
16.0400      131.00
16.0600      132.00
16.0800      147.00
16.1000      158.00
16.1200      142.00
16.1400      150.00
16.1600      148.00
16.1800      150.00
16.2000      147.00
16.2200      135.00
16.2400      158.00
16.2600      173.00
16.2800      166.00
16.3000      174.00
16.3200      176.00
16.3400      189.00
16.3600      173.00
16.3800      183.00
16.4000      187.00
16.4200      183.00
16.4400      154.00
16.4600      188.00
16.4800      165.00
16.5000      177.00
16.5200      152.00
16.5400      168.00
16.5600      142.00
16.5800      166.00
16.6000      175.00
16.6200      136.00
16.6400      151.00
16.6600      184.00
16.6800      161.00
16.7000      181.00
16.7200      172.00
16.7400      145.00
16.7600      157.00
16.7800      174.00
16.8000      162.00
16.8200      157.00
16.8400      175.00
16.8600      170.00
16.8800      154.00
16.9000      176.00
16.9200      183.00
16.9400      152.00
16.9600      159.00
16.9800      189.00
17.0000      193.00
17.0200      179.00
17.0400      196.00
17.0600      189.00
17.0800      172.00
17.1000      210.00
17.1200      186.00
17.1400      222.00
17.1600      206.00
17.1800      234.00
17.2000      244.00
17.2200      215.00
17.2400      258.00
17.2600      237.00
17.2800      250.00
17.3000      264.00
17.3200      282.00
17.3400      283.00
17.3600      286.00
17.3800      305.00
17.4000      320.00
17.4200      269.00
17.4400      306.00
17.4600      286.00
17.4800      273.00
17.5000      268.00
17.5200      262.00
17.5400      225.00
17.5600      232.00
17.5800      227.00
17.6000      246.00
17.6200      224.00
17.6400      258.00
17.6600      243.00
17.6800      258.00
17.7000      253.00
17.7200      251.00
17.7400      265.00
17.7600      263.00
17.7800      249.00
17.8000      275.00
17.8200      289.00
17.8400      267.00
17.8600      273.00
17.8800      211.00
17.9000      224.00
17.9200      205.00
17.9400      162.00
17.9600      185.00
17.9800      160.00
18.0000      167.00
18.0200      172.00
18.0400      150.00
18.0600      152.00
18.0800      151.00
18.1000      178.00
18.1200      214.00
18.1400      189.00
18.1600      217.00
18.1800      199.00
18.2000      198.00
18.2200      246.00
18.2400      229.00
18.2600      212.00
18.2800      259.00
18.3000      233.00
18.3200      234.00
18.3400      259.00
18.3600      250.00
18.3800      274.00
18.4000      280.00
18.4200      280.00
18.4400      362.00
18.4600      380.00
18.4800      392.00
18.5000      429.00
18.5200      427.00
18.5400      509.00
18.5600      441.00
18.5800      469.00
18.6000      463.00
18.6200      471.00
18.6400      440.00
18.6600      472.00
18.6800      389.00
18.7000      378.00
18.7200      367.00
18.7400      283.00
18.7600      267.00
18.7800      267.00
18.8000      246.00
18.8200      211.00
18.8400      261.00
18.8600      209.00
18.8800      229.00
18.9000      279.00
18.9200      268.00
18.9400      258.00
18.9600      250.00
18.9800      262.00
19.0000      319.00
19.0200      352.00
19.0400      296.00
19.0600      300.00
19.0800      276.00
19.1000      281.00
19.1200      292.00
19.1400      230.00
19.1600      222.00
19.1800      257.00
19.2000      243.00
19.2200      238.00
19.2400      275.00
19.2600      280.00
19.2800      288.00
19.3000      270.00
19.3200      320.00
19.3400      333.00
19.3600      305.00
19.3800      388.00
19.4000      347.00
19.4200      364.00
19.4400      370.00
19.4600      326.00
19.4800      331.00
19.5000      313.00
19.5200      308.00
19.5400      283.00
19.5600      285.00
19.5800      271.00
19.6000      239.00
19.6200      237.00
19.6400      216.00
19.6600      236.00
19.6800      211.00
19.7000      214.00
19.7200      178.00
19.7400      184.00
19.7600      231.00
19.7800      200.00
19.8000      243.00
19.8200      210.00
19.8400      201.00
19.8600      203.00
19.8800      186.00
19.9000      212.00
19.9200      197.00
19.9400      193.00
19.9600      193.00
19.9800      188.00
20.0000      179.00
20.0200      163.00
20.0400      175.00
20.0600      139.00
20.0800      154.00
20.1000      164.00
20.1200      167.00
20.1400      185.00
20.1600      180.00
20.1800      183.00
20.2000      167.00
20.2200      157.00
20.2400      157.00
20.2600      153.00
20.2800      164.00
20.3000      166.00
20.3200      163.00
20.3400      145.00
20.3600      170.00
20.3800      148.00
20.4000      158.00
20.4200      138.00
20.4400      174.00
20.4600      161.00
20.4800      146.00
20.5000      171.00
20.5200      179.00
20.5400      186.00
20.5600      167.00
20.5800      197.00
20.6000      196.00
20.6200      187.00
20.6400      153.00
20.6600      180.00
20.6800      174.00
20.7000      184.00
20.7200      169.00
20.7400      146.00
20.7600      161.00
20.7800      166.00
20.8000      148.00
20.8200      140.00
20.8400      152.00
20.8600      126.00
20.8800      125.00
20.9000      136.00
20.9200      166.00
20.9400      129.00
20.9600      114.00
20.9800      146.00
21.0000      160.00
21.0200      152.00
21.0400      149.00
21.0600      141.00
21.0800      174.00
21.1000      146.00
21.1200      166.00
21.1400      167.00
21.1600      180.00
21.1800      173.00
21.2000      190.00
21.2200      192.00
21.2400      224.00
21.2600      191.00
21.2800      272.00
21.3000      258.00
21.3200      233.00
21.3400      247.00
21.3600      273.00
21.3800      247.00
21.4000      263.00
21.4200      233.00
21.4400      229.00
21.4600      247.00
21.4800      224.00
21.5000      207.00
21.5200      219.00
21.5400      237.00
21.5600      208.00
21.5800      246.00
21.6000      225.00
21.6200      222.00
21.6400      196.00
21.6600      247.00
21.6800      201.00
21.7000      200.00
21.7200      182.00
21.7400      205.00
21.7600      176.00
21.7800      185.00
21.8000      193.00
21.8200      187.00
21.8400      187.00
21.8600      169.00
21.8800      180.00
21.9000      172.00
21.9200      159.00
21.9400      184.00
21.9600      170.00
21.9800      171.00
22.0000      159.00
22.0200      166.00
22.0400      185.00
22.0600      168.00
22.0800      174.00
22.1000      176.00
22.1200      201.00
22.1400      173.00
22.1600      168.00
22.1800      175.00
22.2000      165.00
22.2200      170.00
22.2400      191.00
22.2600      145.00
22.2800      189.00
22.3000      160.00
22.3200      176.00
22.3400      176.00
22.3600      175.00
22.3800      191.00
22.4000      209.00
22.4200      223.00
22.4400      236.00
22.4600      279.00
22.4800      290.00
22.5000      294.00
22.5200      332.00
22.5400      303.00
22.5600      330.00
22.5800      331.00
22.6000      296.00
22.6200      308.00
22.6400      292.00
22.6600      293.00
22.6800      256.00
22.7000      240.00
22.7200      213.00
22.7400      219.00
22.7600      177.00
22.7800      177.00
22.8000      168.00
22.8200      156.00
22.8400      191.00
22.8600      154.00
22.8800      142.00
22.9000      145.00
22.9200      147.00
22.9400      141.00
22.9600      128.00
22.9800      130.00
23.0000      147.00
23.0200      140.00
23.0400      160.00
23.0600      147.00
23.0800      124.00
23.1000      155.00
23.1200      143.00
23.1400      139.00
23.1600      132.00
23.1800      154.00
23.2000      134.00
23.2200      135.00
23.2400      152.00
23.2600      160.00
23.2800      123.00
23.3000      127.00
23.3200      153.00
23.3400      181.00
23.3600      164.00
23.3800      154.00
23.4000      193.00
23.4200      200.00
23.4400      203.00
23.4600      190.00
23.4800      235.00
23.5000      211.00
23.5200      260.00
23.5400      209.00
23.5600      225.00
23.5800      255.00
23.6000      217.00
23.6200      231.00
23.6400      219.00
23.6600      210.00
23.6800      200.00
23.7000      234.00
23.7200      235.00
23.7400      260.00
23.7600      239.00
23.7800      233.00
23.8000      233.00
23.8200      224.00
23.8400      247.00
23.8600      253.00
23.8800      262.00
23.9000      274.00
23.9200      294.00
23.9400      291.00
23.9600      298.00
23.9800      293.00
24.0000      322.00
24.0200      375.00
24.0400      353.00
24.0600      388.00
24.0800      387.00
24.1000      395.00
24.1200      389.00
24.1400      363.00
24.1600      326.00
24.1800      360.00
24.2000      350.00
24.2200      345.00
24.2400      313.00
24.2600      306.00
24.2800      272.00
24.3000      270.00
24.3200      308.00
24.3400      272.00
24.3600      260.00
24.3800      246.00
24.4000      274.00
24.4200      246.00
24.4400      228.00
24.4600      237.00
24.4800      223.00
24.5000      199.00
24.5200      204.00
24.5400      179.00
24.5600      212.00
24.5800      197.00
24.6000      164.00
24.6200      181.00
24.6400      175.00
24.6600      186.00
24.6800      190.00
24.7000      186.00
24.7200      186.00
24.7400      174.00
24.7600      210.00
24.7800      188.00
24.8000      173.00
24.8200      153.00
24.8400      163.00
24.8600      170.00
24.8800      141.00
24.9000      152.00
24.9200      149.00
24.9400      154.00
24.9600      147.00
24.9800      148.00
25.0000      125.00
25.0200      127.00
25.0400      111.00
25.0600      117.00
25.0800      121.00
25.1000      126.00
25.1200      133.00
25.1400      152.00
25.1600      122.00
25.1800      147.00
25.2000      135.00
25.2200      113.00
25.2400      148.00
25.2600      146.00
25.2800      152.00
25.3000      129.00
25.3200      157.00
25.3400      136.00
25.3600      152.00
25.3800      155.00
25.4000      157.00
25.4200      180.00
25.4400      172.00
25.4600      184.00
25.4800      184.00
25.5000      164.00
25.5200      212.00
25.5400      189.00
25.5600      214.00
25.5800      203.00
25.6000      193.00
25.6200      248.00
25.6400      231.00
25.6600      203.00
25.6800      224.00
25.7000      191.00
25.7200      226.00
25.7400      203.00
25.7600      214.00
25.7800      205.00
25.8000      212.00
25.8200      191.00
25.8400      192.00
25.8600      208.00
25.8800      197.00
25.9000      187.00
25.9200      183.00
25.9400      207.00
25.9600      167.00
25.9800      171.00
26.0000      151.00
26.0200      174.00
26.0400      164.00
26.0600      176.00
26.0800      150.00
26.1000      147.00
26.1200      165.00
26.1400      124.00
26.1600      148.00
26.1800      118.00
26.2000      157.00
26.2200      151.00
26.2400      122.00
26.2600      145.00
26.2800      143.00
26.3000      121.00
26.3200      120.00
26.3400      108.00
26.3600      128.00
26.3800      127.00
26.4000      122.00
26.4200      141.00
26.4400      118.00
26.4600      113.00
26.4800      134.00
26.5000      131.00
26.5200      133.00
26.5400      112.00
26.5600      116.00
26.5800      156.00
26.6000      103.00
26.6200      144.00
26.6400      132.00
26.6600      146.00
26.6800      139.00
26.7000      142.00
26.7200      140.00
26.7400      137.00
26.7600      141.00
26.7800      122.00
26.8000      147.00
26.8200      143.00
26.8400      170.00
26.8600      163.00
26.8800      138.00
26.9000      155.00
26.9200      147.00
26.9400      146.00
26.9600      153.00
26.9800      159.00
27.0000      165.00
27.0200      156.00
27.0400      152.00
27.0600      153.00
27.0800      171.00
27.1000      146.00
27.1200      188.00
27.1400      174.00
27.1600      225.00
27.1800      237.00
27.2000      245.00
27.2200      284.00
27.2400      267.00
27.2600      341.00
27.2800      318.00
27.3000      325.00
27.3200      337.00
27.3400      350.00
27.3600      346.00
27.3800      327.00
27.4000      336.00
27.4200      301.00
27.4400      311.00
27.4600      268.00
27.4800      303.00
27.5000      324.00
27.5200      326.00
27.5400      265.00
27.5600      281.00
27.5800      282.00
27.6000      250.00
27.6200      262.00
27.6400      256.00
27.6600      266.00
27.6800      271.00
27.7000      274.00
27.7200      228.00
27.7400      225.00
27.7600      251.00
27.7800      232.00
27.8000      180.00
27.8200      172.00
27.8400      172.00
27.8600      189.00
27.8800      190.00
27.9000      178.00
27.9200      178.00
27.9400      198.00
27.9600      220.00
27.9800      208.00
28.0000      195.00
28.0200      179.00
28.0400      192.00
28.0600      162.00
28.0800      161.00
28.1000      175.00
28.1200      181.00
28.1400      137.00
28.1600      166.00
28.1800      146.00
28.2000      141.00
28.2200      151.00
28.2400      148.00
28.2600      159.00
28.2800      150.00
28.3000      135.00
28.3200      144.00
28.3400      139.00
28.3600      123.00
28.3800      129.00
28.4000      146.00
28.4200      144.00
28.4400      118.00
28.4600      122.00
28.4800      129.00
28.5000      140.00
28.5200      137.00
28.5400      136.00
28.5600      114.00
28.5800      135.00
28.6000      129.00
28.6200      137.00
28.6400      155.00
28.6600      169.00
28.6800      155.00
28.7000      147.00
28.7200      156.00
28.7400      156.00
28.7600      153.00
28.7800      150.00
28.8000      169.00
28.8200      177.00
28.8400      148.00
28.8600      179.00
28.8800      181.00
28.9000      168.00
28.9200      181.00
28.9400      176.00
28.9600      172.00
28.9800      170.00
29.0000      172.00
29.0200      186.00
29.0400      203.00
29.0600      223.00
29.0800      232.00
29.1000      250.00
29.1200      214.00
29.1400      202.00
29.1600      218.00
29.1800      228.00
29.2000      207.00
29.2200      187.00
29.2400      154.00
29.2600      185.00
29.2800      172.00
29.3000      152.00
29.3200      136.00
29.3400      146.00
29.3600      128.00
29.3800      118.00
29.4000      109.00
29.4200      119.00
29.4400      119.00
29.4600      112.00
29.4800      125.00
29.5000      136.00
29.5200      127.00
29.5400      132.00
29.5600      116.00
29.5800      135.00
29.6000      127.00
29.6200      129.00
29.6400      109.00
29.6600      152.00
29.6800      144.00
29.7000      154.00
29.7200      113.00
29.7400      125.00
29.7600      126.00
29.7800      121.00
29.8000      132.00
29.8200      138.00
29.8400      144.00
29.8600      133.00
29.8800      145.00
29.9000      148.00
29.9200      183.00
29.9400      154.00
29.9600      193.00
29.9800      202.00
30.0000      194.00
30.0200      226.00
30.0400      230.00
30.0600      234.00
30.0800      241.00
30.1000      231.00
30.1200      212.00
30.1400      231.00
30.1600      190.00
30.1800      215.00
30.2000      202.00
30.2200      173.00
30.2400      190.00
30.2600      156.00
30.2800      156.00
30.3000      155.00
30.3200      131.00
30.3400      131.00
30.3600      149.00
30.3800      157.00
30.4000      125.00
30.4200      109.00
30.4400      129.00
30.4600      134.00
30.4800      138.00
30.5000      134.00
30.5200      131.00
30.5400      130.00
30.5600      123.00
30.5800      144.00
30.6000      152.00
30.6200      137.00
30.6400      145.00
30.6600      137.00
30.6800      112.00
30.7000      131.00
30.7200      109.00
30.7400      118.00
30.7600      131.00
30.7800      116.00
30.8000      122.00
30.8200      103.00
30.8400      103.00
30.8600       95.00
30.8800      112.00
30.9000      108.00
30.9200       92.00
30.9400       98.00
30.9600       84.00
30.9800       86.00
31.0000       96.00
31.0200      119.00
31.0400      104.00
31.0600      121.00
31.0800       92.00
31.1000      101.00
31.1200      114.00
31.1400      108.00
31.1600      115.00
31.1800      116.00
31.2000      101.00
31.2200      105.00
31.2400      114.00
31.2600      104.00
31.2800       95.00
31.3000       95.00
31.3200       95.00
31.3400      114.00
31.3600      108.00
31.3800      100.00
31.4000      104.00
31.4200      119.00
31.4400      116.00
31.4600      105.00
31.4800      101.00
31.5000      108.00
31.5200      114.00
31.5400      104.00
31.5600       92.00
31.5800      125.00
31.6000       92.00
31.6200      125.00
31.6400      129.00
31.6600      111.00
31.6800      117.00
31.7000       96.00
31.7200       92.00
31.7400      104.00
31.7600       81.00
31.7800       87.00
31.8000       99.00
31.8200      105.00
31.8400      104.00
31.8600      105.00
31.8800       93.00
31.9000      113.00
31.9200      117.00
31.9400      110.00
31.9600       92.00
31.9800      110.00
32.0000      122.00
32.0200      103.00
32.0400       93.00
32.0600      118.00
32.0800       93.00
32.1000       95.00
32.1200       97.00
32.1400       95.00
32.1600      122.00
32.1800       92.00
32.2000      103.00
32.2200      103.00
32.2400       96.00
32.2600       93.00
32.2800      102.00
32.3000      108.00
32.3200      104.00
32.3400       96.00
32.3600      101.00
32.3800      101.00
32.4000       95.00
32.4200      111.00
32.4400       93.00
32.4600      116.00
32.4800       86.00
32.5000      113.00
32.5200       87.00
32.5400       99.00
32.5600      102.00
32.5800       79.00
32.6000       91.00
32.6200       96.00
32.6400       93.00
32.6600       99.00
32.6800       89.00
32.7000       95.00
32.7200       96.00
32.7400       78.00
32.7600      111.00
32.7800       84.00
32.8000       86.00
32.8200       87.00
32.8400       81.00
32.8600      116.00
32.8800       93.00
32.9000       99.00
32.9200      110.00
32.9400      115.00
32.9600      118.00
32.9800      104.00
33.0000       95.00
33.0200      124.00
33.0400      127.00
33.0600      103.00
33.0800      113.00
33.1000      114.00
33.1200      146.00
33.1400      111.00
33.1600      112.00
33.1800      115.00
33.2000      108.00
33.2200      111.00
33.2400       99.00
33.2600      104.00
33.2800      110.00
33.3000      125.00
33.3200       93.00
33.3400      108.00
33.3600       94.00
33.3800       83.00
33.4000       75.00
33.4200       99.00
33.4400       89.00
33.4600       69.00
33.4800       92.00
33.5000       98.00
33.5200      115.00
33.5400      103.00
33.5600       98.00
33.5800       98.00
33.6000       92.00
33.6200      109.00
33.6400      112.00
33.6600      101.00
33.6800      109.00
33.7000      104.00
33.7200       91.00
33.7400      104.00
33.7600      105.00
33.7800       91.00
33.8000      111.00
33.8200      110.00
33.8400      116.00
33.8600      113.00
33.8800      110.00
33.9000       90.00
33.9200      112.00
33.9400      109.00
33.9600      109.00
33.9800      117.00
34.0000      103.00
34.0200      104.00
34.0400      116.00
34.0600      102.00
34.0800      109.00
34.1000       97.00
34.1200       89.00
34.1400      101.00
34.1600      117.00
34.1800       98.00
34.2000       89.00
34.2200      122.00
34.2400      115.00
34.2600      108.00
34.2800      101.00
34.3000      106.00
34.3200      115.00
34.3400      111.00
34.3600      111.00
34.3800      103.00
34.4000      127.00
34.4200      111.00
34.4400       96.00
34.4600      110.00
34.4800       94.00
34.5000      100.00
34.5200      103.00
34.5400       91.00
34.5600       91.00
34.5800       92.00
34.6000      105.00
34.6200       91.00
34.6400       97.00
34.6600      100.00
34.6800      104.00
34.7000       82.00
34.7200       87.00
34.7400       96.00
34.7600      100.00
34.7800       87.00
34.8000      101.00
34.8200      103.00
34.8400       92.00
34.8600      108.00
34.8800      102.00
34.9000      113.00
34.9200      117.00
34.9400      111.00
34.9600      115.00
34.9800      132.00
35.0000      128.00
