 2.2000      271.00
 2.2200      290.00
 2.2400      299.00
 2.2600      281.00
 2.2800      270.00
 2.3000      270.00
 2.3200      299.00
 2.3400      286.00
 2.3600      268.00
 2.3800      288.00
 2.4000      274.00
 2.4200      274.00
 2.4400      275.00
 2.4600      275.00
 2.4800      273.00
 2.5000      267.00
 2.5200      256.00
 2.5400      277.00
 2.5600      274.00
 2.5800      248.00
 2.6000      283.00
 2.6200      249.00
 2.6400      274.00
 2.6600      285.00
 2.6800      275.00
 2.7000      266.00
 2.7200      277.00
 2.7400      272.00
 2.7600      281.00
 2.7800      271.00
 2.8000      279.00
 2.8200      278.00
 2.8400      260.00
 2.8600      257.00
 2.8800      229.00
 2.9000      257.00
 2.9200      236.00
 2.9400      264.00
 2.9600      266.00
 2.9800      268.00
 3.0000      257.00
 3.0200      288.00
 3.0400      255.00
 3.0600      229.00
 3.0800      258.00
 3.1000      226.00
 3.1200      233.00
 3.1400      238.00
 3.1600      251.00
 3.1800      241.00
 3.2000      241.00
 3.2200      253.00
 3.2400      251.00
 3.2600      255.00
 3.2800      279.00
 3.3000      253.00
 3.3200      234.00
 3.3400      234.00
 3.3600      252.00
 3.3800      242.00
 3.4000      252.00
 3.4200      229.00
 3.4400      225.00
 3.4600      223.00
 3.4800      226.00
 3.5000      247.00
 3.5200      262.00
 3.5400      221.00
 3.5600      251.00
 3.5800      247.00
 3.6000      209.00
 3.6200      219.00
 3.6400      250.00
 3.6600      208.00
 3.6800      195.00
 3.7000      222.00
 3.7200      253.00
 3.7400      222.00
 3.7600      232.00
 3.7800      216.00
 3.8000      230.00
 3.8200      231.00
 3.8400      212.00
 3.8600      220.00
 3.8800      211.00
 3.9000      216.00
 3.9200      205.00
 3.9400      217.00
 3.9600      201.00
 3.9800      239.00
 4.0000      233.00
 4.0200      238.00
 4.0400      220.00
 4.0600      201.00
 4.0800      216.00
 4.1000      222.00
 4.1200      200.00
 4.1400      206.00
 4.1600      178.00
 4.1800      199.00
 4.2000      178.00
 4.2200      211.00
 4.2400      176.00
 4.2600      190.00
 4.2800      165.00
 4.3000      177.00
 4.3200      198.00
 4.3400      196.00
 4.3600      190.00
 4.3800      199.00
 4.4000      200.00
 4.4200      199.00
 4.4400      187.00
 4.4600      161.00
 4.4800      201.00
 4.5000      175.00
 4.5200      150.00
 4.5400      214.00
 4.5600      196.00
 4.5800      166.00
 4.6000      224.00
 4.6200      175.00
 4.6400      193.00
 4.6600      174.00
 4.6800      160.00
 4.7000      195.00
 4.7200      188.00
 4.7400      183.00
 4.7600      183.00
 4.7800      187.00
 4.8000      177.00
 4.8200      182.00
 4.8400      157.00
 4.8600      148.00
 4.8800      187.00
 4.9000      192.00
 4.9200      175.00
 4.9400      158.00
 4.9600      190.00
 4.9800      160.00
 5.0000      177.00
 5.0200      165.00
 5.0400      179.00
 5.0600      202.00
 5.0800      171.00
 5.1000      200.00
 5.1200      185.00
 5.1400      143.00
 5.1600      190.00
 5.1800      176.00
 5.2000      179.00
 5.2200      187.00
 5.2400      192.00
 5.2600      176.00
 5.2800      156.00
 5.3000      190.00
 5.3200      204.00
 5.3400      184.00
 5.3600      163.00
 5.3800      172.00
 5.4000      197.00
 5.4200      200.00
 5.4400      179.00
 5.4600      191.00
 5.4800      174.00
 5.5000      187.00
 5.5200      184.00
 5.5400      191.00
 5.5600      190.00
 5.5800      165.00
 5.6000      191.00
 5.6200      212.00
 5.6400      195.00
 5.6600      191.00
 5.6800      211.00
 5.7000      214.00
 5.7200      186.00
 5.7400      231.00
 5.7600      217.00
 5.7800      197.00
 5.8000      208.00
 5.8200      229.00
 5.8400      218.00
 5.8600      232.00
 5.8800      229.00
 5.9000      246.00
 5.9200      235.00
 5.9400      230.00
 5.9600      245.00
 5.9800      254.00
 6.0000      271.00
 6.0200      251.00
 6.0400      257.00
 6.0600      262.00
 6.0800      282.00
 6.1000      267.00
 6.1200      289.00
 6.1400      313.00
 6.1600      311.00
 6.1800      324.00
 6.2000      323.00
 6.2200      355.00
 6.2400      423.00
 6.2600      414.00
 6.2800      423.00
 6.3000      455.00
 6.3200      497.00
 6.3400      512.00
 6.3600      592.00
 6.3800      672.00
 6.4000      724.00
 6.4200      790.00
 6.4400      876.00
 6.4600      885.00
 6.4800      911.00
 6.5000      972.00
 6.5200     1029.00
 6.5400     1109.00
 6.5600     1060.00
 6.5800     1012.00
 6.6000      946.00
 6.6200      873.00
 6.6400      770.00
 6.6600      664.00
 6.6800      478.00
 6.7000      354.00
 6.7200      290.00
 6.7400      241.00
 6.7600      210.00
 6.7800      230.00
 6.8000      216.00
 6.8200      213.00
 6.8400      216.00
 6.8600      219.00
 6.8800      213.00
 6.9000      183.00
 6.9200      173.00
 6.9400      216.00
 6.9600      146.00
 6.9800      217.00
 7.0000      189.00
 7.0200      178.00
 7.0400      188.00
 7.0600      194.00
 7.0800      187.00
 7.1000      181.00
 7.1200      210.00
 7.1400      179.00
 7.1600      203.00
 7.1800      190.00
 7.2000      193.00
 7.2200      196.00
 7.2400      186.00
 7.2600      173.00
 7.2800      216.00
 7.3000      197.00
 7.3200      209.00
 7.3400      181.00
 7.3600      191.00
 7.3800      164.00
 7.4000      206.00
 7.4200      181.00
 7.4400      194.00
 7.4600      206.00
 7.4800      185.00
 7.5000      193.00
 7.5200      183.00
 7.5400      171.00
 7.5600      200.00
 7.5800      184.00
 7.6000      196.00
 7.6200      178.00
 7.6400      190.00
 7.6600      176.00
 7.6800      189.00
 7.7000      207.00
 7.7200      180.00
 7.7400      172.00
 7.7600      180.00
 7.7800      186.00
 7.8000      189.00
 7.8200      182.00
 7.8400      203.00
 7.8600      196.00
 7.8800      184.00
 7.9000      183.00
 7.9200      198.00
 7.9400      195.00
 7.9600      184.00
 7.9800      202.00
 8.0000      165.00
 8.0200      196.00
 8.0400      208.00
 8.0600      230.00
 8.0800      206.00
 8.1000      189.00
 8.1200      219.00
 8.1400      221.00
 8.1600      224.00
 8.1800      234.00
 8.2000      225.00
 8.2200      222.00
 8.2400      193.00
 8.2600      199.00
 8.2800      214.00
 8.3000      228.00
 8.3200      245.00
 8.3400      213.00
 8.3600      220.00
 8.3800      252.00
 8.4000      280.00
 8.4200      271.00
 8.4400      264.00
 8.4600      293.00
 8.4800      286.00
 8.5000      291.00
 8.5200      308.00
 8.5400      316.00
 8.5600      329.00
 8.5800      366.00
 8.6000      383.00
 8.6200      402.00
 8.6400      443.00
 8.6600      495.00
 8.6800      504.00
 8.7000      538.00
 8.7200      604.00
 8.7400      632.00
 8.7600      687.00
 8.7800      754.00
 8.8000      827.00
 8.8200      934.00
 8.8400     1041.00
 8.8600     1211.00
 8.8800     1330.00
 8.9000     1430.00
 8.9200     1615.00
 8.9400     1814.00
 8.9600     1877.00
 8.9800     1852.00
 9.0000     2018.00
 9.0200     2025.00
 9.0400     1995.00
 9.0600     1976.00
 9.0800     1727.00
 9.1000     1563.00
 9.1200     1225.00
 9.1400     1021.00
 9.1600      764.00
 9.1800      598.00
 9.2000      420.00
 9.2200      347.00
 9.2400      315.00
 9.2600      319.00
 9.2800      285.00
 9.3000      259.00
 9.3200      255.00
 9.3400      254.00
 9.3600      226.00
 9.3800      270.00
 9.4000      262.00
 9.4200      267.00
 9.4400      239.00
 9.4600      263.00
 9.4800      227.00
 9.5000      236.00
 9.5200      227.00
 9.5400      271.00
 9.5600      272.00
 9.5800      259.00
 9.6000      258.00
 9.6200      243.00
 9.6400      251.00
 9.6600      268.00
 9.6800      272.00
 9.7000      312.00
 9.7200      287.00
 9.7400      292.00
 9.7600      294.00
 9.7800      305.00
 9.8000      332.00
 9.8200      376.00
 9.8400      348.00
 9.8600      374.00
 9.8800      331.00
 9.9000      357.00
 9.9200      346.00
 9.9400      352.00
 9.9600      314.00
 9.9800      309.00
10.0000      291.00
10.0200      308.00
10.0400      285.00
10.0600      275.00
10.0800      269.00
10.1000      265.00
10.1200      267.00
10.1400      250.00
10.1600      276.00
10.1800      249.00
10.2000      266.00
10.2200      264.00
10.2400      253.00
10.2600      287.00
10.2800      274.00
10.3000      265.00
10.3200      252.00
10.3400      276.00
10.3600      299.00
10.3800      304.00
10.4000      333.00
10.4200      339.00
10.4400      323.00
10.4600      311.00
10.4800      349.00
10.5000      329.00
10.5200      330.00
10.5400      312.00
10.5600      304.00
10.5800      312.00
10.6000      314.00
10.6200      310.00
10.6400      252.00
10.6600      251.00
10.6800      265.00
10.7000      254.00
10.7200      237.00
10.7400      244.00
10.7600      231.00
10.7800      236.00
10.8000      247.00
10.8200      221.00
10.8400      256.00
10.8600      231.00
10.8800      239.00
10.9000      204.00
10.9200      226.00
10.9400      208.00
10.9600      232.00
10.9800      227.00
11.0000      225.00
11.0200      218.00
11.0400      209.00
11.0600      243.00
11.0800      233.00
11.1000      229.00
11.1200      247.00
11.1400      229.00
11.1600      241.00
11.1800      216.00
11.2000      246.00
11.2200      237.00
11.2400      251.00
11.2600      261.00
11.2800      265.00
11.3000      244.00
11.3200      248.00
11.3400      237.00
11.3600      230.00
11.3800      251.00
11.4000      239.00
11.4200      248.00
11.4400      240.00
11.4600      282.00
11.4800      238.00
11.5000      268.00
11.5200      258.00
11.5400      292.00
11.5600      289.00
11.5800      271.00
11.6000      272.00
11.6200      262.00
11.6400      280.00
11.6600      315.00
11.6800      299.00
11.7000      310.00
11.7200      277.00
11.7400      290.00
11.7600      293.00
11.7800      274.00
11.8000      279.00
11.8200      248.00
11.8400      273.00
11.8600      258.00
11.8800      280.00
11.9000      268.00
11.9200      287.00
11.9400      284.00
11.9600      285.00
11.9800      324.00
12.0000      332.00
12.0200      327.00
12.0400      384.00
12.0600      337.00
12.0800      415.00
12.1000      394.00
12.1200      442.00
12.1400      462.00
12.1600      548.00
12.1800      594.00
12.2000      684.00
12.2200      782.00
12.2400      848.00
12.2600      962.00
12.2800     1004.00
12.3000     1123.00
12.3200     1201.00
12.3400     1303.00
12.3600     1368.00
12.3800     1392.00
12.4000     1405.00
12.4200     1360.00
12.4400     1333.00
12.4600     1273.00
12.4800     1271.00
12.5000     1030.00
12.5200      976.00
12.5400      946.00
12.5600      978.00
12.5800     1008.00
12.6000     1021.00
12.6200     1012.00
12.6400     1155.00
12.6600     1241.00
12.6800     1253.00
12.7000     1311.00
12.7200     1335.00
12.7400     1282.00
12.7600     1258.00
12.7800     1218.00
12.8000     1116.00
12.8200     1095.00
12.8400      897.00
12.8600      792.00
12.8800      697.00
12.9000      646.00
12.9200      619.00
12.9400      487.00
12.9600      487.00
12.9800      522.00
13.0000      518.00
13.0200      459.00
13.0400      475.00
13.0600      477.00
13.0800      393.00
13.1000      421.00
13.1200      381.00
13.1400      330.00
13.1600      289.00
13.1800      308.00
13.2000      285.00
13.2200      258.00
13.2400      267.00
13.2600      278.00
13.2800      269.00
13.3000      272.00
13.3200      278.00
13.3400      277.00
13.3600      254.00
13.3800      254.00
13.4000      294.00
13.4200      240.00
13.4400      269.00
13.4600      309.00
13.4800      254.00
13.5000      284.00
13.5200      261.00
13.5400      257.00
13.5600      258.00
13.5800      290.00
13.6000      268.00
13.6200      283.00
13.6400      269.00
13.6600      298.00
13.6800      292.00
13.7000      258.00
13.7200      291.00
13.7400      297.00
13.7600      319.00
13.7800      271.00
13.8000      337.00
13.8200      305.00
13.8400      328.00
13.8600      346.00
13.8800      386.00
13.9000      440.00
13.9200      450.00
13.9400      518.00
13.9600      495.00
13.9800      511.00
14.0000      552.00
14.0200      557.00
14.0400      539.00
14.0600      545.00
14.0800      535.00
14.1000      499.00
14.1200      482.00
14.1400      435.00
14.1600      401.00
14.1800      384.00
14.2000      332.00
14.2200      356.00
14.2400      344.00
14.2600      345.00
14.2800      382.00
14.3000      429.00
14.3200      426.00
14.3400      457.00
14.3600      470.00
14.3800      483.00
14.4000      454.00
14.4200      477.00
14.4400      509.00
14.4600      518.00
14.4800      454.00
14.5000      467.00
14.5200      464.00
14.5400      393.00
14.5600      445.00
14.5800      423.00
14.6000      381.00
14.6200      364.00
14.6400      409.00
14.6600      378.00
14.6800      374.00
14.7000      401.00
14.7200      397.00
14.7400      448.00
14.7600      440.00
14.7800      515.00
14.8000      553.00
14.8200      593.00
14.8400      613.00
14.8600      660.00
14.8800      706.00
14.9000      758.00
14.9200      753.00
14.9400      847.00
14.9600      870.00
14.9800      832.00
15.0000      739.00
15.0200      759.00
15.0400      712.00
15.0600      654.00
15.0800      585.00
15.1000      565.00
15.1200      560.00
15.1400      485.00
15.1600      502.00
15.1800      541.00
15.2000      492.00
15.2200      554.00
15.2400      565.00
15.2600      602.00
15.2800      619.00
15.3000      605.00
15.3200      590.00
15.3400      617.00
15.3600      545.00
15.3800      487.00
15.4000      453.00
15.4200      444.00
15.4400      373.00
15.4600      339.00
15.4800      279.00
15.5000      267.00
15.5200      264.00
15.5400      243.00
15.5600      258.00
15.5800      284.00
15.6000      269.00
15.6200      269.00
15.6400      245.00
15.6600      278.00
15.6800      276.00
15.7000      274.00
15.7200      249.00
15.7400      302.00
15.7600      300.00
15.7800      273.00
15.8000      253.00
15.8200      294.00
15.8400      299.00
15.8600      309.00
15.8800      335.00
15.9000      285.00
15.9200      319.00
15.9400      295.00
15.9600      322.00
15.9800      317.00
16.0000      338.00
16.0200      316.00
16.0400      359.00
16.0600      374.00
16.0800      354.00
16.1000      372.00
16.1200      344.00
16.1400      376.00
16.1600      392.00
16.1800      411.00
16.2000      368.00
16.2200      414.00
16.2400      365.00
16.2600      435.00
16.2800      446.00
16.3000      428.00
16.3200      445.00
16.3400      428.00
16.3600      452.00
16.3800      386.00
16.4000      379.00
16.4200      365.00
16.4400      365.00
16.4600      326.00
16.4800      321.00
16.5000      287.00
16.5200      254.00
16.5400      281.00
16.5600      297.00
16.5800      270.00
16.6000      300.00
16.6200      274.00
16.6400      279.00
16.6600      241.00
16.6800      274.00
16.7000      273.00
16.7200      311.00
16.7400      252.00
16.7600      298.00
16.7800      272.00
16.8000      282.00
16.8200      287.00
16.8400      273.00
16.8600      272.00
16.8800      263.00
16.9000      283.00
16.9200      257.00
16.9400      266.00
16.9600      273.00
16.9800      248.00
17.0000      264.00
17.0200      286.00
17.0400      299.00
17.0600      261.00
17.0800      256.00
17.1000      280.00
17.1200      266.00
17.1400      326.00
17.1600      307.00
17.1800      338.00
17.2000      334.00
17.2200      367.00
17.2400      358.00
17.2600      379.00
17.2800      396.00
17.3000      423.00
17.3200      446.00
17.3400      474.00
17.3600      463.00
17.3800      498.00
17.4000      434.00
17.4200      469.00
17.4400      522.00
17.4600      563.00
17.4800      545.00
17.5000      628.00
17.5200      639.00
17.5400      617.00
17.5600      683.00
17.5800      709.00
17.6000      712.00
17.6200      764.00
17.6400      838.00
17.6600      818.00
17.6800      889.00
17.7000      985.00
17.7200     1027.00
17.7400     1109.00
17.7600     1354.00
17.7800     1582.00
17.8000     1786.00
17.8200     2163.00
17.8400     2600.00
17.8600     3036.00
17.8800     3657.00
17.9000     4050.00
17.9200     4560.00
17.9400     4761.00
17.9600     5034.00
17.9800     5072.00
18.0000     5228.00
18.0200     4908.00
18.0400     4654.00
18.0600     4195.00
18.0800     3738.00
18.1000     3050.00
18.1200     2420.00
18.1400     1915.00
18.1600     1529.00
18.1800     1086.00
18.2000      884.00
18.2200      714.00
18.2400      687.00
18.2600      616.00
18.2800      600.00
18.3000      621.00
18.3200      648.00
18.3400      678.00
18.3600      669.00
18.3800      683.00
18.4000      649.00
18.4200      729.00
18.4400      677.00
18.4600      681.00
18.4800      647.00
18.5000      581.00
18.5200      543.00
18.5400      471.00
18.5600      453.00
18.5800      413.00
18.6000      412.00
18.6200      369.00
18.6400      353.00
18.6600      341.00
18.6800      346.00
18.7000      356.00
18.7200      333.00
18.7400      336.00
18.7600      334.00
18.7800      279.00
18.8000      318.00
18.8200      316.00
18.8400      277.00
18.8600      339.00
18.8800      327.00
18.9000      299.00
18.9200      343.00
18.9400      320.00
18.9600      338.00
18.9800      285.00
19.0000      332.00
19.0200      308.00
19.0400      325.00
19.0600      310.00
19.0800      330.00
19.1000      331.00
19.1200      337.00
19.1400      363.00
19.1600      327.00
19.1800      343.00
19.2000      347.00
19.2200      365.00
19.2400      389.00
19.2600      385.00
19.2800      417.00
19.3000      445.00
19.3200      483.00
19.3400      493.00
19.3600      526.00
19.3800      602.00
19.4000      642.00
19.4200      670.00
19.4400      769.00
19.4600      790.00
19.4800      848.00
19.5000      925.00
19.5200      878.00
19.5400      955.00
19.5600      840.00
19.5800      841.00
19.6000      843.00
19.6200      813.00
19.6400      821.00
19.6600      842.00
19.6800      907.00
19.7000      903.00
19.7200      950.00
19.7400     1035.00
19.7600     1071.00
19.7800     1130.00
19.8000     1188.00
19.8200     1264.00
19.8400     1156.00
19.8600     1165.00
19.8800     1078.00
19.9000     1013.00
19.9200      918.00
19.9400      787.00
19.9600      721.00
19.9800      684.00
20.0000      596.00
20.0200      520.00
20.0400      557.00
20.0600      564.00
20.0800      582.00
20.1000      622.00
20.1200      747.00
20.1400      790.00
20.1600      842.00
20.1800      949.00
20.2000     1019.00
20.2200      989.00
20.2400     1106.00
20.2600     1104.00
20.2800     1082.00
20.3000     1001.00
20.3200      994.00
20.3400      887.00
20.3600      812.00
20.3800      693.00
20.4000      676.00
20.4200      631.00
20.4400      656.00
20.4600      571.00
20.4800      518.00
20.5000      561.00
20.5200      599.00
20.5400      589.00
20.5600      571.00
20.5800      671.00
20.6000      627.00
20.6200      658.00
20.6400      663.00
20.6600      606.00
20.6800      668.00
20.7000      719.00
20.7200      680.00
20.7400      641.00
20.7600      644.00
20.7800      699.00
20.8000      653.00
20.8200      677.00
20.8400      642.00
20.8600      675.00
20.8800      675.00
20.9000      709.00
20.9200      671.00
20.9400      630.00
20.9600      627.00
20.9800      641.00
21.0000      680.00
21.0200      668.00
21.0400      673.00
21.0600      730.00
21.0800      731.00
21.1000      776.00
21.1200      824.00
21.1400      886.00
21.1600      913.00
21.1800      985.00
21.2000     1120.00
21.2200     1158.00
21.2400     1191.00
21.2600     1167.00
21.2800     1219.00
21.3000     1211.00
21.3200     1185.00
21.3400     1032.00
21.3600      960.00
21.3800     1008.00
21.4000      843.00
21.4200      888.00
21.4400      816.00
21.4600      903.00
21.4800     1011.00
21.5000     1022.00
21.5200     1115.00
21.5400     1303.00
21.5600     1461.00
21.5800     1513.00
21.6000     1600.00
21.6200     1582.00
21.6400     1721.00
21.6600     1572.00
21.6800     1509.00
21.7000     1329.00
21.7200     1192.00
21.7400     1024.00
21.7600      867.00
21.7800      750.00
21.8000      635.00
21.8200      540.00
21.8400      480.00
21.8600      466.00
21.8800      424.00
21.9000      429.00
21.9200      489.00
21.9400      453.00
21.9600      527.00
21.9800      517.00
22.0000      552.00
22.0200      577.00
22.0400      562.00
22.0600      593.00
22.0800      564.00
22.1000      542.00
22.1200      514.00
22.1400      545.00
22.1600      438.00
22.1800      487.00
22.2000      431.00
22.2200      460.00
22.2400      464.00
22.2600      488.00
22.2800      558.00
22.3000      622.00
22.3200      726.00
22.3400      739.00
22.3600      827.00
22.3800      903.00
22.4000      947.00
22.4200     1010.00
22.4400     1001.00
22.4600     1123.00
22.4800     1050.00
22.5000     1010.00
22.5200     1011.00
22.5400      889.00
22.5600      788.00
22.5800      775.00
22.6000      659.00
22.6200      634.00
22.6400      587.00
22.6600      561.00
22.6800      549.00
22.7000      564.00
22.7200      616.00
22.7400      593.00
22.7600      661.00
22.7800      702.00
22.8000      710.00
22.8200      719.00
22.8400      771.00
22.8600      808.00
22.8800      777.00
22.9000      728.00
22.9200      763.00
22.9400      734.00
22.9600      672.00
22.9800      707.00
23.0000      665.00
23.0200      673.00
23.0400      681.00
23.0600      698.00
23.0800      739.00
23.1000      743.00
23.1200      738.00
23.1400      823.00
23.1600      850.00
23.1800      907.00
23.2000      942.00
23.2200     1026.00
23.2400     1038.00
23.2600     1086.00
23.2800     1160.00
23.3000     1202.00
23.3200     1216.00
23.3400     1253.00
23.3600     1310.00
23.3800     1298.00
23.4000     1292.00
23.4200     1262.00
23.4400     1208.00
23.4600     1113.00
23.4800     1092.00
23.5000     1000.00
23.5200      950.00
23.5400      832.00
23.5600      739.00
23.5800      679.00
23.6000      544.00
23.6200      544.00
23.6400      462.00
23.6600      467.00
23.6800      476.00
23.7000      447.00
23.7200      425.00
23.7400      425.00
23.7600      422.00
23.7800      412.00
23.8000      372.00
23.8200      397.00
23.8400      391.00
23.8600      350.00
23.8800      349.00
23.9000      338.00
23.9200      324.00
23.9400      332.00
23.9600      352.00
23.9800      363.00
24.0000      350.00
24.0200      389.00
24.0400      402.00
24.0600      385.00
24.0800      387.00
24.1000      374.00
24.1200      392.00
24.1400      417.00
24.1600      462.00
24.1800      485.00
24.2000      440.00
24.2200      518.00
24.2400      559.00
24.2600      595.00
24.2800      590.00
24.3000      648.00
24.3200      647.00
24.3400      668.00
24.3600      639.00
24.3800      650.00
24.4000      631.00
24.4200      604.00
24.4400      607.00
24.4600      569.00
24.4800      514.00
24.5000      474.00
24.5200      471.00
24.5400      457.00
24.5600      381.00
24.5800      373.00
24.6000      379.00
24.6200      371.00
24.6400      367.00
24.6600      370.00
24.6800      369.00
24.7000      385.00
24.7200      388.00
24.7400      419.00
24.7600      508.00
24.7800      484.00
24.8000      592.00
24.8200      586.00
24.8400      680.00
24.8600      708.00
24.8800      832.00
24.9000      895.00
24.9200      978.00
24.9400     1072.00
24.9600     1174.00
24.9800     1270.00
25.0000     1383.00
25.0200     1377.00
25.0400     1466.00
25.0600     1502.00
25.0800     1410.00
25.1000     1473.00
25.1200     1407.00
25.1400     1330.00
25.1600     1211.00
25.1800     1055.00
25.2000      998.00
25.2200      870.00
25.2400      773.00
25.2600      617.00
25.2800      586.00
25.3000      591.00
25.3200      523.00
25.3400      587.00
25.3600      605.00
25.3800      641.00
25.4000      811.00
25.4200      931.00
25.4400     1024.00
25.4600     1183.00
25.4800     1324.00
25.5000     1439.00
25.5200     1653.00
25.5400     1596.00
25.5600     1643.00
25.5800     1704.00
25.6000     1676.00
25.6200     1615.00
25.6400     1426.00
25.6600     1318.00
25.6800     1178.00
25.7000      985.00
25.7200      892.00
25.7400      742.00
25.7600      670.00
25.7800      580.00
25.8000      553.00
25.8200      546.00
25.8400      536.00
25.8600      530.00
25.8800      561.00
25.9000      588.00
25.9200      568.00
25.9400      560.00
25.9600      573.00
25.9800      556.00
26.0000      544.00
26.0200      530.00
26.0400      539.00
26.0600      544.00
26.0800      556.00
26.1000      525.00
26.1200      587.00
26.1400      566.00
26.1600      624.00
26.1800      607.00
26.2000      658.00
26.2200      640.00
26.2400      683.00
26.2600      659.00
26.2800      728.00
26.3000      737.00
26.3200      722.00
26.3400      692.00
26.3600      703.00
26.3800      657.00
26.4000      623.00
26.4200      622.00
26.4400      604.00
26.4600      570.00
26.4800      549.00
26.5000      570.00
26.5200      521.00
26.5400      543.00
26.5600      535.00
26.5800      565.00
26.6000      536.00
26.6200      558.00
26.6400      519.00
26.6600      533.00
26.6800      549.00
26.7000      583.00
26.7200      560.00
26.7400      552.00
26.7600      618.00
26.7800      625.00
26.8000      694.00
26.8200      818.00
26.8400     1006.00
26.8600     1144.00
26.8800     1463.00
26.9000     1718.00
26.9200     2106.00
26.9400     2576.00
26.9600     3057.00
26.9800     3587.00
27.0000     4083.00
27.0200     4377.00
27.0400     4780.00
27.0600     4999.00
27.0800     5091.00
27.1000     4985.00
27.1200     4761.00
27.1400     4509.00
27.1600     3966.00
27.1800     3643.00
27.2000     2989.00
27.2200     2370.00
27.2400     1938.00
27.2600     1515.00
27.2800     1223.00
27.3000      945.00
27.3200      777.00
27.3400      680.00
27.3600      625.00
27.3800      558.00
27.4000      560.00
27.4200      568.00
27.4400      556.00
27.4600      601.00
27.4800      651.00
27.5000      659.00
27.5200      683.00
27.5400      742.00
27.5600      767.00
27.5800      792.00
27.6000      850.00
27.6200      810.00
27.6400      922.00
27.6600      893.00
27.6800      852.00
27.7000      816.00
27.7200      779.00
27.7400      666.00
27.7600      654.00
27.7800      597.00
27.8000      536.00
27.8200      517.00
27.8400      487.00
27.8600      483.00
27.8800      485.00
27.9000      440.00
27.9200      487.00
27.9400      445.00
27.9600      472.00
27.9800      474.00
28.0000      521.00
28.0200      507.00
28.0400      484.00
28.0600      528.00
28.0800      509.00
28.1000      491.00
28.1200      473.00
28.1400      471.00
28.1600      441.00
28.1800      441.00
28.2000      435.00
28.2200      440.00
28.2400      407.00
28.2600      420.00
28.2800      409.00
28.3000      369.00
28.3200      338.00
28.3400      361.00
28.3600      420.00
28.3800      387.00
28.4000      400.00
28.4200      420.00
28.4400      413.00
28.4600      492.00
28.4800      568.00
28.5000      513.00
28.5200      516.00
28.5400      603.00
28.5600      642.00
28.5800      645.00
28.6000      672.00
28.6200      646.00
28.6400      686.00
28.6600      625.00
28.6800      677.00
28.7000      645.00
28.7200      652.00
28.7400      562.00
28.7600      578.00
28.7800      562.00
28.8000      531.00
28.8200      460.00
28.8400      516.00
28.8600      444.00
28.8800      413.00
28.9000      432.00
28.9200      416.00
28.9400      376.00
28.9600      375.00
28.9800      387.00
29.0000      390.00
29.0200      424.00
29.0400      464.00
29.0600      490.00
29.0800      504.00
29.1000      514.00
29.1200      559.00
29.1400      603.00
29.1600      644.00
29.1800      654.00
29.2000      674.00
29.2200      679.00
29.2400      668.00
29.2600      656.00
29.2800      626.00
29.3000      614.00
29.3200      592.00
29.3400      593.00
29.3600      572.00
29.3800      547.00
29.4000      471.00
29.4200      461.00
29.4400      463.00
29.4600      410.00
29.4800      381.00
29.5000      351.00
29.5200      335.00
29.5400      395.00
29.5600      358.00
29.5800      363.00
29.6000      337.00
29.6200      376.00
29.6400      362.00
29.6600      345.00
29.6800      375.00
29.7000      374.00
29.7200      365.00
29.7400      369.00
29.7600      359.00
29.7800      309.00
29.8000      359.00
29.8200      337.00
29.8400      347.00
29.8600      322.00
29.8800      313.00
29.9000      357.00
29.9200      325.00
29.9400      290.00
29.9600      298.00
29.9800      313.00
30.0000      322.00
30.0200      296.00
30.0400      303.00
30.0600      300.00
30.0800      311.00
30.1000      337.00
30.1200      327.00
30.1400      306.00
30.1600      317.00
30.1800      296.00
30.2000      311.00
30.2200      303.00
30.2400      340.00
30.2600      318.00
30.2800      335.00
30.3000      314.00
30.3200      332.00
30.3400      353.00
30.3600      367.00
30.3800      413.00
30.4000      426.00
30.4200      465.00
30.4400      493.00
30.4600      524.00
30.4800      515.00
30.5000      505.00
30.5200      502.00
30.5400      548.00
30.5600      485.00
30.5800      496.00
30.6000      478.00
30.6200      498.00
30.6400      446.00
30.6600      421.00
30.6800      408.00
30.7000      350.00
30.7200      357.00
30.7400      352.00
30.7600      306.00
30.7800      315.00
30.8000      322.00
30.8200      293.00
30.8400      288.00
30.8600      284.00
30.8800      348.00
30.9000      307.00
30.9200      336.00
30.9400      316.00
30.9600      335.00
30.9800      351.00
31.0000      327.00
31.0200      339.00
31.0400      335.00
31.0600      323.00
31.0800      321.00
31.1000      347.00
31.1200      339.00
31.1400      297.00
31.1600      340.00
31.1800      306.00
31.2000      343.00
31.2200      307.00
31.2400      310.00
31.2600      346.00
31.2800      322.00
31.3000      390.00
31.3200      338.00
31.3400      307.00
31.3600      323.00
31.3800      293.00
31.4000      335.00
31.4200      337.00
31.4400      316.00
31.4600      309.00
31.4800      332.00
31.5000      299.00
31.5200      288.00
31.5400      261.00
31.5600      267.00
31.5800      280.00
31.6000      274.00
31.6200      257.00
31.6400      258.00
31.6600      273.00
31.6800      234.00
31.7000      238.00
31.7200      235.00
31.7400      201.00
31.7600      274.00
31.7800      240.00
31.8000      250.00
31.8200      253.00
31.8400      259.00
31.8600      242.00
31.8800      256.00
31.9000      247.00
31.9200      269.00
31.9400      255.00
31.9600      266.00
31.9800      247.00
32.0000      238.00
32.0200      276.00
32.0400      278.00
32.0600      240.00
32.0800      279.00
32.1000      293.00
32.1200      303.00
32.1400      349.00
32.1600      306.00
32.1800      362.00
32.2000      357.00
32.2200      325.00
32.2400      352.00
32.2600      367.00
32.2800      371.00
32.3000      344.00
32.3200      366.00
32.3400      349.00
32.3600      318.00
32.3800      345.00
32.4000      288.00
32.4200      283.00
32.4400      258.00
32.4600      300.00
32.4800      270.00
32.5000      236.00
32.5200      287.00
32.5400      238.00
32.5600      259.00
32.5800      259.00
32.6000      268.00
32.6200      260.00
32.6400      295.00
32.6600      278.00
32.6800      281.00
32.7000      303.00
32.7200      287.00
32.7400      349.00
32.7600      394.00
32.7800      389.00
32.8000      429.00
32.8200      419.00
32.8400      439.00
32.8600      466.00
32.8800      494.00
32.9000      523.00
32.9200      580.00
32.9400      511.00
32.9600      524.00
32.9800      503.00
33.0000      503.00
33.0200      456.00
33.0400      426.00
33.0600      424.00
33.0800      434.00
33.1000      396.00
33.1200      343.00
33.1400      366.00
33.1600      335.00
33.1800      332.00
33.2000      333.00
33.2200      330.00
33.2400      312.00
33.2600      335.00
33.2800      335.00
33.3000      323.00
33.3200      367.00
33.3400      379.00
33.3600      317.00
33.3800      339.00
33.4000      328.00
33.4200      324.00
33.4400      343.00
33.4600      318.00
33.4800      366.00
33.5000      359.00
33.5200      346.00
33.5400      330.00
33.5600      325.00
33.5800      343.00
33.6000      319.00
33.6200      324.00
33.6400      318.00
33.6600      353.00
33.6800      370.00
33.7000      336.00
33.7200      348.00
33.7400      308.00
33.7600      340.00
33.7800      358.00
33.8000      366.00
33.8200      340.00
33.8400      325.00
33.8600      343.00
33.8800      322.00
33.9000      321.00
33.9200      333.00
33.9400      357.00
33.9600      359.00
33.9800      331.00
34.0000      324.00
34.0200      289.00
34.0400      308.00
34.0600      297.00
34.0800      296.00
34.1000      317.00
34.1200      287.00
34.1400      280.00
34.1600      289.00
34.1800      297.00
34.2000      233.00
34.2200      271.00
34.2400      257.00
34.2600      234.00
34.2800      228.00
34.3000      234.00
34.3200      221.00
34.3400      268.00
34.3600      288.00
34.3800      270.00
34.4000      295.00
34.4200      253.00
34.4400      269.00
34.4600      254.00
34.4800      268.00
34.5000      283.00
34.5200      325.00
34.5400      315.00
34.5600      313.00
34.5800      312.00
34.6000      312.00
34.6200      312.00
34.6400      345.00
34.6600      322.00
34.6800      316.00
34.7000      293.00
34.7200      301.00
34.7400      320.00
34.7600      272.00
34.7800      297.00
34.8000      246.00
34.8200      258.00
34.8400      243.00
34.8600      244.00
34.8800      243.00
34.9000      240.00
34.9200      209.00
34.9400      223.00
34.9600      221.00
34.9800      245.00
35.0000      230.00
