 2.2600      274.00
 2.2800      284.00
 2.3000      280.00
 2.3200      276.00
 2.3400      279.00
 2.3600      270.00
 2.3800      253.00
 2.4000      265.00
 2.4200      276.00
 2.4400      272.00
 2.4600      295.00
 2.4800      269.00
 2.5000      230.00
 2.5200      261.00
 2.5400      248.00
 2.5600      282.00
 2.5800      274.00
 2.6000      260.00
 2.6200      239.00
 2.6400      263.00
 2.6600      236.00
 2.6800      275.00
 2.7000      245.00
 2.7200      225.00
 2.7400      252.00
 2.7600      246.00
 2.7800      233.00
 2.8000      263.00
 2.8200      251.00
 2.8400      258.00
 2.8600      253.00
 2.8800      256.00
 2.9000      253.00
 2.9200      263.00
 2.9400      222.00
 2.9600      249.00
 2.9800      235.00
 3.0000      248.00
 3.0200      237.00
 3.0400      203.00
 3.0600      242.00
 3.0800      251.00
 3.1000      238.00
 3.1200      230.00
 3.1400      233.00
 3.1600      232.00
 3.1800      234.00
 3.2000      226.00
 3.2200      235.00
 3.2400      215.00
 3.2600      226.00
 3.2800      203.00
 3.3000      202.00
 3.3200      201.00
 3.3400      217.00
 3.3600      242.00
 3.3800      209.00
 3.4000      209.00
 3.4200      207.00
 3.4400      194.00
 3.4600      227.00
 3.4800      196.00
 3.5000      180.00
 3.5200      196.00
 3.5400      188.00
 3.5600      179.00
 3.5800      199.00
 3.6000      188.00
 3.6200      211.00
 3.6400      193.00
 3.6600      186.00
 3.6800      175.00
 3.7000      188.00
 3.7200      198.00
 3.7400      190.00
 3.7600      186.00
 3.7800      205.00
 3.8000      207.00
 3.8200      175.00
 3.8400      183.00
 3.8600      199.00
 3.8800      165.00
 3.9000      182.00
 3.9200      185.00
 3.9400      188.00
 3.9600      200.00
 3.9800      180.00
 4.0000      177.00
 4.0200      175.00
 4.0400      151.00
 4.0600      176.00
 4.0800      153.00
 4.1000      192.00
 4.1200      190.00
 4.1400      180.00
 4.1600      172.00
 4.1800      148.00
 4.2000      157.00
 4.2200      165.00
 4.2400      188.00
 4.2600      175.00
 4.2800      147.00
 4.3000      139.00
 4.3200      146.00
 4.3400      164.00
 4.3600      161.00
 4.3800      154.00
 4.4000      159.00
 4.4200      148.00
 4.4400      169.00
 4.4600      158.00
 4.4800      123.00
 4.5000      138.00
 4.5200      143.00
 4.5400      167.00
 4.5600      137.00
 4.5800      140.00
 4.6000      136.00
 4.6200      155.00
 4.6400      143.00
 4.6600      159.00
 4.6800      156.00
 4.7000      131.00
 4.7200      138.00
 4.7400      130.00
 4.7600      147.00
 4.7800      150.00
 4.8000      156.00
 4.8200      150.00
 4.8400      149.00
 4.8600      145.00
 4.8800      127.00
 4.9000      154.00
 4.9200      143.00
 4.9400      163.00
 4.9600      139.00
 4.9800      146.00
 5.0000      149.00
 5.0200      128.00
 5.0400      143.00
 5.0600      137.00
 5.0800      149.00
 5.1000      163.00
 5.1200      129.00
 5.1400      123.00
 5.1600      164.00
 5.1800      159.00
 5.2000      135.00
 5.2200      147.00
 5.2400      161.00
 5.2600      139.00
 5.2800      144.00
 5.3000      151.00
 5.3200      158.00
 5.3400      141.00
 5.3600      160.00
 5.3800      141.00
 5.4000      140.00
 5.4200      144.00
 5.4400      142.00
 5.4600      155.00
 5.4800      160.00
 5.5000      141.00
 5.5200      149.00
 5.5400      158.00
 5.5600      151.00
 5.5800      144.00
 5.6000      148.00
 5.6200      155.00
 5.6400      134.00
 5.6600      148.00
 5.6800      151.00
 5.7000      142.00
 5.7200      146.00
 5.7400      147.00
 5.7600      149.00
 5.7800      131.00
 5.8000      133.00
 5.8200      150.00
 5.8400      138.00
 5.8600      141.00
 5.8800      154.00
 5.9000      152.00
 5.9200      143.00
 5.9400      151.00
 5.9600      138.00
 5.9800      153.00
 6.0000      147.00
 6.0200      156.00
 6.0400      146.00
 6.0600      176.00
 6.0800      141.00
 6.1000      151.00
 6.1200      148.00
 6.1400      162.00
 6.1600      129.00
 6.1800      158.00
 6.2000      164.00
 6.2200      132.00
 6.2400      184.00
 6.2600      150.00
 6.2800      155.00
 6.3000      167.00
 6.3200      159.00
 6.3400      170.00
 6.3600      172.00
 6.3800      160.00
 6.4000      142.00
 6.4200      144.00
 6.4400      160.00
 6.4600      148.00
 6.4800      152.00
 6.5000      190.00
 6.5200      170.00
 6.5400      149.00
 6.5600      171.00
 6.5800      173.00
 6.6000      151.00
 6.6200      153.00
 6.6400      158.00
 6.6600      152.00
 6.6800      173.00
 6.7000      151.00
 6.7200      153.00
 6.7400      168.00
 6.7600      147.00
 6.7800      149.00
 6.8000      135.00
 6.8200      166.00
 6.8400      156.00
 6.8600      155.00
 6.8800      152.00
 6.9000      166.00
 6.9200      155.00
 6.9400      142.00
 6.9600      144.00
 6.9800      161.00
 7.0000      148.00
 7.0200      156.00
 7.0400      190.00
 7.0600      180.00
 7.0800      147.00
 7.1000      187.00
 7.1200      155.00
 7.1400      174.00
 7.1600      165.00
 7.1800      162.00
 7.2000      179.00
 7.2200      150.00
 7.2400      167.00
 7.2600      178.00
 7.2800      163.00
 7.3000      180.00
 7.3200      141.00
 7.3400      165.00
 7.3600      153.00
 7.3800      165.00
 7.4000      155.00
 7.4200      164.00
 7.4400      167.00
 7.4600      146.00
 7.4800      167.00
 7.5000      151.00
 7.5200      176.00
 7.5400      169.00
 7.5600      159.00
 7.5800      188.00
 7.6000      195.00
 7.6200      183.00
 7.6400      192.00
 7.6600      232.00
 7.6800      186.00
 7.7000      217.00
 7.7200      216.00
 7.7400      215.00
 7.7600      230.00
 7.7800      219.00
 7.8000      252.00
 7.8200      222.00
 7.8400      253.00
 7.8600      268.00
 7.8800      272.00
 7.9000      261.00
 7.9200      247.00
 7.9400      257.00
 7.9600      270.00
 7.9800      255.00
 8.0000      238.00
 8.0200      217.00
 8.0400      209.00
 8.0600      194.00
 8.0800      171.00
 8.1000      164.00
 8.1200      157.00
 8.1400      162.00
 8.1600      194.00
 8.1800      177.00
 8.2000      164.00
 8.2200      187.00
 8.2400      174.00
 8.2600      167.00
 8.2800      153.00
 8.3000      170.00
 8.3200      167.00
 8.3400      192.00
 8.3600      175.00
 8.3800      154.00
 8.4000      178.00
 8.4200      182.00
 8.4400      184.00
 8.4600      172.00
 8.4800      179.00
 8.5000      162.00
 8.5200      185.00
 8.5400      184.00
 8.5600      207.00
 8.5800      171.00
 8.6000      206.00
 8.6200      179.00
 8.6400      184.00
 8.6600      174.00
 8.6800      180.00
 8.7000      191.00
 8.7200      171.00
 8.7400      192.00
 8.7600      196.00
 8.7800      196.00
 8.8000      182.00
 8.8200      191.00
 8.8400      199.00
 8.8600      213.00
 8.8800      177.00
 8.9000      213.00
 8.9200      211.00
 8.9400      211.00
 8.9600      216.00
 8.9800      227.00
 9.0000      193.00
 9.0200      228.00
 9.0400      228.00
 9.0600      214.00
 9.0800      227.00
 9.1000      210.00
 9.1200      241.00
 9.1400      231.00
 9.1600      199.00
 9.1800      191.00
 9.2000      173.00
 9.2200      190.00
 9.2400      181.00
 9.2600      192.00
 9.2800      191.00
 9.3000      177.00
 9.3200      173.00
 9.3400      177.00
 9.3600      191.00
 9.3800      207.00
 9.4000      203.00
 9.4200      196.00
 9.4400      212.00
 9.4600      213.00
 9.4800      201.00
 9.5000      192.00
 9.5200      228.00
 9.5400      219.00
 9.5600      204.00
 9.5800      243.00
 9.6000      239.00
 9.6200      229.00
 9.6400      252.00
 9.6600      227.00
 9.6800      263.00
 9.7000      247.00
 9.7200      255.00
 9.7400      266.00
 9.7600      257.00
 9.7800      243.00
 9.8000      236.00
 9.8200      236.00
 9.8400      225.00
 9.8600      215.00
 9.8800      190.00
 9.9000      189.00
 9.9200      185.00
 9.9400      227.00
 9.9600      209.00
 9.9800      201.00
10.0000      204.00
10.0200      230.00
10.0400      205.00
10.0600      199.00
10.0800      205.00
10.1000      226.00
10.1200      219.00
10.1400      206.00
10.1600      214.00
10.1800      241.00
10.2000      213.00
10.2200      223.00
10.2400      204.00
10.2600      213.00
10.2800      212.00
10.3000      240.00
10.3200      235.00
10.3400      201.00
10.3600      194.00
10.3800      209.00
10.4000      207.00
10.4200      228.00
10.4400      201.00
10.4600      215.00
10.4800      221.00
10.5000      238.00
10.5200      203.00
10.5400      205.00
10.5600      223.00
10.5800      219.00
10.6000      238.00
10.6200      217.00
10.6400      202.00
10.6600      225.00
10.6800      212.00
10.7000      224.00
10.7200      213.00
10.7400      199.00
10.7600      234.00
10.7800      238.00
10.8000      236.00
10.8200      218.00
10.8400      225.00
10.8600      239.00
10.8800      231.00
10.9000      229.00
10.9200      247.00
10.9400      221.00
10.9600      255.00
10.9800      249.00
11.0000      249.00
11.0200      287.00
11.0400      302.00
11.0600      294.00
11.0800      309.00
11.1000      353.00
11.1200      349.00
11.1400      334.00
11.1600      331.00
11.1800      389.00
11.2000      405.00
11.2200      442.00
11.2400      483.00
11.2600      508.00
11.2800      521.00
11.3000      521.00
11.3200      565.00
11.3400      530.00
11.3600      487.00
11.3800      498.00
11.4000      513.00
11.4200      462.00
11.4400      491.00
11.4600      467.00
11.4800      426.00
11.5000      432.00
11.5200      437.00
11.5400      476.00
11.5600      416.00
11.5800      369.00
11.6000      371.00
11.6200      342.00
11.6400      353.00
11.6600      260.00
11.6800      258.00
11.7000      212.00
11.7200      230.00
11.7400      234.00
11.7600      218.00
11.7800      224.00
11.8000      213.00
11.8200      242.00
11.8400      238.00
11.8600      218.00
11.8800      230.00
11.9000      228.00
11.9200      240.00
11.9400      248.00
11.9600      239.00
11.9800      258.00
12.0000      289.00
12.0200      259.00
12.0400      256.00
12.0600      282.00
12.0800      286.00
12.1000      318.00
12.1200      338.00
12.1400      325.00
12.1600      344.00
12.1800      397.00
12.2000      400.00
12.2200      407.00
12.2400      413.00
12.2600      467.00
12.2800      434.00
12.3000      490.00
12.3200      454.00
12.3400      537.00
12.3600      487.00
12.3800      462.00
12.4000      477.00
12.4200      425.00
12.4400      467.00
12.4600      399.00
12.4800      423.00
12.5000      386.00
12.5200      410.00
12.5400      383.00
12.5600      411.00
12.5800      421.00
12.6000      377.00
12.6200      435.00
12.6400      456.00
12.6600      486.00
12.6800      538.00
12.7000      564.00
12.7200      566.00
12.7400      612.00
12.7600      650.00
12.7800      590.00
12.8000      660.00
12.8200      596.00
12.8400      612.00
12.8600      524.00
12.8800      479.00
12.9000      424.00
12.9200      381.00
12.9400      351.00
12.9600      311.00
12.9800      297.00
13.0000      310.00
13.0200      299.00
13.0400      357.00
13.0600      334.00
13.0800      337.00
13.1000      316.00
13.1200      321.00
13.1400      370.00
13.1600      347.00
13.1800      360.00
13.2000      354.00
13.2200      323.00
13.2400      306.00
13.2600      281.00
13.2800      253.00
13.3000      281.00
13.3200      252.00
13.3400      242.00
13.3600      224.00
13.3800      230.00
13.4000      190.00
13.4200      246.00
13.4400      223.00
13.4600      197.00
13.4800      246.00
13.5000      223.00
13.5200      176.00
13.5400      225.00
13.5600      230.00
13.5800      246.00
13.6000      209.00
13.6200      233.00
13.6400      215.00
13.6600      222.00
13.6800      187.00
13.7000      210.00
13.7200      220.00
13.7400      221.00
13.7600      191.00
13.7800      223.00
13.8000      215.00
13.8200      216.00
13.8400      231.00
13.8600      222.00
13.8800      242.00
13.9000      234.00
13.9200      255.00
13.9400      238.00
13.9600      216.00
13.9800      245.00
14.0000      226.00
14.0200      235.00
14.0400      266.00
14.0600      275.00
14.0800      275.00
14.1000      288.00
14.1200      295.00
14.1400      278.00
14.1600      323.00
14.1800      374.00
14.2000      378.00
14.2200      362.00
14.2400      398.00
14.2600      410.00
14.2800      457.00
14.3000      511.00
14.3200      520.00
14.3400      564.00
14.3600      630.00
14.3800      636.00
14.4000      637.00
14.4200      698.00
14.4400      740.00
14.4600      781.00
14.4800      771.00
14.5000      718.00
14.5200      692.00
14.5400      614.00
14.5600      585.00
14.5800      578.00
14.6000      503.00
14.6200      454.00
14.6400      416.00
14.6600      420.00
14.6800      374.00
14.7000      383.00
14.7200      336.00
14.7400      298.00
14.7600      333.00
14.7800      253.00
14.8000      253.00
14.8200      282.00
14.8400      273.00
14.8600      244.00
14.8800      263.00
14.9000      234.00
14.9200      271.00
14.9400      244.00
14.9600      254.00
14.9800      256.00
15.0000      231.00
15.0200      213.00
15.0400      248.00
15.0600      248.00
15.0800      225.00
15.1000      223.00
15.1200      256.00
15.1400      243.00
15.1600      207.00
15.1800      229.00
15.2000      221.00
15.2200      236.00
15.2400      233.00
15.2600      247.00
15.2800      229.00
15.3000      214.00
15.3200      243.00
15.3400      227.00
15.3600      240.00
15.3800      264.00
15.4000      244.00
15.4200      224.00
15.4400      249.00
15.4600      221.00
15.4800      243.00
15.5000      249.00
15.5200      239.00
15.5400      253.00
15.5600      242.00
15.5800      243.00
15.6000      266.00
15.6200      212.00
15.6400      260.00
15.6600      232.00
15.6800      268.00
15.7000      247.00
15.7200      243.00
15.7400      217.00
15.7600      251.00
15.7800      228.00
15.8000      235.00
15.8200      225.00
15.8400      223.00
15.8600      250.00
15.8800      271.00
15.9000      218.00
15.9200      287.00
15.9400      292.00
15.9600      289.00
15.9800      289.00
16.0000      306.00
16.0200      340.00
16.0400      357.00
16.0600      383.00
16.0800      325.00
16.1000      388.00
16.1200      399.00
16.1400      420.00
16.1600      417.00
16.1800      430.00
16.2000      440.00
16.2200      435.00
16.2400      407.00
16.2600      429.00
16.2800      438.00
16.3000      366.00
16.3200      347.00
16.3400      362.00
16.3600      350.00
16.3800      405.00
16.4000      347.00
16.4200      358.00
16.4400      352.00
16.4600      365.00
16.4800      392.00
16.5000      391.00
16.5200      349.00
16.5400      364.00
16.5600      378.00
16.5800      374.00
16.6000      364.00
16.6200      387.00
16.6400      409.00
16.6600      434.00
16.6800      415.00
16.7000      454.00
16.7200      471.00
16.7400      422.00
16.7600      432.00
16.7800      453.00
16.8000      387.00
16.8200      339.00
16.8400      382.00
16.8600      290.00
16.8800      279.00
16.9000      266.00
16.9200      301.00
16.9400      255.00
16.9600      267.00
16.9800      282.00
17.0000      323.00
17.0200      326.00
17.0400      294.00
17.0600      330.00
17.0800      353.00
17.1000      334.00
17.1200      370.00
17.1400      340.00
17.1600      359.00
17.1800      394.00
17.2000      425.00
17.2200      425.00
17.2400      454.00
17.2600      454.00
17.2800      472.00
17.3000      471.00
17.3200      510.00
17.3400      518.00
17.3600      493.00
17.3800      469.00
17.4000      526.00
17.4200      530.00
17.4400      549.00
17.4600      659.00
17.4800      652.00
17.5000      689.00
17.5200      819.00
17.5400      893.00
17.5600      976.00
17.5800     1120.00
17.6000     1240.00
17.6200     1339.00
17.6400     1418.00
17.6600     1602.00
17.6800     1675.00
17.7000     1904.00
17.7200     2020.00
17.7400     2075.00
17.7600     2250.00
17.7800     2227.00
17.8000     2397.00
17.8200     2336.00
17.8400     2350.00
17.8600     2205.00
17.8800     2063.00
17.9000     1927.00
17.9200     1715.00
17.9400     1536.00
17.9600     1270.00
17.9800      956.00
18.0000      788.00
18.0200      613.00
18.0400      521.00
18.0600      503.00
18.0800      428.00
18.1000      448.00
18.1200      411.00
18.1400      410.00
18.1600      383.00
18.1800      382.00
18.2000      402.00
18.2200      313.00
18.2400      407.00
18.2600      362.00
18.2800      346.00
18.3000      336.00
18.3200      331.00
18.3400      332.00
18.3600      367.00
18.3800      381.00
18.4000      375.00
18.4200      432.00
18.4400      441.00
18.4600      487.00
18.4800      473.00
18.5000      469.00
18.5200      547.00
18.5400      550.00
18.5600      600.00
18.5800      616.00
18.6000      618.00
18.6200      676.00
18.6400      709.00
18.6600      664.00
18.6800      770.00
18.7000      682.00
18.7200      799.00
18.7400      732.00
18.7600      762.00
18.7800      621.00
18.8000      670.00
18.8200      623.00
18.8400      623.00
18.8600      575.00
18.8800      516.00
18.9000      553.00
18.9200      511.00
18.9400      504.00
18.9600      441.00
18.9800      496.00
19.0000      441.00
19.0200      436.00
19.0400      382.00
19.0600      412.00
19.0800      344.00
19.1000      347.00
19.1200      392.00
19.1400      356.00
19.1600      342.00
19.1800      345.00
19.2000      338.00
19.2200      346.00
19.2400      330.00
19.2600      326.00
19.2800      356.00
19.3000      348.00
19.3200      354.00
19.3400      328.00
19.3600      351.00
19.3800      352.00
19.4000      406.00
19.4200      373.00
19.4400      386.00
19.4600      389.00
19.4800      370.00
19.5000      410.00
19.5200      400.00
19.5400      406.00
19.5600      447.00
19.5800      444.00
19.6000      493.00
19.6200      494.00
19.6400      557.00
19.6600      585.00
19.6800      687.00
19.7000      749.00
19.7200      766.00
19.7400      827.00
19.7600      914.00
19.7800      969.00
19.8000     1088.00
19.8200     1156.00
19.8400     1235.00
19.8600     1288.00
19.8800     1360.00
19.9000     1361.00
19.9200     1364.00
19.9400     1339.00
19.9600     1211.00
19.9800     1274.00
20.0000     1205.00
20.0200     1042.00
20.0400      946.00
20.0600      920.00
20.0800      712.00
20.1000      687.00
20.1200      614.00
20.1400      550.00
20.1600      491.00
20.1800      467.00
20.2000      437.00
20.2200      443.00
20.2400      394.00
20.2600      383.00
20.2800      358.00
20.3000      351.00
20.3200      341.00
20.3400      365.00
20.3600      337.00
20.3800      329.00
20.4000      346.00
20.4200      325.00
20.4400      343.00
20.4600      351.00
20.4800      382.00
20.5000      378.00
20.5200      411.00
20.5400      395.00
20.5600      423.00
20.5800      448.00
20.6000      500.00
20.6200      480.00
20.6400      469.00
20.6600      493.00
20.6800      536.00
20.7000      488.00
20.7200      537.00
20.7400      586.00
20.7600      623.00
20.7800      624.00
20.8000      630.00
20.8200      704.00
20.8400      663.00
20.8600      752.00
20.8800      741.00
20.9000      777.00
20.9200      755.00
20.9400      882.00
20.9600      912.00
20.9800      966.00
21.0000      995.00
21.0200     1114.00
21.0400     1158.00
21.0600     1283.00
21.0800     1424.00
21.1000     1536.00
21.1200     1675.00
21.1400     1832.00
21.1600     1990.00
21.1800     2008.00
21.2000     2214.00
21.2200     2253.00
21.2400     2306.00
21.2600     2309.00
21.2800     2414.00
21.3000     2243.00
21.3200     2287.00
21.3400     2209.00
21.3600     1979.00
21.3800     1709.00
21.4000     1488.00
21.4200     1211.00
21.4400      946.00
21.4600      749.00
21.4800      653.00
21.5000      519.00
21.5200      459.00
21.5400      378.00
21.5600      403.00
21.5800      324.00
21.6000      334.00
21.6200      301.00
21.6400      319.00
21.6600      301.00
21.6800      296.00
21.7000      300.00
21.7200      310.00
21.7400      258.00
21.7600      293.00
21.7800      266.00
21.8000      265.00
21.8200      258.00
21.8400      284.00
21.8600      248.00
21.8800      305.00
21.9000      296.00
21.9200      303.00
21.9400      262.00
21.9600      255.00
21.9800      291.00
22.0000      294.00
22.0200      307.00
22.0400      344.00
22.0600      328.00
22.0800      347.00
22.1000      355.00
22.1200      320.00
22.1400      378.00
22.1600      374.00
22.1800      376.00
22.2000      389.00
22.2200      395.00
22.2400      388.00
22.2600      411.00
22.2800      431.00
22.3000      402.00
22.3200      430.00
22.3400      459.00
22.3600      475.00
22.3800      490.00
22.4000      502.00
22.4200      484.00
22.4400      512.00
22.4600      499.00
22.4800      508.00
22.5000      494.00
22.5200      559.00
22.5400      544.00
22.5600      554.00
22.5800      609.00
22.6000      637.00
22.6200      621.00
22.6400      706.00
22.6600      657.00
22.6800      751.00
22.7000      763.00
22.7200      720.00
22.7400      820.00
22.7600      856.00
22.7800      811.00
22.8000      856.00
22.8200      867.00
22.8400      861.00
22.8600      838.00
22.8800      790.00
22.9000      801.00
22.9200      763.00
22.9400      689.00
22.9600      650.00
22.9800      598.00
23.0000      529.00
23.0200      465.00
23.0400      494.00
23.0600      500.00
23.0800      508.00
23.1000      484.00
23.1200      562.00
23.1400      555.00
23.1600      578.00
23.1800      604.00
23.2000      648.00
23.2200      653.00
23.2400      670.00
23.2600      696.00
23.2800      640.00
23.3000      654.00
23.3200      721.00
23.3400      719.00
23.3600      730.00
23.3800      728.00
23.4000      757.00
23.4200      715.00
23.4400      667.00
23.4600      643.00
23.4800      703.00
23.5000      655.00
23.5200      677.00
23.5400      592.00
23.5600      671.00
23.5800      665.00
23.6000      703.00
23.6200      692.00
23.6400      697.00
23.6600      681.00
23.6800      660.00
23.7000      639.00
23.7200      577.00
23.7400      548.00
23.7600      524.00
23.7800      493.00
23.8000      364.00
23.8200      388.00
23.8400      364.00
23.8600      349.00
23.8800      368.00
23.9000      356.00
23.9200      342.00
23.9400      343.00
23.9600      352.00
23.9800      407.00
24.0000      400.00
24.0200      379.00
24.0400      460.00
24.0600      417.00
24.0800      439.00
24.1000      483.00
24.1200      478.00
24.1400      505.00
24.1600      548.00
24.1800      576.00
24.2000      569.00
24.2200      588.00
24.2400      636.00
24.2600      578.00
24.2800      655.00
24.3000      662.00
24.3200      728.00
24.3400      761.00
24.3600      732.00
24.3800      776.00
24.4000      767.00
24.4200      768.00
24.4400      831.00
24.4600      789.00
24.4800      822.00
24.5000      894.00
24.5200      897.00
24.5400      867.00
24.5600      939.00
24.5800      883.00
24.6000      921.00
24.6200      937.00
24.6400      858.00
24.6600      830.00
24.6800      755.00
24.7000      740.00
24.7200      663.00
24.7400      595.00
24.7600      564.00
24.7800      487.00
24.8000      450.00
24.8200      521.00
24.8400      467.00
24.8600      475.00
24.8800      481.00
24.9000      482.00
24.9200      520.00
24.9400      543.00
24.9600      629.00
24.9800      726.00
25.0000      704.00
25.0200      757.00
25.0400      783.00
25.0600      858.00
25.0800      878.00
25.1000      854.00
25.1200      931.00
25.1400      985.00
25.1600      986.00
25.1800      917.00
25.2000      905.00
25.2200      888.00
25.2400      841.00
25.2600      736.00
25.2800      688.00
25.3000      618.00
25.3200      503.00
25.3400      442.00
25.3600      408.00
25.3800      358.00
25.4000      360.00
25.4200      301.00
25.4400      321.00
25.4600      284.00
25.4800      308.00
25.5000      290.00
25.5200      282.00
25.5400      278.00
25.5600      283.00
25.5800      276.00
25.6000      258.00
25.6200      283.00
25.6400      253.00
25.6600      262.00
25.6800      235.00
25.7000      260.00
25.7200      261.00
25.7400      250.00
25.7600      267.00
25.7800      266.00
25.8000      260.00
25.8200      261.00
25.8400      264.00
25.8600      278.00
25.8800      265.00
25.9000      286.00
25.9200      279.00
25.9400      279.00
25.9600      295.00
25.9800      314.00
26.0000      336.00
26.0200      330.00
26.0400      353.00
26.0600      376.00
26.0800      382.00
26.1000      386.00
26.1200      432.00
26.1400      430.00
26.1600      487.00
26.1800      446.00
26.2000      521.00
26.2200      539.00
26.2400      565.00
26.2600      585.00
26.2800      576.00
26.3000      610.00
26.3200      631.00
26.3400      669.00
26.3600      672.00
26.3800      655.00
26.4000      681.00
26.4200      636.00
26.4400      694.00
26.4600      673.00
26.4800      644.00
26.5000      645.00
26.5200      606.00
26.5400      676.00
26.5600      642.00
26.5800      657.00
26.6000      660.00
26.6200      620.00
26.6400      607.00
26.6600      633.00
26.6800      660.00
26.7000      576.00
26.7200      587.00
26.7400      623.00
26.7600      615.00
26.7800      613.00
26.8000      559.00
26.8200      605.00
26.8400      588.00
26.8600      576.00
26.8800      602.00
26.9000      558.00
26.9200      465.00
26.9400      494.00
26.9600      484.00
26.9800      525.00
27.0000      472.00
27.0200      479.00
27.0400      481.00
27.0600      445.00
27.0800      447.00
27.1000      449.00
27.1200      430.00
27.1400      396.00
27.1600      415.00
27.1800      392.00
27.2000      393.00
27.2200      385.00
27.2400      361.00
27.2600      368.00
27.2800      378.00
27.3000      416.00
27.3200      427.00
27.3400      388.00
27.3600      443.00
27.3800      378.00
27.4000      408.00
27.4200      397.00
27.4400      455.00
27.4600      442.00
27.4800      450.00
27.5000      477.00
27.5200      460.00
27.5400      454.00
27.5600      500.00
27.5800      460.00
27.6000      464.00
27.6200      461.00
27.6400      469.00
27.6600      467.00
27.6800      459.00
27.7000      486.00
27.7200      486.00
27.7400      452.00
27.7600      496.00
27.7800      472.00
27.8000      504.00
27.8200      509.00
27.8400      494.00
27.8600      490.00
27.8800      458.00
27.9000      477.00
27.9200      501.00
27.9400      528.00
27.9600      507.00
27.9800      475.00
28.0000      455.00
28.0200      429.00
28.0400      435.00
28.0600      406.00
28.0800      387.00
28.1000      396.00
28.1200      380.00
28.1400      398.00
28.1600      392.00
28.1800      401.00
28.2000      393.00
28.2200      419.00
28.2400      362.00
28.2600      411.00
28.2800      414.00
28.3000      379.00
28.3200      380.00
28.3400      402.00
28.3600      358.00
28.3800      390.00
28.4000      439.00
28.4200      426.00
28.4400      484.00
28.4600      518.00
28.4800      628.00
28.5000      618.00
28.5200      616.00
28.5400      753.00
28.5600      800.00
28.5800      873.00
28.6000      960.00
28.6200     1016.00
28.6400     1197.00
28.6600     1116.00
28.6800     1156.00
28.7000     1161.00
28.7200     1311.00
28.7400     1247.00
28.7600     1249.00
28.7800     1239.00
28.8000     1179.00
28.8200     1097.00
28.8400      973.00
28.8600      906.00
28.8800      830.00
28.9000      802.00
28.9200      662.00
28.9400      657.00
28.9600      603.00
28.9800      574.00
29.0000      506.00
29.0200      509.00
29.0400      466.00
29.0600      462.00
29.0800      453.00
29.1000      435.00
29.1200      451.00
29.1400      411.00
29.1600      393.00
29.1800      424.00
29.2000      451.00
29.2200      441.00
29.2400      408.00
29.2600      414.00
29.2800      451.00
29.3000      520.00
29.3200      475.00
29.3400      488.00
29.3600      539.00
29.3800      498.00
29.4000      486.00
29.4200      535.00
29.4400      578.00
29.4600      595.00
29.4800      567.00
29.5000      641.00
29.5200      665.00
29.5400      627.00
29.5600      641.00
29.5800      654.00
29.6000      601.00
29.6200      678.00
29.6400      652.00
29.6600      637.00
29.6800      646.00
29.7000      653.00
29.7200      645.00
29.7400      605.00
29.7600      599.00
29.7800      546.00
29.8000      532.00
29.8200      476.00
29.8400      389.00
29.8600      338.00
29.8800      333.00
29.9000      333.00
29.9200      291.00
29.9400      301.00
29.9600      266.00
29.9800      299.00
30.0000      282.00
30.0200      297.00
30.0400      298.00
30.0600      281.00
30.0800      316.00
30.1000      310.00
30.1200      348.00
30.1400      350.00
30.1600      374.00
30.1800      365.00
30.2000      405.00
30.2200      380.00
30.2400      458.00
30.2600      488.00
30.2800      383.00
30.3000      435.00
30.3200      488.00
30.3400      503.00
30.3600      486.00
30.3800      453.00
30.4000      452.00
30.4200      450.00
30.4400      454.00
30.4600      431.00
30.4800      413.00
30.5000      398.00
30.5200      333.00
30.5400      419.00
30.5600      343.00
30.5800      336.00
30.6000      345.00
30.6200      334.00
30.6400      338.00
30.6600      272.00
30.6800      247.00
30.7000      262.00
30.7200      265.00
30.7400      265.00
30.7600      289.00
30.7800      261.00
30.8000      293.00
30.8200      283.00
30.8400      264.00
30.8600      288.00
30.8800      274.00
30.9000      284.00
30.9200      283.00
30.9400      263.00
30.9600      285.00
30.9800      250.00
31.0000      310.00
31.0200      295.00
31.0400      288.00
31.0600      240.00
31.0800      255.00
31.1000      263.00
31.1200      287.00
31.1400      269.00
31.1600      257.00
31.1800      279.00
31.2000      277.00
31.2200      251.00
31.2400      291.00
31.2600      270.00
31.2800      260.00
31.3000      268.00
31.3200      256.00
31.3400      256.00
31.3600      275.00
31.3800      254.00
31.4000      259.00
31.4200      221.00
31.4400      276.00
31.4600      241.00
31.4800      201.00
31.5000      233.00
31.5200      224.00
31.5400      257.00
31.5600      228.00
31.5800      274.00
31.6000      230.00
31.6200      271.00
31.6400      272.00
31.6600      294.00
31.6800      246.00
31.7000      276.00
31.7200      282.00
31.7400      266.00
31.7600      285.00
31.7800      303.00
31.8000      273.00
31.8200      286.00
31.8400      272.00
31.8600      294.00
31.8800      295.00
31.9000      295.00
31.9200      287.00
31.9400      279.00
31.9600      263.00
31.9800      281.00
32.0000      259.00
32.0200      262.00
32.0400      280.00
32.0600      312.00
32.0800      291.00
32.1000      302.00
32.1200      330.00
32.1400      328.00
32.1600      362.00
32.1800      329.00
32.2000      373.00
32.2200      327.00
32.2400      390.00
32.2600      392.00
32.2800      353.00
32.3000      416.00
32.3200      394.00
32.3400      420.00
32.3600      445.00
32.3800      426.00
32.4000      411.00
32.4200      428.00
32.4400      431.00
32.4600      460.00
32.4800      444.00
32.5000      430.00
32.5200      447.00
32.5400      390.00
32.5600      414.00
32.5800      415.00
32.6000      428.00
32.6200      454.00
32.6400      451.00
32.6600      435.00
32.6800      444.00
32.7000      433.00
32.7200      423.00
32.7400      456.00
32.7600      427.00
32.7800      380.00
32.8000      431.00
32.8200      435.00
32.8400      374.00
32.8600      419.00
32.8800      430.00
32.9000      423.00
32.9200      397.00
32.9400      401.00
32.9600      396.00
32.9800      416.00
33.0000      363.00
33.0200      368.00
33.0400      384.00
33.0600      386.00
33.0800      335.00
33.1000      356.00
33.1200      355.00
33.1400      374.00
33.1600      360.00
33.1800      366.00
33.2000      373.00
33.2200      384.00
33.2400      355.00
33.2600      430.00
33.2800      392.00
33.3000      416.00
33.3200      404.00
33.3400      447.00
33.3600      434.00
33.3800      435.00
33.4000      424.00
33.4200      415.00
33.4400      469.00
33.4600      465.00
33.4800      474.00
33.5000      455.00
33.5200      439.00
33.5400      454.00
33.5600      411.00
33.5800      460.00
33.6000      423.00
33.6200      410.00
33.6400      408.00
33.6600      390.00
33.6800      355.00
33.7000      336.00
33.7200      338.00
33.7400      318.00
33.7600      288.00
33.7800      292.00
33.8000      299.00
33.8200      269.00
33.8400      274.00
33.8600      245.00
33.8800      283.00
33.9000      271.00
33.9200      217.00
33.9400      217.00
33.9600      230.00
33.9800      249.00
34.0000      254.00
34.0200      214.00
34.0400      222.00
34.0600      246.00
34.0800      223.00
34.1000      244.00
34.1200      250.00
34.1400      283.00
34.1600      241.00
34.1800      292.00
34.2000      281.00
34.2200      293.00
34.2400      267.00
34.2600      316.00
34.2800      296.00
34.3000      316.00
34.3200      335.00
34.3400      329.00
34.3600      324.00
34.3800      303.00
34.4000      368.00
34.4200      326.00
34.4400      335.00
34.4600      328.00
34.4800      292.00
34.5000      290.00
34.5200      289.00
34.5400      306.00
34.5600      294.00
34.5800      266.00
34.6000      245.00
34.6200      252.00
34.6400      239.00
34.6600      254.00
34.6800      193.00
34.7000      229.00
34.7200      220.00
34.7400      230.00
34.7600      232.00
34.7800      235.00
34.8000      212.00
34.8200      228.00
34.8400      224.00
34.8600      201.00
34.8800      222.00
34.9000      227.00
34.9200      221.00
34.9400      217.00
34.9600      245.00
34.9800      274.00
35.0000      235.00
35.0200      236.00
35.0400      233.00
35.0600      241.00
