 2.2000      279.00
 2.2200      284.00
 2.2400      318.00
 2.2600      280.00
 2.2800      264.00
 2.3000      259.00
 2.3200      278.00
 2.3400      270.00
 2.3600      265.00
 2.3800      273.00
 2.4000      296.00
 2.4200      288.00
 2.4400      270.00
 2.4600      249.00
 2.4800      264.00
 2.5000      328.00
 2.5200      272.00
 2.5400      279.00
 2.5600      265.00
 2.5800      258.00
 2.6000      249.00
 2.6200      271.00
 2.6400      253.00
 2.6600      260.00
 2.6800      243.00
 2.7000      247.00
 2.7200      256.00
 2.7400      269.00
 2.7600      244.00
 2.7800      248.00
 2.8000      242.00
 2.8200      247.00
 2.8400      239.00
 2.8600      218.00
 2.8800      246.00
 2.9000      270.00
 2.9200      215.00
 2.9400      254.00
 2.9600      245.00
 2.9800      244.00
 3.0000      224.00
 3.0200      241.00
 3.0400      244.00
 3.0600      235.00
 3.0800      209.00
 3.1000      215.00
 3.1200      218.00
 3.1400      217.00
 3.1600      232.00
 3.1800      212.00
 3.2000      234.00
 3.2200      212.00
 3.2400      179.00
 3.2600      224.00
 3.2800      212.00
 3.3000      222.00
 3.3200      205.00
 3.3400      214.00
 3.3600      221.00
 3.3800      229.00
 3.4000      209.00
 3.4200      208.00
 3.4400      192.00
 3.4600      218.00
 3.4800      211.00
 3.5000      193.00
 3.5200      189.00
 3.5400      210.00
 3.5600      206.00
 3.5800      215.00
 3.6000      180.00
 3.6200      178.00
 3.6400      212.00
 3.6600      172.00
 3.6800      175.00
 3.7000      191.00
 3.7200      183.00
 3.7400      194.00
 3.7600      175.00
 3.7800      199.00
 3.8000      191.00
 3.8200      185.00
 3.8400      175.00
 3.8600      188.00
 3.8800      201.00
 3.9000      173.00
 3.9200      176.00
 3.9400      158.00
 3.9600      152.00
 3.9800      170.00
 4.0000      169.00
 4.0200      166.00
 4.0400      165.00
 4.0600      180.00
 4.0800      144.00
 4.1000      173.00
 4.1200      170.00
 4.1400      174.00
 4.1600      152.00
 4.1800      163.00
 4.2000      172.00
 4.2200      161.00
 4.2400      165.00
 4.2600      158.00
 4.2800      164.00
 4.3000      154.00
 4.3200      147.00
 4.3400      149.00
 4.3600      148.00
 4.3800      140.00
 4.4000      161.00
 4.4200      147.00
 4.4400      127.00
 4.4600      135.00
 4.4800      127.00
 4.5000      132.00
 4.5200      131.00
 4.5400      141.00
 4.5600      120.00
 4.5800      148.00
 4.6000      136.00
 4.6200      136.00
 4.6400      135.00
 4.6600      126.00
 4.6800      141.00
 4.7000      146.00
 4.7200      127.00
 4.7400      138.00
 4.7600      133.00
 4.7800      154.00
 4.8000      139.00
 4.8200      128.00
 4.8400      130.00
 4.8600      115.00
 4.8800      147.00
 4.9000      141.00
 4.9200      140.00
 4.9400      142.00
 4.9600      113.00
 4.9800      122.00
 5.0000      134.00
 5.0200      107.00
 5.0400      136.00
 5.0600      135.00
 5.0800      134.00
 5.1000      148.00
 5.1200      138.00
 5.1400      135.00
 5.1600      151.00
 5.1800      135.00
 5.2000      125.00
 5.2200      134.00
 5.2400      123.00
 5.2600      122.00
 5.2800      141.00
 5.3000      105.00
 5.3200      134.00
 5.3400      136.00
 5.3600      125.00
 5.3800      143.00
 5.4000      138.00
 5.4200      112.00
 5.4400      127.00
 5.4600      128.00
 5.4800      140.00
 5.5000      148.00
 5.5200      126.00
 5.5400      137.00
 5.5600      155.00
 5.5800      124.00
 5.6000      140.00
 5.6200      116.00
 5.6400      144.00
 5.6600      128.00
 5.6800      129.00
 5.7000      126.00
 5.7200      118.00
 5.7400      140.00
 5.7600       97.00
 5.7800      135.00
 5.8000      168.00
 5.8200      121.00
 5.8400      138.00
 5.8600      170.00
 5.8800      135.00
 5.9000      137.00
 5.9200      131.00
 5.9400      149.00
 5.9600      138.00
 5.9800      130.00
 6.0000      155.00
 6.0200      131.00
 6.0400      148.00
 6.0600      141.00
 6.0800      152.00
 6.1000      141.00
 6.1200      135.00
 6.1400      131.00
 6.1600      126.00
 6.1800      139.00
 6.2000      127.00
 6.2200      136.00
 6.2400      142.00
 6.2600      135.00
 6.2800      167.00
 6.3000      136.00
 6.3200      132.00
 6.3400      126.00
 6.3600      141.00
 6.3800      141.00
 6.4000      154.00
 6.4200      153.00
 6.4400      137.00
 6.4600      143.00
 6.4800      141.00
 6.5000      120.00
 6.5200      126.00
 6.5400      124.00
 6.5600      141.00
 6.5800      144.00
 6.6000      138.00
 6.6200      153.00
 6.6400      117.00
 6.6600      148.00
 6.6800      128.00
 6.7000      148.00
 6.7200      131.00
 6.7400      150.00
 6.7600      142.00
 6.7800      133.00
 6.8000      136.00
 6.8200      143.00
 6.8400      144.00
 6.8600      134.00
 6.8800      141.00
 6.9000      158.00
 6.9200      132.00
 6.9400      153.00
 6.9600      153.00
 6.9800      170.00
 7.0000      143.00
 7.0200      149.00
 7.0400      150.00
 7.0600      138.00
 7.0800      172.00
 7.1000      161.00
 7.1200      147.00
 7.1400      141.00
 7.1600      139.00
 7.1800      143.00
 7.2000      146.00
 7.2200      153.00
 7.2400      166.00
 7.2600      139.00
 7.2800      138.00
 7.3000      133.00
 7.3200      131.00
 7.3400      164.00
 7.3600      135.00
 7.3800      156.00
 7.4000      151.00
 7.4200      149.00
 7.4400      143.00
 7.4600      151.00
 7.4800      150.00
 7.5000      132.00
 7.5200      126.00
 7.5400      148.00
 7.5600      148.00
 7.5800      142.00
 7.6000      145.00
 7.6200      153.00
 7.6400      121.00
 7.6600      145.00
 7.6800      153.00
 7.7000      180.00
 7.7200      156.00
 7.7400      143.00
 7.7600      164.00
 7.7800      158.00
 7.8000      140.00
 7.8200      140.00
 7.8400      179.00
 7.8600      151.00
 7.8800      160.00
 7.9000      136.00
 7.9200      165.00
 7.9400      144.00
 7.9600      121.00
 7.9800      133.00
 8.0000      140.00
 8.0200      162.00
 8.0400      153.00
 8.0600      150.00
 8.0800      158.00
 8.1000      156.00
 8.1200      149.00
 8.1400      154.00
 8.1600      166.00
 8.1800      152.00
 8.2000      156.00
 8.2200      143.00
 8.2400      161.00
 8.2600      160.00
 8.2800      157.00
 8.3000      159.00
 8.3200      144.00
 8.3400      183.00
 8.3600      175.00
 8.3800      142.00
 8.4000      178.00
 8.4200      171.00
 8.4400      162.00
 8.4600      154.00
 8.4800      176.00
 8.5000      165.00
 8.5200      158.00
 8.5400      175.00
 8.5600      154.00
 8.5800      179.00
 8.6000      174.00
 8.6200      180.00
 8.6400      168.00
 8.6600      170.00
 8.6800      162.00
 8.7000      179.00
 8.7200      190.00
 8.7400      194.00
 8.7600      199.00
 8.7800      213.00
 8.8000      207.00
 8.8200      182.00
 8.8400      191.00
 8.8600      196.00
 8.8800      205.00
 8.9000      228.00
 8.9200      236.00
 8.9400      236.00
 8.9600      240.00
 8.9800      251.00
 9.0000      213.00
 9.0200      223.00
 9.0400      220.00
 9.0600      196.00
 9.0800      174.00
 9.1000      174.00
 9.1200      173.00
 9.1400      184.00
 9.1600      135.00
 9.1800      183.00
 9.2000      158.00
 9.2200      189.00
 9.2400      183.00
 9.2600      166.00
 9.2800      172.00
 9.3000      185.00
 9.3200      166.00
 9.3400      164.00
 9.3600      159.00
 9.3800      173.00
 9.4000      186.00
 9.4200      168.00
 9.4400      151.00
 9.4600      176.00
 9.4800      146.00
 9.5000      158.00
 9.5200      173.00
 9.5400      164.00
 9.5600      179.00
 9.5800      189.00
 9.6000      168.00
 9.6200      164.00
 9.6400      150.00
 9.6600      172.00
 9.6800      191.00
 9.7000      201.00
 9.7200      165.00
 9.7400      180.00
 9.7600      174.00
 9.7800      167.00
 9.8000      194.00
 9.8200      179.00
 9.8400      178.00
 9.8600      181.00
 9.8800      179.00
 9.9000      183.00
 9.9200      157.00
 9.9400      194.00
 9.9600      201.00
 9.9800      188.00
10.0000      199.00
10.0200      176.00
10.0400      189.00
10.0600      185.00
10.0800      172.00
10.1000      197.00
10.1200      165.00
10.1400      202.00
10.1600      183.00
10.1800      183.00
10.2000      179.00
10.2200      185.00
10.2400      194.00
10.2600      210.00
10.2800      196.00
10.3000      188.00
10.3200      173.00
10.3400      184.00
10.3600      189.00
10.3800      186.00
10.4000      191.00
10.4200      167.00
10.4400      185.00
10.4600      189.00
10.4800      180.00
10.5000      183.00
10.5200      205.00
10.5400      177.00
10.5600      183.00
10.5800      183.00
10.6000      193.00
10.6200      205.00
10.6400      190.00
10.6600      190.00
10.6800      208.00
10.7000      183.00
10.7200      207.00
10.7400      214.00
10.7600      189.00
10.7800      216.00
10.8000      223.00
10.8200      221.00
10.8400      223.00
10.8600      236.00
10.8800      231.00
10.9000      237.00
10.9200      267.00
10.9400      260.00
10.9600      273.00
10.9800      259.00
11.0000      347.00
11.0200      327.00
11.0400      344.00
11.0600      391.00
11.0800      382.00
11.1000      388.00
11.1200      429.00
11.1400      461.00
11.1600      491.00
11.1800      517.00
11.2000      511.00
11.2200      512.00
11.2400      542.00
11.2600      528.00
11.2800      468.00
11.3000      484.00
11.3200      432.00
11.3400      420.00
11.3600      466.00
11.3800      449.00
11.4000      420.00
11.4200      475.00
11.4400      425.00
11.4600      393.00
11.4800      359.00
11.5000      344.00
11.5200      357.00
11.5400      272.00
11.5600      268.00
11.5800      242.00
11.6000      237.00
11.6200      231.00
11.6400      209.00
11.6600      223.00
11.6800      238.00
11.7000      227.00
11.7200      177.00
11.7400      207.00
11.7600      177.00
11.7800      203.00
11.8000      192.00
11.8200      235.00
11.8400      223.00
11.8600      204.00
11.8800      225.00
11.9000      243.00
11.9200      217.00
11.9400      239.00
11.9600      221.00
11.9800      239.00
12.0000      228.00
12.0200      263.00
12.0400      279.00
12.0600      275.00
12.0800      315.00
12.1000      303.00
12.1200      339.00
12.1400      369.00
12.1600      403.00
12.1800      385.00
12.2000      383.00
12.2200      397.00
12.2400      438.00
12.2600      450.00
12.2800      430.00
12.3000      453.00
12.3200      457.00
12.3400      429.00
12.3600      391.00
12.3800      376.00
12.4000      378.00
12.4200      371.00
12.4400      350.00
12.4600      370.00
12.4800      394.00
12.5000      435.00
12.5200      419.00
12.5400      435.00
12.5600      472.00
12.5800      508.00
12.6000      535.00
12.6200      569.00
12.6400      595.00
12.6600      632.00
12.6800      646.00
12.7000      633.00
12.7200      565.00
12.7400      525.00
12.7600      509.00
12.7800      416.00
12.8000      351.00
12.8200      299.00
12.8400      272.00
12.8600      247.00
12.8800      204.00
12.9000      220.00
12.9200      211.00
12.9400      227.00
12.9600      228.00
12.9800      217.00
13.0000      215.00
13.0200      215.00
13.0400      207.00
13.0600      189.00
13.0800      205.00
13.1000      193.00
13.1200      203.00
13.1400      189.00
13.1600      197.00
13.1800      200.00
13.2000      215.00
13.2200      231.00
13.2400      182.00
13.2600      222.00
13.2800      203.00
13.3000      218.00
13.3200      238.00
13.3400      212.00
13.3600      190.00
13.3800      205.00
13.4000      188.00
13.4200      181.00
13.4400      185.00
13.4600      216.00
13.4800      207.00
13.5000      222.00
13.5200      172.00
13.5400      210.00
13.5600      194.00
13.5800      186.00
13.6000      193.00
13.6200      186.00
13.6400      200.00
13.6600      186.00
13.6800      204.00
13.7000      190.00
13.7200      166.00
13.7400      188.00
13.7600      193.00
13.7800      177.00
13.8000      193.00
13.8200      218.00
13.8400      214.00
13.8600      219.00
13.8800      219.00
13.9000      260.00
13.9200      206.00
13.9400      219.00
13.9600      235.00
13.9800      252.00
14.0000      245.00
14.0200      258.00
14.0400      278.00
14.0600      276.00
14.0800      258.00
14.1000      268.00
14.1200      314.00
14.1400      348.00
14.1600      388.00
14.1800      372.00
14.2000      448.00
14.2200      479.00
14.2400      508.00
14.2600      579.00
14.2800      635.00
14.3000      604.00
14.3200      671.00
14.3400      677.00
14.3600      643.00
14.3800      730.00
14.4000      615.00
14.4200      619.00
14.4400      608.00
14.4600      544.00
14.4800      489.00
14.5000      496.00
14.5200      407.00
14.5400      407.00
14.5600      374.00
14.5800      371.00
14.6000      329.00
14.6200      302.00
14.6400      282.00
14.6600      286.00
14.6800      276.00
14.7000      258.00
14.7200      238.00
14.7400      190.00
14.7600      210.00
14.7800      225.00
14.8000      189.00
14.8200      187.00
14.8400      200.00
14.8600      198.00
14.8800      202.00
14.9000      201.00
14.9200      225.00
14.9400      179.00
14.9600      195.00
14.9800      210.00
15.0000      198.00
15.0200      192.00
15.0400      201.00
15.0600      211.00
15.0800      206.00
15.1000      178.00
15.1200      206.00
15.1400      188.00
15.1600      195.00
15.1800      200.00
15.2000      197.00
15.2200      178.00
15.2400      166.00
15.2600      190.00
15.2800      202.00
15.3000      199.00
15.3200      196.00
15.3400      196.00
15.3600      186.00
15.3800      206.00
15.4000      201.00
15.4200      196.00
15.4400      189.00
15.4600      210.00
15.4800      214.00
15.5000      194.00
15.5200      180.00
15.5400      189.00
15.5600      175.00
15.5800      198.00
15.6000      199.00
15.6200      210.00
15.6400      202.00
15.6600      153.00
15.6800      214.00
15.7000      201.00
15.7200      218.00
15.7400      185.00
15.7600      216.00
15.7800      205.00
15.8000      239.00
15.8200      242.00
15.8400      249.00
15.8600      282.00
15.8800      284.00
15.9000      289.00
15.9200      294.00
15.9400      316.00
15.9600      340.00
15.9800      355.00
16.0000      400.00
16.0200      389.00
16.0400      403.00
16.0600      445.00
16.0800      430.00
16.1000      430.00
16.1200      408.00
16.1400      429.00
16.1600      381.00
16.1800      335.00
16.2000      315.00
16.2200      341.00
16.2400      365.00
16.2600      317.00
16.2800      345.00
16.3000      363.00
16.3200      331.00
16.3400      338.00
16.3600      336.00
16.3800      335.00
16.4000      303.00
16.4200      298.00
16.4400      310.00
16.4600      324.00
16.4800      314.00
16.5000      356.00
16.5200      328.00
16.5400      325.00
16.5600      349.00
16.5800      376.00
16.6000      383.00
16.6200      395.00
16.6400      389.00
16.6600      367.00
16.6800      381.00
16.7000      353.00
16.7200      293.00
16.7400      282.00
16.7600      296.00
16.7800      248.00
16.8000      223.00
16.8200      234.00
16.8400      233.00
16.8600      231.00
16.8800      231.00
16.9000      257.00
16.9200      233.00
16.9400      225.00
16.9600      248.00
16.9800      284.00
17.0000      249.00
17.0200      264.00
17.0400      304.00
17.0600      304.00
17.0800      316.00
17.1000      349.00
17.1200      397.00
17.1400      385.00
17.1600      412.00
17.1800      451.00
17.2000      442.00
17.2200      410.00
17.2400      446.00
17.2600      445.00
17.2800      479.00
17.3000      473.00
17.3200      491.00
17.3400      497.00
17.3600      543.00
17.3800      533.00
17.4000      650.00
17.4200      738.00
17.4400      760.00
17.4600      940.00
17.4800     1015.00
17.5000     1099.00
17.5200     1334.00
17.5400     1461.00
17.5600     1589.00
17.5800     1928.00
17.6000     2023.00
17.6200     2206.00
17.6400     2388.00
17.6600     2593.00
17.6800     2704.00
17.7000     2889.00
17.7200     2792.00
17.7400     2795.00
17.7600     2668.00
17.7800     2525.00
17.8000     2311.00
17.8200     1996.00
17.8400     1674.00
17.8600     1288.00
17.8800     1085.00
17.9000      852.00
17.9200      657.00
17.9400      542.00
17.9600      469.00
17.9800      438.00
18.0000      384.00
18.0200      359.00
18.0400      392.00
18.0600      358.00
18.0800      326.00
18.1000      300.00
18.1200      304.00
18.1400      299.00
18.1600      270.00
18.1800      303.00
18.2000      276.00
18.2200      289.00
18.2400      277.00
18.2600      286.00
18.2800      331.00
18.3000      276.00
18.3200      327.00
18.3400      340.00
18.3600      367.00
18.3800      370.00
18.4000      382.00
18.4200      403.00
18.4400      428.00
18.4600      504.00
18.4800      494.00
18.5000      529.00
18.5200      546.00
18.5400      608.00
18.5600      594.00
18.5800      574.00
18.6000      534.00
18.6200      586.00
18.6400      507.00
18.6600      528.00
18.6800      412.00
18.7000      386.00
18.7200      328.00
18.7400      331.00
18.7600      287.00
18.7800      303.00
18.8000      300.00
18.8200      274.00
18.8400      311.00
18.8600      288.00
18.8800      289.00
18.9000      326.00
18.9200      291.00
18.9400      309.00
18.9600      330.00
18.9800      304.00
19.0000      302.00
19.0200      296.00
19.0400      280.00
19.0600      300.00
19.0800      300.00
19.1000      291.00
19.1200      284.00
19.1400      296.00
19.1600      271.00
19.1800      330.00
19.2000      306.00
19.2200      304.00
19.2400      290.00
19.2600      319.00
19.2800      311.00
19.3000      312.00
19.3200      298.00
19.3400      291.00
19.3600      324.00
19.3800      312.00
19.4000      313.00
19.4200      311.00
19.4400      332.00
19.4600      311.00
19.4800      323.00
19.5000      339.00
19.5200      390.00
19.5400      378.00
19.5600      432.00
19.5800      487.00
19.6000      578.00
19.6200      579.00
19.6400      652.00
19.6600      765.00
19.6800      794.00
19.7000      833.00
19.7200      980.00
19.7400     1047.00
19.7600     1079.00
19.7800     1167.00
19.8000     1199.00
19.8200     1120.00
19.8400     1193.00
19.8600     1125.00
19.8800     1053.00
19.9000      985.00
19.9200      912.00
19.9400      820.00
19.9600      729.00
19.9800      675.00
20.0000      605.00
20.0200      474.00
20.0400      452.00
20.0600      368.00
20.0800      339.00
20.1000      341.00
20.1200      298.00
20.1400      309.00
20.1600      297.00
20.1800      265.00
20.2000      278.00
20.2200      278.00
20.2400      254.00
20.2600      255.00
20.2800      244.00
20.3000      219.00
20.3200      253.00
20.3400      221.00
20.3600      246.00
20.3800      275.00
20.4000      286.00
20.4200      241.00
20.4400      266.00
20.4600      237.00
20.4800      280.00
20.5000      255.00
20.5200      296.00
20.5400      304.00
20.5600      306.00
20.5800      315.00
20.6000      308.00
20.6200      340.00
20.6400      350.00
20.6600      390.00
20.6800      413.00
20.7000      452.00
20.7200      468.00
20.7400      525.00
20.7600      566.00
20.7800      618.00
20.8000      686.00
20.8200      701.00
20.8400      692.00
20.8600      751.00
20.8800      835.00
20.9000      840.00
20.9200      886.00
20.9400     1043.00
20.9600     1091.00
20.9800     1178.00
21.0000     1334.00
21.0200     1498.00
21.0400     1667.00
21.0600     1671.00
21.0800     1865.00
21.1000     1929.00
21.1200     2125.00
21.1400     2130.00
21.1600     2170.00
21.1800     2255.00
21.2000     2291.00
21.2200     2212.00
21.2400     2000.00
21.2600     1715.00
21.2800     1556.00
21.3000     1315.00
21.3200     1121.00
21.3400      922.00
21.3600      721.00
21.3800      603.00
21.4000      497.00
21.4200      440.00
21.4400      372.00
21.4600      331.00
21.4800      287.00
21.5000      296.00
21.5200      280.00
21.5400      295.00
21.5600      240.00
21.5800      252.00
21.6000      246.00
21.6200      266.00
21.6400      199.00
21.6600      227.00
21.6800      218.00
21.7000      221.00
21.7200      241.00
21.7400      217.00
21.7600      244.00
21.7800      222.00
21.8000      228.00
21.8200      221.00
21.8400      253.00
21.8600      228.00
21.8800      228.00
21.9000      231.00
21.9200      241.00
21.9400      225.00
21.9600      215.00
21.9800      227.00
22.0000      241.00
22.0200      273.00
22.0400      262.00
22.0600      263.00
22.0800      269.00
22.1000      289.00
22.1200      292.00
22.1400      327.00
22.1600      314.00
22.1800      302.00
22.2000      315.00
22.2200      357.00
22.2400      358.00
22.2600      345.00
22.2800      364.00
22.3000      408.00
22.3200      381.00
22.3400      401.00
22.3600      422.00
22.3800      429.00
22.4000      419.00
22.4200      438.00
22.4400      477.00
22.4600      478.00
22.4800      460.00
22.5000      435.00
22.5200      487.00
22.5400      483.00
22.5600      505.00
22.5800      518.00
22.6000      554.00
22.6200      536.00
22.6400      587.00
22.6600      593.00
22.6800      633.00
22.7000      660.00
22.7200      717.00
22.7400      693.00
22.7600      663.00
22.7800      620.00
22.8000      600.00
22.8200      617.00
22.8400      581.00
22.8600      518.00
22.8800      502.00
22.9000      485.00
22.9200      449.00
22.9400      421.00
22.9600      329.00
22.9800      365.00
23.0000      402.00
23.0200      410.00
23.0400      434.00
23.0600      447.00
23.0800      469.00
23.1000      444.00
23.1200      434.00
23.1400      505.00
23.1600      500.00
23.1800      510.00
23.2000      485.00
23.2200      554.00
23.2400      538.00
23.2600      538.00
23.2800      547.00
23.3000      594.00
23.3200      554.00
23.3400      546.00
23.3600      530.00
23.3800      547.00
23.4000      562.00
23.4200      513.00
23.4400      591.00
23.4600      523.00
23.4800      556.00
23.5000      612.00
23.5200      549.00
23.5400      612.00
23.5600      555.00
23.5800      613.00
23.6000      548.00
23.6200      513.00
23.6400      486.00
23.6600      411.00
23.6800      435.00
23.7000      352.00
23.7200      294.00
23.7400      322.00
23.7600      322.00
23.7800      262.00
23.8000      291.00
23.8200      278.00
23.8400      268.00
23.8600      339.00
23.8800      285.00
23.9000      329.00
23.9200      319.00
23.9400      324.00
23.9600      322.00
23.9800      344.00
24.0000      386.00
24.0200      339.00
24.0400      428.00
24.0600      419.00
24.0800      484.00
24.1000      448.00
24.1200      497.00
24.1400      533.00
24.1600      506.00
24.1800      536.00
24.2000      618.00
24.2200      593.00
24.2400      607.00
24.2600      621.00
24.2800      633.00
24.3000      576.00
24.3200      616.00
24.3400      645.00
24.3600      632.00
24.3800      637.00
24.4000      683.00
24.4200      708.00
24.4400      736.00
24.4600      725.00
24.4800      786.00
24.5000      808.00
24.5200      770.00
24.5400      732.00
24.5600      804.00
24.5800      627.00
24.6000      631.00
24.6200      562.00
24.6400      538.00
24.6600      442.00
24.6800      412.00
24.7000      393.00
24.7200      371.00
24.7400      345.00
24.7600      379.00
24.7800      394.00
24.8000      396.00
24.8200      399.00
24.8400      435.00
24.8600      465.00
24.8800      525.00
24.9000      574.00
24.9200      616.00
24.9400      672.00
24.9600      738.00
24.9800      789.00
25.0000      825.00
25.0200      886.00
25.0400      916.00
25.0600      971.00
25.0800      916.00
25.1000      919.00
25.1200      875.00
25.1400      805.00
25.1600      707.00
25.1800      627.00
25.2000      562.00
25.2200      481.00
25.2400      423.00
25.2600      342.00
25.2800      307.00
25.3000      310.00
25.3200      256.00
25.3400      267.00
25.3600      284.00
25.3800      239.00
25.4000      214.00
25.4200      226.00
25.4400      217.00
25.4600      231.00
25.4800      185.00
25.5000      222.00
25.5200      198.00
25.5400      193.00
25.5600      216.00
25.5800      208.00
25.6000      199.00
25.6200      198.00
25.6400      217.00
25.6600      209.00
25.6800      227.00
25.7000      208.00
25.7200      193.00
25.7400      197.00
25.7600      212.00
25.7800      233.00
25.8000      194.00
25.8200      223.00
25.8400      224.00
25.8600      253.00
25.8800      272.00
25.9000      254.00
25.9200      246.00
25.9400      266.00
25.9600      252.00
25.9800      256.00
26.0000      297.00
26.0200      318.00
26.0400      296.00
26.0600      319.00
26.0800      354.00
26.1000      375.00
26.1200      374.00
26.1400      400.00
26.1600      409.00
26.1800      465.00
26.2000      438.00
26.2200      459.00
26.2400      525.00
26.2600      491.00
26.2800      506.00
26.3000      533.00
26.3200      546.00
26.3400      524.00
26.3600      580.00
26.3800      555.00
26.4000      598.00
26.4200      569.00
26.4400      575.00
26.4600      549.00
26.4800      578.00
26.5000      550.00
26.5200      596.00
26.5400      533.00
26.5600      630.00
26.5800      588.00
26.6000      633.00
26.6200      553.00
26.6400      587.00
26.6600      543.00
26.6800      519.00
26.7000      538.00
26.7200      459.00
26.7400      426.00
26.7600      392.00
26.7800      366.00
26.8000      342.00
26.8200      313.00
26.8400      260.00
26.8600      287.00
26.8800      246.00
26.9000      240.00
26.9200      230.00
26.9400      213.00
26.9600      232.00
26.9800      232.00
27.0000      243.00
27.0200      247.00
27.0400      252.00
27.0600      240.00
27.0800      262.00
27.1000      246.00
27.1200      278.00
27.1400      288.00
27.1600      297.00
27.1800      311.00
27.2000      294.00
27.2200      337.00
27.2400      335.00
27.2600      323.00
27.2800      339.00
27.3000      341.00
27.3200      355.00
27.3400      385.00
27.3600      416.00
27.3800      408.00
27.4000      426.00
27.4200      416.00
27.4400      438.00
27.4600      427.00
27.4800      442.00
27.5000      429.00
27.5200      414.00
27.5400      396.00
27.5600      411.00
27.5800      388.00
27.6000      408.00
27.6200      397.00
27.6400      421.00
27.6600      422.00
27.6800      451.00
27.7000      473.00
27.7200      481.00
27.7400      449.00
27.7600      512.00
27.7800      450.00
27.8000      505.00
27.8200      507.00
27.8400      476.00
27.8600      420.00
27.8800      438.00
27.9000      433.00
27.9200      400.00
27.9400      400.00
27.9600      384.00
27.9800      361.00
28.0000      381.00
28.0200      319.00
28.0400      306.00
28.0600      378.00
28.0800      334.00
28.1000      340.00
28.1200      359.00
28.1400      352.00
28.1600      321.00
28.1800      345.00
28.2000      329.00
28.2200      331.00
28.2400      351.00
28.2600      344.00
28.2800      316.00
28.3000      363.00
28.3200      356.00
28.3400      369.00
28.3600      394.00
28.3800      460.00
28.4000      458.00
28.4200      541.00
28.4400      605.00
28.4600      673.00
28.4800      731.00
28.5000      781.00
28.5200      874.00
28.5400      889.00
28.5600      926.00
28.5800     1094.00
28.6000     1084.00
28.6200     1111.00
28.6400     1105.00
28.6600     1126.00
28.6800     1034.00
28.7000     1048.00
28.7200      941.00
28.7400      866.00
28.7600      793.00
28.7800      733.00
28.8000      657.00
28.8200      600.00
28.8400      554.00
28.8600      458.00
28.8800      426.00
28.9000      428.00
28.9200      420.00
28.9400      391.00
28.9600      432.00
28.9800      368.00
29.0000      383.00
29.0200      366.00
29.0400      356.00
29.0600      336.00
29.0800      343.00
29.1000      346.00
29.1200      314.00
29.1400      367.00
29.1600      372.00
29.1800      366.00
29.2000      384.00
29.2200      414.00
29.2400      410.00
29.2600      409.00
29.2800      424.00
29.3000      446.00
29.3200      464.00
29.3400      388.00
29.3600      436.00
29.3800      474.00
29.4000      452.00
29.4200      449.00
29.4400      506.00
29.4600      505.00
29.4800      476.00
29.5000      529.00
29.5200      558.00
29.5400      576.00
29.5600      527.00
29.5800      555.00
29.6000      560.00
29.6200      517.00
29.6400      557.00
29.6600      547.00
29.6800      483.00
29.7000      430.00
29.7200      441.00
29.7400      351.00
29.7600      332.00
29.7800      286.00
29.8000      288.00
29.8200      246.00
29.8400      250.00
29.8600      216.00
29.8800      225.00
29.9000      180.00
29.9200      210.00
29.9400      201.00
29.9600      227.00
29.9800      227.00
30.0000      226.00
30.0200      233.00
30.0400      227.00
30.0600      272.00
30.0800      264.00
30.1000      283.00
30.1200      308.00
30.1400      317.00
30.1600      334.00
30.1800      327.00
30.2000      369.00
30.2200      354.00
30.2400      381.00
30.2600      401.00
30.2800      366.00
30.3000      416.00
30.3200      398.00
30.3400      398.00
30.3600      394.00
30.3800      371.00
30.4000      350.00
30.4200      326.00
30.4400      304.00
30.4600      312.00
30.4800      320.00
30.5000      278.00
30.5200      272.00
30.5400      276.00
30.5600      221.00
30.5800      245.00
30.6000      214.00
30.6200      226.00
30.6400      206.00
30.6600      199.00
30.6800      225.00
30.7000      195.00
30.7200      229.00
30.7400      205.00
30.7600      182.00
30.7800      213.00
30.8000      211.00
30.8200      203.00
30.8400      222.00
30.8600      213.00
30.8800      198.00
30.9000      195.00
30.9200      224.00
30.9400      219.00
30.9600      214.00
30.9800      178.00
31.0000      230.00
31.0200      229.00
31.0400      243.00
31.0600      245.00
31.0800      223.00
31.1000      216.00
31.1200      226.00
31.1400      212.00
31.1600      237.00
31.1800      232.00
31.2000      198.00
31.2200      202.00
31.2400      206.00
31.2600      192.00
31.2800      180.00
31.3000      200.00
31.3200      190.00
31.3400      186.00
31.3600      182.00
31.3800      187.00
31.4000      162.00
31.4200      182.00
31.4400      166.00
31.4600      199.00
31.4800      177.00
31.5000      177.00
31.5200      191.00
31.5400      194.00
31.5600      223.00
31.5800      197.00
31.6000      230.00
31.6200      234.00
31.6400      229.00
31.6600      221.00
31.6800      220.00
31.7000      238.00
31.7200      219.00
31.7400      246.00
31.7600      244.00
31.7800      230.00
31.8000      222.00
31.8200      227.00
31.8400      209.00
31.8600      220.00
31.8800      243.00
31.9000      244.00
31.9200      245.00
31.9400      207.00
31.9600      209.00
31.9800      228.00
32.0000      232.00
32.0200      244.00
32.0400      287.00
32.0600      263.00
32.0800      326.00
32.1000      306.00
32.1200      317.00
32.1400      354.00
32.1600      339.00
32.1800      337.00
32.2000      360.00
32.2200      392.00
32.2400      387.00
32.2600      382.00
32.2800      359.00
32.3000      391.00
32.3200      401.00
32.3400      410.00
32.3600      402.00
32.3800      405.00
32.4000      397.00
32.4200      406.00
32.4400      360.00
32.4600      388.00
32.4800      380.00
32.5000      366.00
32.5200      400.00
32.5400      361.00
32.5600      375.00
32.5800      394.00
32.6000      361.00
32.6200      376.00
32.6400      359.00
32.6600      372.00
32.6800      343.00
32.7000      330.00
32.7200      362.00
32.7400      346.00
32.7600      358.00
32.7800      337.00
32.8000      334.00
32.8200      325.00
32.8400      331.00
32.8600      319.00
32.8800      336.00
32.9000      330.00
32.9200      347.00
32.9400      311.00
32.9600      359.00
32.9800      339.00
33.0000      315.00
33.0200      335.00
33.0400      312.00
33.0600      307.00
33.0800      294.00
33.1000      335.00
33.1200      315.00
33.1400      273.00
33.1600      339.00
33.1800      306.00
33.2000      339.00
33.2200      319.00
33.2400      399.00
33.2600      361.00
33.2800      377.00
33.3000      404.00
33.3200      372.00
33.3400      407.00
33.3600      408.00
33.3800      416.00
33.4000      376.00
33.4200      392.00
33.4400      366.00
33.4600      376.00
33.4800      396.00
33.5000      355.00
33.5200      344.00
33.5400      305.00
33.5600      275.00
33.5800      303.00
33.6000      291.00
33.6200      235.00
33.6400      253.00
33.6600      255.00
33.6800      227.00
33.7000      231.00
33.7200      232.00
33.7400      206.00
33.7600      208.00
33.7800      170.00
33.8000      181.00
33.8200      197.00
33.8400      179.00
33.8600      193.00
33.8800      177.00
33.9000      224.00
33.9200      168.00
33.9400      188.00
33.9600      187.00
33.9800      187.00
34.0000      183.00
34.0200      171.00
34.0400      190.00
34.0600      192.00
34.0800      193.00
34.1000      200.00
34.1200      208.00
34.1400      217.00
34.1600      198.00
34.1800      228.00
34.2000      243.00
34.2200      241.00
34.2400      236.00
34.2600      244.00
34.2800      240.00
34.3000      271.00
34.3200      258.00
34.3400      261.00
34.3600      240.00
34.3800      259.00
34.4000      217.00
34.4200      233.00
34.4400      243.00
34.4600      219.00
34.4800      201.00
34.5000      191.00
34.5200      174.00
34.5400      213.00
34.5600      183.00
34.5800      182.00
34.6000      165.00
34.6200      170.00
34.6400      188.00
34.6600      151.00
34.6800      170.00
34.7000      185.00
34.7200      164.00
34.7400      182.00
34.7600      189.00
34.7800      175.00
34.8000      194.00
34.8200      200.00
34.8400      168.00
34.8600      217.00
34.8800      183.00
34.9000      180.00
34.9200      196.00
34.9400      212.00
34.9600      205.00
34.9800      195.00
35.0000      220.00
