 2.2000      291.00
 2.2200      296.00
 2.2400      299.00
 2.2600      310.00
 2.2800      307.00
 2.3000      303.00
 2.3200      317.00
 2.3400      317.00
 2.3600      301.00
 2.3800      287.00
 2.4000      308.00
 2.4200      263.00
 2.4400      247.00
 2.4600      300.00
 2.4800      268.00
 2.5000      253.00
 2.5200      259.00
 2.5400      277.00
 2.5600      273.00
 2.5800      278.00
 2.6000      285.00
 2.6200      231.00
 2.6400      289.00
 2.6600      264.00
 2.6800      274.00
 2.7000      281.00
 2.7200      296.00
 2.7400      291.00
 2.7600      277.00
 2.7800      245.00
 2.8000      276.00
 2.8200      271.00
 2.8400      267.00
 2.8600      263.00
 2.8800      271.00
 2.9000      270.00
 2.9200      287.00
 2.9400      276.00
 2.9600      235.00
 2.9800      272.00
 3.0000      279.00
 3.0200      232.00
 3.0400      249.00
 3.0600      291.00
 3.0800      234.00
 3.1000      238.00
 3.1200      254.00
 3.1400      211.00
 3.1600      266.00
 3.1800      244.00
 3.2000      232.00
 3.2200      256.00
 3.2400      247.00
 3.2600      255.00
 3.2800      249.00
 3.3000      251.00
 3.3200      222.00
 3.3400      232.00
 3.3600      268.00
 3.3800      276.00
 3.4000      199.00
 3.4200      232.00
 3.4400      215.00
 3.4600      226.00
 3.4800      216.00
 3.5000      229.00
 3.5200      215.00
 3.5400      223.00
 3.5600      207.00
 3.5800      202.00
 3.6000      197.00
 3.6200      203.00
 3.6400      220.00
 3.6600      214.00
 3.6800      225.00
 3.7000      226.00
 3.7200      189.00
 3.7400      248.00
 3.7600      201.00
 3.7800      181.00
 3.8000      200.00
 3.8200      217.00
 3.8400      206.00
 3.8600      194.00
 3.8800      195.00
 3.9000      192.00
 3.9200      205.00
 3.9400      218.00
 3.9600      214.00
 3.9800      190.00
 4.0000      216.00
 4.0200      205.00
 4.0400      201.00
 4.0600      180.00
 4.0800      186.00
 4.1000      187.00
 4.1200      177.00
 4.1400      206.00
 4.1600      192.00
 4.1800      189.00
 4.2000      159.00
 4.2200      160.00
 4.2400      164.00
 4.2600      169.00
 4.2800      159.00
 4.3000      184.00
 4.3200      177.00
 4.3400      178.00
 4.3600      175.00
 4.3800      160.00
 4.4000      172.00
 4.4200      166.00
 4.4400      141.00
 4.4600      149.00
 4.4800      160.00
 4.5000      151.00
 4.5200      163.00
 4.5400      160.00
 4.5600      166.00
 4.5800      155.00
 4.6000      173.00
 4.6200      157.00
 4.6400      137.00
 4.6600      181.00
 4.6800      159.00
 4.7000      187.00
 4.7200      180.00
 4.7400      163.00
 4.7600      153.00
 4.7800      162.00
 4.8000      193.00
 4.8200      165.00
 4.8400      160.00
 4.8600      162.00
 4.8800      157.00
 4.9000      181.00
 4.9200      166.00
 4.9400      172.00
 4.9600      159.00
 4.9800      184.00
 5.0000      170.00
 5.0200      166.00
 5.0400      185.00
 5.0600      186.00
 5.0800      158.00
 5.1000      181.00
 5.1200      187.00
 5.1400      181.00
 5.1600      164.00
 5.1800      178.00
 5.2000      184.00
 5.2200      208.00
 5.2400      206.00
 5.2600      204.00
 5.2800      217.00
 5.3000      210.00
 5.3200      217.00
 5.3400      203.00
 5.3600      196.00
 5.3800      200.00
 5.4000      205.00
 5.4200      191.00
 5.4400      184.00
 5.4600      184.00
 5.4800      174.00
 5.5000      176.00
 5.5200      187.00
 5.5400      158.00
 5.5600      156.00
 5.5800      162.00
 5.6000      166.00
 5.6200      175.00
 5.6400      160.00
 5.6600      161.00
 5.6800      182.00
 5.7000      189.00
 5.7200      203.00
 5.7400      177.00
 5.7600      192.00
 5.7800      189.00
 5.8000      158.00
 5.8200      135.00
 5.8400      186.00
 5.8600      143.00
 5.8800      169.00
 5.9000      172.00
 5.9200      181.00
 5.9400      152.00
 5.9600      177.00
 5.9800      187.00
 6.0000      168.00
 6.0200      179.00
 6.0400      190.00
 6.0600      180.00
 6.0800      186.00
 6.1000      174.00
 6.1200      168.00
 6.1400      168.00
 6.1600      166.00
 6.1800      174.00
 6.2000      162.00
 6.2200      158.00
 6.2400      183.00
 6.2600      159.00
 6.2800      175.00
 6.3000      166.00
 6.3200      176.00
 6.3400      164.00
 6.3600      169.00
 6.3800      157.00
 6.4000      176.00
 6.4200      151.00
 6.4400      181.00
 6.4600      185.00
 6.4800      183.00
 6.5000      166.00
 6.5200      196.00
 6.5400      182.00
 6.5600      194.00
 6.5800      180.00
 6.6000      169.00
 6.6200      184.00
 6.6400      193.00
 6.6600      189.00
 6.6800      190.00
 6.7000      195.00
 6.7200      165.00
 6.7400      190.00
 6.7600      176.00
 6.7800      194.00
 6.8000      200.00
 6.8200      187.00
 6.8400      196.00
 6.8600      211.00
 6.8800      221.00
 6.9000      195.00
 6.9200      181.00
 6.9400      215.00
 6.9600      193.00
 6.9800      192.00
 7.0000      195.00
 7.0200      217.00
 7.0400      183.00
 7.0600      193.00
 7.0800      182.00
 7.1000      173.00
 7.1200      163.00
 7.1400      183.00
 7.1600      174.00
 7.1800      201.00
 7.2000      182.00
 7.2200      191.00
 7.2400      220.00
 7.2600      192.00
 7.2800      171.00
 7.3000      179.00
 7.3200      177.00
 7.3400      193.00
 7.3600      183.00
 7.3800      187.00
 7.4000      179.00
 7.4200      180.00
 7.4400      223.00
 7.4600      176.00
 7.4800      201.00
 7.5000      174.00
 7.5200      164.00
 7.5400      187.00
 7.5600      192.00
 7.5800      188.00
 7.6000      184.00
 7.6200      193.00
 7.6400      181.00
 7.6600      210.00
 7.6800      172.00
 7.7000      180.00
 7.7200      157.00
 7.7400      211.00
 7.7600      176.00
 7.7800      186.00
 7.8000      188.00
 7.8200      181.00
 7.8400      201.00
 7.8600      190.00
 7.8800      185.00
 7.9000      215.00
 7.9200      226.00
 7.9400      195.00
 7.9600      187.00
 7.9800      199.00
 8.0000      164.00
 8.0200      197.00
 8.0400      203.00
 8.0600      200.00
 8.0800      201.00
 8.1000      181.00
 8.1200      188.00
 8.1400      198.00
 8.1600      194.00
 8.1800      196.00
 8.2000      195.00
 8.2200      167.00
 8.2400      198.00
 8.2600      209.00
 8.2800      184.00
 8.3000      190.00
 8.3200      213.00
 8.3400      220.00
 8.3600      190.00
 8.3800      227.00
 8.4000      228.00
 8.4200      238.00
 8.4400      202.00
 8.4600      219.00
 8.4800      222.00
 8.5000      202.00
 8.5200      217.00
 8.5400      215.00
 8.5600      260.00
 8.5800      212.00
 8.6000      226.00
 8.6200      225.00
 8.6400      264.00
 8.6600      237.00
 8.6800      204.00
 8.7000      249.00
 8.7200      225.00
 8.7400      249.00
 8.7600      265.00
 8.7800      286.00
 8.8000      261.00
 8.8200      305.00
 8.8400      245.00
 8.8600      310.00
 8.8800      241.00
 8.9000      249.00
 8.9200      238.00
 8.9400      269.00
 8.9600      271.00
 8.9800      238.00
 9.0000      236.00
 9.0200      208.00
 9.0400      250.00
 9.0600      210.00
 9.0800      215.00
 9.1000      250.00
 9.1200      218.00
 9.1400      229.00
 9.1600      219.00
 9.1800      216.00
 9.2000      198.00
 9.2200      199.00
 9.2400      235.00
 9.2600      236.00
 9.2800      188.00
 9.3000      224.00
 9.3200      200.00
 9.3400      232.00
 9.3600      229.00
 9.3800      230.00
 9.4000      210.00
 9.4200      235.00
 9.4400      229.00
 9.4600      226.00
 9.4800      204.00
 9.5000      252.00
 9.5200      205.00
 9.5400      223.00
 9.5600      228.00
 9.5800      226.00
 9.6000      248.00
 9.6200      239.00
 9.6400      240.00
 9.6600      206.00
 9.6800      231.00
 9.7000      260.00
 9.7200      223.00
 9.7400      247.00
 9.7600      232.00
 9.7800      247.00
 9.8000      273.00
 9.8200      243.00
 9.8400      266.00
 9.8600      280.00
 9.8800      269.00
 9.9000      257.00
 9.9200      242.00
 9.9400      267.00
 9.9600      265.00
 9.9800      289.00
10.0000      256.00
10.0200      274.00
10.0400      257.00
10.0600      288.00
10.0800      294.00
10.1000      252.00
10.1200      263.00
10.1400      248.00
10.1600      242.00
10.1800      244.00
10.2000      248.00
10.2200      220.00
10.2400      276.00
10.2600      237.00
10.2800      250.00
10.3000      261.00
10.3200      268.00
10.3400      271.00
10.3600      259.00
10.3800      260.00
10.4000      257.00
10.4200      247.00
10.4400      273.00
10.4600      272.00
10.4800      273.00
10.5000      248.00
10.5200      278.00
10.5400      263.00
10.5600      288.00
10.5800      287.00
10.6000      287.00
10.6200      285.00
10.6400      304.00
10.6600      315.00
10.6800      288.00
10.7000      299.00
10.7200      278.00
10.7400      338.00
10.7600      328.00
10.7800      332.00
10.8000      357.00
10.8200      361.00
10.8400      414.00
10.8600      433.00
10.8800      422.00
10.9000      503.00
10.9200      519.00
10.9400      540.00
10.9600      562.00
10.9800      619.00
11.0000      655.00
11.0200      747.00
11.0400      717.00
11.0600      774.00
11.0800      782.00
11.1000      757.00
11.1200      814.00
11.1400      826.00
11.1600      771.00
11.1800      819.00
11.2000      757.00
11.2200      748.00
11.2400      800.00
11.2600      800.00
11.2800      740.00
11.3000      764.00
11.3200      770.00
11.3400      694.00
11.3600      686.00
11.3800      635.00
11.4000      611.00
11.4200      507.00
11.4400      489.00
11.4600      485.00
11.4800      458.00
11.5000      364.00
11.5200      382.00
11.5400      356.00
11.5600      323.00
11.5800      323.00
11.6000      333.00
11.6200      293.00
11.6400      337.00
11.6600      331.00
11.6800      347.00
11.7000      321.00
11.7200      340.00
11.7400      321.00
11.7600      342.00
11.7800      364.00
11.8000      358.00
11.8200      396.00
11.8400      383.00
11.8600      418.00
11.8800      432.00
11.9000      462.00
11.9200      483.00
11.9400      539.00
11.9600      554.00
11.9800      666.00
12.0000      666.00
12.0200      683.00
12.0400      780.00
12.0600      754.00
12.0800      774.00
12.1000      880.00
12.1200      896.00
12.1400      894.00
12.1600      875.00
12.1800      874.00
12.2000      843.00
12.2200      828.00
12.2400      805.00
12.2600      779.00
12.2800      777.00
12.3000      704.00
12.3200      672.00
12.3400      695.00
12.3600      673.00
12.3800      743.00
12.4000      727.00
12.4200      771.00
12.4400      864.00
12.4600      893.00
12.4800      949.00
12.5000      937.00
12.5200     1064.00
12.5400      991.00
12.5600     1038.00
12.5800      995.00
12.6000      974.00
12.6200      874.00
12.6400      843.00
12.6600      750.00
12.6800      681.00
12.7000      631.00
12.7200      541.00
12.7400      491.00
12.7600      478.00
12.7800      428.00
12.8000      465.00
12.8200      409.00
12.8400      395.00
12.8600      387.00
12.8800      405.00
12.9000      419.00
12.9200      404.00
12.9400      398.00
12.9600      371.00
12.9800      363.00
13.0000      383.00
13.0200      325.00
13.0400      310.00
13.0600      360.00
13.0800      350.00
13.1000      341.00
13.1200      291.00
13.1400      320.00
13.1600      331.00
13.1800      303.00
13.2000      317.00
13.2200      341.00
13.2400      344.00
13.2600      355.00
13.2800      371.00
13.3000      370.00
13.3200      392.00
13.3400      397.00
13.3600      389.00
13.3800      414.00
13.4000      412.00
13.4200      414.00
13.4400      390.00
13.4600      411.00
13.4800      368.00
13.5000      364.00
13.5200      384.00
13.5400      362.00
13.5600      317.00
13.5800      300.00
13.6000      330.00
13.6200      312.00
13.6400      329.00
13.6600      317.00
13.6800      323.00
13.7000      327.00
13.7200      324.00
13.7400      337.00
13.7600      355.00
13.7800      328.00
13.8000      339.00
13.8200      344.00
13.8400      363.00
13.8600      374.00
13.8800      379.00
13.9000      410.00
13.9200      407.00
13.9400      424.00
13.9600      463.00
13.9800      485.00
14.0000      502.00
14.0200      627.00
14.0400      657.00
14.0600      723.00
14.0800      758.00
14.1000      837.00
14.1200      919.00
14.1400      990.00
14.1600     1064.00
14.1800     1089.00
14.2000     1104.00
14.2200     1202.00
14.2400     1118.00
14.2600     1157.00
14.2800     1177.00
14.3000     1111.00
14.3200     1137.00
14.3400     1035.00
14.3600     1010.00
14.3800      886.00
14.4000      841.00
14.4200      807.00
14.4400      738.00
14.4600      725.00
14.4800      692.00
14.5000      611.00
14.5200      584.00
14.5400      576.00
14.5600      530.00
14.5800      447.00
14.6000      480.00
14.6200      458.00
14.6400      417.00
14.6600      435.00
14.6800      459.00
14.7000      377.00
14.7200      406.00
14.7400      379.00
14.7600      391.00
14.7800      331.00
14.8000      332.00
14.8200      327.00
14.8400      316.00
14.8600      301.00
14.8800      345.00
14.9000      342.00
14.9200      334.00
14.9400      322.00
14.9600      286.00
14.9800      312.00
15.0000      302.00
15.0200      325.00
15.0400      308.00
15.0600      311.00
15.0800      328.00
15.1000      274.00
15.1200      301.00
15.1400      358.00
15.1600      323.00
15.1800      317.00
15.2000      307.00
15.2200      349.00
15.2400      356.00
15.2600      354.00
15.2800      369.00
15.3000      404.00
15.3200      353.00
15.3400      390.00
15.3600      390.00
15.3800      375.00
15.4000      420.00
15.4200      372.00
15.4400      412.00
15.4600      377.00
15.4800      381.00
15.5000      409.00
15.5200      415.00
15.5400      406.00
15.5600      373.00
15.5800      405.00
15.6000      365.00
15.6200      417.00
15.6400      353.00
15.6600      379.00
15.6800      356.00
15.7000      397.00
15.7200      403.00
15.7400      457.00
15.7600      488.00
15.7800      492.00
15.8000      438.00
15.8200      470.00
15.8400      505.00
15.8600      565.00
15.8800      541.00
15.9000      564.00
15.9200      608.00
15.9400      573.00
15.9600      575.00
15.9800      615.00
16.0000      596.00
16.0200      613.00
16.0400      585.00
16.0600      582.00
16.0800      580.00
16.1000      604.00
16.1200      567.00
16.1400      590.00
16.1600      599.00
16.1800      664.00
16.2000      606.00
16.2200      610.00
16.2400      629.00
16.2600      611.00
16.2800      600.00
16.3000      586.00
16.3200      593.00
16.3400      591.00
16.3600      626.00
16.3800      697.00
16.4000      667.00
16.4200      680.00
16.4400      735.00
16.4600      735.00
16.4800      735.00
16.5000      772.00
16.5200      753.00
16.5400      769.00
16.5600      729.00
16.5800      714.00
16.6000      683.00
16.6200      655.00
16.6400      612.00
16.6600      543.00
16.6800      527.00
16.7000      472.00
16.7200      440.00
16.7400      426.00
16.7600      427.00
16.7800      387.00
16.8000      403.00
16.8200      421.00
16.8400      426.00
16.8600      439.00
16.8800      467.00
16.9000      525.00
16.9200      518.00
16.9400      560.00
16.9600      611.00
16.9800      646.00
17.0000      710.00
17.0200      748.00
17.0400      767.00
17.0600      800.00
17.0800      838.00
17.1000      829.00
17.1200      796.00
17.1400      793.00
17.1600      890.00
17.1800      818.00
17.2000      823.00
17.2200      813.00
17.2400      842.00
17.2600      885.00
17.2800      851.00
17.3000      934.00
17.3200     1020.00
17.3400     1158.00
17.3600     1280.00
17.3800     1416.00
17.4000     1610.00
17.4200     1766.00
17.4400     1929.00
17.4600     2100.00
17.4800     2386.00
17.5000     2479.00
17.5200     2730.00
17.5400     2727.00
17.5600     2820.00
17.5800     2841.00
17.6000     2928.00
17.6200     2828.00
17.6400     2834.00
17.6600     2678.00
17.6800     2408.00
17.7000     2291.00
17.7200     2091.00
17.7400     1808.00
17.7600     1666.00
17.7800     1506.00
17.8000     1270.00
17.8200     1095.00
17.8400      959.00
17.8600      896.00
17.8800      824.00
17.9000      739.00
17.9200      673.00
17.9400      639.00
17.9600      576.00
17.9800      566.00
18.0000      584.00
18.0200      536.00
18.0400      504.00
18.0600      500.00
18.0800      458.00
18.1000      495.00
18.1200      467.00
18.1400      475.00
18.1600      496.00
18.1800      535.00
18.2000      586.00
18.2200      592.00
18.2400      663.00
18.2600      711.00
18.2800      829.00
18.3000      844.00
18.3200      963.00
18.3400     1056.00
18.3600     1126.00
18.3800     1113.00
18.4000     1117.00
18.4200     1193.00
18.4400     1127.00
18.4600     1090.00
18.4800     1105.00
18.5000      972.00
18.5200      946.00
18.5400      893.00
18.5600      772.00
18.5800      734.00
18.6000      691.00
18.6200      643.00
18.6400      587.00
18.6600      552.00
18.6800      557.00
18.7000      553.00
18.7200      535.00
18.7400      566.00
18.7600      546.00
18.7800      532.00
18.8000      550.00
18.8200      543.00
18.8400      536.00
18.8600      488.00
18.8800      511.00
18.9000      538.00
18.9200      520.00
18.9400      531.00
18.9600      488.00
18.9800      480.00
19.0000      452.00
19.0200      520.00
19.0400      479.00
19.0600      474.00
19.0800      505.00
19.1000      487.00
19.1200      550.00
19.1400      570.00
19.1600      551.00
19.1800      626.00
19.2000      591.00
19.2200      559.00
19.2400      579.00
19.2600      565.00
19.2800      566.00
19.3000      563.00
19.3200      629.00
19.3400      631.00
19.3600      653.00
19.3800      649.00
19.4000      760.00
19.4200      818.00
19.4400      948.00
19.4600     1034.00
19.4800     1173.00
19.5000     1303.00
19.5200     1393.00
19.5400     1616.00
19.5600     1834.00
19.5800     1949.00
19.6000     2083.00
19.6200     2142.00
19.6400     2189.00
19.6600     2260.00
19.6800     2349.00
19.7000     2275.00
19.7200     2148.00
19.7400     1956.00
19.7600     1891.00
19.7800     1706.00
19.8000     1614.00
19.8200     1474.00
19.8400     1276.00
19.8600     1128.00
19.8800     1061.00
19.9000      964.00
19.9200      819.00
19.9400      769.00
19.9600      748.00
19.9800      623.00
20.0000      583.00
20.0200      556.00
20.0400      541.00
20.0600      476.00
20.0800      481.00
20.1000      453.00
20.1200      473.00
20.1400      491.00
20.1600      456.00
20.1800      449.00
20.2000      477.00
20.2200      483.00
20.2400      464.00
20.2600      483.00
20.2800      494.00
20.3000      490.00
20.3200      523.00
20.3400      574.00
20.3600      527.00
20.3800      548.00
20.4000      603.00
20.4200      639.00
20.4400      617.00
20.4600      595.00
20.4800      648.00
20.5000      705.00
20.5200      710.00
20.5400      763.00
20.5600      837.00
20.5800      894.00
20.6000      974.00
20.6200      974.00
20.6400     1107.00
20.6600     1142.00
20.6800     1274.00
20.7000     1290.00
20.7200     1389.00
20.7400     1439.00
20.7600     1496.00
20.7800     1603.00
20.8000     1714.00
20.8200     1860.00
20.8400     2046.00
20.8600     2227.00
20.8800     2436.00
20.9000     2692.00
20.9200     2767.00
20.9400     3083.00
20.9600     3264.00
20.9800     3555.00
21.0000     3717.00
21.0200     3772.00
21.0400     3726.00
21.0600     4001.00
21.0800     3893.00
21.1000     3743.00
21.1200     3681.00
21.1400     3323.00
21.1600     3043.00
21.1800     2784.00
21.2000     2551.00
21.2200     2271.00
21.2400     1999.00
21.2600     1759.00
21.2800     1499.00
21.3000     1289.00
21.3200     1219.00
21.3400      978.00
21.3600      863.00
21.3800      858.00
21.4000      793.00
21.4200      721.00
21.4400      610.00
21.4600      580.00
21.4800      539.00
21.5000      488.00
21.5200      495.00
21.5400      480.00
21.5600      455.00
21.5800      436.00
21.6000      412.00
21.6200      423.00
21.6400      427.00
21.6600      433.00
21.6800      423.00
21.7000      397.00
21.7200      403.00
21.7400      444.00
21.7600      408.00
21.7800      440.00
21.8000      443.00
21.8200      420.00
21.8400      439.00
21.8600      407.00
21.8800      425.00
21.9000      455.00
21.9200      473.00
21.9400      449.00
21.9600      524.00
21.9800      458.00
22.0000      546.00
22.0200      470.00
22.0400      515.00
22.0600      529.00
22.0800      548.00
22.1000      540.00
22.1200      528.00
22.1400      551.00
22.1600      641.00
22.1800      633.00
22.2000      691.00
22.2200      650.00
22.2400      686.00
22.2600      802.00
22.2800      716.00
22.3000      842.00
22.3200      818.00
22.3400      832.00
22.3600      855.00
22.3800      904.00
22.4000      925.00
22.4200      918.00
22.4400      983.00
22.4600     1071.00
22.4800     1107.00
22.5000     1248.00
22.5200     1287.00
22.5400     1321.00
22.5600     1394.00
22.5800     1490.00
22.6000     1468.00
22.6200     1494.00
22.6400     1523.00
22.6600     1506.00
22.6800     1439.00
22.7000     1415.00
22.7200     1342.00
22.7400     1203.00
22.7600     1140.00
22.7800     1102.00
22.8000      995.00
22.8200      947.00
22.8400      944.00
22.8600      885.00
22.8800      870.00
22.9000      824.00
22.9200      914.00
22.9400      881.00
22.9600      948.00
22.9800      989.00
23.0000     1015.00
23.0200     1051.00
23.0400     1051.00
23.0600     1148.00
23.0800     1154.00
23.1000     1139.00
23.1200     1199.00
23.1400     1205.00
23.1600     1181.00
23.1800     1121.00
23.2000     1159.00
23.2200     1123.00
23.2400     1080.00
23.2600     1016.00
23.2800     1051.00
23.3000     1028.00
23.3200     1067.00
23.3400     1083.00
23.3600     1084.00
23.3800     1118.00
23.4000     1054.00
23.4200     1133.00
23.4400     1128.00
23.4600      992.00
23.4800     1016.00
23.5000      942.00
23.5200      863.00
23.5400      795.00
23.5600      728.00
23.5800      670.00
23.6000      625.00
23.6200      611.00
23.6400      565.00
23.6600      552.00
23.6800      495.00
23.7000      497.00
23.7200      510.00
23.7400      475.00
23.7600      487.00
23.7800      502.00
23.8000      500.00
23.8200      481.00
23.8400      536.00
23.8600      607.00
23.8800      565.00
23.9000      621.00
23.9200      642.00
23.9400      722.00
23.9600      768.00
23.9800      813.00
24.0000      825.00
24.0200      888.00
24.0400      997.00
24.0600     1010.00
24.0800     1057.00
24.1000     1092.00
24.1200     1132.00
24.1400     1100.00
24.1600     1192.00
24.1800     1121.00
24.2000     1178.00
24.2200     1220.00
24.2400     1249.00
24.2600     1294.00
24.2800     1283.00
24.3000     1387.00
24.3200     1457.00
24.3400     1475.00
24.3600     1467.00
24.3800     1555.00
24.4000     1554.00
24.4200     1479.00
24.4400     1484.00
24.4600     1409.00
24.4800     1386.00
24.5000     1237.00
24.5200     1182.00
24.5400     1113.00
24.5600      953.00
24.5800      884.00
24.6000      827.00
24.6200      782.00
24.6400      699.00
24.6600      632.00
24.6800      621.00
24.7000      632.00
24.7200      645.00
24.7400      638.00
24.7600      728.00
24.7800      779.00
24.8000      813.00
24.8200      875.00
24.8400      914.00
24.8600      971.00
24.8800     1061.00
24.9000     1084.00
24.9200     1107.00
24.9400     1198.00
24.9600     1197.00
24.9800     1234.00
25.0000     1152.00
25.0200     1114.00
25.0400     1106.00
25.0600     1024.00
25.0800      997.00
25.1000      840.00
25.1200      797.00
25.1400      768.00
25.1600      746.00
25.1800      622.00
25.2000      643.00
25.2200      527.00
25.2400      499.00
25.2600      523.00
25.2800      438.00
25.3000      450.00
25.3200      393.00
25.3400      415.00
25.3600      414.00
25.3800      385.00
25.4000      372.00
25.4200      379.00
25.4400      377.00
25.4600      358.00
25.4800      406.00
25.5000      346.00
25.5200      355.00
25.5400      334.00
25.5600      356.00
25.5800      390.00
25.6000      352.00
25.6200      378.00
25.6400      395.00
25.6600      385.00
25.6800      372.00
25.7000      387.00
25.7200      380.00
25.7400      395.00
25.7600      429.00
25.7800      400.00
25.8000      444.00
25.8200      465.00
25.8400      463.00
25.8600      468.00
25.8800      479.00
25.9000      541.00
25.9200      544.00
25.9400      571.00
25.9600      602.00
25.9800      590.00
26.0000      672.00
26.0200      708.00
26.0400      675.00
26.0600      715.00
26.0800      802.00
26.1000      795.00
26.1200      800.00
26.1400      838.00
26.1600      892.00
26.1800      914.00
26.2000      958.00
26.2200      900.00
26.2400     1005.00
26.2600      899.00
26.2800      873.00
26.3000      900.00
26.3200      843.00
26.3400      877.00
26.3600      910.00
26.3800      863.00
26.4000      784.00
26.4200      820.00
26.4400      826.00
26.4600      774.00
26.4800      785.00
26.5000      704.00
26.5200      720.00
26.5400      723.00
26.5600      686.00
26.5800      596.00
26.6000      644.00
26.6200      579.00
26.6400      579.00
26.6600      496.00
26.6800      505.00
26.7000      433.00
26.7200      451.00
26.7400      417.00
26.7600      398.00
26.7800      377.00
26.8000      406.00
26.8200      366.00
26.8400      359.00
26.8600      383.00
26.8800      393.00
26.9000      375.00
26.9200      382.00
26.9400      408.00
26.9600      403.00
26.9800      434.00
27.0000      416.00
27.0200      391.00
27.0400      424.00
27.0600      449.00
27.0800      433.00
27.1000      479.00
27.1200      434.00
27.1400      438.00
27.1600      468.00
27.1800      468.00
27.2000      544.00
27.2200      545.00
27.2400      525.00
27.2600      504.00
27.2800      583.00
27.3000      520.00
27.3200      581.00
27.3400      566.00
27.3600      533.00
27.3800      514.00
27.4000      526.00
27.4200      589.00
27.4400      588.00
27.4600      566.00
27.4800      578.00
27.5000      590.00
27.5200      627.00
27.5400      652.00
27.5600      679.00
27.5800      706.00
27.6000      728.00
27.6200      801.00
27.6400      809.00
27.6600      801.00
27.6800      903.00
27.7000      908.00
27.7200      928.00
27.7400      895.00
27.7600      927.00
27.7800      917.00
27.8000      917.00
27.8200      726.00
27.8400      789.00
27.8600      766.00
27.8800      737.00
27.9000      698.00
27.9200      659.00
27.9400      610.00
27.9600      610.00
27.9800      574.00
28.0000      590.00
28.0200      574.00
28.0400      512.00
28.0600      532.00
28.0800      501.00
28.1000      515.00
28.1200      515.00
28.1400      487.00
28.1600      575.00
28.1800      577.00
28.2000      538.00
28.2200      629.00
28.2400      601.00
28.2600      670.00
28.2800      793.00
28.3000      770.00
28.3200      847.00
28.3400      975.00
28.3600     1058.00
28.3800     1118.00
28.4000     1169.00
28.4200     1342.00
28.4400     1482.00
28.4600     1442.00
28.4800     1537.00
28.5000     1561.00
28.5200     1574.00
28.5400     1556.00
28.5600     1437.00
28.5800     1499.00
28.6000     1400.00
28.6200     1272.00
28.6400     1278.00
28.6600     1168.00
28.6800     1224.00
28.7000     1017.00
28.7200      999.00
28.7400      908.00
28.7600      860.00
28.7800      819.00
28.8000      819.00
28.8200      736.00
28.8400      709.00
28.8600      701.00
28.8800      730.00
28.9000      676.00
28.9200      688.00
28.9400      640.00
28.9600      656.00
28.9800      753.00
29.0000      689.00
29.0200      735.00
29.0400      755.00
29.0600      731.00
29.0800      724.00
29.1000      698.00
29.1200      802.00
29.1400      768.00
29.1600      717.00
29.1800      734.00
29.2000      755.00
29.2200      745.00
29.2400      803.00
29.2600      721.00
29.2800      750.00
29.3000      744.00
29.3200      756.00
29.3400      779.00
29.3600      745.00
29.3800      886.00
29.4000      861.00
29.4200      856.00
29.4400      889.00
29.4600      858.00
29.4800      887.00
29.5000      921.00
29.5200      830.00
29.5400      812.00
29.5600      791.00
29.5800      695.00
29.6000      677.00
29.6200      656.00
29.6400      596.00
29.6600      565.00
29.6800      462.00
29.7000      458.00
29.7200      462.00
29.7400      396.00
29.7600      394.00
29.7800      367.00
29.8000      405.00
29.8200      363.00
29.8400      376.00
29.8600      386.00
29.8800      413.00
29.9000      397.00
29.9200      450.00
29.9400      462.00
29.9600      462.00
29.9800      457.00
30.0000      489.00
30.0200      550.00
30.0400      522.00
30.0600      537.00
30.0800      530.00
30.1000      566.00
30.1200      587.00
30.1400      582.00
30.1600      584.00
30.1800      571.00
30.2000      569.00
30.2200      539.00
30.2400      540.00
30.2600      558.00
30.2800      525.00
30.3000      529.00
30.3200      489.00
30.3400      485.00
30.3600      460.00
30.3800      485.00
30.4000      456.00
30.4200      436.00
30.4400      402.00
30.4600      413.00
30.4800      374.00
30.5000      396.00
30.5200      374.00
30.5400      394.00
30.5600      352.00
30.5800      363.00
30.6000      338.00
30.6200      366.00
30.6400      355.00
30.6600      382.00
30.6800      323.00
30.7000      383.00
30.7200      402.00
30.7400      385.00
30.7600      384.00
30.7800      362.00
30.8000      402.00
30.8200      402.00
30.8400      374.00
30.8600      361.00
30.8800      391.00
30.9000      384.00
30.9200      394.00
30.9400      342.00
30.9600      372.00
30.9800      388.00
31.0000      326.00
31.0200      350.00
31.0400      344.00
31.0600      319.00
31.0800      315.00
31.1000      353.00
31.1200      313.00
31.1400      357.00
31.1600      315.00
31.1800      324.00
31.2000      281.00
31.2200      326.00
31.2400      295.00
31.2600      285.00
31.2800      291.00
31.3000      305.00
31.3200      294.00
31.3400      299.00
31.3600      300.00
31.3800      312.00
31.4000      331.00
31.4200      353.00
31.4400      322.00
31.4600      336.00
31.4800      347.00
31.5000      366.00
31.5200      356.00
31.5400      341.00
31.5600      369.00
31.5800      381.00
31.6000      359.00
31.6200      322.00
31.6400      368.00
31.6600      348.00
31.6800      363.00
31.7000      363.00
31.7200      313.00
31.7400      327.00
31.7600      348.00
31.7800      331.00
31.8000      323.00
31.8200      315.00
31.8400      319.00
31.8600      359.00
31.8800      356.00
31.9000      347.00
31.9200      363.00
31.9400      400.00
31.9600      393.00
31.9800      395.00
32.0000      452.00
