 2.2000      257.00
 2.2200      272.00
 2.2400      279.00
 2.2600      307.00
 2.2800      277.00
 2.3000      296.00
 2.3200      280.00
 2.3400      322.00
 2.3600      292.00
 2.3800      250.00
 2.4000      294.00
 2.4200      259.00
 2.4400      301.00
 2.4600      258.00
 2.4800      279.00
 2.5000      285.00
 2.5200      281.00
 2.5400      282.00
 2.5600      274.00
 2.5800      305.00
 2.6000      261.00
 2.6200      274.00
 2.6400      294.00
 2.6600      265.00
 2.6800      239.00
 2.7000      290.00
 2.7200      273.00
 2.7400      292.00
 2.7600      264.00
 2.7800      299.00
 2.8000      262.00
 2.8200      282.00
 2.8400      254.00
 2.8600      274.00
 2.8800      266.00
 2.9000      247.00
 2.9200      242.00
 2.9400      220.00
 2.9600      236.00
 2.9800      245.00
 3.0000      247.00
 3.0200      271.00
 3.0400      225.00
 3.0600      232.00
 3.0800      269.00
 3.1000      242.00
 3.1200      246.00
 3.1400      258.00
 3.1600      229.00
 3.1800      221.00
 3.2000      240.00
 3.2200      247.00
 3.2400      233.00
 3.2600      212.00
 3.2800      249.00
 3.3000      226.00
 3.3200      214.00
 3.3400      215.00
 3.3600      217.00
 3.3800      223.00
 3.4000      211.00
 3.4200      221.00
 3.4400      228.00
 3.4600      201.00
 3.4800      226.00
 3.5000      221.00
 3.5200      192.00
 3.5400      219.00
 3.5600      200.00
 3.5800      186.00
 3.6000      218.00
 3.6200      189.00
 3.6400      199.00
 3.6600      205.00
 3.6800      213.00
 3.7000      204.00
 3.7200      176.00
 3.7400      183.00
 3.7600      204.00
 3.7800      187.00
 3.8000      208.00
 3.8200      184.00
 3.8400      199.00
 3.8600      186.00
 3.8800      182.00
 3.9000      165.00
 3.9200      185.00
 3.9400      191.00
 3.9600      178.00
 3.9800      205.00
 4.0000      169.00
 4.0200      169.00
 4.0400      194.00
 4.0600      160.00
 4.0800      196.00
 4.1000      158.00
 4.1200      187.00
 4.1400      167.00
 4.1600      154.00
 4.1800      177.00
 4.2000      156.00
 4.2200      149.00
 4.2400      160.00
 4.2600      155.00
 4.2800      155.00
 4.3000      155.00
 4.3200      156.00
 4.3400      138.00
 4.3600      144.00
 4.3800      161.00
 4.4000      152.00
 4.4200      141.00
 4.4400      166.00
 4.4600      144.00
 4.4800      133.00
 4.5000      140.00
 4.5200      131.00
 4.5400      138.00
 4.5600      139.00
 4.5800      133.00
 4.6000      157.00
 4.6200      130.00
 4.6400      141.00
 4.6600      145.00
 4.6800      126.00
 4.7000      133.00
 4.7200      141.00
 4.7400      140.00
 4.7600      146.00
 4.7800      125.00
 4.8000      118.00
 4.8200      143.00
 4.8400      143.00
 4.8600      155.00
 4.8800      140.00
 4.9000      140.00
 4.9200      130.00
 4.9400      125.00
 4.9600      150.00
 4.9800      130.00
 5.0000      133.00
 5.0200      147.00
 5.0400      134.00
 5.0600      128.00
 5.0800      134.00
 5.1000      138.00
 5.1200      118.00
 5.1400      125.00
 5.1600      107.00
 5.1800      108.00
 5.2000      141.00
 5.2200      128.00
 5.2400      140.00
 5.2600      140.00
 5.2800      141.00
 5.3000      142.00
 5.3200      110.00
 5.3400      118.00
 5.3600      128.00
 5.3800      141.00
 5.4000      139.00
 5.4200      104.00
 5.4400      119.00
 5.4600      130.00
 5.4800      115.00
 5.5000      139.00
 5.5200      121.00
 5.5400      109.00
 5.5600      116.00
 5.5800      128.00
 5.6000      126.00
 5.6200      124.00
 5.6400      125.00
 5.6600      121.00
 5.6800      119.00
 5.7000      121.00
 5.7200      115.00
 5.7400      127.00
 5.7600      141.00
 5.7800      117.00
 5.8000      138.00
 5.8200      129.00
 5.8400      152.00
 5.8600      120.00
 5.8800      137.00
 5.9000      130.00
 5.9200      113.00
 5.9400      134.00
 5.9600      125.00
 5.9800      139.00
 6.0000      141.00
 6.0200      118.00
 6.0400      141.00
 6.0600      108.00
 6.0800      133.00
 6.1000      139.00
 6.1200      101.00
 6.1400      126.00
 6.1600      107.00
 6.1800      141.00
 6.2000      150.00
 6.2200      148.00
 6.2400      128.00
 6.2600      136.00
 6.2800      135.00
 6.3000      105.00
 6.3200      134.00
 6.3400      137.00
 6.3600      128.00
 6.3800      111.00
 6.4000      131.00
 6.4200      122.00
 6.4400      121.00
 6.4600      122.00
 6.4800      124.00
 6.5000      124.00
 6.5200      147.00
 6.5400      136.00
 6.5600      137.00
 6.5800      129.00
 6.6000      145.00
 6.6200      142.00
 6.6400      151.00
 6.6600      154.00
 6.6800      125.00
 6.7000      139.00
 6.7200      127.00
 6.7400      147.00
 6.7600      123.00
 6.7800      139.00
 6.8000      151.00
 6.8200      158.00
 6.8400      164.00
 6.8600      180.00
 6.8800      175.00
 6.9000      172.00
 6.9200      176.00
 6.9400      164.00
 6.9600      181.00
 6.9800      121.00
 7.0000      151.00
 7.0200      177.00
 7.0400      127.00
 7.0600      155.00
 7.0800      125.00
 7.1000      128.00
 7.1200      131.00
 7.1400      121.00
 7.1600      136.00
 7.1800      110.00
 7.2000      116.00
 7.2200      129.00
 7.2400      126.00
 7.2600      113.00
 7.2800      130.00
 7.3000      130.00
 7.3200      123.00
 7.3400      132.00
 7.3600      119.00
 7.3800      116.00
 7.4000      130.00
 7.4200      137.00
 7.4400      113.00
 7.4600      121.00
 7.4800      127.00
 7.5000      110.00
 7.5200      125.00
 7.5400      137.00
 7.5600      113.00
 7.5800      114.00
 7.6000      122.00
 7.6200      115.00
 7.6400      125.00
 7.6600      120.00
 7.6800      121.00
 7.7000      130.00
 7.7200      147.00
 7.7400      118.00
 7.7600      117.00
 7.7800      137.00
 7.8000      127.00
 7.8200      143.00
 7.8400      117.00
 7.8600      125.00
 7.8800      115.00
 7.9000      109.00
 7.9200      134.00
 7.9400      113.00
 7.9600      112.00
 7.9800      117.00
 8.0000      104.00
 8.0200      116.00
 8.0400      133.00
 8.0600      123.00
 8.0800      112.00
 8.1000      139.00
 8.1200      112.00
 8.1400      122.00
 8.1600      112.00
 8.1800      139.00
 8.2000      119.00
 8.2200      136.00
 8.2400      133.00
 8.2600      113.00
 8.2800       97.00
 8.3000      116.00
 8.3200      113.00
 8.3400      109.00
 8.3600      138.00
 8.3800      140.00
 8.4000      121.00
 8.4200      109.00
 8.4400      122.00
 8.4600      137.00
 8.4800      127.00
 8.5000      131.00
 8.5200      103.00
 8.5400      132.00
 8.5600      120.00
 8.5800      122.00
 8.6000      132.00
 8.6200      161.00
 8.6400      138.00
 8.6600      114.00
 8.6800      165.00
 8.7000      130.00
 8.7200      143.00
 8.7400      142.00
 8.7600      122.00
 8.7800      141.00
 8.8000      153.00
 8.8200      111.00
 8.8400      140.00
 8.8600      131.00
 8.8800      117.00
 8.9000      148.00
 8.9200      158.00
 8.9400      145.00
 8.9600      138.00
 8.9800      135.00
 9.0000      135.00
 9.0200      123.00
 9.0400      126.00
 9.0600      131.00
 9.0800      119.00
 9.1000      130.00
 9.1200      110.00
 9.1400      106.00
 9.1600      109.00
 9.1800      152.00
 9.2000      121.00
 9.2200      120.00
 9.2400      114.00
 9.2600      139.00
 9.2800      122.00
 9.3000      122.00
 9.3200      108.00
 9.3400      119.00
 9.3600      102.00
 9.3800      125.00
 9.4000      125.00
 9.4200      141.00
 9.4400      121.00
 9.4600      132.00
 9.4800      106.00
 9.5000      145.00
 9.5200      130.00
 9.5400      131.00
 9.5600      119.00
 9.5800      119.00
 9.6000      146.00
 9.6200      137.00
 9.6400      115.00
 9.6600      122.00
 9.6800      129.00
 9.7000      123.00
 9.7200      130.00
 9.7400      150.00
 9.7600      128.00
 9.7800      133.00
 9.8000      115.00
 9.8200      123.00
 9.8400      139.00
 9.8600      140.00
 9.8800      119.00
 9.9000      123.00
 9.9200      134.00
 9.9400      137.00
 9.9600      146.00
 9.9800      145.00
10.0000      145.00
10.0200      123.00
10.0400      144.00
10.0600      127.00
10.0800      113.00
10.1000      122.00
10.1200      145.00
10.1400      127.00
10.1600      142.00
10.1800      152.00
10.2000      128.00
10.2200      147.00
10.2400      129.00
10.2600      130.00
10.2800      127.00
10.3000      148.00
10.3200      140.00
10.3400      136.00
10.3600      125.00
10.3800      121.00
10.4000      132.00
10.4200      128.00
10.4400      116.00
10.4600      129.00
10.4800      148.00
10.5000      122.00
10.5200      123.00
10.5400      129.00
10.5600      143.00
10.5800      132.00
10.6000      141.00
10.6200      135.00
10.6400      165.00
10.6600      128.00
10.6800      159.00
10.7000      144.00
10.7200      153.00
10.7400      146.00
10.7600      148.00
10.7800      163.00
10.8000      152.00
10.8200      199.00
10.8400      200.00
10.8600      181.00
10.8800      188.00
10.9000      199.00
10.9200      241.00
10.9400      235.00
10.9600      256.00
10.9800      245.00
11.0000      266.00
11.0200      298.00
11.0400      268.00
11.0600      310.00
11.0800      322.00
11.1000      309.00
11.1200      295.00
11.1400      320.00
11.1600      314.00
11.1800      306.00
11.2000      304.00
11.2200      290.00
11.2400      290.00
11.2600      265.00
11.2800      278.00
11.3000      271.00
11.3200      283.00
11.3400      268.00
11.3600      230.00
11.3800      265.00
11.4000      244.00
11.4200      245.00
11.4400      201.00
11.4600      179.00
11.4800      172.00
11.5000      151.00
11.5200      149.00
11.5400      143.00
11.5600      149.00
11.5800      142.00
11.6000      128.00
11.6200      152.00
11.6400      126.00
11.6600      122.00
11.6800      129.00
11.7000      141.00
11.7200      131.00
11.7400      168.00
11.7600      134.00
11.7800      156.00
11.8000      147.00
11.8200      148.00
11.8400      125.00
11.8600      149.00
11.8800      168.00
11.9000      155.00
11.9200      177.00
11.9400      178.00
11.9600      190.00
11.9800      192.00
12.0000      205.00
12.0200      208.00
12.0400      228.00
12.0600      254.00
12.0800      254.00
12.1000      236.00
12.1200      269.00
12.1400      271.00
12.1600      248.00
12.1800      263.00
12.2000      291.00
12.2200      255.00
12.2400      218.00
12.2600      221.00
12.2800      238.00
12.3000      203.00
12.3200      219.00
12.3400      172.00
12.3600      209.00
12.3800      185.00
12.4000      205.00
12.4200      189.00
12.4400      242.00
12.4600      263.00
12.4800      255.00
12.5000      228.00
12.5200      302.00
12.5400      264.00
12.5600      313.00
12.5800      300.00
12.6000      253.00
12.6200      236.00
12.6400      251.00
12.6600      242.00
12.6800      219.00
12.7000      188.00
12.7200      167.00
12.7400      156.00
12.7600      141.00
12.7800      162.00
12.8000      150.00
12.8200      139.00
12.8400      124.00
12.8600      134.00
12.8800      125.00
12.9000      145.00
12.9200      141.00
12.9400      141.00
12.9600      136.00
12.9800      138.00
13.0000      128.00
13.0200      144.00
13.0400      133.00
13.0600      124.00
13.0800      125.00
13.1000      126.00
13.1200      160.00
13.1400      146.00
13.1600      154.00
13.1800      133.00
13.2000      144.00
13.2200      135.00
13.2400      125.00
13.2600      136.00
13.2800      138.00
13.3000      126.00
13.3200      143.00
13.3400      119.00
13.3600      113.00
13.3800      141.00
13.4000      119.00
13.4200      143.00
13.4400      130.00
13.4600      137.00
13.4800      115.00
13.5000      142.00
13.5200      137.00
13.5400      135.00
13.5600      132.00
13.5800      124.00
13.6000      137.00
13.6200      119.00
13.6400      129.00
13.6600      121.00
13.6800      138.00
13.7000      115.00
13.7200      140.00
13.7400      108.00
13.7600      138.00
13.7800      146.00
13.8000      140.00
13.8200      154.00
13.8400      149.00
13.8600      142.00
13.8800      136.00
13.9000      150.00
13.9200      163.00
13.9400      157.00
13.9600      185.00
13.9800      182.00
14.0000      163.00
14.0200      164.00
14.0400      210.00
14.0600      189.00
14.0800      212.00
14.1000      244.00
14.1200      252.00
14.1400      298.00
14.1600      334.00
14.1800      348.00
14.2000      312.00
14.2200      321.00
14.2400      361.00
14.2600      351.00
14.2800      356.00
14.3000      330.00
14.3200      322.00
14.3400      309.00
14.3600      335.00
14.3800      243.00
14.4000      299.00
14.4200      263.00
14.4400      239.00
14.4600      240.00
14.4800      232.00
14.5000      206.00
14.5200      198.00
14.5400      175.00
14.5600      169.00
14.5800      174.00
14.6000      140.00
14.6200      165.00
14.6400      159.00
14.6600      128.00
14.6800      150.00
14.7000      134.00
14.7200      154.00
14.7400      124.00
14.7600      135.00
14.7800      131.00
14.8000      154.00
14.8200      137.00
14.8400      112.00
14.8600      132.00
14.8800      110.00
14.9000      140.00
14.9200      128.00
14.9400      149.00
14.9600      140.00
14.9800      123.00
15.0000      163.00
15.0200      161.00
15.0400      103.00
15.0600      143.00
15.0800      127.00
15.1000      125.00
15.1200      129.00
15.1400      124.00
15.1600      140.00
15.1800      115.00
15.2000      131.00
15.2200      139.00
15.2400      125.00
15.2600      124.00
15.2800      123.00
15.3000      135.00
15.3200      129.00
15.3400      136.00
15.3600      166.00
15.3800      128.00
15.4000      140.00
15.4200      140.00
15.4400      130.00
15.4600      124.00
15.4800      131.00
15.5000      144.00
15.5200      132.00
15.5400      110.00
15.5600      121.00
15.5800      138.00
15.6000      113.00
15.6200      154.00
15.6400      137.00
15.6600      149.00
15.6800      140.00
15.7000      151.00
15.7200      150.00
15.7400      126.00
15.7600      172.00
15.7800      155.00
15.8000      151.00
15.8200      162.00
15.8400      166.00
15.8600      155.00
15.8800      196.00
15.9000      186.00
15.9200      201.00
15.9400      202.00
15.9600      213.00
15.9800      233.00
16.0000      253.00
16.0200      217.00
16.0400      223.00
16.0600      203.00
16.0800      255.00
16.1000      239.00
16.1200      265.00
16.1400      283.00
16.1600      279.00
16.1800      311.00
16.2000      256.00
16.2200      272.00
16.2400      320.00
16.2600      290.00
16.2800      266.00
16.3000      266.00
16.3200      261.00
16.3400      222.00
16.3600      250.00
16.3800      264.00
16.4000      256.00
16.4200      297.00
16.4400      281.00
16.4600      369.00
16.4800      377.00
16.5000      369.00
16.5200      357.00
16.5400      360.00
16.5600      356.00
16.5800      349.00
16.6000      307.00
16.6200      298.00
16.6400      271.00
16.6600      238.00
16.6800      222.00
16.7000      207.00
16.7200      161.00
16.7400      184.00
16.7600      155.00
16.7800      142.00
16.8000      162.00
16.8200      162.00
16.8400      170.00
16.8600      204.00
16.8800      165.00
16.9000      178.00
16.9200      163.00
16.9400      207.00
16.9600      211.00
16.9800      269.00
17.0000      262.00
17.0200      288.00
17.0400      302.00
17.0600      295.00
17.0800      329.00
17.1000      335.00
17.1200      341.00
17.1400      312.00
17.1600      349.00
17.1800      295.00
17.2000      287.00
17.2200      281.00
17.2400      260.00
17.2600      231.00
17.2800      248.00
17.3000      239.00
17.3200      271.00
17.3400      265.00
17.3600      330.00
17.3800      299.00
17.4000      375.00
17.4200      400.00
17.4400      460.00
17.4600      509.00
17.4800      602.00
17.5000      594.00
17.5200      704.00
17.5400      747.00
17.5600      789.00
17.5800      773.00
17.6000      835.00
17.6200      791.00
17.6400      730.00
17.6600      723.00
17.6800      659.00
17.7000      655.00
17.7200      560.00
17.7400      435.00
17.7600      402.00
17.7800      332.00
17.8000      319.00
17.8200      253.00
17.8400      210.00
17.8600      202.00
17.8800      210.00
17.9000      170.00
17.9200      177.00
17.9400      171.00
17.9600      169.00
17.9800      195.00
18.0000      174.00
18.0200      171.00
18.0400      151.00
18.0600      180.00
18.0800      144.00
18.1000      168.00
18.1200      163.00
18.1400      177.00
18.1600      148.00
18.1800      151.00
18.2000      154.00
18.2200      157.00
18.2400      163.00
18.2600      182.00
18.2800      175.00
18.3000      204.00
18.3200      223.00
18.3400      225.00
18.3600      259.00
18.3800      234.00
18.4000      272.00
18.4200      286.00
18.4400      292.00
18.4600      276.00
18.4800      267.00
18.5000      252.00
18.5200      255.00
18.5400      225.00
18.5600      239.00
18.5800      209.00
18.6000      194.00
18.6200      194.00
18.6400      185.00
18.6600      192.00
18.6800      215.00
18.7000      194.00
18.7200      184.00
18.7400      202.00
18.7600      191.00
18.7800      195.00
18.8000      177.00
18.8200      198.00
18.8400      190.00
18.8600      200.00
18.8800      183.00
18.9000      167.00
18.9200      199.00
18.9400      159.00
18.9600      166.00
18.9800      168.00
19.0000      151.00
19.0200      162.00
19.0400      179.00
19.0600      182.00
19.0800      165.00
19.1000      175.00
19.1200      175.00
19.1400      169.00
19.1600      184.00
19.1800      184.00
19.2000      172.00
19.2200      177.00
19.2400      186.00
19.2600      168.00
19.2800      158.00
19.3000      181.00
19.3200      168.00
19.3400      147.00
19.3600      179.00
19.3800      171.00
19.4000      153.00
19.4200      162.00
19.4400      192.00
19.4600      201.00
19.4800      231.00
19.5000      230.00
19.5200      263.00
19.5400      280.00
19.5600      317.00
19.5800      372.00
19.6000      405.00
19.6200      479.00
19.6400      504.00
19.6600      471.00
19.6800      466.00
19.7000      457.00
19.7200      510.00
19.7400      450.00
19.7600      456.00
19.7800      400.00
19.8000      434.00
19.8200      327.00
19.8400      354.00
19.8600      268.00
19.8800      276.00
19.9000      235.00
19.9200      228.00
19.9400      207.00
19.9600      197.00
19.9800      185.00
20.0000      186.00
20.0200      169.00
20.0400      167.00
20.0600      169.00
20.0800      140.00
20.1000      173.00
20.1200      165.00
20.1400      129.00
20.1600      157.00
20.1800      147.00
20.2000      153.00
20.2200      162.00
20.2400      151.00
20.2600      166.00
20.2800      186.00
20.3000      193.00
20.3200      174.00
20.3400      175.00
20.3600      182.00
20.3800      181.00
20.4000      186.00
20.4200      175.00
20.4400      206.00
20.4600      199.00
20.4800      239.00
20.5000      246.00
20.5200      295.00
20.5400      299.00
20.5600      363.00
20.5800      506.00
20.6000      597.00
20.6200      695.00
20.6400      774.00
20.6600      868.00
20.6800      918.00
20.7000      935.00
20.7200      940.00
20.7400      883.00
20.7600      897.00
20.7800      874.00
20.8000      854.00
20.8200      795.00
20.8400      722.00
20.8600      724.00
20.8800      683.00
20.9000      637.00
20.9200      715.00
20.9400      705.00
20.9600      749.00
20.9800      767.00
21.0000      860.00
21.0200      906.00
21.0400      943.00
21.0600      947.00
21.0800      906.00
21.1000      870.00
21.1200      883.00
21.1400      771.00
21.1600      699.00
21.1800      631.00
21.2000      497.00
21.2200      461.00
21.2400      360.00
21.2600      342.00
21.2800      280.00
21.3000      251.00
21.3200      210.00
21.3400      164.00
21.3600      179.00
21.3800      180.00
21.4000      149.00
21.4200      155.00
21.4400      142.00
21.4600      166.00
21.4800      151.00
21.5000      133.00
21.5200      160.00
21.5400      134.00
21.5600      139.00
21.5800      149.00
21.6000      155.00
21.6200      148.00
21.6400      138.00
21.6600      146.00
21.6800      121.00
21.7000      147.00
21.7200      127.00
21.7400      135.00
21.7600      135.00
21.7800      142.00
21.8000      139.00
21.8200      141.00
21.8400      159.00
21.8600      145.00
21.8800      136.00
21.9000      140.00
21.9200      150.00
21.9400      138.00
21.9600      145.00
21.9800      146.00
22.0000      164.00
22.0200      167.00
22.0400      154.00
22.0600      185.00
22.0800      178.00
22.1000      183.00
22.1200      197.00
22.1400      228.00
22.1600      215.00
22.1800      224.00
22.2000      250.00
22.2200      260.00
22.2400      282.00
22.2600      298.00
22.2800      324.00
22.3000      352.00
22.3200      383.00
22.3400      380.00
22.3600      391.00
22.3800      414.00
22.4000      394.00
22.4200      408.00
22.4400      399.00
22.4600      370.00
22.4800      385.00
22.5000      435.00
22.5200      471.00
22.5400      462.00
22.5600      498.00
22.5800      572.00
22.6000      532.00
22.6200      550.00
22.6400      553.00
22.6600      525.00
22.6800      530.00
22.7000      506.00
22.7200      483.00
22.7400      454.00
22.7600      394.00
22.7800      371.00
22.8000      355.00
22.8200      368.00
22.8400      353.00
22.8600      363.00
22.8800      324.00
22.9000      369.00
22.9200      361.00
22.9400      373.00
22.9600      353.00
22.9800      354.00
23.0000      385.00
23.0200      329.00
23.0400      354.00
23.0600      393.00
23.0800      341.00
23.1000      382.00
23.1200      324.00
23.1400      325.00
23.1600      335.00
23.1800      293.00
23.2000      346.00
23.2200      264.00
23.2400      259.00
23.2600      258.00
23.2800      266.00
23.3000      286.00
23.3200      238.00
23.3400      251.00
23.3600      260.00
23.3800      272.00
23.4000      307.00
23.4200      243.00
23.4400      273.00
23.4600      275.00
23.4800      259.00
23.5000      250.00
23.5200      235.00
23.5400      225.00
23.5600      196.00
23.5800      198.00
23.6000      173.00
23.6200      159.00
23.6400      172.00
23.6600      159.00
23.6800      156.00
23.7000      162.00
23.7200      135.00
23.7400      133.00
23.7600      158.00
23.7800      169.00
23.8000      157.00
23.8200      187.00
23.8400      165.00
23.8600      180.00
23.8800      199.00
23.9000      218.00
23.9200      246.00
23.9400      257.00
23.9600      279.00
23.9800      306.00
24.0000      344.00
24.0200      388.00
24.0400      442.00
24.0600      456.00
24.0800      485.00
24.1000      549.00
24.1200      537.00
24.1400      489.00
24.1600      499.00
24.1800      459.00
24.2000      431.00
24.2200      416.00
24.2400      378.00
24.2600      376.00
24.2800      411.00
24.3000      398.00
24.3200      417.00
24.3400      458.00
24.3600      492.00
24.3800      500.00
24.4000      518.00
24.4200      512.00
24.4400      468.00
24.4600      445.00
24.4800      441.00
24.5000      404.00
24.5200      392.00
24.5400      361.00
24.5600      299.00
24.5800      263.00
24.6000      197.00
24.6200      199.00
24.6400      205.00
24.6600      186.00
24.6800      174.00
24.7000      149.00
24.7200      186.00
24.7400      165.00
24.7600      174.00
24.7800      200.00
24.8000      188.00
24.8200      208.00
24.8400      240.00
24.8600      251.00
24.8800      255.00
24.9000      277.00
24.9200      279.00
24.9400      347.00
24.9600      302.00
24.9800      334.00
25.0000      329.00
25.0200      328.00
25.0400      302.00
25.0600      300.00
25.0800      244.00
25.1000      237.00
25.1200      199.00
25.1400      172.00
25.1600      162.00
25.1800      182.00
25.2000      158.00
25.2200      135.00
25.2400      141.00
25.2600      130.00
25.2800      122.00
25.3000      146.00
25.3200      137.00
25.3400      133.00
25.3600      122.00
25.3800      129.00
25.4000      138.00
25.4200      120.00
25.4400      132.00
25.4600      125.00
25.4800      148.00
25.5000      116.00
25.5200      106.00
25.5400      133.00
25.5600      125.00
25.5800      122.00
25.6000      130.00
25.6200      154.00
25.6400      115.00
25.6600      149.00
25.6800      126.00
25.7000      115.00
25.7200      102.00
25.7400      125.00
25.7600      121.00
25.7800      127.00
25.8000      116.00
25.8200      138.00
25.8400      143.00
25.8600      139.00
25.8800      154.00
25.9000      156.00
25.9200      169.00
25.9400      157.00
25.9600      156.00
25.9800      168.00
26.0000      199.00
26.0200      204.00
26.0400      202.00
26.0600      205.00
26.0800      217.00
26.1000      214.00
26.1200      229.00
26.1400      230.00
26.1600      219.00
26.1800      221.00
26.2000      218.00
26.2200      213.00
26.2400      209.00
26.2600      222.00
26.2800      229.00
26.3000      215.00
26.3200      225.00
26.3400      220.00
26.3600      225.00
26.3800      222.00
26.4000      220.00
26.4200      220.00
26.4400      243.00
26.4600      230.00
26.4800      219.00
26.5000      243.00
26.5200      202.00
26.5400      215.00
26.5600      216.00
26.5800      204.00
26.6000      181.00
26.6200      202.00
26.6400      170.00
26.6600      168.00
26.6800      155.00
26.7000      144.00
26.7200      148.00
26.7400      143.00
26.7600      115.00
26.7800      140.00
26.8000      111.00
26.8200      109.00
26.8400      142.00
26.8600      134.00
26.8800      151.00
26.9000      149.00
26.9200      130.00
26.9400      146.00
26.9600      140.00
26.9800      158.00
27.0000      144.00
27.0200      179.00
27.0400      151.00
27.0600      151.00
27.0800      145.00
27.1000      152.00
27.1200      153.00
27.1400      140.00
27.1600      157.00
27.1800      154.00
27.2000      181.00
27.2200      155.00
27.2400      162.00
27.2600      179.00
27.2800      173.00
27.3000      186.00
27.3200      215.00
27.3400      181.00
27.3600      182.00
27.3800      196.00
27.4000      191.00
27.4200      200.00
27.4400      214.00
27.4600      217.00
27.4800      211.00
27.5000      243.00
27.5200      271.00
27.5400      278.00
27.5600      330.00
27.5800      427.00
27.6000      509.00
27.6200      580.00
27.6400      627.00
27.6600      704.00
27.6800      724.00
27.7000      738.00
27.7200      728.00
27.7400      765.00
27.7600      691.00
27.7800      682.00
27.8000      645.00
27.8200      539.00
27.8400      532.00
27.8600      453.00
27.8800      363.00
27.9000      294.00
27.9200      238.00
27.9400      225.00
27.9600      209.00
27.9800      188.00
28.0000      169.00
28.0200      174.00
28.0400      153.00
28.0600      162.00
28.0800      163.00
28.1000      160.00
28.1200      150.00
28.1400      174.00
28.1600      151.00
28.1800      141.00
28.2000      149.00
28.2200      159.00
28.2400      149.00
28.2600      158.00
28.2800      146.00
28.3000      175.00
28.3200      190.00
28.3400      195.00
28.3600      221.00
28.3800      261.00
28.4000      285.00
28.4200      290.00
28.4400      345.00
28.4600      383.00
28.4800      385.00
28.5000      443.00
28.5200      397.00
28.5400      417.00
28.5600      454.00
28.5800      394.00
28.6000      378.00
28.6200      335.00
28.6400      351.00
28.6600      321.00
28.6800      315.00
28.7000      326.00
28.7200      287.00
28.7400      254.00
28.7600      254.00
28.7800      234.00
28.8000      219.00
28.8200      212.00
28.8400      219.00
28.8600      211.00
28.8800      181.00
28.9000      193.00
28.9200      205.00
28.9400      170.00
28.9600      181.00
28.9800      197.00
29.0000      182.00
29.0200      192.00
29.0400      193.00
29.0600      178.00
29.0800      210.00
29.1000      184.00
29.1200      203.00
29.1400      195.00
29.1600      212.00
29.1800      201.00
29.2000      211.00
29.2200      219.00
29.2400      193.00
29.2600      209.00
29.2800      207.00
29.3000      232.00
29.3200      209.00
29.3400      192.00
29.3600      247.00
29.3800      223.00
29.4000      236.00
29.4200      238.00
29.4400      230.00
29.4600      243.00
29.4800      260.00
29.5000      252.00
29.5200      266.00
29.5400      238.00
29.5600      188.00
29.5800      206.00
29.6000      214.00
29.6200      203.00
29.6400      162.00
29.6600      170.00
29.6800      169.00
29.7000      130.00
29.7200      132.00
29.7400      138.00
29.7600      135.00
29.7800      115.00
29.8000      107.00
29.8200      127.00
29.8400      119.00
29.8600      110.00
29.8800      106.00
29.9000      118.00
29.9200      123.00
29.9400      128.00
29.9600      134.00
29.9800      125.00
30.0000      137.00
30.0200      138.00
30.0400      139.00
30.0600      151.00
30.0800      173.00
30.1000      168.00
30.1200      158.00
30.1400      159.00
30.1600      152.00
30.1800      161.00
30.2000      177.00
30.2200      183.00
30.2400      174.00
30.2600      181.00
30.2800      182.00
30.3000      189.00
30.3200      194.00
30.3400      160.00
30.3600      158.00
30.3800      168.00
30.4000      167.00
30.4200      158.00
30.4400      151.00
30.4600      137.00
30.4800      127.00
30.5000      128.00
30.5200      138.00
30.5400      133.00
30.5600      137.00
30.5800      125.00
30.6000      131.00
30.6200      125.00
30.6400      160.00
30.6600      148.00
30.6800      139.00
30.7000      141.00
30.7200      144.00
30.7400      170.00
30.7600      137.00
30.7800      146.00
30.8000      147.00
30.8200      141.00
30.8400      140.00
30.8600      123.00
30.8800      128.00
30.9000      118.00
30.9200      109.00
30.9400      121.00
30.9600      118.00
30.9800      122.00
31.0000      115.00
31.0200      117.00
31.0400      128.00
31.0600      116.00
31.0800      110.00
31.1000      103.00
31.1200      111.00
31.1400      118.00
31.1600      103.00
31.1800      114.00
31.2000      100.00
31.2200      100.00
31.2400      123.00
31.2600      107.00
31.2800      119.00
31.3000       99.00
31.3200      120.00
31.3400      106.00
31.3600       98.00
31.3800       97.00
31.4000      109.00
31.4200      100.00
31.4400      127.00
31.4600      116.00
31.4800      125.00
31.5000      122.00
31.5200      108.00
31.5400      117.00
31.5600      117.00
31.5800      125.00
31.6000      114.00
31.6200      113.00
31.6400      127.00
31.6600      119.00
31.6800      109.00
31.7000      128.00
31.7200      128.00
31.7400      110.00
31.7600      130.00
31.7800       98.00
31.8000       99.00
31.8200      107.00
31.8400      121.00
31.8600      113.00
31.8800      130.00
31.9000      121.00
31.9200      134.00
31.9400      119.00
31.9600      127.00
31.9800      133.00
32.0000      157.00
