 2.2400      281.00
 2.2600      274.00
 2.2800      287.00
 2.3000      294.00
 2.3200      288.00
 2.3400      261.00
 2.3600      301.00
 2.3800      256.00
 2.4000      243.00
 2.4200      253.00
 2.4400      224.00
 2.4600      270.00
 2.4800      277.00
 2.5000      240.00
 2.5200      257.00
 2.5400      260.00
 2.5600      251.00
 2.5800      262.00
 2.6000      209.00
 2.6200      256.00
 2.6400      276.00
 2.6600      271.00
 2.6800      254.00
 2.7000      265.00
 2.7200      261.00
 2.7400      258.00
 2.7600      260.00
 2.7800      249.00
 2.8000      260.00
 2.8200      257.00
 2.8400      259.00
 2.8600      225.00
 2.8800      243.00
 2.9000      231.00
 2.9200      264.00
 2.9400      218.00
 2.9600      213.00
 2.9800      249.00
 3.0000      259.00
 3.0200      219.00
 3.0400      240.00
 3.0600      221.00
 3.0800      212.00
 3.1000      251.00
 3.1200      216.00
 3.1400      217.00
 3.1600      204.00
 3.1800      205.00
 3.2000      211.00
 3.2200      205.00
 3.2400      200.00
 3.2600      198.00
 3.2800      217.00
 3.3000      209.00
 3.3200      229.00
 3.3400      208.00
 3.3600      215.00
 3.3800      213.00
 3.4000      212.00
 3.4200      253.00
 3.4400      200.00
 3.4600      207.00
 3.4800      213.00
 3.5000      174.00
 3.5200      202.00
 3.5400      207.00
 3.5600      186.00
 3.5800      198.00
 3.6000      188.00
 3.6200      178.00
 3.6400      187.00
 3.6600      207.00
 3.6800      206.00
 3.7000      228.00
 3.7200      194.00
 3.7400      197.00
 3.7600      191.00
 3.7800      184.00
 3.8000      196.00
 3.8200      180.00
 3.8400      188.00
 3.8600      202.00
 3.8800      185.00
 3.9000      168.00
 3.9200      185.00
 3.9400      176.00
 3.9600      153.00
 3.9800      204.00
 4.0000      153.00
 4.0200      181.00
 4.0400      178.00
 4.0600      167.00
 4.0800      153.00
 4.1000      177.00
 4.1200      147.00
 4.1400      159.00
 4.1600      173.00
 4.1800      132.00
 4.2000      157.00
 4.2200      140.00
 4.2400      145.00
 4.2600      149.00
 4.2800      159.00
 4.3000      166.00
 4.3200      135.00
 4.3400      146.00
 4.3600      140.00
 4.3800      142.00
 4.4000      121.00
 4.4200      167.00
 4.4400      126.00
 4.4600      155.00
 4.4800      157.00
 4.5000      143.00
 4.5200      142.00
 4.5400      151.00
 4.5600      125.00
 4.5800      137.00
 4.6000      137.00
 4.6200      124.00
 4.6400      128.00
 4.6600      153.00
 4.6800      153.00
 4.7000      162.00
 4.7200      154.00
 4.7400      111.00
 4.7600      140.00
 4.7800      138.00
 4.8000      126.00
 4.8200      116.00
 4.8400      126.00
 4.8600      132.00
 4.8800      139.00
 4.9000      120.00
 4.9200      134.00
 4.9400      122.00
 4.9600      147.00
 4.9800      131.00
 5.0000      129.00
 5.0200      138.00
 5.0400      135.00
 5.0600      117.00
 5.0800      140.00
 5.1000      125.00
 5.1200      128.00
 5.1400      113.00
 5.1600      140.00
 5.1800      116.00
 5.2000      142.00
 5.2200      134.00
 5.2400      136.00
 5.2600      143.00
 5.2800      126.00
 5.3000      143.00
 5.3200      125.00
 5.3400      123.00
 5.3600      126.00
 5.3800      129.00
 5.4000      140.00
 5.4200      144.00
 5.4400      141.00
 5.4600      131.00
 5.4800      128.00
 5.5000      137.00
 5.5200      133.00
 5.5400      144.00
 5.5600      139.00
 5.5800      116.00
 5.6000      124.00
 5.6200      122.00
 5.6400      131.00
 5.6600      139.00
 5.6800      112.00
 5.7000      112.00
 5.7200      129.00
 5.7400      142.00
 5.7600      103.00
 5.7800      157.00
 5.8000      141.00
 5.8200      118.00
 5.8400      134.00
 5.8600      141.00
 5.8800      141.00
 5.9000      131.00
 5.9200      132.00
 5.9400      128.00
 5.9600      112.00
 5.9800      131.00
 6.0000      124.00
 6.0200      141.00
 6.0400      143.00
 6.0600      135.00
 6.0800      119.00
 6.1000      158.00
 6.1200      138.00
 6.1400      142.00
 6.1600      139.00
 6.1800      133.00
 6.2000      129.00
 6.2200      136.00
 6.2400      116.00
 6.2600      151.00
 6.2800      125.00
 6.3000      142.00
 6.3200      134.00
 6.3400      123.00
 6.3600      130.00
 6.3800      145.00
 6.4000      152.00
 6.4200      132.00
 6.4400      138.00
 6.4600      145.00
 6.4800      132.00
 6.5000      140.00
 6.5200      122.00
 6.5400      149.00
 6.5600      129.00
 6.5800      123.00
 6.6000      145.00
 6.6200      155.00
 6.6400      131.00
 6.6600      125.00
 6.6800      132.00
 6.7000      144.00
 6.7200      137.00
 6.7400      143.00
 6.7600      175.00
 6.7800      141.00
 6.8000      137.00
 6.8200      139.00
 6.8400      156.00
 6.8600      129.00
 6.8800      157.00
 6.9000      133.00
 6.9200      155.00
 6.9400      150.00
 6.9600      162.00
 6.9800      154.00
 7.0000      155.00
 7.0200      144.00
 7.0400      152.00
 7.0600      159.00
 7.0800      161.00
 7.1000      146.00
 7.1200      135.00
 7.1400      158.00
 7.1600      138.00
 7.1800      133.00
 7.2000      173.00
 7.2200      133.00
 7.2400      132.00
 7.2600      135.00
 7.2800      145.00
 7.3000      125.00
 7.3200      126.00
 7.3400      122.00
 7.3600      152.00
 7.3800      147.00
 7.4000      180.00
 7.4200      135.00
 7.4400      138.00
 7.4600      151.00
 7.4800      152.00
 7.5000      155.00
 7.5200      119.00
 7.5400      144.00
 7.5600      142.00
 7.5800      125.00
 7.6000      139.00
 7.6200      117.00
 7.6400      142.00
 7.6600      132.00
 7.6800      148.00
 7.7000      172.00
 7.7200      138.00
 7.7400      164.00
 7.7600      153.00
 7.7800      129.00
 7.8000      137.00
 7.8200      148.00
 7.8400      146.00
 7.8600      124.00
 7.8800      133.00
 7.9000      159.00
 7.9200      128.00
 7.9400      145.00
 7.9600      132.00
 7.9800      130.00
 8.0000      149.00
 8.0200      136.00
 8.0400      157.00
 8.0600      163.00
 8.0800      130.00
 8.1000      155.00
 8.1200      136.00
 8.1400      153.00
 8.1600      144.00
 8.1800      137.00
 8.2000      139.00
 8.2200      153.00
 8.2400      161.00
 8.2600      133.00
 8.2800      140.00
 8.3000      147.00
 8.3200      141.00
 8.3400      107.00
 8.3600      163.00
 8.3800      151.00
 8.4000      134.00
 8.4200      148.00
 8.4400      142.00
 8.4600      159.00
 8.4800      140.00
 8.5000      132.00
 8.5200      128.00
 8.5400      132.00
 8.5600      137.00
 8.5800      165.00
 8.6000      149.00
 8.6200      146.00
 8.6400      155.00
 8.6600      150.00
 8.6800      165.00
 8.7000      141.00
 8.7200      179.00
 8.7400      162.00
 8.7600      142.00
 8.7800      173.00
 8.8000      181.00
 8.8200      158.00
 8.8400      172.00
 8.8600      153.00
 8.8800      135.00
 8.9000      156.00
 8.9200      152.00
 8.9400      190.00
 8.9600      155.00
 8.9800      188.00
 9.0000      174.00
 9.0200      170.00
 9.0400      184.00
 9.0600      145.00
 9.0800      160.00
 9.1000      157.00
 9.1200      166.00
 9.1400      160.00
 9.1600      176.00
 9.1800      189.00
 9.2000      140.00
 9.2200      167.00
 9.2400      135.00
 9.2600      146.00
 9.2800      131.00
 9.3000      134.00
 9.3200      144.00
 9.3400      173.00
 9.3600      160.00
 9.3800      150.00
 9.4000      148.00
 9.4200      150.00
 9.4400      152.00
 9.4600      140.00
 9.4800      160.00
 9.5000      155.00
 9.5200      154.00
 9.5400      162.00
 9.5600      164.00
 9.5800      158.00
 9.6000      147.00
 9.6200      152.00
 9.6400      172.00
 9.6600      166.00
 9.6800      152.00
 9.7000      137.00
 9.7200      167.00
 9.7400      155.00
 9.7600      157.00
 9.7800      151.00
 9.8000      174.00
 9.8200      145.00
 9.8400      195.00
 9.8600      154.00
 9.8800      179.00
 9.9000      172.00
 9.9200      165.00
 9.9400      186.00
 9.9600      176.00
 9.9800      167.00
10.0000      154.00
10.0200      179.00
10.0400      158.00
10.0600      153.00
10.0800      169.00
10.1000      165.00
10.1200      194.00
10.1400      171.00
10.1600      156.00
10.1800      182.00
10.2000      167.00
10.2200      159.00
10.2400      173.00
10.2600      192.00
10.2800      171.00
10.3000      168.00
10.3200      181.00
10.3400      153.00
10.3600      144.00
10.3800      137.00
10.4000      167.00
10.4200      148.00
10.4400      175.00
10.4600      175.00
10.4800      171.00
10.5000      152.00
10.5200      155.00
10.5400      172.00
10.5600      151.00
10.5800      172.00
10.6000      147.00
10.6200      172.00
10.6400      156.00
10.6600      179.00
10.6800      170.00
10.7000      168.00
10.7200      167.00
10.7400      172.00
10.7600      220.00
10.7800      193.00
10.8000      189.00
10.8200      195.00
10.8400      181.00
10.8600      206.00
10.8800      192.00
10.9000      192.00
10.9200      196.00
10.9400      237.00
10.9600      231.00
10.9800      252.00
11.0000      243.00
11.0200      305.00
11.0400      300.00
11.0600      277.00
11.0800      321.00
11.1000      347.00
11.1200      354.00
11.1400      348.00
11.1600      359.00
11.1800      372.00
11.2000      393.00
11.2200      428.00
11.2400      417.00
11.2600      414.00
11.2800      429.00
11.3000      402.00
11.3200      410.00
11.3400      395.00
11.3600      421.00
11.3800      382.00
11.4000      361.00
11.4200      340.00
11.4400      308.00
11.4600      329.00
11.4800      357.00
11.5000      321.00
11.5200      343.00
11.5400      299.00
11.5600      282.00
11.5800      231.00
11.6000      240.00
11.6200      230.00
11.6400      193.00
11.6600      210.00
11.6800      182.00
11.7000      201.00
11.7200      189.00
11.7400      212.00
11.7600      194.00
11.7800      187.00
11.8000      196.00
11.8200      206.00
11.8400      177.00
11.8600      204.00
11.8800      188.00
11.9000      238.00
11.9200      217.00
11.9400      215.00
11.9600      217.00
11.9800      230.00
12.0000      256.00
12.0200      229.00
12.0400      286.00
12.0600      286.00
12.0800      266.00
12.1000      302.00
12.1200      335.00
12.1400      332.00
12.1600      359.00
12.1800      366.00
12.2000      409.00
12.2200      390.00
12.2400      390.00
12.2600      408.00
12.2800      393.00
12.3000      369.00
12.3200      412.00
12.3400      414.00
12.3600      395.00
12.3800      373.00
12.4000      351.00
12.4200      352.00
12.4400      388.00
12.4600      358.00
12.4800      359.00
12.5000      329.00
12.5200      350.00
12.5400      400.00
12.5600      362.00
12.5800      378.00
12.6000      377.00
12.6200      422.00
12.6400      401.00
12.6600      402.00
12.6800      378.00
12.7000      428.00
12.7200      408.00
12.7400      406.00
12.7600      396.00
12.7800      363.00
12.8000      367.00
12.8200      319.00
12.8400      306.00
12.8600      232.00
12.8800      236.00
12.9000      198.00
12.9200      205.00
12.9400      172.00
12.9600      199.00
12.9800      189.00
13.0000      180.00
13.0200      205.00
13.0400      185.00
13.0600      165.00
13.0800      181.00
13.1000      176.00
13.1200      170.00
13.1400      173.00
13.1600      172.00
13.1800      190.00
13.2000      183.00
13.2200      182.00
13.2400      194.00
13.2600      182.00
13.2800      187.00
13.3000      181.00
13.3200      199.00
13.3400      173.00
13.3600      166.00
13.3800      157.00
13.4000      183.00
13.4200      180.00
13.4400      173.00
13.4600      185.00
13.4800      175.00
13.5000      157.00
13.5200      149.00
13.5400      170.00
13.5600      206.00
13.5800      180.00
13.6000      199.00
13.6200      202.00
13.6400      196.00
13.6600      187.00
13.6800      175.00
13.7000      176.00
13.7200      170.00
13.7400      179.00
13.7600      173.00
13.7800      161.00
13.8000      197.00
13.8200      182.00
13.8400      195.00
13.8600      200.00
13.8800      209.00
13.9000      201.00
13.9200      182.00
13.9400      202.00
13.9600      201.00
13.9800      219.00
14.0000      212.00
14.0200      221.00
14.0400      213.00
14.0600      235.00
14.0800      255.00
14.1000      235.00
14.1200      310.00
14.1400      320.00
14.1600      322.00
14.1800      366.00
14.2000      386.00
14.2200      431.00
14.2400      381.00
14.2600      494.00
14.2800      490.00
14.3000      530.00
14.3200      530.00
14.3400      512.00
14.3600      578.00
14.3800      556.00
14.4000      587.00
14.4200      621.00
14.4400      555.00
14.4600      516.00
14.4800      504.00
14.5000      475.00
14.5200      450.00
14.5400      393.00
14.5600      412.00
14.5800      353.00
14.6000      289.00
14.6200      284.00
14.6400      291.00
14.6600      274.00
14.6800      246.00
14.7000      254.00
14.7200      227.00
14.7400      220.00
14.7600      205.00
14.7800      213.00
14.8000      204.00
14.8200      178.00
14.8400      205.00
14.8600      209.00
14.8800      183.00
14.9000      200.00
14.9200      179.00
14.9400      189.00
14.9600      198.00
14.9800      196.00
15.0000      193.00
15.0200      201.00
15.0400      216.00
15.0600      184.00
15.0800      188.00
15.1000      175.00
15.1200      191.00
15.1400      175.00
15.1600      190.00
15.1800      191.00
15.2000      182.00
15.2200      204.00
15.2400      188.00
15.2600      178.00
15.2800      179.00
15.3000      184.00
15.3200      177.00
15.3400      162.00
15.3600      168.00
15.3800      185.00
15.4000      173.00
15.4200      166.00
15.4400      172.00
15.4600      167.00
15.4800      195.00
15.5000      183.00
15.5200      191.00
15.5400      181.00
15.5600      163.00
15.5800      170.00
15.6000      170.00
15.6200      171.00
15.6400      188.00
15.6600      195.00
15.6800      189.00
15.7000      183.00
15.7200      199.00
15.7400      181.00
15.7600      190.00
15.7800      164.00
15.8000      192.00
15.8200      212.00
15.8400      214.00
15.8600      212.00
15.8800      227.00
15.9000      244.00
15.9200      240.00
15.9400      288.00
15.9600      253.00
15.9800      278.00
16.0000      288.00
16.0200      290.00
16.0400      323.00
16.0600      289.00
16.0800      289.00
16.1000      314.00
16.1200      322.00
16.1400      341.00
16.1600      325.00
16.1800      390.00
16.2000      346.00
16.2200      324.00
16.2400      328.00
16.2600      321.00
16.2800      314.00
16.3000      315.00
16.3200      317.00
16.3400      341.00
16.3600      353.00
16.3800      333.00
16.4000      370.00
16.4200      407.00
16.4400      368.00
16.4600      371.00
16.4800      364.00
16.5000      400.00
16.5200      424.00
16.5400      396.00
16.5600      389.00
16.5800      413.00
16.6000      388.00
16.6200      400.00
16.6400      385.00
16.6600      408.00
16.6800      429.00
16.7000      432.00
16.7200      388.00
16.7400      363.00
16.7600      342.00
16.7800      324.00
16.8000      293.00
16.8200      273.00
16.8400      260.00
16.8600      264.00
16.8800      243.00
16.9000      246.00
16.9200      238.00
16.9400      238.00
16.9600      268.00
16.9800      270.00
17.0000      281.00
17.0200      297.00
17.0400      336.00
17.0600      321.00
17.0800      357.00
17.1000      365.00
17.1200      397.00
17.1400      436.00
17.1600      442.00
17.1800      419.00
17.2000      421.00
17.2200      428.00
17.2400      445.00
17.2600      473.00
17.2800      421.00
17.3000      469.00
17.3200      452.00
17.3400      466.00
17.3600      441.00
17.3800      493.00
17.4000      495.00
17.4200      517.00
17.4400      567.00
17.4600      573.00
17.4800      604.00
17.5000      784.00
17.5200      824.00
17.5400      891.00
17.5600     1002.00
17.5800     1094.00
17.6000     1207.00
17.6200     1233.00
17.6400     1236.00
17.6600     1335.00
17.6800     1301.00
17.7000     1319.00
17.7200     1313.00
17.7400     1239.00
17.7600     1274.00
17.7800     1185.00
17.8000     1124.00
17.8200     1065.00
17.8400     1024.00
17.8600      913.00
17.8800      788.00
17.9000      688.00
17.9200      522.00
17.9400      516.00
17.9600      456.00
17.9800      369.00
18.0000      314.00
18.0200      325.00
18.0400      318.00
18.0600      297.00
18.0800      253.00
18.1000      272.00
18.1200      295.00
18.1400      267.00
18.1600      266.00
18.1800      265.00
18.2000      272.00
18.2200      258.00
18.2400      235.00
18.2600      255.00
18.2800      226.00
18.3000      302.00
18.3200      271.00
18.3400      282.00
18.3600      301.00
18.3800      322.00
18.4000      381.00
18.4200      401.00
18.4400      456.00
18.4600      410.00
18.4800      437.00
18.5000      501.00
18.5200      503.00
18.5400      541.00
18.5600      505.00
18.5800      507.00
18.6000      531.00
18.6200      518.00
18.6400      512.00
18.6600      470.00
18.6800      492.00
18.7000      456.00
18.7200      398.00
18.7400      391.00
18.7600      353.00
18.7800      303.00
18.8000      357.00
18.8200      301.00
18.8400      310.00
18.8600      294.00
18.8800      313.00
18.9000      294.00
18.9200      280.00
18.9400      256.00
18.9600      266.00
18.9800      278.00
19.0000      287.00
19.0200      284.00
19.0400      300.00
19.0600      286.00
19.0800      298.00
19.1000      263.00
19.1200      300.00
19.1400      280.00
19.1600      260.00
19.1800      267.00
19.2000      274.00
19.2200      294.00
19.2400      308.00
19.2600      294.00
19.2800      304.00
19.3000      303.00
19.3200      297.00
19.3400      287.00
19.3600      292.00
19.3800      291.00
19.4000      297.00
19.4200      272.00
19.4400      284.00
19.4600      288.00
19.4800      326.00
19.5000      313.00
19.5200      357.00
19.5400      374.00
19.5600      421.00
19.5800      440.00
19.6000      516.00
19.6200      586.00
19.6400      651.00
19.6600      723.00
19.6800      843.00
19.7000      852.00
19.7200      919.00
19.7400     1004.00
19.7600      958.00
19.7800     1022.00
19.8000     1001.00
19.8200      956.00
19.8400      992.00
19.8600      945.00
19.8800      933.00
19.9000      858.00
19.9200      838.00
19.9400      772.00
19.9600      719.00
19.9800      608.00
20.0000      559.00
20.0200      532.00
20.0400      421.00
20.0600      420.00
20.0800      333.00
20.1000      326.00
20.1200      302.00
20.1400      315.00
20.1600      285.00
20.1800      238.00
20.2000      266.00
20.2200      246.00
20.2400      219.00
20.2600      245.00
20.2800      240.00
20.3000      231.00
20.3200      225.00
20.3400      206.00
20.3600      216.00
20.3800      204.00
20.4000      240.00
20.4200      237.00
20.4400      253.00
20.4600      247.00
20.4800      270.00
20.5000      248.00
20.5200      267.00
20.5400      296.00
20.5600      293.00
20.5800      321.00
20.6000      376.00
20.6200      375.00
20.6400      492.00
20.6600      513.00
20.6800      531.00
20.7000      551.00
20.7200      656.00
20.7400      640.00
20.7600      600.00
20.7800      674.00
20.8000      726.00
20.8200      709.00
20.8400      770.00
20.8600      832.00
20.8800      848.00
20.9000      894.00
20.9200      919.00
20.9400     1016.00
20.9600     1049.00
20.9800     1165.00
21.0000     1200.00
21.0200     1344.00
21.0400     1436.00
21.0600     1528.00
21.0800     1621.00
21.1000     1840.00
21.1200     1751.00
21.1400     1903.00
21.1600     1814.00
21.1800     1755.00
21.2000     1860.00
21.2200     1729.00
21.2400     1639.00
21.2600     1477.00
21.2800     1488.00
21.3000     1298.00
21.3200     1144.00
21.3400     1057.00
21.3600      920.00
21.3800      717.00
21.4000      594.00
21.4200      473.00
21.4400      414.00
21.4600      349.00
21.4800      297.00
21.5000      266.00
21.5200      260.00
21.5400      237.00
21.5600      233.00
21.5800      236.00
21.6000      260.00
21.6200      213.00
21.6400      223.00
21.6600      236.00
21.6800      242.00
21.7000      221.00
21.7200      209.00
21.7400      222.00
21.7600      226.00
21.7800      216.00
21.8000      221.00
21.8200      207.00
21.8400      203.00
21.8600      219.00
21.8800      234.00
21.9000      225.00
21.9200      249.00
21.9400      227.00
21.9600      254.00
21.9800      232.00
22.0000      223.00
22.0200      238.00
22.0400      236.00
22.0600      211.00
22.0800      241.00
22.1000      249.00
22.1200      285.00
22.1400      250.00
22.1600      223.00
22.1800      305.00
22.2000      301.00
22.2200      321.00
22.2400      347.00
22.2600      284.00
22.2800      349.00
22.3000      401.00
22.3200      368.00
22.3400      434.00
22.3600      428.00
22.3800      451.00
22.4000      493.00
22.4200      459.00
22.4400      447.00
22.4600      495.00
22.4800      502.00
22.5000      569.00
22.5200      536.00
22.5400      594.00
22.5600      648.00
22.5800      679.00
22.6000      682.00
22.6200      714.00
22.6400      795.00
22.6600      810.00
22.6800      885.00
22.7000      839.00
22.7200      873.00
22.7400      805.00
22.7600      876.00
22.7800      807.00
22.8000      825.00
22.8200      703.00
22.8400      785.00
22.8600      748.00
22.8800      661.00
22.9000      566.00
22.9200      620.00
22.9400      608.00
22.9600      570.00
22.9800      525.00
23.0000      502.00
23.0200      484.00
23.0400      501.00
23.0600      530.00
23.0800      538.00
23.1000      538.00
23.1200      591.00
23.1400      613.00
23.1600      597.00
23.1800      670.00
23.2000      593.00
23.2200      549.00
23.2400      659.00
23.2600      586.00
23.2800      617.00
23.3000      634.00
23.3200      575.00
23.3400      560.00
23.3600      609.00
23.3800      565.00
23.4000      553.00
23.4200      569.00
23.4400      574.00
23.4600      553.00
23.4800      531.00
23.5000      549.00
23.5200      564.00
23.5400      536.00
23.5600      499.00
23.5800      522.00
23.6000      508.00
23.6200      462.00
23.6400      448.00
23.6600      465.00
23.6800      425.00
23.7000      411.00
23.7200      337.00
23.7400      317.00
23.7600      301.00
23.7800      277.00
23.8000      278.00
23.8200      242.00
23.8400      278.00
23.8600      277.00
23.8800      250.00
23.9000      270.00
23.9200      284.00
23.9400      320.00
23.9600      331.00
23.9800      341.00
24.0000      398.00
24.0200      382.00
24.0400      453.00
24.0600      440.00
24.0800      455.00
24.1000      557.00
24.1200      574.00
24.1400      659.00
24.1600      678.00
24.1800      666.00
24.2000      642.00
24.2200      670.00
24.2400      685.00
24.2600      752.00
24.2800      716.00
24.3000      760.00
24.3200      802.00
24.3400      794.00
24.3600      827.00
24.3800      837.00
24.4000      878.00
24.4200      830.00
24.4400      845.00
24.4600      887.00
24.4800      886.00
24.5000      885.00
24.5200      833.00
24.5400      881.00
24.5600      838.00
24.5800      753.00
24.6000      774.00
24.6200      740.00
24.6400      679.00
24.6600      588.00
24.6800      541.00
24.7000      480.00
24.7200      426.00
24.7400      383.00
24.7600      388.00
24.7800      336.00
24.8000      310.00
24.8200      330.00
24.8400      322.00
24.8600      366.00
24.8800      395.00
24.9000      449.00
24.9200      485.00
24.9400      494.00
24.9600      559.00
24.9800      583.00
25.0000      598.00
25.0200      614.00
25.0400      539.00
25.0600      587.00
25.0800      638.00
25.1000      613.00
25.1200      635.00
25.1400      567.00
25.1600      581.00
25.1800      524.00
25.2000      438.00
25.2200      463.00
25.2400      413.00
25.2600      383.00
25.2800      362.00
25.3000      309.00
25.3200      263.00
25.3400      260.00
25.3600      224.00
25.3800      226.00
25.4000      230.00
25.4200      229.00
25.4400      197.00
25.4600      189.00
25.4800      233.00
25.5000      196.00
25.5200      182.00
25.5400      209.00
25.5600      200.00
25.5800      184.00
25.6000      203.00
25.6200      190.00
25.6400      209.00
25.6600      212.00
25.6800      170.00
25.7000      220.00
25.7200      208.00
25.7400      188.00
25.7600      193.00
25.7800      216.00
25.8000      190.00
25.8200      193.00
25.8400      200.00
25.8600      226.00
25.8800      200.00
25.9000      243.00
25.9200      218.00
25.9400      233.00
25.9600      241.00
25.9800      259.00
26.0000      270.00
26.0200      270.00
26.0400      295.00
26.0600      323.00
26.0800      288.00
26.1000      326.00
26.1200      356.00
26.1400      366.00
26.1600      360.00
26.1800      369.00
26.2000      414.00
26.2200      392.00
26.2400      478.00
26.2600      446.00
26.2800      448.00
26.3000      499.00
26.3200      482.00
26.3400      488.00
26.3600      490.00
26.3800      475.00
26.4000      495.00
26.4200      495.00
26.4400      457.00
26.4600      471.00
26.4800      491.00
26.5000      455.00
26.5200      470.00
26.5400      447.00
26.5600      416.00
26.5800      458.00
26.6000      416.00
26.6200      396.00
26.6400      400.00
26.6600      378.00
26.6800      403.00
26.7000      365.00
26.7200      348.00
26.7400      331.00
26.7600      305.00
26.7800      309.00
26.8000      274.00
26.8200      276.00
26.8400      255.00
26.8600      218.00
26.8800      206.00
26.9000      199.00
26.9200      198.00
26.9400      214.00
26.9600      203.00
26.9800      240.00
27.0000      211.00
27.0200      222.00
27.0400      228.00
27.0600      225.00
27.0800      212.00
27.1000      236.00
27.1200      232.00
27.1400      218.00
27.1600      231.00
27.1800      218.00
27.2000      208.00
27.2200      245.00
27.2400      264.00
27.2600      250.00
27.2800      249.00
27.3000      239.00
27.3200      259.00
27.3400      290.00
27.3600      292.00
27.3800      311.00
27.4000      312.00
27.4200      284.00
27.4400      323.00
27.4600      341.00
27.4800      317.00
27.5000      322.00
27.5200      337.00
27.5400      377.00
27.5600      399.00
27.5800      400.00
27.6000      381.00
27.6200      465.00
27.6400      516.00
27.6600      567.00
27.6800      568.00
27.7000      588.00
27.7200      621.00
27.7400      595.00
27.7600      612.00
27.7800      655.00
27.8000      631.00
27.8200      606.00
27.8400      625.00
27.8600      607.00
27.8800      543.00
27.9000      509.00
27.9200      514.00
27.9400      494.00
27.9600      460.00
27.9800      418.00
28.0000      402.00
28.0200      398.00
28.0400      357.00
28.0600      324.00
28.0800      336.00
28.1000      296.00
28.1200      274.00
28.1400      277.00
28.1600      285.00
28.1800      275.00
28.2000      283.00
28.2200      256.00
28.2400      277.00
28.2600      257.00
28.2800      260.00
28.3000      258.00
28.3200      291.00
28.3400      326.00
28.3600      316.00
28.3800      385.00
28.4000      388.00
28.4200      410.00
28.4400      457.00
28.4600      517.00
28.4800      597.00
28.5000      681.00
28.5200      712.00
28.5400      789.00
28.5600      856.00
28.5800      843.00
28.6000      874.00
28.6200      976.00
28.6400      894.00
28.6600      902.00
28.6800      873.00
28.7000      891.00
28.7200      898.00
28.7400      790.00
28.7600      773.00
28.7800      729.00
28.8000      666.00
28.8200      605.00
28.8400      614.00
28.8600      547.00
28.8800      518.00
28.9000      523.00
28.9200      496.00
28.9400      419.00
28.9600      458.00
28.9800      397.00
29.0000      427.00
29.0200      345.00
29.0400      366.00
29.0600      368.00
29.0800      345.00
29.1000      370.00
29.1200      402.00
29.1400      339.00
29.1600      378.00
29.1800      379.00
29.2000      384.00
29.2200      399.00
29.2400      409.00
29.2600      446.00
29.2800      415.00
29.3000      416.00
29.3200      421.00
29.3400      410.00
29.3600      406.00
29.3800      404.00
29.4000      465.00
29.4200      436.00
29.4400      475.00
29.4600      481.00
29.4800      486.00
29.5000      499.00
29.5200      533.00
29.5400      514.00
29.5600      477.00
29.5800      518.00
29.6000      504.00
29.6200      488.00
29.6400      445.00
29.6600      432.00
29.6800      406.00
29.7000      411.00
29.7200      393.00
29.7400      330.00
29.7600      357.00
29.7800      279.00
29.8000      267.00
29.8200      272.00
29.8400      227.00
29.8600      223.00
29.8800      204.00
29.9000      205.00
29.9200      168.00
29.9400      202.00
29.9600      195.00
29.9800      224.00
30.0000      198.00
30.0200      220.00
30.0400      202.00
30.0600      216.00
30.0800      250.00
30.1000      264.00
30.1200      282.00
30.1400      302.00
30.1600      276.00
30.1800      294.00
30.2000      338.00
30.2200      382.00
30.2400      331.00
30.2600      320.00
30.2800      332.00
30.3000      390.00
30.3200      372.00
30.3400      321.00
30.3600      369.00
30.3800      340.00
30.4000      347.00
30.4200      329.00
30.4400      329.00
30.4600      301.00
30.4800      294.00
30.5000      248.00
30.5200      262.00
30.5400      218.00
30.5600      259.00
30.5800      226.00
30.6000      247.00
30.6200      247.00
30.6400      214.00
30.6600      217.00
30.6800      213.00
30.7000      244.00
30.7200      193.00
30.7400      206.00
30.7600      231.00
30.7800      225.00
30.8000      241.00
30.8200      250.00
30.8400      215.00
30.8600      199.00
30.8800      231.00
30.9000      243.00
30.9200      206.00
30.9400      212.00
30.9600      223.00
30.9800      221.00
31.0000      203.00
31.0200      198.00
31.0400      211.00
31.0600      219.00
31.0800      213.00
31.1000      198.00
31.1200      191.00
31.1400      218.00
31.1600      237.00
31.1800      208.00
31.2000      215.00
31.2200      196.00
31.2400      183.00
31.2600      181.00
31.2800      194.00
31.3000      186.00
31.3200      155.00
31.3400      169.00
31.3600      172.00
31.3800      193.00
31.4000      213.00
31.4200      178.00
31.4400      186.00
31.4600      163.00
31.4800      158.00
31.5000      186.00
31.5200      188.00
31.5400      208.00
31.5600      203.00
31.5800      206.00
31.6000      198.00
31.6200      186.00
31.6400      201.00
31.6600      212.00
31.6800      230.00
31.7000      209.00
31.7200      209.00
31.7400      172.00
31.7600      216.00
31.7800      218.00
31.8000      194.00
31.8200      205.00
31.8400      235.00
31.8600      190.00
31.8800      208.00
31.9000      210.00
31.9200      181.00
31.9400      188.00
31.9600      204.00
31.9800      206.00
32.0000      209.00
32.0200      226.00
32.0400      217.00
32.0600      218.00
32.0800      256.00
32.1000      253.00
32.1200      271.00
32.1400      288.00
32.1600      306.00
32.1800      301.00
32.2000      291.00
32.2200      312.00
32.2400      264.00
32.2600      276.00
32.2800      292.00
32.3000      308.00
32.3200      298.00
32.3400      301.00
32.3600      313.00
32.3800      321.00
32.4000      308.00
32.4200      298.00
32.4400      288.00
32.4600      296.00
32.4800      326.00
32.5000      318.00
32.5200      325.00
32.5400      349.00
32.5600      337.00
32.5800      340.00
32.6000      396.00
32.6200      318.00
32.6400      357.00
32.6600      360.00
32.6800      367.00
32.7000      366.00
32.7200      368.00
32.7400      393.00
32.7600      349.00
32.7800      359.00
32.8000      357.00
32.8200      339.00
32.8400      346.00
32.8600      326.00
32.8800      323.00
32.9000      306.00
32.9200      316.00
32.9400      279.00
32.9600      286.00
32.9800      312.00
33.0000      255.00
33.0200      279.00
33.0400      256.00
33.0600      268.00
33.0800      252.00
33.1000      275.00
33.1200      256.00
33.1400      247.00
33.1600      278.00
33.1800      284.00
33.2000      252.00
33.2200      265.00
33.2400      288.00
33.2600      294.00
33.2800      325.00
33.3000      332.00
33.3200      320.00
33.3400      351.00
33.3600      351.00
33.3800      375.00
33.4000      363.00
33.4200      337.00
33.4400      346.00
33.4600      401.00
33.4800      351.00
33.5000      375.00
33.5200      342.00
33.5400      349.00
33.5600      329.00
33.5800      337.00
33.6000      328.00
33.6200      259.00
33.6400      290.00
33.6600      314.00
33.6800      272.00
33.7000      242.00
33.7200      230.00
33.7400      217.00
33.7600      221.00
33.7800      218.00
33.8000      184.00
33.8200      211.00
33.8400      205.00
33.8600      190.00
33.8800      201.00
33.9000      186.00
33.9200      204.00
33.9400      183.00
33.9600      167.00
33.9800      177.00
34.0000      208.00
34.0200      181.00
34.0400      184.00
34.0600      186.00
34.0800      194.00
34.1000      193.00
34.1200      210.00
34.1400      231.00
34.1600      240.00
34.1800      273.00
34.2000      267.00
34.2200      289.00
34.2400      308.00
34.2600      318.00
34.2800      292.00
34.3000      333.00
34.3200      327.00
34.3400      313.00
34.3600      295.00
34.3800      329.00
34.4000      322.00
34.4200      281.00
34.4400      286.00
34.4600      276.00
34.4800      251.00
34.5000      271.00
34.5200      239.00
34.5400      244.00
34.5600      216.00
34.5800      190.00
34.6000      186.00
34.6200      187.00
34.6400      181.00
34.6600      193.00
34.6800      202.00
34.7000      175.00
34.7200      182.00
34.7400      177.00
34.7600      184.00
34.7800      187.00
34.8000      187.00
34.8200      193.00
34.8400      197.00
34.8600      174.00
34.8800      193.00
34.9000      188.00
34.9200      185.00
34.9400      164.00
34.9600      204.00
34.9800      210.00
35.0000      215.00
35.0200      197.00
35.0400      210.00
