 2.2000      276.00
 2.2200      290.00
 2.2400      299.00
 2.2600      296.00
 2.2800      266.00
 2.3000      288.00
 2.3200      274.00
 2.3400      247.00
 2.3600      259.00
 2.3800      283.00
 2.4000      264.00
 2.4200      243.00
 2.4400      267.00
 2.4600      330.00
 2.4800      296.00
 2.5000      254.00
 2.5200      237.00
 2.5400      266.00
 2.5600      267.00
 2.5800      294.00
 2.6000      299.00
 2.6200      245.00
 2.6400      252.00
 2.6600      269.00
 2.6800      277.00
 2.7000      272.00
 2.7200      251.00
 2.7400      257.00
 2.7600      256.00
 2.7800      219.00
 2.8000      268.00
 2.8200      262.00
 2.8400      233.00
 2.8600      253.00
 2.8800      263.00
 2.9000      270.00
 2.9200      246.00
 2.9400      255.00
 2.9600      229.00
 2.9800      246.00
 3.0000      242.00
 3.0200      224.00
 3.0400      236.00
 3.0600      247.00
 3.0800      234.00
 3.1000      233.00
 3.1200      243.00
 3.1400      231.00
 3.1600      260.00
 3.1800      251.00
 3.2000      239.00
 3.2200      242.00
 3.2400      218.00
 3.2600      213.00
 3.2800      234.00
 3.3000      206.00
 3.3200      205.00
 3.3400      239.00
 3.3600      223.00
 3.3800      257.00
 3.4000      211.00
 3.4200      236.00
 3.4400      194.00
 3.4600      198.00
 3.4800      199.00
 3.5000      212.00
 3.5200      197.00
 3.5400      202.00
 3.5600      184.00
 3.5800      192.00
 3.6000      197.00
 3.6200      184.00
 3.6400      190.00
 3.6600      202.00
 3.6800      187.00
 3.7000      192.00
 3.7200      205.00
 3.7400      168.00
 3.7600      217.00
 3.7800      178.00
 3.8000      196.00
 3.8200      174.00
 3.8400      167.00
 3.8600      175.00
 3.8800      169.00
 3.9000      168.00
 3.9200      174.00
 3.9400      190.00
 3.9600      181.00
 3.9800      165.00
 4.0000      190.00
 4.0200      170.00
 4.0400      150.00
 4.0600      165.00
 4.0800      176.00
 4.1000      171.00
 4.1200      175.00
 4.1400      163.00
 4.1600      155.00
 4.1800      165.00
 4.2000      140.00
 4.2200      159.00
 4.2400      176.00
 4.2600      148.00
 4.2800      136.00
 4.3000      165.00
 4.3200      161.00
 4.3400      168.00
 4.3600      152.00
 4.3800      151.00
 4.4000      164.00
 4.4200      146.00
 4.4400      137.00
 4.4600      152.00
 4.4800      164.00
 4.5000      146.00
 4.5200      137.00
 4.5400      158.00
 4.5600      145.00
 4.5800      128.00
 4.6000      132.00
 4.6200      154.00
 4.6400      133.00
 4.6600      149.00
 4.6800      156.00
 4.7000      160.00
 4.7200      144.00
 4.7400      128.00
 4.7600      151.00
 4.7800      139.00
 4.8000      134.00
 4.8200      166.00
 4.8400      118.00
 4.8600      121.00
 4.8800      134.00
 4.9000      131.00
 4.9200      128.00
 4.9400      159.00
 4.9600      144.00
 4.9800      137.00
 5.0000      124.00
 5.0200      123.00
 5.0400      123.00
 5.0600      123.00
 5.0800      139.00
 5.1000      156.00
 5.1200      127.00
 5.1400      123.00
 5.1600      121.00
 5.1800      152.00
 5.2000      150.00
 5.2200      128.00
 5.2400      131.00
 5.2600      126.00
 5.2800      159.00
 5.3000      128.00
 5.3200      133.00
 5.3400      135.00
 5.3600      140.00
 5.3800      131.00
 5.4000      138.00
 5.4200      133.00
 5.4400      111.00
 5.4600      121.00
 5.4800      133.00
 5.5000      140.00
 5.5200      152.00
 5.5400      126.00
 5.5600      148.00
 5.5800      146.00
 5.6000      136.00
 5.6200      141.00
 5.6400      129.00
 5.6600      120.00
 5.6800      172.00
 5.7000      138.00
 5.7200      119.00
 5.7400      121.00
 5.7600      131.00
 5.7800      150.00
 5.8000      137.00
 5.8200      136.00
 5.8400      118.00
 5.8600      132.00
 5.8800      150.00
 5.9000      131.00
 5.9200      140.00
 5.9400      123.00
 5.9600      123.00
 5.9800      133.00
 6.0000      149.00
 6.0200      130.00
 6.0400      139.00
 6.0600      144.00
 6.0800      147.00
 6.1000      134.00
 6.1200      155.00
 6.1400      134.00
 6.1600      131.00
 6.1800      149.00
 6.2000      140.00
 6.2200      153.00
 6.2400      130.00
 6.2600      138.00
 6.2800      156.00
 6.3000      157.00
 6.3200      129.00
 6.3400      158.00
 6.3600      124.00
 6.3800      128.00
 6.4000      142.00
 6.4200      141.00
 6.4400      142.00
 6.4600      134.00
 6.4800      136.00
 6.5000      129.00
 6.5200      139.00
 6.5400      143.00
 6.5600      154.00
 6.5800      141.00
 6.6000      152.00
 6.6200      147.00
 6.6400      149.00
 6.6600      147.00
 6.6800      127.00
 6.7000      147.00
 6.7200      167.00
 6.7400      141.00
 6.7600      160.00
 6.7800      139.00
 6.8000      143.00
 6.8200      128.00
 6.8400      145.00
 6.8600      152.00
 6.8800      155.00
 6.9000      146.00
 6.9200      145.00
 6.9400      154.00
 6.9600      147.00
 6.9800      147.00
 7.0000      142.00
 7.0200      157.00
 7.0400      159.00
 7.0600      160.00
 7.0800      153.00
 7.1000      172.00
 7.1200      143.00
 7.1400      144.00
 7.1600      132.00
 7.1800      135.00
 7.2000      142.00
 7.2200      144.00
 7.2400      146.00
 7.2600      157.00
 7.2800      143.00
 7.3000      129.00
 7.3200      151.00
 7.3400      128.00
 7.3600      124.00
 7.3800      139.00
 7.4000      142.00
 7.4200      140.00
 7.4400      142.00
 7.4600      141.00
 7.4800      136.00
 7.5000      158.00
 7.5200      129.00
 7.5400      143.00
 7.5600      137.00
 7.5800      147.00
 7.6000      142.00
 7.6200      134.00
 7.6400      149.00
 7.6600      143.00
 7.6800      150.00
 7.7000      137.00
 7.7200      126.00
 7.7400      129.00
 7.7600      155.00
 7.7800      145.00
 7.8000      129.00
 7.8200      111.00
 7.8400      136.00
 7.8600      149.00
 7.8800      127.00
 7.9000      134.00
 7.9200      170.00
 7.9400      145.00
 7.9600      142.00
 7.9800      152.00
 8.0000      140.00
 8.0200      120.00
 8.0400      128.00
 8.0600      149.00
 8.0800      132.00
 8.1000      148.00
 8.1200      136.00
 8.1400      141.00
 8.1600      144.00
 8.1800      161.00
 8.2000      131.00
 8.2200      135.00
 8.2400      162.00
 8.2600      136.00
 8.2800      139.00
 8.3000      153.00
 8.3200      135.00
 8.3400      153.00
 8.3600      165.00
 8.3800      152.00
 8.4000      131.00
 8.4200      125.00
 8.4400      146.00
 8.4600      122.00
 8.4800      149.00
 8.5000      148.00
 8.5200      158.00
 8.5400      154.00
 8.5600      166.00
 8.5800      160.00
 8.6000      148.00
 8.6200      162.00
 8.6400      164.00
 8.6600      159.00
 8.6800      160.00
 8.7000      177.00
 8.7200      160.00
 8.7400      180.00
 8.7600      172.00
 8.7800      168.00
 8.8000      158.00
 8.8200      157.00
 8.8400      198.00
 8.8600      140.00
 8.8800      173.00
 8.9000      158.00
 8.9200      169.00
 8.9400      159.00
 8.9600      147.00
 8.9800      163.00
 9.0000      142.00
 9.0200      156.00
 9.0400      152.00
 9.0600      180.00
 9.0800      171.00
 9.1000      155.00
 9.1200      147.00
 9.1400      139.00
 9.1600      124.00
 9.1800      123.00
 9.2000      133.00
 9.2200      166.00
 9.2400      148.00
 9.2600      166.00
 9.2800      152.00
 9.3000      145.00
 9.3200      127.00
 9.3400      160.00
 9.3600      139.00
 9.3800      117.00
 9.4000      144.00
 9.4200      143.00
 9.4400      144.00
 9.4600      156.00
 9.4800      149.00
 9.5000      145.00
 9.5200      159.00
 9.5400      165.00
 9.5600      152.00
 9.5800      167.00
 9.6000      167.00
 9.6200      145.00
 9.6400      135.00
 9.6600      145.00
 9.6800      158.00
 9.7000      158.00
 9.7200      154.00
 9.7400      146.00
 9.7600      162.00
 9.7800      181.00
 9.8000      170.00
 9.8200      153.00
 9.8400      170.00
 9.8600      170.00
 9.8800      172.00
 9.9000      173.00
 9.9200      171.00
 9.9400      185.00
 9.9600      179.00
 9.9800      181.00
10.0000      173.00
10.0200      184.00
10.0400      163.00
10.0600      156.00
10.0800      152.00
10.1000      169.00
10.1200      168.00
10.1400      164.00
10.1600      183.00
10.1800      155.00
10.2000      176.00
10.2200      142.00
10.2400      148.00
10.2600      166.00
10.2800      183.00
10.3000      162.00
10.3200      159.00
10.3400      159.00
10.3600      158.00
10.3800      156.00
10.4000      147.00
10.4200      160.00
10.4400      147.00
10.4600      153.00
10.4800      135.00
10.5000      165.00
10.5200      151.00
10.5400      168.00
10.5600      153.00
10.5800      172.00
10.6000      171.00
10.6200      185.00
10.6400      162.00
10.6600      175.00
10.6800      175.00
10.7000      194.00
10.7200      191.00
10.7400      185.00
10.7600      175.00
10.7800      178.00
10.8000      197.00
10.8200      185.00
10.8400      208.00
10.8600      233.00
10.8800      217.00
10.9000      247.00
10.9200      269.00
10.9400      252.00
10.9600      247.00
10.9800      293.00
11.0000      317.00
11.0200      342.00
11.0400      279.00
11.0600      321.00
11.0800      346.00
11.1000      323.00
11.1200      359.00
11.1400      361.00
11.1600      390.00
11.1800      467.00
11.2000      402.00
11.2200      441.00
11.2400      389.00
11.2600      412.00
11.2800      398.00
11.3000      386.00
11.3200      401.00
11.3400      348.00
11.3600      358.00
11.3800      308.00
11.4000      319.00
11.4200      316.00
11.4400      296.00
11.4600      255.00
11.4800      278.00
11.5000      266.00
11.5200      230.00
11.5400      192.00
11.5600      190.00
11.5800      184.00
11.6000      174.00
11.6200      182.00
11.6400      160.00
11.6600      181.00
11.6800      191.00
11.7000      179.00
11.7200      174.00
11.7400      209.00
11.7600      185.00
11.7800      212.00
11.8000      201.00
11.8200      181.00
11.8400      210.00
11.8600      192.00
11.8800      216.00
11.9000      243.00
11.9200      239.00
11.9400      242.00
11.9600      261.00
11.9800      273.00
12.0000      286.00
12.0200      322.00
12.0400      323.00
12.0600      364.00
12.0800      367.00
12.1000      372.00
12.1200      394.00
12.1400      427.00
12.1600      445.00
12.1800      398.00
12.2000      411.00
12.2200      386.00
12.2400      391.00
12.2600      383.00
12.2800      357.00
12.3000      346.00
12.3200      333.00
12.3400      381.00
12.3600      350.00
12.3800      329.00
12.4000      349.00
12.4200      384.00
12.4400      361.00
12.4600      368.00
12.4800      431.00
12.5000      385.00
12.5200      449.00
12.5400      436.00
12.5600      464.00
12.5800      409.00
12.6000      427.00
12.6200      416.00
12.6400      433.00
12.6600      428.00
12.6800      406.00
12.7000      386.00
12.7200      366.00
12.7400      314.00
12.7600      322.00
12.7800      284.00
12.8000      229.00
12.8200      216.00
12.8400      183.00
12.8600      182.00
12.8800      185.00
12.9000      199.00
12.9200      174.00
12.9400      187.00
12.9600      173.00
12.9800      163.00
13.0000      169.00
13.0200      172.00
13.0400      158.00
13.0600      162.00
13.0800      169.00
13.1000      192.00
13.1200      194.00
13.1400      171.00
13.1600      182.00
13.1800      179.00
13.2000      193.00
13.2200      162.00
13.2400      185.00
13.2600      141.00
13.2800      190.00
13.3000      175.00
13.3200      183.00
13.3400      172.00
13.3600      180.00
13.3800      172.00
13.4000      198.00
13.4200      159.00
13.4400      180.00
13.4600      189.00
13.4800      150.00
13.5000      186.00
13.5200      162.00
13.5400      180.00
13.5600      150.00
13.5800      168.00
13.6000      149.00
13.6200      175.00
13.6400      185.00
13.6600      185.00
13.6800      170.00
13.7000      187.00
13.7200      171.00
13.7400      177.00
13.7600      167.00
13.7800      175.00
13.8000      165.00
13.8200      201.00
13.8400      184.00
13.8600      178.00
13.8800      208.00
13.9000      173.00
13.9200      210.00
13.9400      231.00
13.9600      218.00
13.9800      232.00
14.0000      257.00
14.0200      271.00
14.0400      266.00
14.0600      294.00
14.0800      302.00
14.1000      319.00
14.1200      376.00
14.1400      425.00
14.1600      422.00
14.1800      491.00
14.2000      534.00
14.2200      460.00
14.2400      518.00
14.2600      528.00
14.2800      502.00
14.3000      481.00
14.3200      544.00
14.3400      510.00
14.3600      481.00
14.3800      469.00
14.4000      469.00
14.4200      387.00
14.4400      416.00
14.4600      327.00
14.4800      302.00
14.5000      324.00
14.5200      328.00
14.5400      293.00
14.5600      270.00
14.5800      262.00
14.6000      247.00
14.6200      232.00
14.6400      223.00
14.6600      195.00
14.6800      209.00
14.7000      185.00
14.7200      200.00
14.7400      167.00
14.7600      185.00
14.7800      165.00
14.8000      169.00
14.8200      146.00
14.8400      163.00
14.8600      169.00
14.8800      179.00
14.9000      173.00
14.9200      149.00
14.9400      191.00
14.9600      157.00
14.9800      172.00
15.0000      176.00
15.0200      159.00
15.0400      169.00
15.0600      164.00
15.0800      150.00
15.1000      184.00
15.1200      139.00
15.1400      165.00
15.1600      172.00
15.1800      153.00
15.2000      159.00
15.2200      163.00
15.2400      166.00
15.2600      144.00
15.2800      145.00
15.3000      142.00
15.3200      165.00
15.3400      154.00
15.3600      161.00
15.3800      178.00
15.4000      158.00
15.4200      167.00
15.4400      162.00
15.4600      162.00
15.4800      183.00
15.5000      162.00
15.5200      157.00
15.5400      163.00
15.5600      181.00
15.5800      162.00
15.6000      166.00
15.6200      148.00
15.6400      164.00
15.6600      179.00
15.6800      177.00
15.7000      185.00
15.7200      164.00
15.7400      205.00
15.7600      181.00
15.7800      216.00
15.8000      222.00
15.8200      206.00
15.8400      224.00
15.8600      218.00
15.8800      254.00
15.9000      290.00
15.9200      293.00
15.9400      293.00
15.9600      288.00
15.9800      282.00
16.0000      253.00
16.0200      289.00
16.0400      268.00
16.0600      302.00
16.0800      337.00
16.1000      292.00
16.1200      302.00
16.1400      302.00
16.1600      296.00
16.1800      329.00
16.2000      316.00
16.2200      297.00
16.2400      319.00
16.2600      293.00
16.2800      273.00
16.3000      301.00
16.3200      315.00
16.3400      330.00
16.3600      324.00
16.3800      307.00
16.4000      249.00
16.4200      309.00
16.4400      305.00
16.4600      295.00
16.4800      346.00
16.5000      360.00
16.5200      350.00
16.5400      342.00
16.5600      343.00
16.5800      344.00
16.6000      345.00
16.6200      358.00
16.6400      325.00
16.6600      281.00
16.6800      246.00
16.7000      289.00
16.7200      240.00
16.7400      223.00
16.7600      238.00
16.7800      199.00
16.8000      200.00
16.8200      231.00
16.8400      209.00
16.8600      211.00
16.8800      230.00
16.9000      247.00
16.9200      256.00
16.9400      267.00
16.9600      316.00
16.9800      281.00
17.0000      308.00
17.0200      291.00
17.0400      354.00
17.0600      389.00
17.0800      373.00
17.1000      360.00
17.1200      367.00
17.1400      376.00
17.1600      388.00
17.1800      373.00
17.2000      373.00
17.2200      353.00
17.2400      393.00
17.2600      407.00
17.2800      380.00
17.3000      405.00
17.3200      458.00
17.3400      470.00
17.3600      532.00
17.3800      538.00
17.4000      609.00
17.4200      652.00
17.4400      746.00
17.4600      866.00
17.4800     1015.00
17.5000     1190.00
17.5200     1225.00
17.5400     1473.00
17.5600     1379.00
17.5800     1459.00
17.6000     1555.00
17.6200     1430.00
17.6400     1375.00
17.6600     1290.00
17.6800     1259.00
17.7000     1144.00
17.7200     1063.00
17.7400     1052.00
17.7600      927.00
17.7800      858.00
17.8000      728.00
17.8200      648.00
17.8400      484.00
17.8600      419.00
17.8800      364.00
17.9000      338.00
17.9200      304.00
17.9400      283.00
17.9600      288.00
17.9800      260.00
18.0000      276.00
18.0200      270.00
18.0400      230.00
18.0600      247.00
18.0800      267.00
18.1000      241.00
18.1200      251.00
18.1400      221.00
18.1600      245.00
18.1800      218.00
18.2000      230.00
18.2200      209.00
18.2400      269.00
18.2600      261.00
18.2800      236.00
18.3000      313.00
18.3200      360.00
18.3400      369.00
18.3600      381.00
18.3800      413.00
18.4000      489.00
18.4200      486.00
18.4400      505.00
18.4600      530.00
18.4800      512.00
18.5000      497.00
18.5200      507.00
18.5400      489.00
18.5600      474.00
18.5800      445.00
18.6000      414.00
18.6200      432.00
18.6400      369.00
18.6600      354.00
18.6800      315.00
18.7000      277.00
18.7200      282.00
18.7400      271.00
18.7600      253.00
18.7800      266.00
18.8000      280.00
18.8200      271.00
18.8400      274.00
18.8600      240.00
18.8800      293.00
18.9000      253.00
18.9200      269.00
18.9400      277.00
18.9600      244.00
18.9800      254.00
19.0000      255.00
19.0200      236.00
19.0400      250.00
19.0600      210.00
19.0800      262.00
19.1000      264.00
19.1200      270.00
19.1400      254.00
19.1600      257.00
19.1800      289.00
19.2000      276.00
19.2200      263.00
19.2400      251.00
19.2600      291.00
19.2800      236.00
19.3000      268.00
19.3200      291.00
19.3400      245.00
19.3600      281.00
19.3800      272.00
19.4000      265.00
19.4200      312.00
19.4400      260.00
19.4600      324.00
19.4800      307.00
19.5000      346.00
19.5200      402.00
19.5400      442.00
19.5600      585.00
19.5800      581.00
19.6000      751.00
19.6200      857.00
19.6400      872.00
19.6600      928.00
19.6800     1041.00
19.7000      989.00
19.7200     1008.00
19.7400      904.00
19.7600      870.00
19.7800      887.00
19.8000      892.00
19.8200      755.00
19.8400      775.00
19.8600      733.00
19.8800      694.00
19.9000      620.00
19.9200      541.00
19.9400      531.00
19.9600      426.00
19.9800      392.00
20.0000      320.00
20.0200      317.00
20.0400      275.00
20.0600      242.00
20.0800      244.00
20.1000      212.00
20.1200      242.00
20.1400      243.00
20.1600      197.00
20.1800      181.00
20.2000      203.00
20.2200      215.00
20.2400      206.00
20.2600      188.00
20.2800      205.00
20.3000      188.00
20.3200      194.00
20.3400      192.00
20.3600      201.00
20.3800      221.00
20.4000      217.00
20.4200      232.00
20.4400      248.00
20.4600      260.00
20.4800      285.00
20.5000      289.00
20.5200      337.00
20.5400      369.00
20.5600      388.00
20.5800      395.00
20.6000      419.00
20.6200      470.00
20.6400      490.00
20.6600      494.00
20.6800      507.00
20.7000      579.00
20.7200      554.00
20.7400      598.00
20.7600      667.00
20.7800      682.00
20.8000      681.00
20.8200      744.00
20.8400      826.00
20.8600      801.00
20.8800      911.00
20.9000      972.00
20.9200     1037.00
20.9400     1184.00
20.9600     1278.00
20.9800     1388.00
21.0000     1446.00
21.0200     1538.00
21.0400     1648.00
21.0600     1646.00
21.0800     1807.00
21.1000     1790.00
21.1200     1713.00
21.1400     1763.00
21.1600     1577.00
21.1800     1591.00
21.2000     1415.00
21.2200     1244.00
21.2400     1062.00
21.2600     1002.00
21.2800      828.00
21.3000      695.00
21.3200      566.00
21.3400      435.00
21.3600      345.00
21.3800      297.00
21.4000      273.00
21.4200      238.00
21.4400      232.00
21.4600      213.00
21.4800      198.00
21.5000      183.00
21.5200      196.00
21.5400      180.00
21.5600      180.00
21.5800      184.00
21.6000      199.00
21.6200      171.00
21.6400      185.00
21.6600      192.00
21.6800      193.00
21.7000      219.00
21.7200      169.00
21.7400      187.00
21.7600      171.00
21.7800      186.00
21.8000      219.00
21.8200      176.00
21.8400      201.00
21.8600      169.00
21.8800      177.00
21.9000      188.00
21.9200      208.00
21.9400      206.00
21.9600      208.00
21.9800      189.00
22.0000      224.00
22.0200      228.00
22.0400      211.00
22.0600      214.00
22.0800      223.00
22.1000      237.00
22.1200      236.00
22.1400      245.00
22.1600      299.00
22.1800      290.00
22.2000      291.00
22.2200      327.00
22.2400      327.00
22.2600      355.00
22.2800      349.00
22.3000      389.00
22.3200      363.00
22.3400      360.00
22.3600      368.00
22.3800      398.00
22.4000      399.00
22.4200      409.00
22.4400      437.00
22.4600      420.00
22.4800      471.00
22.5000      529.00
22.5200      492.00
22.5400      522.00
22.5600      608.00
22.5800      599.00
22.6000      673.00
22.6200      647.00
22.6400      642.00
22.6600      631.00
22.6800      667.00
22.7000      671.00
22.7200      585.00
22.7400      571.00
22.7600      584.00
22.7800      493.00
22.8000      520.00
22.8200      482.00
22.8400      425.00
22.8600      435.00
22.8800      428.00
22.9000      404.00
22.9200      389.00
22.9400      427.00
22.9600      360.00
22.9800      405.00
23.0000      403.00
23.0200      438.00
23.0400      494.00
23.0600      470.00
23.0800      500.00
23.1000      474.00
23.1200      527.00
23.1400      514.00
23.1600      521.00
23.1800      500.00
23.2000      531.00
23.2200      542.00
23.2400      511.00
23.2600      494.00
23.2800      471.00
23.3000      469.00
23.3200      495.00
23.3400      508.00
23.3600      530.00
23.3800      567.00
23.4000      598.00
23.4200      595.00
23.4400      592.00
23.4600      560.00
23.4800      548.00
23.5000      517.00
23.5200      489.00
23.5400      463.00
23.5600      441.00
23.5800      404.00
23.6000      383.00
23.6200      358.00
23.6400      283.00
23.6600      258.00
23.6800      243.00
23.7000      245.00
23.7200      228.00
23.7400      222.00
23.7600      218.00
23.7800      209.00
23.8000      236.00
23.8200      254.00
23.8400      233.00
23.8600      235.00
23.8800      260.00
23.9000      271.00
23.9200      263.00
23.9400      309.00
23.9600      336.00
23.9800      339.00
24.0000      381.00
24.0200      385.00
24.0400      439.00
24.0600      491.00
24.0800      464.00
24.1000      446.00
24.1200      486.00
24.1400      510.00
24.1600      516.00
24.1800      530.00
24.2000      566.00
24.2200      579.00
24.2400      593.00
24.2600      589.00
24.2800      623.00
24.3000      639.00
24.3200      684.00
24.3400      728.00
24.3600      703.00
24.3800      710.00
24.4000      672.00
24.4200      689.00
24.4400      742.00
24.4600      693.00
24.4800      681.00
24.5000      679.00
24.5200      658.00
24.5400      534.00
24.5600      570.00
24.5800      420.00
24.6000      415.00
24.6200      385.00
24.6400      293.00
24.6600      297.00
24.6800      290.00
24.7000      273.00
24.7200      259.00
24.7400      273.00
24.7600      292.00
24.7800      282.00
24.8000      295.00
24.8200      347.00
24.8400      363.00
24.8600      439.00
24.8800      443.00
24.9000      492.00
24.9200      538.00
24.9400      522.00
24.9600      550.00
24.9800      499.00
25.0000      572.00
25.0200      542.00
25.0400      521.00
25.0600      461.00
25.0800      420.00
25.1000      406.00
25.1200      362.00
25.1400      337.00
25.1600      347.00
25.1800      290.00
25.2000      234.00
25.2200      255.00
25.2400      220.00
25.2600      225.00
25.2800      200.00
25.3000      191.00
25.3200      188.00
25.3400      164.00
25.3600      189.00
25.3800      158.00
25.4000      162.00
25.4200      192.00
25.4400      159.00
25.4600      152.00
25.4800      155.00
25.5000      159.00
25.5200      185.00
25.5400      168.00
25.5600      174.00
25.5800      171.00
25.6000      166.00
25.6200      175.00
25.6400      168.00
25.6600      161.00
25.6800      159.00
25.7000      165.00
25.7200      159.00
25.7400      174.00
25.7600      182.00
25.7800      163.00
25.8000      198.00
25.8200      176.00
25.8400      196.00
25.8600      210.00
25.8800      198.00
25.9000      214.00
25.9200      232.00
25.9400      242.00
25.9600      230.00
25.9800      262.00
26.0000      279.00
26.0200      299.00
26.0400      285.00
26.0600      293.00
26.0800      341.00
26.1000      316.00
26.1200      323.00
26.1400      375.00
26.1600      402.00
26.1800      406.00
26.2000      433.00
26.2200      449.00
26.2400      469.00
26.2600      463.00
26.2800      462.00
26.3000      462.00
26.3200      495.00
26.3400      512.00
26.3600      491.00
26.3800      451.00
26.4000      495.00
26.4200      458.00
26.4400      470.00
26.4600      448.00
26.4800      426.00
26.5000      416.00
26.5200      436.00
26.5400      379.00
26.5600      366.00
26.5800      343.00
26.6000      341.00
26.6200      349.00
26.6400      265.00
26.6600      272.00
26.6800      259.00
26.7000      228.00
26.7200      204.00
26.7400      200.00
26.7600      189.00
26.7800      212.00
26.8000      165.00
26.8200      183.00
26.8400      174.00
26.8600      195.00
26.8800      191.00
26.9000      155.00
26.9200      177.00
26.9400      197.00
26.9600      187.00
26.9800      183.00
27.0000      171.00
27.0200      197.00
27.0400      182.00
27.0600      184.00
27.0800      206.00
27.1000      173.00
27.1200      182.00
27.1400      202.00
27.1600      215.00
27.1800      221.00
27.2000      197.00
27.2200      269.00
27.2400      278.00
27.2600      232.00
27.2800      252.00
27.3000      269.00
27.3200      289.00
27.3400      247.00
27.3600      244.00
27.3800      309.00
27.4000      269.00
27.4200      325.00
27.4400      287.00
27.4600      293.00
27.4800      306.00
27.5000      329.00
27.5200      289.00
27.5400      330.00
27.5600      368.00
27.5800      376.00
27.6000      411.00
27.6200      420.00
27.6400      417.00
27.6600      442.00
27.6800      469.00
27.7000      509.00
27.7200      450.00
27.7400      466.00
27.7600      525.00
27.7800      475.00
27.8000      476.00
27.8200      458.00
27.8400      377.00
27.8600      435.00
27.8800      383.00
27.9000      395.00
27.9200      317.00
27.9400      318.00
27.9600      325.00
27.9800      280.00
28.0000      246.00
28.0200      262.00
28.0400      262.00
28.0600      227.00
28.0800      232.00
28.1000      237.00
28.1200      243.00
28.1400      211.00
28.1600      233.00
28.1800      228.00
28.2000      230.00
28.2200      237.00
28.2400      237.00
28.2600      233.00
28.2800      264.00
28.3000      241.00
28.3200      290.00
28.3400      339.00
28.3600      374.00
28.3800      432.00
28.4000      519.00
28.4200      533.00
28.4400      613.00
28.4600      677.00
28.4800      664.00
28.5000      759.00
28.5200      768.00
28.5400      814.00
28.5600      833.00
28.5800      773.00
28.6000      768.00
28.6200      790.00
28.6400      701.00
28.6600      667.00
28.6800      654.00
28.7000      664.00
28.7200      611.00
28.7400      558.00
28.7600      464.00
28.7800      483.00
28.8000      422.00
28.8200      411.00
28.8400      417.00
28.8600      358.00
28.8800      329.00
28.9000      320.00
28.9200      319.00
28.9400      334.00
28.9600      305.00
28.9800      322.00
29.0000      293.00
29.0200      300.00
29.0400      285.00
29.0600      313.00
29.0800      367.00
29.1000      352.00
29.1200      330.00
29.1400      286.00
29.1600      319.00
29.1800      328.00
29.2000      360.00
29.2200      368.00
29.2400      352.00
29.2600      374.00
29.2800      358.00
29.3000      361.00
29.3200      385.00
29.3400      354.00
29.3600      400.00
29.3800      401.00
29.4000      416.00
29.4200      372.00
29.4400      454.00
29.4600      435.00
29.4800      450.00
29.5000      451.00
29.5200      460.00
29.5400      460.00
29.5600      464.00
29.5800      414.00
29.6000      387.00
29.6200      362.00
29.6400      331.00
29.6600      285.00
29.6800      257.00
29.7000      231.00
29.7200      240.00
29.7400      218.00
29.7600      196.00
29.7800      178.00
29.8000      161.00
29.8200      165.00
29.8400      172.00
29.8600      134.00
29.8800      200.00
29.9000      154.00
29.9200      189.00
29.9400      179.00
29.9600      187.00
29.9800      185.00
30.0000      211.00
30.0200      213.00
30.0400      240.00
30.0600      237.00
30.0800      270.00
30.1000      262.00
30.1200      266.00
30.1400      293.00
30.1600      285.00
30.1800      322.00
30.2000      315.00
30.2200      298.00
30.2400      293.00
30.2600      329.00
30.2800      313.00
30.3000      282.00
30.3200      277.00
30.3400      285.00
30.3600      277.00
30.3800      249.00
30.4000      290.00
30.4200      242.00
30.4400      249.00
30.4600      217.00
30.4800      204.00
30.5000      173.00
30.5200      171.00
30.5400      189.00
30.5600      220.00
30.5800      184.00
30.6000      182.00
30.6200      192.00
30.6400      195.00
30.6600      164.00
30.6800      202.00
30.7000      171.00
30.7200      191.00
30.7400      201.00
30.7600      195.00
30.7800      192.00
30.8000      204.00
30.8200      180.00
30.8400      198.00
30.8600      190.00
30.8800      161.00
30.9000      176.00
30.9200      194.00
30.9400      170.00
30.9600      184.00
30.9800      188.00
31.0000      158.00
31.0200      176.00
31.0400      180.00
31.0600      164.00
31.0800      173.00
31.1000      185.00
31.1200      171.00
31.1400      172.00
31.1600      150.00
31.1800      164.00
31.2000      166.00
31.2200      146.00
31.2400      174.00
31.2600      182.00
31.2800      147.00
31.3000      165.00
31.3200      156.00
31.3400      116.00
31.3600      150.00
31.3800      121.00
31.4000      149.00
31.4200      151.00
31.4400      165.00
31.4600      154.00
31.4800      141.00
31.5000      156.00
31.5200      166.00
31.5400      162.00
31.5600      173.00
31.5800      174.00
31.6000      211.00
31.6200      192.00
31.6400      178.00
31.6600      188.00
31.6800      172.00
31.7000      186.00
31.7200      179.00
31.7400      177.00
31.7600      177.00
31.7800      175.00
31.8000      148.00
31.8200      186.00
31.8400      159.00
31.8600      179.00
31.8800      148.00
31.9000      147.00
31.9200      162.00
31.9400      165.00
31.9600      190.00
31.9800      191.00
32.0000      197.00
32.0200      207.00
32.0400      253.00
32.0600      241.00
32.0800      233.00
32.1000      229.00
32.1200      230.00
32.1400      241.00
32.1600      222.00
32.1800      262.00
32.2000      249.00
32.2200      240.00
32.2400      292.00
32.2600      265.00
32.2800      258.00
32.3000      242.00
32.3200      273.00
32.3400      252.00
32.3600      250.00
32.3800      238.00
32.4000      282.00
32.4200      257.00
32.4400      251.00
32.4600      258.00
32.4800      254.00
32.5000      263.00
32.5200      265.00
32.5400      275.00
32.5600      314.00
32.5800      283.00
32.6000      301.00
32.6200      274.00
32.6400      298.00
32.6600      315.00
32.6800      312.00
32.7000      277.00
32.7200      314.00
32.7400      276.00
32.7600      271.00
32.7800      260.00
32.8000      262.00
32.8200      260.00
32.8400      235.00
32.8600      228.00
32.8800      249.00
32.9000      217.00
32.9200      241.00
32.9400      233.00
32.9600      229.00
32.9800      206.00
33.0000      215.00
33.0200      199.00
33.0400      239.00
33.0600      226.00
33.0800      217.00
33.1000      225.00
33.1200      249.00
33.1400      245.00
33.1600      237.00
33.1800      238.00
33.2000      267.00
33.2200      256.00
33.2400      241.00
33.2600      284.00
33.2800      247.00
33.3000      292.00
33.3200      309.00
33.3400      281.00
33.3600      288.00
33.3800      289.00
33.4000      285.00
33.4200      295.00
33.4400      308.00
33.4600      306.00
33.4800      262.00
33.5000      275.00
33.5200      231.00
33.5400      224.00
33.5600      226.00
33.5800      214.00
33.6000      225.00
33.6200      231.00
33.6400      203.00
33.6600      179.00
33.6800      163.00
33.7000      164.00
33.7200      154.00
33.7400      155.00
33.7600      133.00
33.7800      148.00
33.8000      130.00
33.8200      129.00
33.8400      153.00
33.8600      152.00
33.8800      140.00
33.9000      156.00
33.9200      173.00
33.9400      149.00
33.9600      139.00
33.9800      151.00
34.0000      170.00
34.0200      137.00
34.0400      168.00
34.0600      162.00
34.0800      174.00
34.1000      215.00
34.1200      219.00
34.1400      240.00
34.1600      230.00
34.1800      243.00
34.2000      274.00
34.2200      258.00
34.2400      239.00
34.2600      262.00
34.2800      250.00
34.3000      229.00
34.3200      224.00
34.3400      209.00
34.3600      207.00
34.3800      193.00
34.4000      204.00
34.4200      192.00
34.4400      172.00
34.4600      184.00
34.4800      151.00
34.5000      147.00
34.5200      172.00
34.5400      168.00
34.5600      131.00
34.5800      142.00
34.6000      154.00
34.6200      155.00
34.6400      142.00
34.6600      139.00
34.6800      149.00
34.7000      133.00
34.7200      146.00
34.7400      146.00
34.7600      146.00
34.7800      154.00
34.8000      140.00
34.8200      161.00
34.8400      167.00
34.8600      158.00
34.8800      155.00
34.9000      163.00
34.9200      170.00
34.9400      160.00
34.9600      180.00
34.9800      177.00
35.0000      164.00
