 2.9200      190.00
 2.9400      166.00
 2.9600      161.00
 2.9800      188.00
 3.0000      169.00
 3.0200      158.00
 3.0400      174.00
 3.0600      180.00
 3.0800      196.00
 3.1000      179.00
 3.1200      187.00
 3.1400      174.00
 3.1600      190.00
 3.1800      175.00
 3.2000      177.00
 3.2200      184.00
 3.2400      166.00
 3.2600      164.00
 3.2800      164.00
 3.3000      174.00
 3.3200      197.00
 3.3400      161.00
 3.3600      162.00
 3.3800      168.00
 3.4000      179.00
 3.4200      169.00
 3.4400      143.00
 3.4600      161.00
 3.4800      162.00
 3.5000      161.00
 3.5200      157.00
 3.5400      141.00
 3.5600      184.00
 3.5800      142.00
 3.6000      155.00
 3.6200      155.00
 3.6400      142.00
 3.6600      150.00
 3.6800      138.00
 3.7000      145.00
 3.7200      140.00
 3.7400      149.00
 3.7600      141.00
 3.7800      150.00
 3.8000      144.00
 3.8200      158.00
 3.8400      156.00
 3.8600      143.00
 3.8800      155.00
 3.9000      157.00
 3.9200      125.00
 3.9400      158.00
 3.9600      145.00
 3.9800      134.00
 4.0000      148.00
 4.0200      152.00
 4.0400      145.00
 4.0600      127.00
 4.0800      122.00
 4.1000      150.00
 4.1200      136.00
 4.1400      136.00
 4.1600      144.00
 4.1800      113.00
 4.2000      136.00
 4.2200      147.00
 4.2400      149.00
 4.2600      142.00
 4.2800      129.00
 4.3000      129.00
 4.3200      124.00
 4.3400      132.00
 4.3600      120.00
 4.3800      141.00
 4.4000      148.00
 4.4200      125.00
 4.4400      134.00
 4.4600      145.00
 4.4800      127.00
 4.5000      134.00
 4.5200      125.00
 4.5400      119.00
 4.5600      125.00
 4.5800      128.00
 4.6000      129.00
 4.6200      129.00
 4.6400      113.00
 4.6600      133.00
 4.6800      104.00
 4.7000      107.00
 4.7200      130.00
 4.7400      121.00
 4.7600      144.00
 4.7800      113.00
 4.8000      100.00
 4.8200      119.00
 4.8400      114.00
 4.8600      108.00
 4.8800      129.00
 4.9000      112.00
 4.9200      132.00
 4.9400      125.00
 4.9600      107.00
 4.9800      126.00
 5.0000      137.00
 5.0200      154.00
 5.0400      140.00
 5.0600      146.00
 5.0800      160.00
 5.1000      139.00
 5.1200      151.00
 5.1400      153.00
 5.1600      150.00
 5.1800      151.00
 5.2000      146.00
 5.2200      158.00
 5.2400      156.00
 5.2600      159.00
 5.2800      161.00
 5.3000      173.00
 5.3200      186.00
 5.3400      179.00
 5.3600      181.00
 5.3800      210.00
 5.4000      190.00
 5.4200      181.00
 5.4400      206.00
 5.4600      208.00
 5.4800      217.00
 5.5000      212.00
 5.5200      256.00
 5.5400      263.00
 5.5600      260.00
 5.5800      277.00
 5.6000      306.00
 5.6200      301.00
 5.6400      342.00
 5.6600      392.00
 5.6800      435.00
 5.7000      455.00
 5.7200      473.00
 5.7400      504.00
 5.7600      543.00
 5.7800      587.00
 5.8000      703.00
 5.8200      729.00
 5.8400      814.00
 5.8600      900.00
 5.8800     1068.00
 5.9000     1111.00
 5.9200     1212.00
 5.9400     1381.00
 5.9600     1314.00
 5.9800     1392.00
 6.0000     1376.00
 6.0200     1328.00
 6.0400     1196.00
 6.0600     1096.00
 6.0800      931.00
 6.1000      827.00
 6.1200      678.00
 6.1400      533.00
 6.1600      428.00
 6.1800      333.00
 6.2000      315.00
 6.2200      261.00
 6.2400      221.00
 6.2600      174.00
 6.2800      184.00
 6.3000      164.00
 6.3200      165.00
 6.3400      132.00
 6.3600      137.00
 6.3800      153.00
 6.4000      128.00
 6.4200      128.00
 6.4400      114.00
 6.4600      127.00
 6.4800      112.00
 6.5000      145.00
 6.5200      118.00
 6.5400      143.00
 6.5600      145.00
 6.5800      137.00
 6.6000      127.00
 6.6200      107.00
 6.6400      121.00
 6.6600      117.00
 6.6800      139.00
 6.7000      123.00
 6.7200      131.00
 6.7400      111.00
 6.7600      112.00
 6.7800      123.00
 6.8000      123.00
 6.8200      112.00
 6.8400      123.00
 6.8600      118.00
 6.8800      137.00
 6.9000      111.00
 6.9200      112.00
 6.9400      124.00
 6.9600      129.00
 6.9800      126.00
 7.0000      126.00
 7.0200      123.00
 7.0400      122.00
 7.0600      112.00
 7.0800      115.00
 7.1000      105.00
 7.1200      113.00
 7.1400      118.00
 7.1600      103.00
 7.1800      111.00
 7.2000      121.00
 7.2200       97.00
 7.2400      115.00
 7.2600      117.00
 7.2800      108.00
 7.3000       98.00
 7.3200      107.00
 7.3400      110.00
 7.3600       98.00
 7.3800      115.00
 7.4000      110.00
 7.4200      122.00
 7.4400      108.00
 7.4600      110.00
 7.4800      106.00
 7.5000      113.00
 7.5200      125.00
 7.5400       90.00
 7.5600      103.00
 7.5800      140.00
 7.6000      120.00
 7.6200      114.00
 7.6400       94.00
 7.6600      100.00
 7.6800      127.00
 7.7000      115.00
 7.7200       90.00
 7.7400       98.00
 7.7600      134.00
 7.7800      113.00
 7.8000      121.00
 7.8200      110.00
 7.8400      110.00
 7.8600      109.00
 7.8800      114.00
 7.9000      102.00
 7.9200      115.00
 7.9400      112.00
 7.9600       97.00
 7.9800      112.00
 8.0000      123.00
 8.0200      111.00
 8.0400      108.00
 8.0600      123.00
 8.0800      107.00
 8.1000       92.00
 8.1200      107.00
 8.1400      108.00
 8.1600      105.00
 8.1800      104.00
 8.2000      111.00
 8.2200      100.00
 8.2400      112.00
 8.2600      101.00
 8.2800      128.00
 8.3000      115.00
 8.3200      105.00
 8.3400       97.00
 8.3600      111.00
 8.3800      117.00
 8.4000       98.00
 8.4200      107.00
 8.4400      105.00
 8.4600      105.00
 8.4800      104.00
 8.5000      109.00
 8.5200      108.00
 8.5400      116.00
 8.5600       98.00
 8.5800      123.00
 8.6000      115.00
 8.6200      129.00
 8.6400      121.00
 8.6600      133.00
 8.6800      146.00
 8.7000      137.00
 8.7200      137.00
 8.7400      139.00
 8.7600      174.00
 8.7800      136.00
 8.8000      199.00
 8.8200      166.00
 8.8400      168.00
 8.8600      161.00
 8.8800      205.00
 8.9000      193.00
 8.9200      137.00
 8.9400      197.00
 8.9600      156.00
 8.9800      168.00
 9.0000      155.00
 9.0200      153.00
 9.0400      155.00
 9.0600      184.00
 9.0800      172.00
 9.1000      201.00
 9.1200      197.00
 9.1400      188.00
 9.1600      173.00
 9.1800      175.00
 9.2000      172.00
 9.2200      138.00
 9.2400      142.00
 9.2600      158.00
 9.2800      150.00
 9.3000      151.00
 9.3200      131.00
 9.3400      137.00
 9.3600      135.00
 9.3800      126.00
 9.4000      119.00
 9.4200      116.00
 9.4400      131.00
 9.4600      163.00
 9.4800      148.00
 9.5000      151.00
 9.5200      153.00
 9.5400      158.00
 9.5600      163.00
 9.5800      187.00
 9.6000      169.00
 9.6200      152.00
 9.6400      141.00
 9.6600      135.00
 9.6800      135.00
 9.7000      143.00
 9.7200      126.00
 9.7400      117.00
 9.7600       97.00
 9.7800      107.00
 9.8000       98.00
 9.8200      114.00
 9.8400      107.00
 9.8600      102.00
 9.8800      108.00
 9.9000      101.00
 9.9200      103.00
 9.9400      111.00
 9.9600      131.00
 9.9800      112.00
10.0000      101.00
10.0200      108.00
10.0400      128.00
10.0600      138.00
10.0800      121.00
10.1000      158.00
10.1200      150.00
10.1400      146.00
10.1600      150.00
10.1800      151.00
10.2000      169.00
10.2200      186.00
10.2400      202.00
10.2600      190.00
10.2800      217.00
10.3000      278.00
10.3200      267.00
10.3400      267.00
10.3600      287.00
10.3800      281.00
10.4000      312.00
10.4200      324.00
10.4400      288.00
10.4600      250.00
10.4800      220.00
10.5000      218.00
10.5200      183.00
10.5400      154.00
10.5600      139.00
10.5800      119.00
10.6000      130.00
10.6200      126.00
10.6400      127.00
10.6600      135.00
10.6800      134.00
10.7000      112.00
10.7200      125.00
10.7400      155.00
10.7600      114.00
10.7800      106.00
10.8000      105.00
10.8200      114.00
10.8400      126.00
10.8600      128.00
10.8800      156.00
10.9000      154.00
10.9200      144.00
10.9400      161.00
10.9600      173.00
10.9800      164.00
11.0000      181.00
11.0200      186.00
11.0400      191.00
11.0600      189.00
11.0800      209.00
11.1000      208.00
11.1200      241.00
11.1400      307.00
11.1600      337.00
11.1800      352.00
11.2000      403.00
11.2200      447.00
11.2400      541.00
11.2600      570.00
11.2800      573.00
11.3000      582.00
11.3200      635.00
11.3400      606.00
11.3600      556.00
11.3800      525.00
11.4000      452.00
11.4200      406.00
11.4400      397.00
11.4600      287.00
11.4800      303.00
11.5000      250.00
11.5200      251.00
11.5400      233.00
11.5600      219.00
11.5800      210.00
11.6000      218.00
11.6200      220.00
11.6400      194.00
11.6600      174.00
11.6800      193.00
11.7000      198.00
11.7200      193.00
11.7400      179.00
11.7600      167.00
11.7800      141.00
11.8000      145.00
11.8200      163.00
11.8400      142.00
11.8600      177.00
11.8800      145.00
11.9000      153.00
11.9200      200.00
11.9400      188.00
11.9600      189.00
11.9800      199.00
12.0000      236.00
12.0200      230.00
12.0400      242.00
12.0600      288.00
12.0800      299.00
12.1000      403.00
12.1200      407.00
12.1400      481.00
12.1600      532.00
12.1800      576.00
12.2000      623.00
12.2200      663.00
12.2400      677.00
12.2600      682.00
12.2800      609.00
12.3000      581.00
12.3200      479.00
12.3400      453.00
12.3600      385.00
12.3800      327.00
12.4000      265.00
12.4200      226.00
12.4400      199.00
12.4600      182.00
12.4800      169.00
12.5000      165.00
12.5200      161.00
12.5400      126.00
12.5600      158.00
12.5800      137.00
12.6000      139.00
12.6200      131.00
12.6400      120.00
12.6600      140.00
12.6800      138.00
12.7000      146.00
12.7200      128.00
12.7400      140.00
12.7600      132.00
12.7800      154.00
12.8000      157.00
12.8200      158.00
12.8400      197.00
12.8600      178.00
12.8800      182.00
12.9000      173.00
12.9200      141.00
12.9400      157.00
12.9600      151.00
12.9800      138.00
13.0000      145.00
13.0200      154.00
13.0400      143.00
13.0600      121.00
13.0800      135.00
13.1000      117.00
13.1200      150.00
13.1400      146.00
13.1600      138.00
13.1800      144.00
13.2000      144.00
13.2200      126.00
13.2400      126.00
13.2600      122.00
13.2800      101.00
13.3000      120.00
13.3200      114.00
13.3400      113.00
13.3600      120.00
13.3800      139.00
13.4000      121.00
13.4200      114.00
13.4400      113.00
13.4600      103.00
13.4800      138.00
13.5000      111.00
13.5200      126.00
13.5400      109.00
13.5600      119.00
13.5800      142.00
13.6000      135.00
13.6200      132.00
13.6400      127.00
13.6600      149.00
13.6800      155.00
13.7000      162.00
13.7200      174.00
13.7400      174.00
13.7600      180.00
13.7800      188.00
13.8000      212.00
13.8200      219.00
13.8400      232.00
13.8600      202.00
13.8800      160.00
13.9000      165.00
13.9200      145.00
13.9400      153.00
13.9600      146.00
13.9800      121.00
14.0000      127.00
14.0200      128.00
14.0400      130.00
14.0600      135.00
14.0800      125.00
14.1000      107.00
14.1200      116.00
14.1400      125.00
14.1600      145.00
14.1800      129.00
14.2000      151.00
14.2200      164.00
14.2400      151.00
14.2600      168.00
14.2800      203.00
14.3000      180.00
14.3200      198.00
14.3400      235.00
14.3600      240.00
14.3800      237.00
14.4000      278.00
14.4200      227.00
14.4400      264.00
14.4600      224.00
14.4800      217.00
14.5000      181.00
14.5200      176.00
14.5400      175.00
14.5600      153.00
14.5800      128.00
14.6000      144.00
14.6200      148.00
14.6400      132.00
14.6600      122.00
14.6800      120.00
14.7000      126.00
14.7200      124.00
14.7400      126.00
14.7600      123.00
14.7800      119.00
14.8000      127.00
14.8200      117.00
14.8400      112.00
14.8600      135.00
14.8800      134.00
14.9000      124.00
14.9200      131.00
14.9400      118.00
14.9600      128.00
14.9800      131.00
15.0000      115.00
15.0200      100.00
15.0400      136.00
15.0600      143.00
15.0800      145.00
15.1000      121.00
15.1200      121.00
15.1400       85.00
15.1600      125.00
15.1800      102.00
15.2000      108.00
15.2200      128.00
15.2400      106.00
15.2600      122.00
15.2800      135.00
15.3000      118.00
15.3200      141.00
15.3400      123.00
15.3600      109.00
15.3800      102.00
15.4000      117.00
15.4200      124.00
15.4400      132.00
15.4600      131.00
15.4800      108.00
15.5000       94.00
15.5200      124.00
15.5400      112.00
15.5600       89.00
15.5800       92.00
15.6000      119.00
15.6200      122.00
15.6400      108.00
15.6600      126.00
15.6800      117.00
15.7000      110.00
15.7200      112.00
15.7400       93.00
15.7600      120.00
15.7800       98.00
15.8000      111.00
15.8200      103.00
15.8400      116.00
15.8600      111.00
15.8800      121.00
15.9000      100.00
15.9200      118.00
15.9400      128.00
15.9600      144.00
15.9800      113.00
16.0000      120.00
16.0200      117.00
16.0400      118.00
16.0600      107.00
16.0800      138.00
16.1000      111.00
16.1200      152.00
16.1400      152.00
16.1600      143.00
16.1800      157.00
16.2000      170.00
16.2200      192.00
16.2400      162.00
16.2600      158.00
16.2800      140.00
16.3000      177.00
16.3200      151.00
16.3400      156.00
16.3600      139.00
16.3800      150.00
16.4000      140.00
16.4200      130.00
16.4400      152.00
16.4600      152.00
16.4800      155.00
16.5000      165.00
16.5200      170.00
16.5400      164.00
16.5600      175.00
16.5800      177.00
16.6000      180.00
16.6200      182.00
16.6400      190.00
16.6600      189.00
16.6800      196.00
16.7000      235.00
16.7200      185.00
16.7400      199.00
16.7600      229.00
16.7800      269.00
16.8000      252.00
16.8200      272.00
16.8400      272.00
16.8600      300.00
16.8800      253.00
16.9000      219.00
16.9200      233.00
16.9400      225.00
16.9600      210.00
16.9800      197.00
17.0000      165.00
17.0200      185.00
17.0400      173.00
17.0600      158.00
17.0800      176.00
17.1000      178.00
17.1200      173.00
17.1400      189.00
17.1600      217.00
17.1800      253.00
17.2000      287.00
17.2200      276.00
17.2400      306.00
17.2600      334.00
17.2800      353.00
17.3000      321.00
17.3200      306.00
17.3400      331.00
17.3600      276.00
17.3800      253.00
17.4000      256.00
17.4200      204.00
17.4400      213.00
17.4600      180.00
17.4800      161.00
17.5000      184.00
17.5200      148.00
17.5400      146.00
17.5600      153.00
17.5800      147.00
17.6000      153.00
17.6200      152.00
17.6400      157.00
17.6600      152.00
17.6800      144.00
17.7000      151.00
17.7200      184.00
17.7400      174.00
17.7600      181.00
17.7800      184.00
17.8000      183.00
17.8200      195.00
17.8400      227.00
17.8600      237.00
17.8800      268.00
17.9000      298.00
17.9200      327.00
17.9400      371.00
17.9600      434.00
17.9800      480.00
18.0000      532.00
18.0200      652.00
18.0400      653.00
18.0600      654.00
18.0800      604.00
18.1000      640.00
18.1200      495.00
18.1400      477.00
18.1600      414.00
18.1800      349.00
18.2000      336.00
18.2200      266.00
18.2400      249.00
18.2600      234.00
18.2800      205.00
18.3000      211.00
18.3200      154.00
18.3400      176.00
18.3600      183.00
18.3800      218.00
18.4000      240.00
18.4200      256.00
18.4400      293.00
18.4600      323.00
18.4800      365.00
18.5000      318.00
18.5200      405.00
18.5400      392.00
18.5600      384.00
18.5800      336.00
18.6000      365.00
18.6200      384.00
18.6400      378.00
18.6600      361.00
18.6800      298.00
18.7000      274.00
18.7200      297.00
18.7400      294.00
18.7600      259.00
18.7800      300.00
18.8000      285.00
18.8200      329.00
18.8400      324.00
18.8600      409.00
18.8800      403.00
18.9000      412.00
18.9200      394.00
18.9400      408.00
18.9600      404.00
18.9800      358.00
19.0000      357.00
19.0200      295.00
19.0400      282.00
19.0600      234.00
19.0800      223.00
19.1000      196.00
19.1200      189.00
19.1400      169.00
19.1600      173.00
19.1800      134.00
19.2000      134.00
19.2200      137.00
19.2400      134.00
19.2600      147.00
19.2800      149.00
19.3000      124.00
19.3200      147.00
19.3400      120.00
19.3600      151.00
19.3800      130.00
19.4000      141.00
19.4200      135.00
19.4400      128.00
19.4600      145.00
19.4800      150.00
19.5000      135.00
19.5200      145.00
19.5400      142.00
19.5600      148.00
19.5800      135.00
19.6000      155.00
19.6200      158.00
19.6400      142.00
19.6600      130.00
19.6800      143.00
19.7000      120.00
19.7200      127.00
19.7400      106.00
19.7600      126.00
19.7800      111.00
19.8000      113.00
19.8200       98.00
19.8400      130.00
19.8600      108.00
19.8800      108.00
19.9000      129.00
19.9200      110.00
19.9400      133.00
19.9600      139.00
19.9800      119.00
20.0000      109.00
20.0200      120.00
20.0400      105.00
20.0600      100.00
20.0800      131.00
20.1000      133.00
20.1200      113.00
20.1400      118.00
20.1600      118.00
20.1800      103.00
20.2000       89.00
20.2200      107.00
20.2400      122.00
20.2600      101.00
20.2800      109.00
20.3000      131.00
20.3200       94.00
20.3400      118.00
20.3600      112.00
20.3800      123.00
20.4000      115.00
20.4200      152.00
20.4400      162.00
20.4600      174.00
20.4800      164.00
20.5000      191.00
20.5200      205.00
20.5400      244.00
20.5600      232.00
20.5800      234.00
20.6000      271.00
20.6200      241.00
20.6400      254.00
20.6600      253.00
20.6800      276.00
20.7000      286.00
20.7200      268.00
20.7400      257.00
20.7600      266.00
20.7800      260.00
20.8000      279.00
20.8200      271.00
20.8400      296.00
20.8600      282.00
20.8800      299.00
20.9000      265.00
20.9200      307.00
20.9400      287.00
20.9600      287.00
20.9800      277.00
21.0000      257.00
21.0200      238.00
21.0400      230.00
21.0600      239.00
21.0800      227.00
21.1000      169.00
21.1200      187.00
21.1400      179.00
21.1600      159.00
21.1800      156.00
21.2000      142.00
21.2200      159.00
21.2400      145.00
21.2600      157.00
21.2800      134.00
21.3000      145.00
21.3200      144.00
21.3400      167.00
21.3600      117.00
21.3800      165.00
21.4000      139.00
21.4200      150.00
21.4400      144.00
21.4600      164.00
21.4800      125.00
21.5000      145.00
21.5200      156.00
21.5400      126.00
21.5600      168.00
21.5800      117.00
21.6000      117.00
21.6200      128.00
21.6400      118.00
21.6600      126.00
21.6800      105.00
21.7000      120.00
21.7200      131.00
21.7400      140.00
21.7600      168.00
21.7800      120.00
21.8000      162.00
21.8200      189.00
21.8400      195.00
21.8600      216.00
21.8800      235.00
21.9000      250.00
21.9200      267.00
21.9400      285.00
21.9600      246.00
21.9800      277.00
22.0000      228.00
22.0200      248.00
22.0400      236.00
22.0600      215.00
22.0800      189.00
22.1000      191.00
22.1200      172.00
22.1400      176.00
22.1600      158.00
22.1800      165.00
22.2000      143.00
22.2200      131.00
22.2400      128.00
22.2600      109.00
22.2800      131.00
22.3000      135.00
22.3200      125.00
22.3400      130.00
22.3600      132.00
22.3800      131.00
22.4000      102.00
22.4200      115.00
22.4400      105.00
22.4600       99.00
22.4800      100.00
22.5000      102.00
22.5200       78.00
22.5400      101.00
22.5600       81.00
22.5800      105.00
22.6000       91.00
22.6200       92.00
22.6400       92.00
22.6600       96.00
22.6800       98.00
22.7000      106.00
22.7200       94.00
22.7400      112.00
22.7600      103.00
22.7800      119.00
22.8000      123.00
22.8200      141.00
22.8400      129.00
22.8600      129.00
22.8800      160.00
22.9000      148.00
22.9200      192.00
22.9400      171.00
22.9600      225.00
22.9800      218.00
23.0000      249.00
23.0200      231.00
23.0400      256.00
23.0600      274.00
23.0800      231.00
23.1000      238.00
23.1200      240.00
23.1400      251.00
23.1600      245.00
23.1800      195.00
23.2000      231.00
23.2200      220.00
23.2400      184.00
23.2600      187.00
23.2800      219.00
23.3000      236.00
23.3200      202.00
23.3400      194.00
23.3600      235.00
23.3800      243.00
23.4000      256.00
23.4200      286.00
23.4400      305.00
23.4600      327.00
23.4800      283.00
23.5000      345.00
23.5200      332.00
23.5400      337.00
23.5600      327.00
23.5800      319.00
23.6000      281.00
23.6200      264.00
23.6400      265.00
23.6600      259.00
23.6800      245.00
23.7000      254.00
23.7200      253.00
23.7400      210.00
23.7600      238.00
23.7800      203.00
23.8000      214.00
23.8200      210.00
23.8400      198.00
23.8600      181.00
23.8800      200.00
23.9000      173.00
23.9200      193.00
23.9400      197.00
23.9600      191.00
23.9800      164.00
24.0000      210.00
24.0200      192.00
24.0400      171.00
24.0600      184.00
24.0800      193.00
24.1000      160.00
24.1200      172.00
24.1400      170.00
24.1600      145.00
24.1800      155.00
24.2000      154.00
24.2200      116.00
24.2400      134.00
24.2600      120.00
24.2800      123.00
24.3000      127.00
24.3200      114.00
24.3400      113.00
24.3600       99.00
24.3800       91.00
24.4000      109.00
24.4200      107.00
24.4400       89.00
24.4600      110.00
24.4800      106.00
24.5000      119.00
24.5200      121.00
24.5400      112.00
24.5600      112.00
24.5800      112.00
24.6000      103.00
24.6200      121.00
24.6400      118.00
24.6600      110.00
24.6800      118.00
24.7000      115.00
24.7200      108.00
24.7400      140.00
24.7600      120.00
24.7800      133.00
24.8000      133.00
24.8200      166.00
24.8400      148.00
24.8600      142.00
24.8800      172.00
24.9000      182.00
24.9200      193.00
24.9400      205.00
24.9600      239.00
24.9800      257.00
25.0000      259.00
25.0200      239.00
25.0400      280.00
25.0600      262.00
25.0800      296.00
25.1000      295.00
25.1200      288.00
25.1400      283.00
25.1600      291.00
25.1800      280.00
25.2000      284.00
25.2200      255.00
25.2400      243.00
25.2600      259.00
25.2800      259.00
25.3000      234.00
25.3200      228.00
25.3400      194.00
25.3600      203.00
25.3800      179.00
25.4000      176.00
25.4200      162.00
25.4400      156.00
25.4600      148.00
25.4800      121.00
25.5000      100.00
25.5200      117.00
25.5400      128.00
25.5600       95.00
25.5800      105.00
25.6000       85.00
25.6200       83.00
25.6400       86.00
25.6600      100.00
25.6800       87.00
25.7000      112.00
25.7200      100.00
25.7400       94.00
25.7600       69.00
25.7800       92.00
25.8000      114.00
25.8200      109.00
25.8400      102.00
25.8600      130.00
25.8800      107.00
25.9000      123.00
25.9200      105.00
25.9400      105.00
25.9600      111.00
25.9800      125.00
26.0000      118.00
26.0200      123.00
26.0400      120.00
26.0600      120.00
26.0800      133.00
26.1000      160.00
26.1200      145.00
26.1400      146.00
26.1600      147.00
26.1800      158.00
26.2000      162.00
26.2200      152.00
26.2400      167.00
26.2600      137.00
26.2800      141.00
26.3000      112.00
26.3200      137.00
26.3400      117.00
26.3600      119.00
26.3800      124.00
26.4000      127.00
26.4200      141.00
26.4400      134.00
26.4600      170.00
26.4800      152.00
26.5000      147.00
26.5200      189.00
26.5400      200.00
26.5600      207.00
26.5800      261.00
26.6000      313.00
26.6200      283.00
26.6400      331.00
26.6600      392.00
26.6800      399.00
26.7000      378.00
26.7200      390.00
26.7400      365.00
26.7600      357.00
26.7800      335.00
26.8000      333.00
26.8200      298.00
26.8400      290.00
26.8600      248.00
26.8800      245.00
26.9000      247.00
26.9200      222.00
26.9400      228.00
26.9600      235.00
26.9800      195.00
27.0000      236.00
27.0200      202.00
27.0400      203.00
27.0600      235.00
27.0800      198.00
27.1000      205.00
27.1200      193.00
27.1400      196.00
27.1600      196.00
27.1800      175.00
27.2000      201.00
27.2200      172.00
27.2400      186.00
27.2600      168.00
27.2800      200.00
27.3000      171.00
27.3200      214.00
27.3400      190.00
27.3600      205.00
27.3800      196.00
27.4000      180.00
27.4200      196.00
27.4400      157.00
27.4600      193.00
27.4800      151.00
27.5000      148.00
27.5200      146.00
27.5400      121.00
27.5600      145.00
27.5800      116.00
27.6000      128.00
27.6200      127.00
27.6400      125.00
27.6600      105.00
27.6800      108.00
27.7000      109.00
27.7200      102.00
27.7400       89.00
27.7600       97.00
27.7800       98.00
27.8000       99.00
27.8200       94.00
27.8400      101.00
27.8600      100.00
27.8800      115.00
27.9000      118.00
27.9200      127.00
27.9400      118.00
27.9600      137.00
27.9800      139.00
28.0000      139.00
28.0200      136.00
28.0400      141.00
28.0600      163.00
28.0800      182.00
28.1000      188.00
28.1200      195.00
28.1400      204.00
28.1600      223.00
28.1800      200.00
28.2000      217.00
28.2200      220.00
28.2400      250.00
28.2600      229.00
28.2800      211.00
28.3000      233.00
28.3200      248.00
28.3400      260.00
28.3600      271.00
28.3800      280.00
28.4000      260.00
28.4200      244.00
28.4400      260.00
28.4600      240.00
28.4800      245.00
28.5000      227.00
28.5200      182.00
28.5400      155.00
28.5600      168.00
28.5800      159.00
28.6000      135.00
28.6200      134.00
28.6400      140.00
28.6600      123.00
28.6800      116.00
28.7000      113.00
28.7200      104.00
28.7400      117.00
28.7600      101.00
28.7800      103.00
28.8000      112.00
28.8200      105.00
28.8400      100.00
28.8600      110.00
28.8800      110.00
28.9000      111.00
28.9200      131.00
28.9400      139.00
28.9600      117.00
28.9800      130.00
29.0000      129.00
29.0200      150.00
29.0400      126.00
29.0600      162.00
29.0800      142.00
29.1000      128.00
29.1200      141.00
29.1400      130.00
29.1600      147.00
29.1800      141.00
29.2000      143.00
29.2200      185.00
29.2400      143.00
29.2600      155.00
29.2800      177.00
29.3000      192.00
29.3200      210.00
29.3400      243.00
29.3600      247.00
29.3800      276.00
29.4000      310.00
29.4200      307.00
29.4400      328.00
29.4600      348.00
29.4800      308.00
29.5000      299.00
29.5200      294.00
29.5400      271.00
29.5600      234.00
29.5800      215.00
29.6000      180.00
29.6200      195.00
29.6400      164.00
29.6600      152.00
29.6800      167.00
29.7000      136.00
29.7200      123.00
29.7400      127.00
29.7600      125.00
29.7800      115.00
29.8000      111.00
29.8200      114.00
29.8400      132.00
29.8600      117.00
29.8800      123.00
29.9000      108.00
29.9200      111.00
29.9400      101.00
29.9600       94.00
29.9800      112.00
30.0000      125.00
30.0200       98.00
30.0400       96.00
30.0600      100.00
30.0800      107.00
30.1000       96.00
30.1200      109.00
30.1400       85.00
30.1600       90.00
30.1800       67.00
30.2000      102.00
30.2200       79.00
30.2400       96.00
30.2600       94.00
30.2800      101.00
30.3000       83.00
30.3200      113.00
30.3400       86.00
30.3600       92.00
30.3800       87.00
30.4000       80.00
30.4200       93.00
30.4400       77.00
30.4600       91.00
30.4800       86.00
30.5000       74.00
30.5200      104.00
30.5400       82.00
30.5600       84.00
30.5800       81.00
30.6000       92.00
30.6200       91.00
30.6400       87.00
30.6600       67.00
30.6800       95.00
30.7000       74.00
30.7200       85.00
30.7400       97.00
30.7600       78.00
30.7800      104.00
30.8000       97.00
30.8200       98.00
30.8400      111.00
30.8600      104.00
30.8800       97.00
30.9000       98.00
30.9200      112.00
30.9400       84.00
30.9600       79.00
30.9800       86.00
31.0000       90.00
31.0200       84.00
31.0400       83.00
31.0600       82.00
31.0800       72.00
31.1000       85.00
31.1200       90.00
31.1400       99.00
31.1600       77.00
31.1800      104.00
31.2000      105.00
31.2200       81.00
31.2400       92.00
31.2600       93.00
31.2800       97.00
31.3000      103.00
31.3200       93.00
31.3400       90.00
31.3600      102.00
31.3800      106.00
31.4000       87.00
31.4200       97.00
31.4400       88.00
31.4600      113.00
31.4800      101.00
31.5000       92.00
31.5200       70.00
31.5400       76.00
31.5600       86.00
31.5800       74.00
31.6000       83.00
31.6200       80.00
31.6400       92.00
31.6600       78.00
31.6800       88.00
31.7000       81.00
31.7200       82.00
31.7400      100.00
31.7600       72.00
31.7800       77.00
31.8000       58.00
31.8200       88.00
31.8400       68.00
31.8600       64.00
31.8800       81.00
31.9000       82.00
31.9200       96.00
31.9400       66.00
31.9600       90.00
31.9800       77.00
32.0000       71.00
32.0200       72.00
32.0400       73.00
32.0600       94.00
32.0800       69.00
32.1000       99.00
32.1200       84.00
32.1400       80.00
32.1600       82.00
32.1800       71.00
32.2000       79.00
32.2200      103.00
32.2400       87.00
32.2600      106.00
32.2800       94.00
32.3000      101.00
32.3200       79.00
32.3400      104.00
32.3600      104.00
32.3800      101.00
32.4000      128.00
32.4200       85.00
32.4400      105.00
32.4600      117.00
32.4800      105.00
32.5000      105.00
32.5200       85.00
32.5400       90.00
32.5600      102.00
32.5800       96.00
32.6000       97.00
32.6200       95.00
32.6400       92.00
32.6600       73.00
32.6800       84.00
32.7000       69.00
32.7200       87.00
32.7400       86.00
32.7600       93.00
32.7800       82.00
32.8000      101.00
32.8200       90.00
32.8400       77.00
32.8600       81.00
32.8800       97.00
32.9000       96.00
32.9200      100.00
32.9400       80.00
32.9600       85.00
32.9800       85.00
33.0000       85.00
33.0200      102.00
33.0400       91.00
33.0600       93.00
33.0800       83.00
33.1000       99.00
33.1200      101.00
33.1400      117.00
33.1600       92.00
33.1800      104.00
33.2000      102.00
33.2200       99.00
33.2400       92.00
33.2600       99.00
33.2800      102.00
33.3000       87.00
33.3200      124.00
33.3400       89.00
33.3600      101.00
33.3800       92.00
33.4000       96.00
33.4200       92.00
33.4400      101.00
33.4600      101.00
33.4800       95.00
33.5000       85.00
33.5200       84.00
33.5400       81.00
33.5600      107.00
33.5800      105.00
33.6000       85.00
33.6200       88.00
33.6400       74.00
33.6600       80.00
33.6800       96.00
33.7000      101.00
33.7200       86.00
33.7400       85.00
33.7600       90.00
33.7800       73.00
33.8000       88.00
33.8200       85.00
33.8400       76.00
33.8600       90.00
33.8800       80.00
33.9000       95.00
33.9200       85.00
33.9400       68.00
33.9600       75.00
33.9800       69.00
34.0000       70.00
34.0200       72.00
34.0400       86.00
34.0600       68.00
34.0800       79.00
34.1000       91.00
34.1200       74.00
34.1400       90.00
34.1600       75.00
34.1800      104.00
34.2000       86.00
34.2200      106.00
34.2400       87.00
34.2600       99.00
34.2800       94.00
34.3000       97.00
34.3200       92.00
34.3400       93.00
34.3600       85.00
34.3800       96.00
34.4000       97.00
34.4200       87.00
34.4400       75.00
34.4600       74.00
34.4800       81.00
34.5000       56.00
34.5200       69.00
34.5400       90.00
34.5600       96.00
34.5800       82.00
34.6000       85.00
34.6200       68.00
34.6400       77.00
34.6600       78.00
34.6800       78.00
34.7000       79.00
34.7200       75.00
34.7400       79.00
34.7600       77.00
34.7800       69.00
34.8000       65.00
34.8200       66.00
34.8400       77.00
34.8600       67.00
34.8800       78.00
34.9000       83.00
34.9200       72.00
