 2.2000      286.00
 2.2200      304.00
 2.2400      277.00
 2.2600      276.00
 2.2800      301.00
 2.3000      309.00
 2.3200      303.00
 2.3400      276.00
 2.3600      265.00
 2.3800      262.00
 2.4000      277.00
 2.4200      266.00
 2.4400      277.00
 2.4600      269.00
 2.4800      279.00
 2.5000      268.00
 2.5200      292.00
 2.5400      245.00
 2.5600      264.00
 2.5800      260.00
 2.6000      261.00
 2.6200      264.00
 2.6400      281.00
 2.6600      287.00
 2.6800      263.00
 2.7000      265.00
 2.7200      242.00
 2.7400      269.00
 2.7600      279.00
 2.7800      246.00
 2.8000      287.00
 2.8200      238.00
 2.8400      264.00
 2.8600      215.00
 2.8800      243.00
 2.9000      241.00
 2.9200      262.00
 2.9400      247.00
 2.9600      244.00
 2.9800      234.00
 3.0000      258.00
 3.0200      243.00
 3.0400      232.00
 3.0600      230.00
 3.0800      244.00
 3.1000      231.00
 3.1200      252.00
 3.1400      231.00
 3.1600      230.00
 3.1800      246.00
 3.2000      217.00
 3.2200      224.00
 3.2400      223.00
 3.2600      246.00
 3.2800      244.00
 3.3000      224.00
 3.3200      207.00
 3.3400      205.00
 3.3600      220.00
 3.3800      242.00
 3.4000      215.00
 3.4200      207.00
 3.4400      213.00
 3.4600      224.00
 3.4800      196.00
 3.5000      236.00
 3.5200      190.00
 3.5400      218.00
 3.5600      210.00
 3.5800      200.00
 3.6000      189.00
 3.6200      202.00
 3.6400      181.00
 3.6600      207.00
 3.6800      172.00
 3.7000      198.00
 3.7200      201.00
 3.7400      227.00
 3.7600      215.00
 3.7800      176.00
 3.8000      205.00
 3.8200      184.00
 3.8400      173.00
 3.8600      209.00
 3.8800      166.00
 3.9000      201.00
 3.9200      183.00
 3.9400      179.00
 3.9600      175.00
 3.9800      176.00
 4.0000      185.00
 4.0200      162.00
 4.0400      160.00
 4.0600      176.00
 4.0800      179.00
 4.1000      160.00
 4.1200      175.00
 4.1400      160.00
 4.1600      173.00
 4.1800      182.00
 4.2000      147.00
 4.2200      157.00
 4.2400      167.00
 4.2600      186.00
 4.2800      156.00
 4.3000      145.00
 4.3200      163.00
 4.3400      157.00
 4.3600      165.00
 4.3800      144.00
 4.4000      153.00
 4.4200      157.00
 4.4400      174.00
 4.4600      175.00
 4.4800      146.00
 4.5000      144.00
 4.5200      146.00
 4.5400      138.00
 4.5600      139.00
 4.5800      155.00
 4.6000      137.00
 4.6200      159.00
 4.6400      141.00
 4.6600      134.00
 4.6800      152.00
 4.7000      134.00
 4.7200      157.00
 4.7400      136.00
 4.7600      129.00
 4.7800      134.00
 4.8000      138.00
 4.8200      158.00
 4.8400      146.00
 4.8600      149.00
 4.8800      153.00
 4.9000      129.00
 4.9200      153.00
 4.9400      141.00
 4.9600      143.00
 4.9800      119.00
 5.0000      147.00
 5.0200      143.00
 5.0400      123.00
 5.0600      140.00
 5.0800      161.00
 5.1000      143.00
 5.1200      158.00
 5.1400      139.00
 5.1600      134.00
 5.1800      149.00
 5.2000      149.00
 5.2200      144.00
 5.2400      114.00
 5.2600      189.00
 5.2800      138.00
 5.3000      139.00
 5.3200      160.00
 5.3400      147.00
 5.3600      138.00
 5.3800      126.00
 5.4000      141.00
 5.4200      145.00
 5.4400      135.00
 5.4600      131.00
 5.4800      163.00
 5.5000      147.00
 5.5200      138.00
 5.5400      137.00
 5.5600      131.00
 5.5800      135.00
 5.6000      146.00
 5.6200      129.00
 5.6400      125.00
 5.6600      146.00
 5.6800      120.00
 5.7000      137.00
 5.7200      151.00
 5.7400      139.00
 5.7600      145.00
 5.7800      161.00
 5.8000      140.00
 5.8200      140.00
 5.8400      118.00
 5.8600      143.00
 5.8800      129.00
 5.9000      154.00
 5.9200      130.00
 5.9400      141.00
 5.9600      155.00
 5.9800      150.00
 6.0000      156.00
 6.0200      155.00
 6.0400      136.00
 6.0600      155.00
 6.0800      130.00
 6.1000      134.00
 6.1200      154.00
 6.1400      147.00
 6.1600      144.00
 6.1800      118.00
 6.2000      138.00
 6.2200      116.00
 6.2400      144.00
 6.2600      128.00
 6.2800      135.00
 6.3000      141.00
 6.3200      168.00
 6.3400      127.00
 6.3600      144.00
 6.3800      170.00
 6.4000      149.00
 6.4200      130.00
 6.4400      164.00
 6.4600      134.00
 6.4800      140.00
 6.5000      132.00
 6.5200      136.00
 6.5400      145.00
 6.5600      140.00
 6.5800      135.00
 6.6000      159.00
 6.6200      144.00
 6.6400      148.00
 6.6600      143.00
 6.6800      124.00
 6.7000      153.00
 6.7200      158.00
 6.7400      146.00
 6.7600      147.00
 6.7800      140.00
 6.8000      146.00
 6.8200      143.00
 6.8400      157.00
 6.8600      140.00
 6.8800      158.00
 6.9000      168.00
 6.9200      148.00
 6.9400      151.00
 6.9600      167.00
 6.9800      146.00
 7.0000      173.00
 7.0200      160.00
 7.0400      164.00
 7.0600      139.00
 7.0800      139.00
 7.1000      143.00
 7.1200      153.00
 7.1400      153.00
 7.1600      136.00
 7.1800      145.00
 7.2000      155.00
 7.2200      148.00
 7.2400      135.00
 7.2600      150.00
 7.2800      162.00
 7.3000      143.00
 7.3200      144.00
 7.3400      123.00
 7.3600      134.00
 7.3800      154.00
 7.4000      131.00
 7.4200      154.00
 7.4400      134.00
 7.4600      126.00
 7.4800      162.00
 7.5000      107.00
 7.5200      140.00
 7.5400      142.00
 7.5600      124.00
 7.5800      144.00
 7.6000      145.00
 7.6200      160.00
 7.6400      151.00
 7.6600      151.00
 7.6800      133.00
 7.7000      148.00
 7.7200      136.00
 7.7400      113.00
 7.7600      154.00
 7.7800      144.00
 7.8000      163.00
 7.8200      149.00
 7.8400      147.00
 7.8600      158.00
 7.8800      144.00
 7.9000      162.00
 7.9200      130.00
 7.9400      154.00
 7.9600      144.00
 7.9800      141.00
 8.0000      156.00
 8.0200      158.00
 8.0400      162.00
 8.0600      168.00
 8.0800      141.00
 8.1000      147.00
 8.1200      153.00
 8.1400      159.00
 8.1600      153.00
 8.1800      137.00
 8.2000      151.00
 8.2200      149.00
 8.2400      167.00
 8.2600      143.00
 8.2800      147.00
 8.3000      165.00
 8.3200      151.00
 8.3400      134.00
 8.3600      133.00
 8.3800      139.00
 8.4000      174.00
 8.4200      148.00
 8.4400      157.00
 8.4600      145.00
 8.4800      146.00
 8.5000      167.00
 8.5200      129.00
 8.5400      160.00
 8.5600      170.00
 8.5800      168.00
 8.6000      181.00
 8.6200      182.00
 8.6400      149.00
 8.6600      180.00
 8.6800      157.00
 8.7000      158.00
 8.7200      187.00
 8.7400      155.00
 8.7600      165.00
 8.7800      188.00
 8.8000      177.00
 8.8200      194.00
 8.8400      168.00
 8.8600      171.00
 8.8800      167.00
 8.9000      180.00
 8.9200      181.00
 8.9400      162.00
 8.9600      178.00
 8.9800      154.00
 9.0000      172.00
 9.0200      173.00
 9.0400      138.00
 9.0600      154.00
 9.0800      161.00
 9.1000      162.00
 9.1200      138.00
 9.1400      160.00
 9.1600      147.00
 9.1800      168.00
 9.2000      154.00
 9.2200      168.00
 9.2400      158.00
 9.2600      161.00
 9.2800      171.00
 9.3000      152.00
 9.3200      155.00
 9.3400      144.00
 9.3600      161.00
 9.3800      158.00
 9.4000      162.00
 9.4200      164.00
 9.4400      154.00
 9.4600      150.00
 9.4800      167.00
 9.5000      158.00
 9.5200      155.00
 9.5400      175.00
 9.5600      166.00
 9.5800      159.00
 9.6000      156.00
 9.6200      155.00
 9.6400      155.00
 9.6600      168.00
 9.6800      171.00
 9.7000      148.00
 9.7200      167.00
 9.7400      174.00
 9.7600      159.00
 9.7800      147.00
 9.8000      162.00
 9.8200      173.00
 9.8400      158.00
 9.8600      178.00
 9.8800      182.00
 9.9000      148.00
 9.9200      171.00
 9.9400      171.00
 9.9600      186.00
 9.9800      174.00
10.0000      207.00
10.0200      198.00
10.0400      189.00
10.0600      182.00
10.0800      150.00
10.1000      187.00
10.1200      180.00
10.1400      167.00
10.1600      175.00
10.1800      191.00
10.2000      147.00
10.2200      171.00
10.2400      151.00
10.2600      157.00
10.2800      148.00
10.3000      161.00
10.3200      151.00
10.3400      170.00
10.3600      165.00
10.3800      158.00
10.4000      167.00
10.4200      168.00
10.4400      179.00
10.4600      172.00
10.4800      174.00
10.5000      168.00
10.5200      164.00
10.5400      173.00
10.5600      180.00
10.5800      166.00
10.6000      182.00
10.6200      163.00
10.6400      184.00
10.6600      195.00
10.6800      179.00
10.7000      178.00
10.7200      167.00
10.7400      190.00
10.7600      196.00
10.7800      212.00
10.8000      196.00
10.8200      216.00
10.8400      202.00
10.8600      230.00
10.8800      191.00
10.9000      258.00
10.9200      233.00
10.9400      268.00
10.9600      274.00
10.9800      323.00
11.0000      297.00
11.0200      312.00
11.0400      328.00
11.0600      326.00
11.0800      346.00
11.1000      379.00
11.1200      419.00
11.1400      406.00
11.1600      426.00
11.1800      440.00
11.2000      404.00
11.2200      401.00
11.2400      366.00
11.2600      389.00
11.2800      391.00
11.3000      342.00
11.3200      341.00
11.3400      341.00
11.3600      362.00
11.3800      369.00
11.4000      393.00
11.4200      312.00
11.4400      319.00
11.4600      252.00
11.4800      260.00
11.5000      239.00
11.5200      206.00
11.5400      169.00
11.5600      195.00
11.5800      203.00
11.6000      163.00
11.6200      186.00
11.6400      207.00
11.6600      193.00
11.6800      212.00
11.7000      171.00
11.7200      207.00
11.7400      201.00
11.7600      219.00
11.7800      215.00
11.8000      201.00
11.8200      209.00
11.8400      223.00
11.8600      193.00
11.8800      230.00
11.9000      210.00
11.9200      228.00
11.9400      199.00
11.9600      272.00
11.9800      242.00
12.0000      267.00
12.0200      284.00
12.0400      328.00
12.0600      332.00
12.0800      320.00
12.1000      329.00
12.1200      385.00
12.1400      364.00
12.1600      380.00
12.1800      360.00
12.2000      395.00
12.2200      359.00
12.2400      436.00
12.2600      347.00
12.2800      374.00
12.3000      333.00
12.3200      340.00
12.3400      318.00
12.3600      286.00
12.3800      323.00
12.4000      321.00
12.4200      339.00
12.4400      311.00
12.4600      318.00
12.4800      397.00
12.5000      356.00
12.5200      361.00
12.5400      421.00
12.5600      445.00
12.5800      446.00
12.6000      456.00
12.6200      450.00
12.6400      488.00
12.6600      388.00
12.6800      410.00
12.7000      378.00
12.7200      295.00
12.7400      278.00
12.7600      247.00
12.7800      233.00
12.8000      225.00
12.8200      180.00
12.8400      180.00
12.8600      201.00
12.8800      192.00
12.9000      169.00
12.9200      207.00
12.9400      181.00
12.9600      179.00
12.9800      171.00
13.0000      192.00
13.0200      182.00
13.0400      154.00
13.0600      172.00
13.0800      186.00
13.1000      188.00
13.1200      204.00
13.1400      203.00
13.1600      198.00
13.1800      178.00
13.2000      177.00
13.2200      177.00
13.2400      189.00
13.2600      165.00
13.2800      177.00
13.3000      184.00
13.3200      180.00
13.3400      154.00
13.3600      161.00
13.3800      150.00
13.4000      180.00
13.4200      168.00
13.4400      172.00
13.4600      187.00
13.4800      164.00
13.5000      150.00
13.5200      170.00
13.5400      177.00
13.5600      218.00
13.5800      203.00
13.6000      161.00
13.6200      170.00
13.6400      173.00
13.6600      189.00
13.6800      195.00
13.7000      184.00
13.7200      188.00
13.7400      182.00
13.7600      181.00
13.7800      166.00
13.8000      184.00
13.8200      178.00
13.8400      203.00
13.8600      216.00
13.8800      208.00
13.9000      203.00
13.9200      228.00
13.9400      222.00
13.9600      222.00
13.9800      238.00
14.0000      254.00
14.0200      255.00
14.0400      287.00
14.0600      295.00
14.0800      328.00
14.1000      324.00
14.1200      341.00
14.1400      397.00
14.1600      428.00
14.1800      459.00
14.2000      458.00
14.2200      496.00
14.2400      541.00
14.2600      540.00
14.2800      564.00
14.3000      560.00
14.3200      570.00
14.3400      569.00
14.3600      512.00
14.3800      521.00
14.4000      468.00
14.4200      419.00
14.4400      401.00
14.4600      354.00
14.4800      364.00
14.5000      292.00
14.5200      275.00
14.5400      287.00
14.5600      252.00
14.5800      255.00
14.6000      257.00
14.6200      204.00
14.6400      237.00
14.6600      195.00
14.6800      206.00
14.7000      175.00
14.7200      196.00
14.7400      218.00
14.7600      197.00
14.7800      196.00
14.8000      193.00
14.8200      198.00
14.8400      217.00
14.8600      188.00
14.8800      206.00
14.9000      179.00
14.9200      199.00
14.9400      202.00
14.9600      200.00
14.9800      212.00
15.0000      209.00
15.0200      190.00
15.0400      195.00
15.0600      188.00
15.0800      196.00
15.1000      199.00
15.1200      197.00
15.1400      205.00
15.1600      210.00
15.1800      190.00
15.2000      195.00
15.2200      198.00
15.2400      179.00
15.2600      182.00
15.2800      180.00
15.3000      173.00
15.3200      202.00
15.3400      150.00
15.3600      197.00
15.3800      208.00
15.4000      202.00
15.4200      198.00
15.4400      210.00
15.4600      192.00
15.4800      200.00
15.5000      179.00
15.5200      195.00
15.5400      210.00
15.5600      199.00
15.5800      191.00
15.6000      219.00
15.6200      195.00
15.6400      193.00
15.6600      205.00
15.6800      195.00
15.7000      222.00
15.7200      205.00
15.7400      214.00
15.7600      237.00
15.7800      219.00
15.8000      238.00
15.8200      278.00
15.8400      258.00
15.8600      283.00
15.8800      273.00
15.9000      277.00
15.9200      296.00
15.9400      285.00
15.9600      310.00
15.9800      306.00
16.0000      298.00
16.0200      322.00
16.0400      332.00
16.0600      356.00
16.0800      341.00
16.1000      312.00
16.1200      305.00
16.1400      313.00
16.1600      311.00
16.1800      317.00
16.2000      342.00
16.2200      338.00
16.2400      353.00
16.2600      334.00
16.2800      353.00
16.3000      372.00
16.3200      337.00
16.3400      315.00
16.3600      334.00
16.3800      324.00
16.4000      335.00
16.4200      343.00
16.4400      371.00
16.4600      342.00
16.4800      364.00
16.5000      369.00
16.5200      409.00
16.5400      424.00
16.5600      387.00
16.5800      432.00
16.6000      393.00
16.6200      401.00
16.6400      361.00
16.6600      356.00
16.6800      249.00
16.7000      289.00
16.7200      274.00
16.7400      249.00
16.7600      261.00
16.7800      229.00
16.8000      220.00
16.8200      222.00
16.8400      264.00
16.8600      251.00
16.8800      272.00
16.9000      273.00
16.9200      276.00
16.9400      288.00
16.9600      302.00
16.9800      355.00
17.0000      356.00
17.0200      372.00
17.0400      342.00
17.0600      418.00
17.0800      421.00
17.1000      402.00
17.1200      422.00
17.1400      450.00
17.1600      425.00
17.1800      465.00
17.2000      484.00
17.2200      440.00
17.2400      389.00
17.2600      397.00
17.2800      391.00
17.3000      418.00
17.3200      433.00
17.3400      470.00
17.3600      467.00
17.3800      521.00
17.4000      607.00
17.4200      629.00
17.4400      696.00
17.4600      796.00
17.4800      945.00
17.5000      933.00
17.5200     1055.00
17.5400     1147.00
17.5600     1233.00
17.5800     1292.00
17.6000     1412.00
17.6200     1345.00
17.6400     1409.00
17.6600     1346.00
17.6800     1340.00
17.7000     1276.00
17.7200     1242.00
17.7400     1045.00
17.7600      989.00
17.7800      825.00
17.8000      728.00
17.8200      619.00
17.8400      483.00
17.8600      415.00
17.8800      339.00
17.9000      324.00
17.9200      350.00
17.9400      317.00
17.9600      285.00
17.9800      287.00
18.0000      271.00
18.0200      296.00
18.0400      251.00
18.0600      272.00
18.0800      268.00
18.1000      252.00
18.1200      247.00
18.1400      250.00
18.1600      279.00
18.1800      249.00
18.2000      244.00
18.2200      263.00
18.2400      262.00
18.2600      295.00
18.2800      290.00
18.3000      302.00
18.3200      362.00
18.3400      362.00
18.3600      382.00
18.3800      501.00
18.4000      416.00
18.4200      471.00
18.4400      499.00
18.4600      520.00
18.4800      540.00
18.5000      514.00
18.5200      543.00
18.5400      504.00
18.5600      481.00
18.5800      445.00
18.6000      438.00
18.6200      401.00
18.6400      384.00
18.6600      317.00
18.6800      335.00
18.7000      280.00
18.7200      278.00
18.7400      267.00
18.7600      281.00
18.7800      278.00
18.8000      274.00
18.8200      274.00
18.8400      270.00
18.8600      263.00
18.8800      277.00
18.9000      273.00
18.9200      270.00
18.9400      304.00
18.9600      247.00
18.9800      290.00
19.0000      266.00
19.0200      266.00
19.0400      284.00
19.0600      260.00
19.0800      235.00
19.1000      268.00
19.1200      298.00
19.1400      300.00
19.1600      277.00
19.1800      293.00
19.2000      273.00
19.2200      269.00
19.2400      309.00
19.2600      292.00
19.2800      323.00
19.3000      301.00
19.3200      281.00
19.3400      275.00
19.3600      294.00
19.3800      275.00
19.4000      281.00
19.4200      307.00
19.4400      322.00
19.4600      332.00
19.4800      331.00
19.5000      367.00
19.5200      442.00
19.5400      484.00
19.5600      532.00
19.5800      602.00
19.6000      668.00
19.6200      707.00
19.6400      821.00
19.6600      878.00
19.6800      943.00
19.7000      917.00
19.7200      966.00
19.7400      933.00
19.7600     1002.00
19.7800      959.00
19.8000      914.00
19.8200      879.00
19.8400      777.00
19.8600      705.00
19.8800      583.00
19.9000      548.00
19.9200      451.00
19.9400      414.00
19.9600      372.00
19.9800      318.00
20.0000      279.00
20.0200      307.00
20.0400      241.00
20.0600      234.00
20.0800      236.00
20.1000      265.00
20.1200      232.00
20.1400      223.00
20.1600      224.00
20.1800      224.00
20.2000      230.00
20.2200      209.00
20.2400      230.00
20.2600      232.00
20.2800      238.00
20.3000      221.00
20.3200      252.00
20.3400      232.00
20.3600      251.00
20.3800      246.00
20.4000      233.00
20.4200      242.00
20.4400      230.00
20.4600      245.00
20.4800      296.00
20.5000      321.00
20.5200      345.00
20.5400      369.00
20.5600      428.00
20.5800      470.00
20.6000      516.00
20.6200      519.00
20.6400      500.00
20.6600      573.00
20.6800      588.00
20.7000      613.00
20.7200      613.00
20.7400      675.00
20.7600      666.00
20.7800      716.00
20.8000      762.00
20.8200      807.00
20.8400      765.00
20.8600      793.00
20.8800      838.00
20.9000      904.00
20.9200     1017.00
20.9400     1102.00
20.9600     1137.00
20.9800     1318.00
21.0000     1330.00
21.0200     1477.00
21.0400     1569.00
21.0600     1606.00
21.0800     1667.00
21.1000     1756.00
21.1200     1660.00
21.1400     1574.00
21.1600     1590.00
21.1800     1520.00
21.2000     1369.00
21.2200     1106.00
21.2400      977.00
21.2600      806.00
21.2800      656.00
21.3000      503.00
21.3200      419.00
21.3400      343.00
21.3600      280.00
21.3800      295.00
21.4000      267.00
21.4200      217.00
21.4400      207.00
21.4600      211.00
21.4800      191.00
21.5000      197.00
21.5200      222.00
21.5400      208.00
21.5600      189.00
21.5800      183.00
21.6000      191.00
21.6200      187.00
21.6400      192.00
21.6600      171.00
21.6800      189.00
21.7000      189.00
21.7200      206.00
21.7400      212.00
21.7600      181.00
21.7800      156.00
21.8000      197.00
21.8200      187.00
21.8400      186.00
21.8600      226.00
21.8800      209.00
21.9000      214.00
21.9200      194.00
21.9400      201.00
21.9600      194.00
21.9800      234.00
22.0000      227.00
22.0200      227.00
22.0400      222.00
22.0600      241.00
22.0800      225.00
22.1000      235.00
22.1200      257.00
22.1400      286.00
22.1600      273.00
22.1800      293.00
22.2000      286.00
22.2200      301.00
22.2400      350.00
22.2600      372.00
22.2800      393.00
22.3000      358.00
22.3200      408.00
22.3400      392.00
22.3600      459.00
22.3800      430.00
22.4000      466.00
22.4200      449.00
22.4400      471.00
22.4600      481.00
22.4800      502.00
22.5000      550.00
22.5200      516.00
22.5400      653.00
22.5600      601.00
22.5800      654.00
22.6000      660.00
22.6200      651.00
22.6400      769.00
22.6600      728.00
22.6800      689.00
22.7000      721.00
22.7200      676.00
22.7400      684.00
22.7600      626.00
22.7800      593.00
22.8000      535.00
22.8200      511.00
22.8400      468.00
22.8600      439.00
22.8800      399.00
22.9000      394.00
22.9200      396.00
22.9400      419.00
22.9600      460.00
22.9800      422.00
23.0000      434.00
23.0200      492.00
23.0400      532.00
23.0600      470.00
23.0800      529.00
23.1000      485.00
23.1200      521.00
23.1400      494.00
23.1600      509.00
23.1800      517.00
23.2000      548.00
23.2200      506.00
23.2400      486.00
23.2600      488.00
23.2800      489.00
23.3000      466.00
23.3200      466.00
23.3400      509.00
23.3600      491.00
23.3800      479.00
23.4000      487.00
23.4200      476.00
23.4400      481.00
23.4600      451.00
23.4800      505.00
23.5000      440.00
23.5200      522.00
23.5400      438.00
23.5600      403.00
23.5800      371.00
23.6000      363.00
23.6200      292.00
23.6400      270.00
23.6600      256.00
23.6800      240.00
23.7000      244.00
23.7200      189.00
23.7400      219.00
23.7600      210.00
23.7800      207.00
23.8000      213.00
23.8200      262.00
23.8400      267.00
23.8600      267.00
23.8800      290.00
23.9000      283.00
23.9200      310.00
23.9400      330.00
23.9600      369.00
23.9800      379.00
24.0000      438.00
24.0200      473.00
24.0400      457.00
24.0600      505.00
24.0800      542.00
24.1000      620.00
24.1200      563.00
24.1400      633.00
24.1600      624.00
24.1800      646.00
24.2000      661.00
24.2200      617.00
24.2400      606.00
24.2600      621.00
24.2800      630.00
24.3000      615.00
24.3200      650.00
24.3400      665.00
24.3600      677.00
24.3800      718.00
24.4000      666.00
24.4200      756.00
24.4400      747.00
24.4600      759.00
24.4800      716.00
24.5000      648.00
24.5200      627.00
24.5400      589.00
24.5600      529.00
24.5800      504.00
24.6000      381.00
24.6200      343.00
24.6400      320.00
24.6600      305.00
24.6800      267.00
24.7000      277.00
24.7200      264.00
24.7400      269.00
24.7600      293.00
24.7800      262.00
24.8000      372.00
24.8200      371.00
24.8400      436.00
24.8600      406.00
24.8800      450.00
24.9000      506.00
24.9200      573.00
24.9400      593.00
24.9600      549.00
24.9800      541.00
25.0000      617.00
25.0200      594.00
25.0400      596.00
25.0600      555.00
25.0800      531.00
25.1000      446.00
25.1200      407.00
25.1400      369.00
25.1600      308.00
25.1800      280.00
25.2000      284.00
25.2200      229.00
25.2400      235.00
25.2600      197.00
25.2800      206.00
25.3000      208.00
25.3200      192.00
25.3400      191.00
25.3600      186.00
25.3800      184.00
25.4000      181.00
25.4200      169.00
25.4400      173.00
25.4600      179.00
25.4800      174.00
25.5000      182.00
25.5200      180.00
25.5400      172.00
25.5600      154.00
25.5800      167.00
25.6000      186.00
25.6200      159.00
25.6400      198.00
25.6600      178.00
25.6800      179.00
25.7000      168.00
25.7200      168.00
25.7400      166.00
25.7600      197.00
25.7800      197.00
25.8000      177.00
25.8200      180.00
25.8400      190.00
25.8600      187.00
25.8800      222.00
25.9000      209.00
25.9200      229.00
25.9400      244.00
25.9600      236.00
25.9800      253.00
26.0000      276.00
26.0200      272.00
26.0400      325.00
26.0600      303.00
26.0800      337.00
26.1000      361.00
26.1200      402.00
26.1400      356.00
26.1600      401.00
26.1800      403.00
26.2000      433.00
26.2200      400.00
26.2400      439.00
26.2600      409.00
26.2800      417.00
26.3000      429.00
26.3200      419.00
26.3400      423.00
26.3600      396.00
26.3800      414.00
26.4000      384.00
26.4200      409.00
26.4400      378.00
26.4600      410.00
26.4800      353.00
26.5000      397.00
26.5200      386.00
26.5400      367.00
26.5600      385.00
26.5800      354.00
26.6000      383.00
26.6200      303.00
26.6400      317.00
26.6600      310.00
26.6800      289.00
26.7000      266.00
26.7200      238.00
26.7400      220.00
26.7600      210.00
26.7800      204.00
26.8000      184.00
26.8200      185.00
26.8400      186.00
26.8600      168.00
26.8800      191.00
26.9000      182.00
26.9200      167.00
26.9400      179.00
26.9600      188.00
26.9800      191.00
27.0000      190.00
27.0200      213.00
27.0400      192.00
27.0600      167.00
27.0800      209.00
27.1000      221.00
27.1200      209.00
27.1400      219.00
27.1600      208.00
27.1800      222.00
27.2000      216.00
27.2200      226.00
27.2400      252.00
27.2600      253.00
27.2800      256.00
27.3000      288.00
27.3200      255.00
27.3400      292.00
27.3600      262.00
27.3800      266.00
27.4000      296.00
27.4200      310.00
27.4400      305.00
27.4600      382.00
27.4800      302.00
27.5000      338.00
27.5200      374.00
27.5400      396.00
27.5600      415.00
27.5800      468.00
27.6000      503.00
27.6200      556.00
27.6400      527.00
27.6600      565.00
27.6800      533.00
27.7000      529.00
27.7200      523.00
27.7400      511.00
27.7600      507.00
27.7800      519.00
27.8000      524.00
27.8200      468.00
27.8400      499.00
27.8600      419.00
27.8800      366.00
27.9000      339.00
27.9200      317.00
27.9400      291.00
27.9600      286.00
27.9800      266.00
28.0000      246.00
28.0200      250.00
28.0400      261.00
28.0600      240.00
28.0800      230.00
28.1000      245.00
28.1200      242.00
28.1400      242.00
28.1600      256.00
28.1800      231.00
28.2000      229.00
28.2200      243.00
28.2400      245.00
28.2600      255.00
28.2800      269.00
28.3000      304.00
28.3200      312.00
28.3400      372.00
28.3600      402.00
28.3800      430.00
28.4000      521.00
28.4200      603.00
28.4400      636.00
28.4600      666.00
28.4800      708.00
28.5000      754.00
28.5200      810.00
28.5400      778.00
28.5600      797.00
28.5800      812.00
28.6000      789.00
28.6200      786.00
28.6400      820.00
28.6600      758.00
28.6800      692.00
28.7000      641.00
28.7200      548.00
28.7400      496.00
28.7600      463.00
28.7800      397.00
28.8000      422.00
28.8200      373.00
28.8400      369.00
28.8600      333.00
28.8800      330.00
28.9000      343.00
28.9200      321.00
28.9400      303.00
28.9600      321.00
28.9800      303.00
29.0000      299.00
29.0200      302.00
29.0400      320.00
29.0600      284.00
29.0800      297.00
29.1000      302.00
29.1200      296.00
29.1400      295.00
29.1600      345.00
29.1800      380.00
29.2000      321.00
29.2200      355.00
29.2400      365.00
29.2600      380.00
29.2800      379.00
29.3000      379.00
29.3200      403.00
29.3400      377.00
29.3600      396.00
29.3800      392.00
29.4000      416.00
29.4200      396.00
29.4400      409.00
29.4600      419.00
29.4800      434.00
29.5000      420.00
29.5200      410.00
29.5400      426.00
29.5600      415.00
29.5800      406.00
29.6000      363.00
29.6200      362.00
29.6400      316.00
29.6600      319.00
29.6800      297.00
29.7000      255.00
29.7200      238.00
29.7400      189.00
29.7600      183.00
29.7800      189.00
29.8000      175.00
29.8200      164.00
29.8400      154.00
29.8600      164.00
29.8800      165.00
29.9000      161.00
29.9200      166.00
29.9400      200.00
29.9600      214.00
29.9800      210.00
30.0000      219.00
30.0200      227.00
30.0400      259.00
30.0600      239.00
30.0800      243.00
30.1000      258.00
30.1200      253.00
30.1400      288.00
30.1600      323.00
30.1800      309.00
30.2000      304.00
30.2200      313.00
30.2400      304.00
30.2600      335.00
30.2800      319.00
30.3000      290.00
30.3200      316.00
30.3400      291.00
30.3600      272.00
30.3800      278.00
30.4000      241.00
30.4200      248.00
30.4400      217.00
30.4600      227.00
30.4800      236.00
30.5000      231.00
30.5200      188.00
30.5400      195.00
30.5600      202.00
30.5800      207.00
30.6000      175.00
30.6200      210.00
30.6400      215.00
30.6600      192.00
30.6800      209.00
30.7000      195.00
30.7200      189.00
30.7400      225.00
30.7600      200.00
30.7800      183.00
30.8000      187.00
30.8200      170.00
30.8400      191.00
30.8600      187.00
30.8800      171.00
30.9000      172.00
30.9200      193.00
30.9400      192.00
30.9600      171.00
30.9800      159.00
31.0000      184.00
31.0200      185.00
31.0400      168.00
31.0600      191.00
31.0800      153.00
31.1000      176.00
31.1200      155.00
31.1400      157.00
31.1600      154.00
31.1800      164.00
31.2000      163.00
31.2200      161.00
31.2400      170.00
31.2600      162.00
31.2800      180.00
31.3000      143.00
31.3200      164.00
31.3400      158.00
31.3600      150.00
31.3800      145.00
31.4000      139.00
31.4200      166.00
31.4400      164.00
31.4600      178.00
31.4800      167.00
31.5000      180.00
31.5200      154.00
31.5400      178.00
31.5600      194.00
31.5800      177.00
31.6000      194.00
31.6200      205.00
31.6400      207.00
31.6600      177.00
31.6800      177.00
31.7000      183.00
31.7200      184.00
31.7400      214.00
31.7600      191.00
31.7800      164.00
31.8000      180.00
31.8200      162.00
31.8400      181.00
31.8600      188.00
31.8800      165.00
31.9000      179.00
31.9200      171.00
31.9400      204.00
31.9600      177.00
31.9800      198.00
32.0000      206.00
32.0200      260.00
32.0400      247.00
32.0600      233.00
32.0800      231.00
32.1000      255.00
32.1200      259.00
32.1400      255.00
32.1600      247.00
32.1800      273.00
32.2000      288.00
32.2200      303.00
32.2400      281.00
32.2600      254.00
32.2800      256.00
32.3000      298.00
32.3200      264.00
32.3400      271.00
32.3600      279.00
32.3800      268.00
32.4000      269.00
32.4200      296.00
32.4400      263.00
32.4600      273.00
32.4800      297.00
32.5000      306.00
32.5200      320.00
32.5400      313.00
32.5600      318.00
32.5800      293.00
32.6000      308.00
32.6200      350.00
32.6400      342.00
32.6600      291.00
32.6800      312.00
32.7000      296.00
32.7200      307.00
32.7400      282.00
32.7600      299.00
32.7800      264.00
32.8000      298.00
32.8200      237.00
32.8400      249.00
32.8600      241.00
32.8800      238.00
32.9000      213.00
32.9200      249.00
32.9400      208.00
32.9600      236.00
32.9800      217.00
33.0000      231.00
33.0200      232.00
33.0400      245.00
33.0600      230.00
33.0800      221.00
33.1000      233.00
33.1200      230.00
33.1400      267.00
33.1600      243.00
33.1800      257.00
33.2000      262.00
33.2200      274.00
33.2400      274.00
33.2600      274.00
33.2800      291.00
33.3000      333.00
33.3200      334.00
33.3400      333.00
33.3600      310.00
33.3800      265.00
33.4000      300.00
33.4200      334.00
33.4400      298.00
33.4600      322.00
33.4800      300.00
33.5000      248.00
33.5200      248.00
33.5400      277.00
33.5600      249.00
33.5800      220.00
33.6000      213.00
33.6200      212.00
33.6400      199.00
33.6600      210.00
33.6800      181.00
33.7000      155.00
33.7200      156.00
33.7400      153.00
33.7600      157.00
33.7800      159.00
33.8000      157.00
33.8200      155.00
33.8400      174.00
33.8600      149.00
33.8800      159.00
33.9000      177.00
33.9200      157.00
33.9400      160.00
33.9600      194.00
33.9800      182.00
34.0000      178.00
34.0200      193.00
34.0400      185.00
34.0600      213.00
34.0800      212.00
34.1000      249.00
34.1200      219.00
34.1400      221.00
34.1600      235.00
34.1800      241.00
34.2000      254.00
34.2200      269.00
34.2400      291.00
34.2600      231.00
34.2800      284.00
34.3000      280.00
34.3200      257.00
34.3400      233.00
34.3600      228.00
34.3800      239.00
34.4000      204.00
34.4200      196.00
34.4400      202.00
34.4600      178.00
34.4800      173.00
34.5000      156.00
34.5200      159.00
34.5400      157.00
34.5600      154.00
34.5800      158.00
34.6000      145.00
34.6200      167.00
34.6400      175.00
34.6600      170.00
34.6800      154.00
34.7000      155.00
34.7200      154.00
34.7400      172.00
34.7600      170.00
34.7800      162.00
34.8000      163.00
34.8200      175.00
34.8400      170.00
34.8600      169.00
34.8800      189.00
34.9000      191.00
34.9200      173.00
34.9400      173.00
34.9600      174.00
34.9800      174.00
35.0000      192.00
