 3.0000      162.00
 3.0200      171.00
 3.0400      157.00
 3.0600      152.00
 3.0800      150.00
 3.1000      148.00
 3.1200      161.00
 3.1400      150.00
 3.1600      152.00
 3.1800      161.00
 3.2000      151.00
 3.2200      128.00
 3.2400      135.00
 3.2600      137.00
 3.2800      139.00
 3.3000      131.00
 3.3200      137.00
 3.3400      146.00
 3.3600      124.00
 3.3800      120.00
 3.4000      133.00
 3.4200      109.00
 3.4400      142.00
 3.4600      118.00
 3.4800      123.00
 3.5000      119.00
 3.5200      147.00
 3.5400      139.00
 3.5600      124.00
 3.5800      120.00
 3.6000      125.00
 3.6200      111.00
 3.6400      114.00
 3.6600      120.00
 3.6800      125.00
 3.7000      123.00
 3.7200       97.00
 3.7400      115.00
 3.7600      116.00
 3.7800       92.00
 3.8000      107.00
 3.8200      103.00
 3.8400      115.00
 3.8600       87.00
 3.8800      118.00
 3.9000      119.00
 3.9200      112.00
 3.9400      107.00
 3.9600      108.00
 3.9800      108.00
 4.0000      108.00
 4.0200       99.00
 4.0400      130.00
 4.0600      112.00
 4.0800      122.00
 4.1000       84.00
 4.1200      106.00
 4.1400       91.00
 4.1600       84.00
 4.1800      101.00
 4.2000      109.00
 4.2200      106.00
 4.2400      113.00
 4.2600       99.00
 4.2800      103.00
 4.3000      108.00
 4.3200       88.00
 4.3400      109.00
 4.3600       95.00
 4.3800      107.00
 4.4000       96.00
 4.4200      102.00
 4.4400       90.00
 4.4600      100.00
 4.4800      107.00
 4.5000       92.00
 4.5200      105.00
 4.5400       97.00
 4.5600       98.00
 4.5800      100.00
 4.6000      120.00
 4.6200      122.00
 4.6400      104.00
 4.6600      111.00
 4.6800       97.00
 4.7000      111.00
 4.7200       99.00
 4.7400      104.00
 4.7600      108.00
 4.7800      117.00
 4.8000      125.00
 4.8200      127.00
 4.8400      107.00
 4.8600      123.00
 4.8800      124.00
 4.9000      106.00
 4.9200      126.00
 4.9400      120.00
 4.9600      121.00
 4.9800      129.00
 5.0000      130.00
 5.0200      134.00
 5.0400      197.00
 5.0600      169.00
 5.0800      201.00
 5.1000      189.00
 5.1200      191.00
 5.1400      197.00
 5.1600      221.00
 5.1800      223.00
 5.2000      248.00
 5.2200      281.00
 5.2400      280.00
 5.2600      281.00
 5.2800      324.00
 5.3000      334.00
 5.3200      315.00
 5.3400      357.00
 5.3600      370.00
 5.3800      434.00
 5.4000      447.00
 5.4200      440.00
 5.4400      523.00
 5.4600      537.00
 5.4800      588.00
 5.5000      551.00
 5.5200      571.00
 5.5400      594.00
 5.5600      569.00
 5.5800      540.00
 5.6000      545.00
 5.6200      490.00
 5.6400      470.00
 5.6600      417.00
 5.6800      371.00
 5.7000      334.00
 5.7200      304.00
 5.7400      248.00
 5.7600      173.00
 5.7800      148.00
 5.8000      130.00
 5.8200      102.00
 5.8400       96.00
 5.8600      110.00
 5.8800      108.00
 5.9000      115.00
 5.9200      138.00
 5.9400      105.00
 5.9600      114.00
 5.9800      104.00
 6.0000       94.00
 6.0200      110.00
 6.0400      115.00
 6.0600      108.00
 6.0800      108.00
 6.1000       83.00
 6.1200      112.00
 6.1400      103.00
 6.1600      110.00
 6.1800      110.00
 6.2000      134.00
 6.2200      114.00
 6.2400      128.00
 6.2600       95.00
 6.2800      112.00
 6.3000      119.00
 6.3200      106.00
 6.3400       97.00
 6.3600       97.00
 6.3800      104.00
 6.4000      107.00
 6.4200       93.00
 6.4400      114.00
 6.4600       96.00
 6.4800      110.00
 6.5000      110.00
 6.5200      124.00
 6.5400      120.00
 6.5600      141.00
 6.5800      118.00
 6.6000      106.00
 6.6200      114.00
 6.6400      104.00
 6.6600       95.00
 6.6800      132.00
 6.7000      105.00
 6.7200      109.00
 6.7400      104.00
 6.7600      115.00
 6.7800      130.00
 6.8000      128.00
 6.8200      117.00
 6.8400      123.00
 6.8600      100.00
 6.8800       96.00
 6.9000      125.00
 6.9200       93.00
 6.9400       94.00
 6.9600      106.00
 6.9800      127.00
 7.0000      123.00
 7.0200      122.00
 7.0400      135.00
 7.0600      132.00
 7.0800      106.00
 7.1000      132.00
 7.1200      122.00
 7.1400      138.00
 7.1600       98.00
 7.1800      129.00
 7.2000      113.00
 7.2200      118.00
 7.2400      112.00
 7.2600      118.00
 7.2800      132.00
 7.3000      114.00
 7.3200      123.00
 7.3400      116.00
 7.3600      119.00
 7.3800      131.00
 7.4000      117.00
 7.4200      107.00
 7.4400      119.00
 7.4600      121.00
 7.4800      137.00
 7.5000      129.00
 7.5200      125.00
 7.5400      134.00
 7.5600      110.00
 7.5800      137.00
 7.6000      124.00
 7.6200      125.00
 7.6400      137.00
 7.6600      132.00
 7.6800      129.00
 7.7000      136.00
 7.7200      109.00
 7.7400      137.00
 7.7600      132.00
 7.7800      141.00
 7.8000      122.00
 7.8200      143.00
 7.8400      125.00
 7.8600      131.00
 7.8800      133.00
 7.9000      112.00
 7.9200      129.00
 7.9400      135.00
 7.9600      127.00
 7.9800      147.00
 8.0000      135.00
 8.0200      125.00
 8.0400      121.00
 8.0600      153.00
 8.0800      138.00
 8.1000      126.00
 8.1200      133.00
 8.1400      128.00
 8.1600      142.00
 8.1800      146.00
 8.2000      125.00
 8.2200      133.00
 8.2400      131.00
 8.2600      134.00
 8.2800      146.00
 8.3000      137.00
 8.3200      141.00
 8.3400      162.00
 8.3600      136.00
 8.3800      149.00
 8.4000      117.00
 8.4200      138.00
 8.4400      119.00
 8.4600      153.00
 8.4800      125.00
 8.5000      153.00
 8.5200      146.00
 8.5400      115.00
 8.5600      145.00
 8.5800      129.00
 8.6000      123.00
 8.6200      160.00
 8.6400      140.00
 8.6600      142.00
 8.6800      141.00
 8.7000      141.00
 8.7200      151.00
 8.7400      156.00
 8.7600      158.00
 8.7800      164.00
 8.8000      128.00
 8.8200      164.00
 8.8400      141.00
 8.8600      161.00
 8.8800      164.00
 8.9000      132.00
 8.9200      140.00
 8.9400      171.00
 8.9600      153.00
 8.9800      156.00
 9.0000      156.00
 9.0200      166.00
 9.0400      154.00
 9.0600      170.00
 9.0800      153.00
 9.1000      172.00
 9.1200      172.00
 9.1400      148.00
 9.1600      151.00
 9.1800      175.00
 9.2000      146.00
 9.2200      156.00
 9.2400      150.00
 9.2600      141.00
 9.2800      138.00
 9.3000      135.00
 9.3200      129.00
 9.3400      131.00
 9.3600      159.00
 9.3800      136.00
 9.4000      137.00
 9.4200      146.00
 9.4400      138.00
 9.4600      139.00
 9.4800      164.00
 9.5000      134.00
 9.5200      148.00
 9.5400      133.00
 9.5600      139.00
 9.5800      134.00
 9.6000      134.00
 9.6200      145.00
 9.6400      138.00
 9.6600      134.00
 9.6800      140.00
 9.7000      135.00
 9.7200      128.00
 9.7400      142.00
 9.7600      130.00
 9.7800      161.00
 9.8000      148.00
 9.8200      146.00
 9.8400      127.00
 9.8600      136.00
 9.8800      138.00
 9.9000      158.00
 9.9200      169.00
 9.9400      143.00
 9.9600      152.00
 9.9800      169.00
10.0000      148.00
10.0200      161.00
10.0400      161.00
10.0600      137.00
10.0800      190.00
10.1000      170.00
10.1200      170.00
10.1400      160.00
10.1600      164.00
10.1800      163.00
10.2000      196.00
10.2200      161.00
10.2400      157.00
10.2600      164.00
10.2800      165.00
10.3000      188.00
10.3200      173.00
10.3400      196.00
10.3600      201.00
10.3800      190.00
10.4000      207.00
10.4200      222.00
10.4400      227.00
10.4600      204.00
10.4800      221.00
10.5000      259.00
10.5200      257.00
10.5400      256.00
10.5600      252.00
10.5800      327.00
10.6000      301.00
10.6200      324.00
10.6400      327.00
10.6600      378.00
10.6800      344.00
10.7000      401.00
10.7200      318.00
10.7400      379.00
10.7600      372.00
10.7800      398.00
10.8000      419.00
10.8200      384.00
10.8400      358.00
10.8600      350.00
10.8800      329.00
10.9000      294.00
10.9200      304.00
10.9400      274.00
10.9600      234.00
10.9800      207.00
11.0000      176.00
11.0200      187.00
11.0400      166.00
11.0600      147.00
11.0800      188.00
11.1000      163.00
11.1200      169.00
11.1400      150.00
11.1600      126.00
11.1800      186.00
11.2000      159.00
11.2200      159.00
11.2400      170.00
11.2600      182.00
11.2800      163.00
11.3000      170.00
11.3200      165.00
11.3400      167.00
11.3600      145.00
11.3800      152.00
11.4000      176.00
11.4200      146.00
11.4400      192.00
11.4600      155.00
11.4800      173.00
11.5000      158.00
11.5200      186.00
11.5400      156.00
11.5600      164.00
11.5800      181.00
11.6000      196.00
11.6200      163.00
11.6400      137.00
11.6600      171.00
11.6800      171.00
11.7000      180.00
11.7200      173.00
11.7400      173.00
11.7600      174.00
11.7800      175.00
11.8000      192.00
11.8200      192.00
11.8400      182.00
11.8600      184.00
11.8800      151.00
11.9000      188.00
11.9200      188.00
11.9400      195.00
11.9600      195.00
11.9800      218.00
12.0000      218.00
12.0200      228.00
12.0400      226.00
12.0600      238.00
12.0800      255.00
12.1000      247.00
12.1200      263.00
12.1400      267.00
12.1600      273.00
12.1800      293.00
12.2000      299.00
12.2200      270.00
12.2400      318.00
12.2600      285.00
12.2800      299.00
12.3000      311.00
12.3200      305.00
12.3400      338.00
12.3600      297.00
12.3800      301.00
12.4000      301.00
12.4200      306.00
12.4400      303.00
12.4600      277.00
12.4800      249.00
12.5000      277.00
12.5200      259.00
12.5400      211.00
12.5600      238.00
12.5800      211.00
12.6000      205.00
12.6200      220.00
12.6400      227.00
12.6600      265.00
12.6800      234.00
12.7000      235.00
12.7200      271.00
12.7400      288.00
12.7600      301.00
12.7800      340.00
12.8000      386.00
12.8200      378.00
12.8400      464.00
12.8600      489.00
12.8800      519.00
12.9000      545.00
12.9200      593.00
12.9400      669.00
12.9600      698.00
12.9800      668.00
13.0000      748.00
13.0200      764.00
13.0400      834.00
13.0600      862.00
13.0800      921.00
13.1000      937.00
13.1200      971.00
13.1400      966.00
13.1600      968.00
13.1800      971.00
13.2000     1010.00
13.2200     1010.00
13.2400      910.00
13.2600      951.00
13.2800      982.00
13.3000      909.00
13.3200      882.00
13.3400      851.00
13.3600      834.00
13.3800      879.00
13.4000      849.00
13.4200      852.00
13.4400      963.00
13.4600      950.00
13.4800     1020.00
13.5000     1040.00
13.5200     1147.00
13.5400     1192.00
13.5600     1230.00
13.5800     1309.00
13.6000     1306.00
13.6200     1319.00
13.6400     1406.00
13.6600     1360.00
13.6800     1310.00
13.7000     1366.00
13.7200     1301.00
13.7400     1232.00
13.7600     1161.00
13.7800     1077.00
13.8000      938.00
13.8200      820.00
13.8400      712.00
13.8600      624.00
13.8800      493.00
13.9000      416.00
13.9200      338.00
13.9400      276.00
13.9600      265.00
13.9800      256.00
14.0000      238.00
14.0200      223.00
14.0400      253.00
14.0600      263.00
14.0800      242.00
14.1000      240.00
14.1200      269.00
14.1400      256.00
14.1600      226.00
14.1800      251.00
14.2000      287.00
14.2200      296.00
14.2400      277.00
14.2600      289.00
14.2800      308.00
14.3000      365.00
14.3200      344.00
14.3400      354.00
14.3600      342.00
14.3800      368.00
14.4000      398.00
14.4200      367.00
14.4400      403.00
14.4600      422.00
14.4800      445.00
14.5000      482.00
14.5200      469.00
14.5400      493.00
14.5600      545.00
14.5800      555.00
14.6000      516.00
14.6200      634.00
14.6400      627.00
14.6600      651.00
14.6800      691.00
14.7000      691.00
14.7200      767.00
14.7400      789.00
14.7600      768.00
14.7800      868.00
14.8000      825.00
14.8200      876.00
14.8400      868.00
14.8600      911.00
14.8800      967.00
14.9000      826.00
14.9200      932.00
14.9400      887.00
14.9600      839.00
14.9800      841.00
15.0000      759.00
15.0200      750.00
15.0400      737.00
15.0600      612.00
15.0800      614.00
15.1000      552.00
15.1200      494.00
15.1400      433.00
15.1600      422.00
15.1800      439.00
15.2000      411.00
15.2200      392.00
15.2400      422.00
15.2600      403.00
15.2800      432.00
15.3000      487.00
15.3200      560.00
15.3400      566.00
15.3600      592.00
15.3800      682.00
15.4000      723.00
15.4200      749.00
15.4400      795.00
15.4600      852.00
15.4800      911.00
15.5000      972.00
15.5200     1045.00
15.5400     1137.00
15.5600     1066.00
15.5800     1175.00
15.6000     1236.00
15.6200     1293.00
15.6400     1271.00
15.6600     1262.00
15.6800     1401.00
15.7000     1315.00
15.7200     1299.00
15.7400     1215.00
15.7600     1242.00
15.7800     1182.00
15.8000     1158.00
15.8200     1075.00
15.8400      989.00
15.8600      983.00
15.8800      960.00
15.9000      878.00
15.9200      809.00
15.9400      715.00
15.9600      650.00
15.9800      609.00
16.0000      585.00
16.0200      502.00
16.0400      454.00
16.0600      420.00
16.0800      402.00
16.1000      341.00
16.1200      357.00
16.1400      309.00
16.1600      313.00
16.1800      334.00
16.2000      307.00
16.2200      276.00
16.2400      298.00
16.2600      274.00
16.2800      283.00
16.3000      328.00
16.3200      297.00
16.3400      318.00
16.3600      319.00
16.3800      326.00
16.4000      369.00
16.4200      380.00
16.4400      394.00
16.4600      436.00
16.4800      423.00
16.5000      428.00
16.5200      447.00
16.5400      488.00
16.5600      497.00
16.5800      512.00
16.6000      480.00
16.6200      573.00
16.6400      550.00
16.6600      549.00
16.6800      572.00
16.7000      602.00
16.7200      551.00
16.7400      530.00
16.7600      543.00
16.7800      514.00
16.8000      493.00
16.8200      471.00
16.8400      438.00
16.8600      387.00
16.8800      376.00
16.9000      376.00
16.9200      272.00
16.9400      256.00
16.9600      269.00
16.9800      274.00
17.0000      244.00
17.0200      208.00
17.0400      241.00
17.0600      228.00
17.0800      211.00
17.1000      226.00
17.1200      237.00
17.1400      215.00
17.1600      245.00
17.1800      243.00
17.2000      208.00
17.2200      204.00
17.2400      220.00
17.2600      215.00
17.2800      237.00
17.3000      218.00
17.3200      223.00
17.3400      215.00
17.3600      250.00
17.3800      204.00
17.4000      234.00
17.4200      249.00
17.4400      242.00
17.4600      251.00
17.4800      246.00
17.5000      268.00
17.5200      263.00
17.5400      285.00
17.5600      342.00
17.5800      348.00
17.6000      367.00
17.6200      365.00
17.6400      387.00
17.6600      426.00
17.6800      467.00
17.7000      474.00
17.7200      537.00
17.7400      573.00
17.7600      647.00
17.7800      648.00
17.8000      634.00
17.8200      710.00
17.8400      835.00
17.8600      793.00
17.8800      857.00
17.9000      841.00
17.9200      861.00
17.9400      904.00
17.9600      892.00
17.9800      930.00
18.0000      902.00
18.0200      909.00
18.0400      935.00
18.0600      927.00
18.0800      902.00
18.1000      892.00
18.1200      833.00
18.1400      842.00
18.1600      835.00
18.1800      727.00
18.2000      743.00
18.2200      707.00
18.2400      619.00
18.2600      540.00
18.2800      543.00
18.3000      450.00
18.3200      431.00
18.3400      392.00
18.3600      389.00
18.3800      368.00
18.4000      354.00
18.4200      315.00
18.4400      320.00
18.4600      318.00
18.4800      335.00
18.5000      344.00
18.5200      377.00
18.5400      378.00
18.5600      372.00
18.5800      383.00
18.6000      388.00
18.6200      395.00
18.6400      409.00
18.6600      379.00
18.6800      390.00
18.7000      394.00
18.7200      401.00
18.7400      371.00
18.7600      381.00
18.7800      347.00
18.8000      358.00
18.8200      369.00
18.8400      343.00
18.8600      294.00
18.8800      291.00
18.9000      272.00
18.9200      264.00
18.9400      224.00
18.9600      244.00
18.9800      239.00
19.0000      208.00
19.0200      210.00
19.0400      240.00
19.0600      211.00
19.0800      207.00
19.1000      191.00
19.1200      220.00
19.1400      224.00
19.1600      197.00
19.1800      233.00
19.2000      249.00
19.2200      232.00
19.2400      256.00
19.2600      255.00
19.2800      236.00
19.3000      258.00
19.3200      258.00
19.3400      291.00
19.3600      294.00
19.3800      322.00
19.4000      352.00
19.4200      356.00
19.4400      372.00
19.4600      392.00
19.4800      415.00
19.5000      445.00
19.5200      471.00
19.5400      518.00
19.5600      528.00
19.5800      621.00
19.6000      569.00
19.6200      646.00
19.6400      657.00
19.6600      681.00
19.6800      741.00
19.7000      808.00
19.7200      819.00
19.7400      851.00
19.7600      879.00
19.7800      860.00
19.8000      825.00
19.8200      913.00
19.8400      864.00
19.8600      891.00
19.8800      773.00
19.9000      871.00
19.9200      785.00
19.9400      766.00
19.9600      746.00
19.9800      719.00
20.0000      672.00
20.0200      652.00
20.0400      643.00
20.0600      560.00
20.0800      561.00
20.1000      547.00
20.1200      512.00
20.1400      480.00
20.1600      498.00
20.1800      478.00
20.2000      515.00
20.2200      476.00
20.2400      453.00
20.2600      512.00
20.2800      542.00
20.3000      609.00
20.3200      670.00
20.3400      711.00
20.3600      725.00
20.3800      845.00
20.4000      886.00
20.4200      955.00
20.4400     1032.00
20.4600     1084.00
20.4800     1098.00
20.5000     1289.00
20.5200     1273.00
20.5400     1324.00
20.5600     1412.00
20.5800     1411.00
20.6000     1457.00
20.6200     1492.00
20.6400     1604.00
20.6600     1542.00
20.6800     1539.00
20.7000     1500.00
20.7200     1531.00
20.7400     1537.00
20.7600     1443.00
20.7800     1488.00
20.8000     1417.00
20.8200     1409.00
20.8400     1335.00
20.8600     1345.00
20.8800     1215.00
20.9000     1147.00
20.9200     1138.00
20.9400     1116.00
20.9600     1078.00
20.9800     1126.00
21.0000     1143.00
21.0200     1161.00
21.0400     1169.00
21.0600     1228.00
21.0800     1330.00
21.1000     1460.00
21.1200     1557.00
21.1400     1755.00
21.1600     1914.00
21.1800     1962.00
21.2000     2158.00
21.2200     2336.00
21.2400     2584.00
21.2600     2702.00
21.2800     2856.00
21.3000     3045.00
21.3200     3191.00
21.3400     3214.00
21.3600     3366.00
21.3800     3435.00
21.4000     3470.00
21.4200     3552.00
21.4400     3531.00
21.4600     3474.00
21.4800     3385.00
21.5000     3467.00
21.5200     3261.00
21.5400     3161.00
21.5600     3044.00
21.5800     2820.00
21.6000     2664.00
21.6200     2412.00
21.6400     2223.00
21.6600     2019.00
21.6800     1839.00
21.7000     1655.00
21.7200     1453.00
21.7400     1266.00
21.7600     1085.00
21.7800      899.00
21.8000      837.00
21.8200      790.00
21.8400      704.00
21.8600      695.00
21.8800      612.00
21.9000      634.00
21.9200      612.00
21.9400      617.00
21.9600      606.00
21.9800      625.00
22.0000      607.00
22.0200      597.00
22.0400      647.00
22.0600      637.00
22.0800      629.00
22.1000      727.00
22.1200      676.00
22.1400      695.00
22.1600      674.00
22.1800      669.00
22.2000      616.00
22.2200      664.00
22.2400      560.00
22.2600      588.00
22.2800      567.00
22.3000      525.00
22.3200      479.00
22.3400      421.00
22.3600      418.00
22.3800      384.00
22.4000      332.00
22.4200      310.00
22.4400      288.00
22.4600      314.00
22.4800      267.00
22.5000      287.00
22.5200      266.00
22.5400      248.00
22.5600      256.00
22.5800      273.00
22.6000      269.00
22.6200      269.00
22.6400      249.00
22.6600      298.00
22.6800      269.00
22.7000      240.00
22.7200      266.00
22.7400      248.00
22.7600      266.00
22.7800      246.00
22.8000      268.00
22.8200      278.00
22.8400      262.00
22.8600      304.00
22.8800      272.00
22.9000      324.00
22.9200      320.00
22.9400      325.00
22.9600      282.00
22.9800      322.00
23.0000      316.00
23.0200      308.00
23.0400      338.00
23.0600      327.00
23.0800      320.00
23.1000      365.00
23.1200      350.00
23.1400      371.00
23.1600      338.00
23.1800      355.00
23.2000      374.00
23.2200      392.00
23.2400      330.00
23.2600      335.00
23.2800      351.00
23.3000      360.00
23.3200      340.00
23.3400      332.00
23.3600      354.00
23.3800      338.00
23.4000      347.00
23.4200      354.00
23.4400      324.00
23.4600      309.00
23.4800      313.00
23.5000      324.00
23.5200      280.00
23.5400      329.00
23.5600      326.00
23.5800      290.00
23.6000      340.00
23.6200      321.00
23.6400      348.00
23.6600      304.00
23.6800      324.00
23.7000      305.00
23.7200      303.00
23.7400      290.00
23.7600      289.00
23.7800      312.00
23.8000      308.00
23.8200      266.00
23.8400      271.00
23.8600      270.00
23.8800      284.00
23.9000      284.00
23.9200      270.00
23.9400      237.00
23.9600      266.00
23.9800      242.00
24.0000      230.00
24.0200      205.00
24.0400      222.00
24.0600      248.00
24.0800      230.00
24.1000      237.00
24.1200      218.00
24.1400      236.00
24.1600      270.00
24.1800      259.00
24.2000      282.00
24.2200      255.00
24.2400      278.00
24.2600      289.00
24.2800      304.00
24.3000      290.00
24.3200      305.00
24.3400      289.00
24.3600      307.00
24.3800      333.00
24.4000      320.00
24.4200      317.00
24.4400      342.00
24.4600      358.00
24.4800      317.00
24.5000      333.00
24.5200      324.00
24.5400      340.00
24.5600      318.00
24.5800      319.00
24.6000      325.00
24.6200      303.00
24.6400      324.00
24.6600      297.00
24.6800      276.00
24.7000      255.00
24.7200      270.00
24.7400      271.00
24.7600      291.00
24.7800      254.00
24.8000      247.00
24.8200      270.00
24.8400      256.00
24.8600      264.00
24.8800      266.00
24.9000      281.00
24.9200      280.00
24.9400      282.00
24.9600      349.00
24.9800      313.00
25.0000      365.00
25.0200      349.00
25.0400      401.00
25.0600      409.00
25.0800      431.00
25.1000      508.00
25.1200      507.00
25.1400      543.00
25.1600      626.00
25.1800      663.00
25.2000      663.00
25.2200      719.00
25.2400      748.00
25.2600      823.00
25.2800      827.00
25.3000      902.00
25.3200      876.00
25.3400      852.00
25.3600      856.00
25.3800      972.00
25.4000      917.00
25.4200      967.00
25.4400      889.00
25.4600      884.00
25.4800      877.00
25.5000      843.00
25.5200      834.00
25.5400      760.00
25.5600      790.00
25.5800      770.00
25.6000      718.00
25.6200      698.00
25.6400      644.00
25.6600      630.00
25.6800      554.00
25.7000      563.00
25.7200      547.00
25.7400      511.00
25.7600      488.00
25.7800      563.00
25.8000      583.00
25.8200      556.00
25.8400      570.00
25.8600      667.00
25.8800      615.00
25.9000      653.00
25.9200      654.00
25.9400      672.00
25.9600      681.00
25.9800      664.00
26.0000      655.00
26.0200      632.00
26.0400      678.00
26.0600      640.00
26.0800      660.00
26.1000      620.00
26.1200      631.00
26.1400      685.00
26.1600      637.00
26.1800      645.00
26.2000      615.00
26.2200      656.00
26.2400      603.00
26.2600      665.00
26.2800      675.00
26.3000      668.00
26.3200      641.00
26.3400      642.00
26.3600      601.00
26.3800      624.00
26.4000      664.00
26.4200      658.00
26.4400      683.00
26.4600      739.00
26.4800      724.00
26.5000      732.00
26.5200      759.00
26.5400      694.00
26.5600      762.00
26.5800      776.00
26.6000      752.00
26.6200      710.00
26.6400      705.00
26.6600      687.00
26.6800      642.00
26.7000      638.00
26.7200      610.00
26.7400      540.00
26.7600      528.00
26.7800      499.00
26.8000      468.00
26.8200      426.00
26.8400      396.00
26.8600      368.00
26.8800      401.00
26.9000      345.00
26.9200      324.00
26.9400      303.00
26.9600      324.00
26.9800      317.00
27.0000      327.00
27.0200      324.00
27.0400      353.00
27.0600      357.00
27.0800      362.00
27.1000      419.00
27.1200      422.00
27.1400      406.00
27.1600      450.00
27.1800      493.00
27.2000      519.00
27.2200      484.00
27.2400      466.00
27.2600      529.00
27.2800      481.00
27.3000      544.00
27.3200      541.00
27.3400      549.00
27.3600      568.00
27.3800      534.00
27.4000      554.00
27.4200      540.00
27.4400      535.00
27.4600      509.00
27.4800      529.00
27.5000      530.00
27.5200      521.00
27.5400      501.00
27.5600      499.00
27.5800      498.00
27.6000      492.00
27.6200      509.00
27.6400      537.00
27.6600      518.00
27.6800      528.00
27.7000      517.00
27.7200      572.00
27.7400      562.00
27.7600      530.00
27.7800      591.00
27.8000      573.00
27.8200      625.00
27.8400      603.00
27.8600      653.00
27.8800      670.00
27.9000      678.00
27.9200      642.00
27.9400      660.00
27.9600      585.00
27.9800      610.00
28.0000      606.00
28.0200      632.00
28.0400      596.00
28.0600      535.00
28.0800      512.00
28.1000      560.00
28.1200      476.00
28.1400      459.00
28.1600      449.00
28.1800      449.00
28.2000      442.00
28.2200      407.00
28.2400      371.00
28.2600      393.00
28.2800      397.00
28.3000      402.00
28.3200      398.00
28.3400      412.00
28.3600      372.00
28.3800      347.00
28.4000      437.00
28.4200      438.00
28.4400      444.00
28.4600      434.00
28.4800      421.00
28.5000      443.00
28.5200      445.00
28.5400      438.00
28.5600      465.00
28.5800      470.00
28.6000      466.00
28.6200      422.00
28.6400      470.00
28.6600      481.00
28.6800      453.00
28.7000      414.00
28.7200      456.00
28.7400      420.00
28.7600      416.00
28.7800      428.00
28.8000      426.00
28.8200      420.00
28.8400      429.00
28.8600      439.00
28.8800      447.00
28.9000      478.00
28.9200      509.00
28.9400      582.00
28.9600      588.00
28.9800      648.00
29.0000      637.00
29.0200      666.00
29.0400      739.00
29.0600      674.00
29.0800      830.00
29.1000      852.00
29.1200      879.00
29.1400      849.00
29.1600      935.00
29.1800      974.00
29.2000      967.00
29.2200      958.00
29.2400      943.00
29.2600      992.00
29.2800      925.00
29.3000      862.00
29.3200      899.00
29.3400      844.00
29.3600      806.00
29.3800      783.00
29.4000      767.00
29.4200      776.00
29.4400      782.00
29.4600      707.00
29.4800      716.00
29.5000      648.00
29.5200      615.00
29.5400      627.00
29.5600      661.00
29.5800      667.00
29.6000      584.00
29.6200      639.00
29.6400      644.00
29.6600      665.00
29.6800      669.00
29.7000      670.00
29.7200      686.00
29.7400      653.00
29.7600      657.00
29.7800      687.00
29.8000      689.00
29.8200      669.00
29.8400      641.00
29.8600      599.00
29.8800      571.00
29.9000      559.00
29.9200      508.00
29.9400      534.00
29.9600      487.00
29.9800      445.00
30.0000      395.00
30.0200      396.00
30.0400      392.00
30.0600      388.00
30.0800      359.00
30.1000      331.00
30.1200      325.00
30.1400      306.00
30.1600      319.00
30.1800      306.00
30.2000      313.00
30.2200      315.00
30.2400      297.00
30.2600      299.00
30.2800      298.00
30.3000      291.00
30.3200      250.00
30.3400      296.00
30.3600      291.00
30.3800      247.00
30.4000      276.00
30.4200      276.00
30.4400      263.00
30.4600      239.00
30.4800      264.00
30.5000      260.00
30.5200      245.00
30.5400      232.00
30.5600      221.00
30.5800      241.00
30.6000      228.00
30.6200      211.00
30.6400      218.00
30.6600      192.00
30.6800      207.00
30.7000      240.00
30.7200      230.00
30.7400      221.00
30.7600      212.00
30.7800      225.00
30.8000      230.00
30.8200      266.00
30.8400      227.00
30.8600      319.00
30.8800      280.00
30.9000      318.00
30.9200      316.00
30.9400      328.00
30.9600      356.00
30.9800      324.00
31.0000      355.00
31.0200      361.00
31.0400      375.00
31.0600      376.00
31.0800      411.00
31.1000      388.00
31.1200      400.00
31.1400      408.00
31.1600      398.00
31.1800      368.00
31.2000      342.00
31.2200      328.00
31.2400      352.00
31.2600      319.00
31.2800      351.00
31.3000      339.00
31.3200      312.00
31.3400      307.00
31.3600      320.00
31.3800      305.00
31.4000      348.00
31.4200      295.00
31.4400      354.00
31.4600      321.00
31.4800      353.00
31.5000      361.00
31.5200      335.00
31.5400      327.00
31.5600      406.00
31.5800      375.00
31.6000      373.00
31.6200      370.00
31.6400      371.00
31.6600      426.00
31.6800      403.00
31.7000      370.00
31.7200      388.00
31.7400      355.00
31.7600      355.00
31.7800      347.00
31.8000      342.00
31.8200      364.00
31.8400      305.00
31.8600      317.00
31.8800      318.00
31.9000      290.00
31.9200      275.00
31.9400      260.00
31.9600      267.00
31.9800      245.00
32.0000      273.00
32.0200      276.00
32.0400      251.00
32.0600      256.00
32.0800      235.00
32.1000      232.00
32.1200      230.00
32.1400      236.00
32.1600      239.00
32.1800      244.00
32.2000      254.00
32.2200      235.00
32.2400      233.00
32.2600      236.00
32.2800      245.00
32.3000      222.00
32.3200      229.00
32.3400      245.00
32.3600      217.00
32.3800      223.00
32.4000      205.00
32.4200      208.00
32.4400      222.00
32.4600      209.00
32.4800      237.00
32.5000      198.00
32.5200      227.00
32.5400      228.00
32.5600      206.00
32.5800      248.00
32.6000      236.00
32.6200      257.00
32.6400      247.00
32.6600      231.00
32.6800      263.00
32.7000      247.00
32.7200      275.00
32.7400      277.00
32.7600      281.00
32.7800      273.00
32.8000      316.00
32.8200      276.00
32.8400      271.00
32.8600      309.00
32.8800      290.00
32.9000      334.00
32.9200      307.00
32.9400      323.00
32.9600      290.00
32.9800      289.00
33.0000      290.00
33.0200      286.00
33.0400      335.00
33.0600      302.00
33.0800      317.00
33.1000      302.00
33.1200      318.00
33.1400      319.00
33.1600      325.00
33.1800      356.00
33.2000      290.00
33.2200      305.00
33.2400      337.00
33.2600      325.00
33.2800      301.00
33.3000      324.00
33.3200      314.00
33.3400      337.00
33.3600      296.00
33.3800      303.00
33.4000      309.00
33.4200      271.00
33.4400      289.00
33.4600      294.00
33.4800      298.00
33.5000      305.00
33.5200      302.00
33.5400      306.00
33.5600      320.00
33.5800      343.00
33.6000      340.00
33.6200      361.00
33.6400      359.00
33.6600      380.00
33.6800      353.00
33.7000      351.00
33.7200      339.00
33.7400      385.00
33.7600      383.00
33.7800      422.00
33.8000      399.00
33.8200      399.00
33.8400      399.00
33.8600      397.00
33.8800      356.00
33.9000      351.00
33.9200      336.00
33.9400      314.00
33.9600      324.00
33.9800      321.00
34.0000      286.00
34.0200      271.00
34.0400      279.00
34.0600      270.00
34.0800      211.00
34.1000      233.00
34.1200      204.00
34.1400      229.00
34.1600      218.00
34.1800      205.00
34.2000      167.00
34.2200      205.00
34.2400      198.00
34.2600      165.00
34.2800      202.00
34.3000      197.00
34.3200      184.00
34.3400      197.00
34.3600      183.00
34.3800      182.00
34.4000      167.00
34.4200      171.00
34.4400      184.00
34.4600      171.00
34.4800      170.00
34.5000      174.00
34.5200      186.00
34.5400      198.00
34.5600      207.00
34.5800      175.00
34.6000      176.00
34.6200      198.00
34.6400      206.00
34.6600      202.00
34.6800      181.00
34.7000      204.00
34.7200      214.00
34.7400      183.00
34.7600      200.00
34.7800      213.00
34.8000      205.00
34.8200      231.00
34.8400      224.00
34.8600      251.00
34.8800      226.00
34.9000      229.00
34.9200      242.00
34.9400      209.00
34.9600      219.00
34.9800      227.00
35.0000      240.00
