 3.0000      167.00
 3.0200      167.00
 3.0400      149.00
 3.0600      153.00
 3.0800      143.00
 3.1000      146.00
 3.1200      158.00
 3.1400      137.00
 3.1600      145.00
 3.1800      139.00
 3.2000      150.00
 3.2200      151.00
 3.2400      121.00
 3.2600      151.00
 3.2800      179.00
 3.3000      163.00
 3.3200      165.00
 3.3400      164.00
 3.3600      157.00
 3.3800      145.00
 3.4000      165.00
 3.4200      157.00
 3.4400      158.00
 3.4600      178.00
 3.4800      166.00
 3.5000      169.00
 3.5200      136.00
 3.5400      172.00
 3.5600      143.00
 3.5800      132.00
 3.6000      134.00
 3.6200      141.00
 3.6400      133.00
 3.6600      134.00
 3.6800      131.00
 3.7000      160.00
 3.7200      139.00
 3.7400      143.00
 3.7600      126.00
 3.7800      143.00
 3.8000      123.00
 3.8200      141.00
 3.8400      130.00
 3.8600      156.00
 3.8800      147.00
 3.9000      135.00
 3.9200      129.00
 3.9400      140.00
 3.9600      120.00
 3.9800      130.00
 4.0000      132.00
 4.0200      135.00
 4.0400      113.00
 4.0600      141.00
 4.0800      125.00
 4.1000      154.00
 4.1200      113.00
 4.1400      134.00
 4.1600      131.00
 4.1800      145.00
 4.2000      121.00
 4.2200      137.00
 4.2400      129.00
 4.2600      127.00
 4.2800      142.00
 4.3000      122.00
 4.3200      127.00
 4.3400      144.00
 4.3600      125.00
 4.3800      131.00
 4.4000      108.00
 4.4200      101.00
 4.4400      113.00
 4.4600      120.00
 4.4800       93.00
 4.5000      101.00
 4.5200      116.00
 4.5400      112.00
 4.5600      127.00
 4.5800      118.00
 4.6000      113.00
 4.6200      136.00
 4.6400      122.00
 4.6600       91.00
 4.6800      114.00
 4.7000       98.00
 4.7200       96.00
 4.7400      114.00
 4.7600      117.00
 4.7800      104.00
 4.8000      111.00
 4.8200      110.00
 4.8400      100.00
 4.8600      102.00
 4.8800      109.00
 4.9000      120.00
 4.9200      135.00
 4.9400       84.00
 4.9600       91.00
 4.9800      103.00
 5.0000      104.00
 5.0200       84.00
 5.0400      108.00
 5.0600      111.00
 5.0800       97.00
 5.1000       99.00
 5.1200      102.00
 5.1400      102.00
 5.1600      115.00
 5.1800      119.00
 5.2000      110.00
 5.2200       97.00
 5.2400      110.00
 5.2600      103.00
 5.2800      109.00
 5.3000       89.00
 5.3200      102.00
 5.3400       97.00
 5.3600      104.00
 5.3800      109.00
 5.4000       94.00
 5.4200      111.00
 5.4400      129.00
 5.4600       98.00
 5.4800      118.00
 5.5000      121.00
 5.5200      126.00
 5.5400      118.00
 5.5600       94.00
 5.5800      103.00
 5.6000      111.00
 5.6200      105.00
 5.6400      129.00
 5.6600      132.00
 5.6800      115.00
 5.7000      120.00
 5.7200      124.00
 5.7400      121.00
 5.7600      126.00
 5.7800      103.00
 5.8000      120.00
 5.8200      112.00
 5.8400      146.00
 5.8600      138.00
 5.8800      139.00
 5.9000      127.00
 5.9200      136.00
 5.9400      160.00
 5.9600      151.00
 5.9800      151.00
 6.0000      159.00
 6.0200      129.00
 6.0400      156.00
 6.0600      170.00
 6.0800      163.00
 6.1000      161.00
 6.1200      172.00
 6.1400      178.00
 6.1600      187.00
 6.1800      226.00
 6.2000      256.00
 6.2200      218.00
 6.2400      301.00
 6.2600      268.00
 6.2800      318.00
 6.3000      316.00
 6.3200      368.00
 6.3400      385.00
 6.3600      513.00
 6.3800      540.00
 6.4000      630.00
 6.4200      777.00
 6.4400      815.00
 6.4600      868.00
 6.4800      974.00
 6.5000     1017.00
 6.5200      962.00
 6.5400      997.00
 6.5600      996.00
 6.5800      956.00
 6.6000     1030.00
 6.6200      979.00
 6.6400      950.00
 6.6600      909.00
 6.6800      847.00
 6.7000      764.00
 6.7200      665.00
 6.7400      596.00
 6.7600      515.00
 6.7800      408.00
 6.8000      379.00
 6.8200      300.00
 6.8400      264.00
 6.8600      231.00
 6.8800      171.00
 6.9000      134.00
 6.9200      134.00
 6.9400      135.00
 6.9600      127.00
 6.9800      116.00
 7.0000      130.00
 7.0200      107.00
 7.0400      133.00
 7.0600      122.00
 7.0800      131.00
 7.1000      107.00
 7.1200      105.00
 7.1400      108.00
 7.1600      104.00
 7.1800      118.00
 7.2000      116.00
 7.2200      124.00
 7.2400      126.00
 7.2600      111.00
 7.2800      131.00
 7.3000      126.00
 7.3200      117.00
 7.3400      100.00
 7.3600       91.00
 7.3800      123.00
 7.4000      104.00
 7.4200      140.00
 7.4400       98.00
 7.4600      107.00
 7.4800      108.00
 7.5000      120.00
 7.5200       93.00
 7.5400      112.00
 7.5600      134.00
 7.5800      102.00
 7.6000      113.00
 7.6200      118.00
 7.6400      120.00
 7.6600      114.00
 7.6800      103.00
 7.7000      114.00
 7.7200       93.00
 7.7400      113.00
 7.7600      121.00
 7.7800      112.00
 7.8000      124.00
 7.8200      129.00
 7.8400      120.00
 7.8600      102.00
 7.8800      103.00
 7.9000      119.00
 7.9200      120.00
 7.9400       91.00
 7.9600      117.00
 7.9800      103.00
 8.0000      118.00
 8.0200       95.00
 8.0400      120.00
 8.0600      135.00
 8.0800      131.00
 8.1000      137.00
 8.1200      115.00
 8.1400      100.00
 8.1600      125.00
 8.1800      125.00
 8.2000      108.00
 8.2200      128.00
 8.2400      111.00
 8.2600      128.00
 8.2800      124.00
 8.3000      138.00
 8.3200      133.00
 8.3400      126.00
 8.3600      132.00
 8.3800      123.00
 8.4000      125.00
 8.4200      134.00
 8.4400      124.00
 8.4600      125.00
 8.4800      123.00
 8.5000      126.00
 8.5200      151.00
 8.5400      192.00
 8.5600      156.00
 8.5800      179.00
 8.6000      169.00
 8.6200      190.00
 8.6400      210.00
 8.6600      215.00
 8.6800      179.00
 8.7000      217.00
 8.7200      267.00
 8.7400      294.00
 8.7600      330.00
 8.7800      354.00
 8.8000      393.00
 8.8200      484.00
 8.8400      507.00
 8.8600      539.00
 8.8800      648.00
 8.9000      761.00
 8.9200      841.00
 8.9400      921.00
 8.9600     1030.00
 8.9800      994.00
 9.0000     1054.00
 9.0200      988.00
 9.0400     1011.00
 9.0600      868.00
 9.0800      928.00
 9.1000      817.00
 9.1200      742.00
 9.1400      735.00
 9.1600      665.00
 9.1800      565.00
 9.2000      544.00
 9.2200      495.00
 9.2400      423.00
 9.2600      348.00
 9.2800      300.00
 9.3000      266.00
 9.3200      234.00
 9.3400      195.00
 9.3600      144.00
 9.3800      139.00
 9.4000      150.00
 9.4200      116.00
 9.4400      143.00
 9.4600      111.00
 9.4800      133.00
 9.5000      113.00
 9.5200      150.00
 9.5400      131.00
 9.5600      147.00
 9.5800      142.00
 9.6000      136.00
 9.6200      136.00
 9.6400      123.00
 9.6600      138.00
 9.6800      154.00
 9.7000      143.00
 9.7200      122.00
 9.7400      135.00
 9.7600      131.00
 9.7800      159.00
 9.8000      148.00
 9.8200      151.00
 9.8400      139.00
 9.8600      168.00
 9.8800      141.00
 9.9000      142.00
 9.9200      131.00
 9.9400      129.00
 9.9600      135.00
 9.9800      153.00
10.0000      151.00
10.0200      131.00
10.0400      142.00
10.0600      136.00
10.0800      107.00
10.1000      117.00
10.1200      142.00
10.1400      127.00
10.1600      126.00
10.1800      122.00
10.2000      130.00
10.2200      139.00
10.2400      140.00
10.2600      135.00
10.2800      126.00
10.3000      139.00
10.3200      135.00
10.3400      142.00
10.3600      143.00
10.3800      131.00
10.4000      122.00
10.4200      136.00
10.4400      164.00
10.4600      139.00
10.4800      154.00
10.5000      138.00
10.5200      171.00
10.5400      155.00
10.5600      162.00
10.5800      153.00
10.6000      163.00
10.6200      138.00
10.6400      155.00
10.6600      172.00
10.6800      148.00
10.7000      162.00
10.7200      131.00
10.7400      146.00
10.7600      130.00
10.7800      158.00
10.8000      148.00
10.8200      125.00
10.8400      132.00
10.8600      125.00
10.8800      126.00
10.9000      136.00
10.9200      105.00
10.9400      135.00
10.9600      127.00
10.9800      134.00
11.0000      103.00
11.0200      123.00
11.0400      125.00
11.0600      134.00
11.0800      132.00
11.1000      128.00
11.1200      147.00
11.1400      137.00
11.1600      119.00
11.1800      144.00
11.2000      127.00
11.2200      138.00
11.2400      114.00
11.2600      119.00
11.2800      131.00
11.3000      139.00
11.3200      142.00
11.3400      123.00
11.3600      120.00
11.3800      139.00
11.4000      131.00
11.4200      144.00
11.4400      159.00
11.4600      135.00
11.4800      129.00
11.5000      143.00
11.5200      137.00
11.5400      143.00
11.5600      148.00
11.5800      178.00
11.6000      175.00
11.6200      158.00
11.6400      166.00
11.6600      176.00
11.6800      158.00
11.7000      164.00
11.7200      185.00
11.7400      140.00
11.7600      162.00
11.7800      147.00
11.8000      158.00
11.8200      158.00
11.8400      146.00
11.8600      143.00
11.8800      144.00
11.9000      128.00
11.9200      122.00
11.9400      141.00
11.9600      149.00
11.9800      143.00
12.0000      149.00
12.0200      174.00
12.0400      137.00
12.0600      167.00
12.0800      156.00
12.1000      187.00
12.1200      197.00
12.1400      198.00
12.1600      228.00
12.1800      214.00
12.2000      240.00
12.2200      263.00
12.2400      289.00
12.2600      307.00
12.2800      343.00
12.3000      378.00
12.3200      418.00
12.3400      461.00
12.3600      498.00
12.3800      556.00
12.4000      554.00
12.4200      548.00
12.4400      531.00
12.4600      526.00
12.4800      483.00
12.5000      490.00
12.5200      497.00
12.5400      503.00
12.5600      479.00
12.5800      511.00
12.6000      472.00
12.6200      506.00
12.6400      498.00
12.6600      498.00
12.6800      509.00
12.7000      538.00
12.7200      518.00
12.7400      508.00
12.7600      485.00
12.7800      532.00
12.8000      586.00
12.8200      555.00
12.8400      565.00
12.8600      515.00
12.8800      490.00
12.9000      599.00
12.9200      578.00
12.9400      609.00
12.9600      580.00
12.9800      522.00
13.0000      476.00
13.0200      443.00
13.0400      398.00
13.0600      390.00
13.0800      356.00
13.1000      336.00
13.1200      282.00
13.1400      280.00
13.1600      229.00
13.1800      264.00
13.2000      234.00
13.2200      210.00
13.2400      207.00
13.2600      191.00
13.2800      160.00
13.3000      156.00
13.3200      150.00
13.3400      150.00
13.3600      156.00
13.3800      128.00
13.4000      142.00
13.4200      130.00
13.4400      129.00
13.4600      156.00
13.4800      152.00
13.5000      152.00
13.5200      123.00
13.5400      131.00
13.5600      145.00
13.5800      147.00
13.6000      139.00
13.6200      150.00
13.6400      157.00
13.6600      149.00
13.6800      153.00
13.7000      132.00
13.7200      133.00
13.7400      153.00
13.7600      166.00
13.7800      171.00
13.8000      164.00
13.8200      157.00
13.8400      184.00
13.8600      198.00
13.8800      223.00
13.9000      222.00
13.9200      238.00
13.9400      223.00
13.9600      221.00
13.9800      205.00
14.0000      232.00
14.0200      232.00
14.0400      189.00
14.0600      244.00
14.0800      214.00
14.1000      189.00
14.1200      192.00
14.1400      168.00
14.1600      150.00
14.1800      199.00
14.2000      182.00
14.2200      167.00
14.2400      178.00
14.2600      146.00
14.2800      145.00
14.3000      146.00
14.3200      170.00
14.3400      158.00
14.3600      166.00
14.3800      150.00
14.4000      153.00
14.4200      181.00
14.4400      161.00
14.4600      166.00
14.4800      172.00
14.5000      150.00
14.5200      157.00
14.5400      157.00
14.5600      152.00
14.5800      152.00
14.6000      148.00
14.6200      160.00
14.6400      172.00
14.6600      149.00
14.6800      155.00
14.7000      168.00
14.7200      173.00
14.7400      167.00
14.7600      179.00
14.7800      178.00
14.8000      212.00
14.8200      208.00
14.8400      237.00
14.8600      229.00
14.8800      229.00
14.9000      232.00
14.9200      270.00
14.9400      282.00
14.9600      308.00
14.9800      355.00
15.0000      399.00
15.0200      396.00
15.0400      402.00
15.0600      418.00
15.0800      393.00
15.1000      401.00
15.1200      363.00
15.1400      404.00
15.1600      408.00
15.1800      366.00
15.2000      357.00
15.2200      360.00
15.2400      315.00
15.2600      334.00
15.2800      305.00
15.3000      268.00
15.3200      223.00
15.3400      216.00
15.3600      194.00
15.3800      195.00
15.4000      171.00
15.4200      174.00
15.4400      169.00
15.4600      167.00
15.4800      139.00
15.5000      157.00
15.5200      155.00
15.5400      134.00
15.5600      151.00
15.5800      143.00
15.6000      124.00
15.6200      134.00
15.6400      118.00
15.6600      136.00
15.6800      144.00
15.7000      138.00
15.7200      133.00
15.7400      138.00
15.7600      141.00
15.7800      149.00
15.8000      117.00
15.8200      137.00
15.8400      152.00
15.8600      159.00
15.8800      139.00
15.9000      166.00
15.9200      140.00
15.9400      157.00
15.9600      156.00
15.9800      171.00
16.0000      176.00
16.0200      157.00
16.0400      205.00
16.0600      172.00
16.0800      165.00
16.1000      150.00
16.1200      162.00
16.1400      166.00
16.1600      169.00
16.1800      191.00
16.2000      168.00
16.2200      174.00
16.2400      173.00
16.2600      195.00
16.2800      193.00
16.3000      189.00
16.3200      158.00
16.3400      165.00
16.3600      172.00
16.3800      186.00
16.4000      176.00
16.4200      150.00
16.4400      173.00
16.4600      158.00
16.4800      142.00
16.5000      141.00
16.5200      124.00
16.5400      147.00
16.5600      131.00
16.5800      146.00
16.6000      158.00
16.6200      119.00
16.6400      132.00
16.6600      149.00
16.6800      140.00
16.7000      125.00
16.7200      135.00
16.7400      147.00
16.7600      137.00
16.7800      133.00
16.8000      133.00
16.8200      133.00
16.8400      143.00
16.8600      126.00
16.8800      133.00
16.9000      141.00
16.9200      120.00
16.9400      149.00
16.9600      129.00
16.9800      133.00
17.0000      128.00
17.0200      158.00
17.0400      137.00
17.0600      122.00
17.0800      128.00
17.1000      144.00
17.1200      145.00
17.1400      145.00
17.1600      144.00
17.1800      139.00
17.2000      139.00
17.2200      132.00
17.2400      145.00
17.2600      131.00
17.2800      150.00
17.3000      181.00
17.3200      169.00
17.3400      159.00
17.3600      181.00
17.3800      167.00
17.4000      168.00
17.4200      192.00
17.4400      203.00
17.4600      226.00
17.4800      256.00
17.5000      227.00
17.5200      245.00
17.5400      275.00
17.5600      297.00
17.5800      313.00
17.6000      337.00
17.6200      329.00
17.6400      376.00
17.6600      355.00
17.6800      409.00
17.7000      495.00
17.7200      478.00
17.7400      609.00
17.7600      699.00
17.7800      749.00
17.8000      877.00
17.8200      996.00
17.8400     1165.00
17.8600     1490.00
17.8800     1628.00
17.9000     1979.00
17.9200     2209.00
17.9400     2547.00
17.9600     2722.00
17.9800     2886.00
18.0000     2912.00
18.0200     2784.00
18.0400     2843.00
18.0600     2632.00
18.0800     2516.00
18.1000     2334.00
18.1200     2060.00
18.1400     1837.00
18.1600     1592.00
18.1800     1452.00
18.2000     1264.00
18.2200     1064.00
18.2400      938.00
18.2600      719.00
18.2800      595.00
18.3000      559.00
18.3200      485.00
18.3400      374.00
18.3600      376.00
18.3800      326.00
18.4000      302.00
18.4200      310.00
18.4400      324.00
18.4600      315.00
18.4800      362.00
18.5000      341.00
18.5200      346.00
18.5400      327.00
18.5600      344.00
18.5800      336.00
18.6000      328.00
18.6200      309.00
18.6400      295.00
18.6600      270.00
18.6800      255.00
18.7000      241.00
18.7200      213.00
18.7400      224.00
18.7600      186.00
18.7800      182.00
18.8000      177.00
18.8200      161.00
18.8400      172.00
18.8600      185.00
18.8800      178.00
18.9000      163.00
18.9200      178.00
18.9400      163.00
18.9600      180.00
18.9800      150.00
19.0000      182.00
19.0200      174.00
19.0400      152.00
19.0600      160.00
19.0800      164.00
19.1000      179.00
19.1200      164.00
19.1400      192.00
19.1600      198.00
19.1800      190.00
19.2000      194.00
19.2200      206.00
19.2400      220.00
19.2600      267.00
19.2800      249.00
19.3000      300.00
19.3200      322.00
19.3400      391.00
19.3600      442.00
19.3800      477.00
19.4000      489.00
19.4200      566.00
19.4400      613.00
19.4600      643.00
19.4800      631.00
19.5000      618.00
19.5200      684.00
19.5400      642.00
19.5600      634.00
19.5800      620.00
19.6000      629.00
19.6200      636.00
19.6400      657.00
19.6600      625.00
19.6800      680.00
19.7000      666.00
19.7200      734.00
19.7400      671.00
19.7600      674.00
19.7800      694.00
19.8000      634.00
19.8200      568.00
19.8400      561.00
19.8600      564.00
19.8800      555.00
19.9000      472.00
19.9200      442.00
19.9400      395.00
19.9600      387.00
19.9800      395.00
20.0000      350.00
20.0200      311.00
20.0400      295.00
20.0600      293.00
20.0800      320.00
20.1000      370.00
20.1200      407.00
20.1400      398.00
20.1600      447.00
20.1800      491.00
20.2000      474.00
20.2200      447.00
20.2400      467.00
20.2600      418.00
20.2800      401.00
20.3000      362.00
20.3200      360.00
20.3400      304.00
20.3600      321.00
20.3800      301.00
20.4000      297.00
20.4200      266.00
20.4400      265.00
20.4600      248.00
20.4800      240.00
20.5000      236.00
20.5200      241.00
20.5400      223.00
20.5600      227.00
20.5800      274.00
20.6000      231.00
20.6200      265.00
20.6400      264.00
20.6600      284.00
20.6800      306.00
20.7000      309.00
20.7200      295.00
20.7400      321.00
20.7600      289.00
20.7800      311.00
20.8000      273.00
20.8200      302.00
20.8400      263.00
20.8600      251.00
20.8800      246.00
20.9000      237.00
20.9200      226.00
20.9400      205.00
20.9600      238.00
20.9800      247.00
21.0000      248.00
21.0200      221.00
21.0400      243.00
21.0600      272.00
21.0800      278.00
21.1000      270.00
21.1200      296.00
21.1400      296.00
21.1600      320.00
21.1800      334.00
21.2000      359.00
21.2200      383.00
21.2400      382.00
21.2600      452.00
21.2800      433.00
21.3000      491.00
21.3200      496.00
21.3400      571.00
21.3600      596.00
21.3800      596.00
21.4000      579.00
21.4200      636.00
21.4400      593.00
21.4600      584.00
21.4800      564.00
21.5000      579.00
21.5200      578.00
21.5400      581.00
21.5600      524.00
21.5800      510.00
21.6000      495.00
21.6200      473.00
21.6400      472.00
21.6600      367.00
21.6800      385.00
21.7000      337.00
21.7200      324.00
21.7400      293.00
21.7600      281.00
21.7800      255.00
21.8000      218.00
21.8200      237.00
21.8400      212.00
21.8600      199.00
21.8800      192.00
21.9000      206.00
21.9200      207.00
21.9400      215.00
21.9600      224.00
21.9800      206.00
22.0000      250.00
22.0200      217.00
22.0400      219.00
22.0600      210.00
22.0800      225.00
22.1000      215.00
22.1200      219.00
22.1400      175.00
22.1600      188.00
22.1800      208.00
22.2000      207.00
22.2200      235.00
22.2400      245.00
22.2600      258.00
22.2800      282.00
22.3000      302.00
22.3200      346.00
22.3400      397.00
22.3600      454.00
22.3800      491.00
22.4000      490.00
22.4200      548.00
22.4400      563.00
22.4600      553.00
22.4800      538.00
22.5000      500.00
22.5200      462.00
22.5400      498.00
22.5600      443.00
22.5800      434.00
22.6000      396.00
22.6200      364.00
22.6400      307.00
22.6600      313.00
22.6800      284.00
22.7000      218.00
22.7200      235.00
22.7400      231.00
22.7600      227.00
22.7800      269.00
22.8000      253.00
22.8200      280.00
22.8400      283.00
22.8600      257.00
22.8800      293.00
22.9000      308.00
22.9200      298.00
22.9400      320.00
22.9600      318.00
22.9800      296.00
23.0000      327.00
23.0200      302.00
23.0400      334.00
23.0600      336.00
23.0800      353.00
23.1000      358.00
23.1200      363.00
23.1400      381.00
23.1600      365.00
23.1800      432.00
23.2000      472.00
23.2200      468.00
23.2400      516.00
23.2600      529.00
23.2800      543.00
23.3000      632.00
23.3200      598.00
23.3400      586.00
23.3600      543.00
23.3800      536.00
23.4000      509.00
23.4200      494.00
23.4400      456.00
23.4600      404.00
23.4800      362.00
23.5000      352.00
23.5200      320.00
23.5400      295.00
23.5600      282.00
23.5800      233.00
23.6000      224.00
23.6200      252.00
23.6400      215.00
23.6600      201.00
23.6800      179.00
23.7000      189.00
23.7200      171.00
23.7400      161.00
23.7600      162.00
23.7800      146.00
23.8000      157.00
23.8200      142.00
23.8400      141.00
23.8600      145.00
23.8800      174.00
23.9000      158.00
23.9200      145.00
23.9400      164.00
23.9600      169.00
23.9800      196.00
24.0000      184.00
24.0200      195.00
24.0400      212.00
24.0600      191.00
24.0800      208.00
24.1000      190.00
24.1200      200.00
24.1400      206.00
24.1600      210.00
24.1800      244.00
24.2000      199.00
24.2200      222.00
24.2400      194.00
24.2600      226.00
24.2800      249.00
24.3000      233.00
24.3200      228.00
24.3400      244.00
24.3600      260.00
24.3800      266.00
24.4000      252.00
24.4200      246.00
24.4400      219.00
24.4600      209.00
24.4800      214.00
24.5000      185.00
24.5200      201.00
24.5400      175.00
24.5600      183.00
24.5800      180.00
24.6000      181.00
24.6200      178.00
24.6400      158.00
24.6600      195.00
24.6800      163.00
24.7000      172.00
24.7200      164.00
24.7400      181.00
24.7600      171.00
24.7800      184.00
24.8000      178.00
24.8200      225.00
24.8400      237.00
24.8600      277.00
24.8800      281.00
24.9000      342.00
24.9200      364.00
24.9400      415.00
24.9600      478.00
24.9800      514.00
25.0000      538.00
25.0200      611.00
25.0400      587.00
25.0600      602.00
25.0800      592.00
25.1000      632.00
25.1200      568.00
25.1400      584.00
25.1600      558.00
25.1800      515.00
25.2000      512.00
25.2200      464.00
25.2400      431.00
25.2600      403.00
25.2800      358.00
25.3000      373.00
25.3200      324.00
25.3400      366.00
25.3600      360.00
25.3800      405.00
25.4000      442.00
25.4200      503.00
25.4400      528.00
25.4600      581.00
25.4800      643.00
25.5000      739.00
25.5200      789.00
25.5400      823.00
25.5600      844.00
25.5800      826.00
25.6000      844.00
25.6200      813.00
25.6400      781.00
25.6600      682.00
25.6800      613.00
25.7000      608.00
25.7200      511.00
25.7400      466.00
25.7600      415.00
25.7800      416.00
25.8000      333.00
25.8200      330.00
25.8400      322.00
25.8600      309.00
25.8800      271.00
25.9000      250.00
25.9200      228.00
25.9400      259.00
25.9600      217.00
25.9800      260.00
26.0000      240.00
26.0200      222.00
26.0400      220.00
26.0600      219.00
26.0800      214.00
26.1000      219.00
26.1200      206.00
26.1400      238.00
26.1600      222.00
26.1800      235.00
26.2000      245.00
26.2200      247.00
26.2400      207.00
26.2600      222.00
26.2800      227.00
26.3000      255.00
26.3200      243.00
26.3400      260.00
26.3600      240.00
26.3800      299.00
26.4000      271.00
26.4200      319.00
26.4400      313.00
26.4600      353.00
26.4800      351.00
26.5000      365.00
26.5200      339.00
26.5400      332.00
26.5600      355.00
26.5800      309.00
26.6000      345.00
26.6200      334.00
26.6400      354.00
26.6600      328.00
26.6800      353.00
26.7000      373.00
26.7200      363.00
26.7400      376.00
26.7600      364.00
26.7800      348.00
26.8000      331.00
26.8200      409.00
26.8400      429.00
26.8600      480.00
26.8800      526.00
26.9000      592.00
26.9200      827.00
26.9400     1228.00
26.9600     1687.00
26.9800     2241.00
27.0000     2873.00
27.0200     3325.00
27.0400     3759.00
27.0600     3804.00
27.0800     3789.00
27.1000     3537.00
27.1200     3138.00
27.1400     3007.00
27.1600     2596.00
27.1800     2374.00
27.2000     2182.00
27.2200     2001.00
27.2400     1779.00
27.2600     1615.00
27.2800     1458.00
27.3000     1348.00
27.3200     1130.00
27.3400     1076.00
27.3600      939.00
27.3800      809.00
27.4000      660.00
27.4200      594.00
27.4400      549.00
27.4600      421.00
27.4800      390.00
27.5000      354.00
27.5200      325.00
27.5400      273.00
27.5600      281.00
27.5800      271.00
27.6000      298.00
27.6200      298.00
27.6400      310.00
27.6600      316.00
27.6800      352.00
27.7000      362.00
27.7200      370.00
27.7400      434.00
27.7600      454.00
27.7800      428.00
27.8000      456.00
27.8200      468.00
27.8400      429.00
27.8600      465.00
27.8800      413.00
27.9000      405.00
27.9200      417.00
27.9400      395.00
27.9600      405.00
27.9800      400.00
28.0000      366.00
28.0200      301.00
28.0400      351.00
28.0600      318.00
28.0800      308.00
28.1000      278.00
28.1200      294.00
28.1400      277.00
28.1600      262.00
28.1800      240.00
28.2000      217.00
28.2200      214.00
28.2400      216.00
28.2600      217.00
28.2800      214.00
28.3000      167.00
28.3200      202.00
28.3400      188.00
28.3600      185.00
28.3800      233.00
28.4000      208.00
28.4200      259.00
28.4400      253.00
28.4600      296.00
28.4800      305.00
28.5000      347.00
28.5200      367.00
28.5400      308.00
28.5600      317.00
28.5800      341.00
28.6000      328.00
28.6200      312.00
28.6400      320.00
28.6600      312.00
28.6800      285.00
28.7000      292.00
28.7200      298.00
28.7400      282.00
28.7600      264.00
28.7800      275.00
28.8000      294.00
28.8200      255.00
28.8400      283.00
28.8600      270.00
28.8800      267.00
28.9000      271.00
28.9200      226.00
28.9400      265.00
28.9600      242.00
28.9800      299.00
29.0000      260.00
29.0200      271.00
29.0400      284.00
29.0600      285.00
29.0800      263.00
29.1000      278.00
29.1200      258.00
29.1400      273.00
29.1600      288.00
29.1800      266.00
29.2000      270.00
29.2200      260.00
29.2400      271.00
29.2600      260.00
29.2800      276.00
29.3000      245.00
29.3200      247.00
29.3400      243.00
29.3600      243.00
29.3800      218.00
29.4000      221.00
29.4200      201.00
29.4400      201.00
29.4600      183.00
29.4800      209.00
29.5000      169.00
29.5200      201.00
29.5400      166.00
29.5600      169.00
29.5800      169.00
29.6000      179.00
29.6200      158.00
29.6400      174.00
29.6600      179.00
29.6800      160.00
29.7000      156.00
29.7200      166.00
29.7400      170.00
29.7600      146.00
29.7800      176.00
29.8000      157.00
29.8200      150.00
29.8400      177.00
29.8600      168.00
29.8800      171.00
29.9000      153.00
29.9200      151.00
29.9400      149.00
29.9600      152.00
29.9800      152.00
30.0000      145.00
30.0200      161.00
30.0400      137.00
30.0600      137.00
30.0800      152.00
30.1000      140.00
30.1200      121.00
30.1400      157.00
30.1600      162.00
30.1800      147.00
30.2000      147.00
30.2200      151.00
30.2400      147.00
30.2600      169.00
30.2800      150.00
30.3000      174.00
30.3200      184.00
30.3400      176.00
30.3600      194.00
30.3800      196.00
30.4000      190.00
30.4200      207.00
30.4400      187.00
30.4600      217.00
30.4800      225.00
30.5000      226.00
30.5200      248.00
30.5400      255.00
30.5600      224.00
30.5800      239.00
30.6000      247.00
30.6200      233.00
30.6400      261.00
30.6600      269.00
30.6800      276.00
30.7000      230.00
30.7200      223.00
30.7400      249.00
30.7600      210.00
30.7800      215.00
30.8000      221.00
30.8200      202.00
30.8400      236.00
30.8600      205.00
30.8800      188.00
30.9000      201.00
30.9200      209.00
30.9400      212.00
30.9600      211.00
30.9800      214.00
31.0000      204.00
31.0200      209.00
31.0400      186.00
31.0600      209.00
31.0800      188.00
31.1000      199.00
31.1200      196.00
31.1400      181.00
31.1600      146.00
31.1800      141.00
31.2000      171.00
31.2200      128.00
31.2400      146.00
31.2600      147.00
31.2800      158.00
31.3000      150.00
31.3200      140.00
31.3400      137.00
31.3600      139.00
31.3800      170.00
31.4000      138.00
31.4200      134.00
31.4400      143.00
31.4600      142.00
31.4800      132.00
31.5000      156.00
31.5200      181.00
31.5400      161.00
31.5600      145.00
31.5800      153.00
31.6000      155.00
31.6200      157.00
31.6400      141.00
31.6600      149.00
31.6800      158.00
31.7000      164.00
31.7200      145.00
31.7400      145.00
31.7600      153.00
31.7800      149.00
31.8000      139.00
31.8200      123.00
31.8400      120.00
31.8600      127.00
31.8800      146.00
31.9000      115.00
31.9200      139.00
31.9400      127.00
31.9600      101.00
31.9800      131.00
32.0000      140.00
32.0200      124.00
32.0400      121.00
32.0600      119.00
32.0800      128.00
32.1000      110.00
32.1200      127.00
32.1400      135.00
32.1600      145.00
32.1800      156.00
32.2000      136.00
32.2200      126.00
32.2400      134.00
32.2600      137.00
32.2800      142.00
32.3000      144.00
32.3200      151.00
32.3400      141.00
32.3600      153.00
32.3800      150.00
32.4000      159.00
32.4200      162.00
32.4400      148.00
32.4600      140.00
32.4800      148.00
32.5000      163.00
32.5200      184.00
32.5400      175.00
32.5600      159.00
32.5800      142.00
32.6000      163.00
32.6200      165.00
32.6400      169.00
32.6600      170.00
32.6800      176.00
32.7000      181.00
32.7200      173.00
32.7400      192.00
32.7600      188.00
32.7800      185.00
32.8000      225.00
32.8200      192.00
32.8400      181.00
32.8600      199.00
32.8800      223.00
32.9000      152.00
32.9200      181.00
32.9400      169.00
32.9600      173.00
32.9800      147.00
33.0000      172.00
33.0200      165.00
33.0400      162.00
33.0600      160.00
33.0800      165.00
33.1000      162.00
33.1200      159.00
33.1400      162.00
33.1600      175.00
33.1800      176.00
33.2000      149.00
33.2200      158.00
33.2400      131.00
33.2600      141.00
33.2800      152.00
33.3000      133.00
33.3200      132.00
33.3400      135.00
33.3600      129.00
33.3800      143.00
33.4000      151.00
33.4200      176.00
33.4400      159.00
33.4600      189.00
33.4800      165.00
33.5000      169.00
33.5200      175.00
33.5400      189.00
33.5600      177.00
33.5800      173.00
33.6000      223.00
33.6200      201.00
33.6400      219.00
33.6600      201.00
33.6800      215.00
33.7000      187.00
33.7200      182.00
33.7400      209.00
33.7600      206.00
33.7800      191.00
33.8000      181.00
33.8200      180.00
33.8400      160.00
33.8600      153.00
33.8800      149.00
33.9000      156.00
33.9200      125.00
33.9400      142.00
33.9600      133.00
33.9800      166.00
34.0000      147.00
34.0200      136.00
34.0400      148.00
34.0600      141.00
34.0800      162.00
34.1000      127.00
34.1200      154.00
34.1400      139.00
34.1600      163.00
34.1800      130.00
34.2000      116.00
34.2200      134.00
34.2400      112.00
34.2600      133.00
34.2800      135.00
34.3000      122.00
34.3200      120.00
34.3400      141.00
34.3600      107.00
34.3800      137.00
34.4000      131.00
34.4200      159.00
34.4400      130.00
34.4600      119.00
34.4800      119.00
34.5000      119.00
34.5200      123.00
34.5400      145.00
34.5600      128.00
34.5800      172.00
34.6000      147.00
34.6200      144.00
34.6400      137.00
34.6600      164.00
34.6800      137.00
34.7000      168.00
34.7200      144.00
34.7400      136.00
34.7600      157.00
34.7800      149.00
34.8000      168.00
34.8200      145.00
34.8400      154.00
34.8600      143.00
34.8800      174.00
34.9000      140.00
34.9200      138.00
34.9400      147.00
34.9600      131.00
34.9800      133.00
35.0000      125.00
