 2.2000      288.00
 2.2200      298.00
 2.2400      285.00
 2.2600      298.00
 2.2800      300.00
 2.3000      264.00
 2.3200      275.00
 2.3400      273.00
 2.3600      272.00
 2.3800      280.00
 2.4000      300.00
 2.4200      267.00
 2.4400      269.00
 2.4600      292.00
 2.4800      270.00
 2.5000      237.00
 2.5200      250.00
 2.5400      279.00
 2.5600      270.00
 2.5800      258.00
 2.6000      263.00
 2.6200      280.00
 2.6400      257.00
 2.6600      284.00
 2.6800      254.00
 2.7000      287.00
 2.7200      243.00
 2.7400      277.00
 2.7600      252.00
 2.7800      257.00
 2.8000      259.00
 2.8200      257.00
 2.8400      268.00
 2.8600      230.00
 2.8800      215.00
 2.9000      240.00
 2.9200      220.00
 2.9400      218.00
 2.9600      240.00
 2.9800      233.00
 3.0000      266.00
 3.0200      242.00
 3.0400      228.00
 3.0600      243.00
 3.0800      227.00
 3.1000      243.00
 3.1200      247.00
 3.1400      222.00
 3.1600      250.00
 3.1800      228.00
 3.2000      200.00
 3.2200      231.00
 3.2400      218.00
 3.2600      211.00
 3.2800      236.00
 3.3000      211.00
 3.3200      189.00
 3.3400      177.00
 3.3600      220.00
 3.3800      219.00
 3.4000      215.00
 3.4200      201.00
 3.4400      175.00
 3.4600      217.00
 3.4800      220.00
 3.5000      192.00
 3.5200      211.00
 3.5400      202.00
 3.5600      181.00
 3.5800      212.00
 3.6000      192.00
 3.6200      184.00
 3.6400      230.00
 3.6600      188.00
 3.6800      189.00
 3.7000      188.00
 3.7200      178.00
 3.7400      206.00
 3.7600      157.00
 3.7800      173.00
 3.8000      167.00
 3.8200      161.00
 3.8400      176.00
 3.8600      169.00
 3.8800      176.00
 3.9000      173.00
 3.9200      184.00
 3.9400      183.00
 3.9600      156.00
 3.9800      197.00
 4.0000      181.00
 4.0200      151.00
 4.0400      159.00
 4.0600      179.00
 4.0800      175.00
 4.1000      164.00
 4.1200      174.00
 4.1400      172.00
 4.1600      179.00
 4.1800      139.00
 4.2000      149.00
 4.2200      181.00
 4.2400      143.00
 4.2600      138.00
 4.2800      147.00
 4.3000      148.00
 4.3200      149.00
 4.3400      135.00
 4.3600      170.00
 4.3800      153.00
 4.4000      141.00
 4.4200      152.00
 4.4400      151.00
 4.4600      133.00
 4.4800      150.00
 4.5000      155.00
 4.5200      127.00
 4.5400      128.00
 4.5600      127.00
 4.5800      128.00
 4.6000      142.00
 4.6200      141.00
 4.6400      133.00
 4.6600      119.00
 4.6800      141.00
 4.7000      140.00
 4.7200      123.00
 4.7400      128.00
 4.7600      120.00
 4.7800      135.00
 4.8000      139.00
 4.8200      141.00
 4.8400      138.00
 4.8600      138.00
 4.8800      144.00
 4.9000      124.00
 4.9200      134.00
 4.9400      135.00
 4.9600      139.00
 4.9800      134.00
 5.0000      134.00
 5.0200      114.00
 5.0400      123.00
 5.0600      122.00
 5.0800      128.00
 5.1000      120.00
 5.1200      122.00
 5.1400      132.00
 5.1600      137.00
 5.1800      145.00
 5.2000      139.00
 5.2200      120.00
 5.2400      117.00
 5.2600      123.00
 5.2800      132.00
 5.3000      113.00
 5.3200      159.00
 5.3400      133.00
 5.3600      144.00
 5.3800      101.00
 5.4000      153.00
 5.4200      124.00
 5.4400      127.00
 5.4600      134.00
 5.4800      139.00
 5.5000      110.00
 5.5200      125.00
 5.5400      135.00
 5.5600      154.00
 5.5800      120.00
 5.6000      116.00
 5.6200      122.00
 5.6400      133.00
 5.6600      127.00
 5.6800      143.00
 5.7000      130.00
 5.7200      129.00
 5.7400      140.00
 5.7600      133.00
 5.7800      110.00
 5.8000      137.00
 5.8200      114.00
 5.8400      137.00
 5.8600      117.00
 5.8800      117.00
 5.9000      109.00
 5.9200      150.00
 5.9400      130.00
 5.9600      124.00
 5.9800      132.00
 6.0000      132.00
 6.0200      113.00
 6.0400      131.00
 6.0600       98.00
 6.0800      124.00
 6.1000      137.00
 6.1200      142.00
 6.1400      140.00
 6.1600      146.00
 6.1800      148.00
 6.2000      121.00
 6.2200      135.00
 6.2400      127.00
 6.2600      139.00
 6.2800      116.00
 6.3000      120.00
 6.3200      124.00
 6.3400      147.00
 6.3600      129.00
 6.3800      116.00
 6.4000      126.00
 6.4200      142.00
 6.4400      133.00
 6.4600      136.00
 6.4800      133.00
 6.5000      131.00
 6.5200      122.00
 6.5400      121.00
 6.5600      146.00
 6.5800      148.00
 6.6000      113.00
 6.6200      127.00
 6.6400      146.00
 6.6600      134.00
 6.6800      132.00
 6.7000      122.00
 6.7200      133.00
 6.7400      116.00
 6.7600      146.00
 6.7800      133.00
 6.8000      140.00
 6.8200      126.00
 6.8400      134.00
 6.8600      139.00
 6.8800      109.00
 6.9000      162.00
 6.9200      143.00
 6.9400      147.00
 6.9600      134.00
 6.9800      134.00
 7.0000      138.00
 7.0200      158.00
 7.0400      135.00
 7.0600      162.00
 7.0800      123.00
 7.1000      132.00
 7.1200      130.00
 7.1400      108.00
 7.1600      111.00
 7.1800      137.00
 7.2000      120.00
 7.2200      133.00
 7.2400      132.00
 7.2600      148.00
 7.2800      127.00
 7.3000      121.00
 7.3200      119.00
 7.3400      150.00
 7.3600      136.00
 7.3800      130.00
 7.4000      140.00
 7.4200      141.00
 7.4400      117.00
 7.4600      107.00
 7.4800      157.00
 7.5000      142.00
 7.5200      133.00
 7.5400      125.00
 7.5600      119.00
 7.5800      135.00
 7.6000      135.00
 7.6200      108.00
 7.6400      126.00
 7.6600      146.00
 7.6800      119.00
 7.7000      147.00
 7.7200      139.00
 7.7400      137.00
 7.7600      138.00
 7.7800      108.00
 7.8000      127.00
 7.8200      111.00
 7.8400      138.00
 7.8600      122.00
 7.8800      125.00
 7.9000      114.00
 7.9200      130.00
 7.9400      143.00
 7.9600      140.00
 7.9800      111.00
 8.0000      137.00
 8.0200      165.00
 8.0400      115.00
 8.0600      138.00
 8.0800      136.00
 8.1000      102.00
 8.1200      123.00
 8.1400      128.00
 8.1600      150.00
 8.1800      123.00
 8.2000      128.00
 8.2200      125.00
 8.2400      130.00
 8.2600      122.00
 8.2800      136.00
 8.3000      126.00
 8.3200      118.00
 8.3400      142.00
 8.3600      150.00
 8.3800      129.00
 8.4000      147.00
 8.4200      115.00
 8.4400      139.00
 8.4600      145.00
 8.4800      137.00
 8.5000      149.00
 8.5200      143.00
 8.5400      131.00
 8.5600      143.00
 8.5800      117.00
 8.6000      138.00
 8.6200      122.00
 8.6400      137.00
 8.6600      141.00
 8.6800      138.00
 8.7000      123.00
 8.7200      147.00
 8.7400      163.00
 8.7600      120.00
 8.7800      144.00
 8.8000      160.00
 8.8200      160.00
 8.8400      163.00
 8.8600      175.00
 8.8800      167.00
 8.9000      159.00
 8.9200      169.00
 8.9400      147.00
 8.9600      137.00
 8.9800      145.00
 9.0000      156.00
 9.0200      153.00
 9.0400      133.00
 9.0600      131.00
 9.0800      152.00
 9.1000      151.00
 9.1200      121.00
 9.1400      148.00
 9.1600      130.00
 9.1800      146.00
 9.2000      154.00
 9.2200      118.00
 9.2400      148.00
 9.2600      149.00
 9.2800      153.00
 9.3000      121.00
 9.3200      128.00
 9.3400      146.00
 9.3600      139.00
 9.3800      146.00
 9.4000      138.00
 9.4200      153.00
 9.4400      148.00
 9.4600      131.00
 9.4800      144.00
 9.5000      142.00
 9.5200      141.00
 9.5400      143.00
 9.5600      130.00
 9.5800      137.00
 9.6000      164.00
 9.6200      148.00
 9.6400      138.00
 9.6600      157.00
 9.6800      139.00
 9.7000      147.00
 9.7200      143.00
 9.7400      121.00
 9.7600      153.00
 9.7800      142.00
 9.8000      136.00
 9.8200      139.00
 9.8400      159.00
 9.8600      146.00
 9.8800      159.00
 9.9000      161.00
 9.9200      176.00
 9.9400      146.00
 9.9600      180.00
 9.9800      164.00
10.0000      195.00
10.0200      158.00
10.0400      158.00
10.0600      142.00
10.0800      155.00
10.1000      159.00
10.1200      162.00
10.1400      144.00
10.1600      176.00
10.1800      135.00
10.2000      136.00
10.2200      151.00
10.2400      151.00
10.2600      152.00
10.2800      157.00
10.3000      131.00
10.3200      171.00
10.3400      152.00
10.3600      162.00
10.3800      126.00
10.4000      138.00
10.4200      147.00
10.4400      150.00
10.4600      129.00
10.4800      139.00
10.5000      170.00
10.5200      124.00
10.5400      164.00
10.5600      137.00
10.5800      164.00
10.6000      124.00
10.6200      179.00
10.6400      168.00
10.6600      156.00
10.6800      146.00
10.7000      169.00
10.7200      161.00
10.7400      167.00
10.7600      170.00
10.7800      165.00
10.8000      183.00
10.8200      182.00
10.8400      174.00
10.8600      217.00
10.8800      222.00
10.9000      199.00
10.9200      228.00
10.9400      254.00
10.9600      241.00
10.9800      281.00
11.0000      258.00
11.0200      299.00
11.0400      309.00
11.0600      355.00
11.0800      351.00
11.1000      346.00
11.1200      351.00
11.1400      417.00
11.1600      396.00
11.1800      363.00
11.2000      378.00
11.2200      376.00
11.2400      346.00
11.2600      338.00
11.2800      340.00
11.3000      324.00
11.3200      342.00
11.3400      349.00
11.3600      326.00
11.3800      295.00
11.4000      310.00
11.4200      300.00
11.4400      288.00
11.4600      266.00
11.4800      243.00
11.5000      188.00
11.5200      166.00
11.5400      188.00
11.5600      158.00
11.5800      160.00
11.6000      157.00
11.6200      180.00
11.6400      180.00
11.6600      142.00
11.6800      178.00
11.7000      191.00
11.7200      175.00
11.7400      170.00
11.7600      186.00
11.7800      171.00
11.8000      186.00
11.8200      188.00
11.8400      196.00
11.8600      206.00
11.8800      189.00
11.9000      180.00
11.9200      207.00
11.9400      213.00
11.9600      260.00
11.9800      255.00
12.0000      253.00
12.0200      280.00
12.0400      310.00
12.0600      342.00
12.0800      346.00
12.1000      368.00
12.1200      451.00
12.1400      392.00
12.1600      401.00
12.1800      380.00
12.2000      422.00
12.2200      405.00
12.2400      407.00
12.2600      368.00
12.2800      374.00
12.3000      369.00
12.3200      331.00
12.3400      304.00
12.3600      323.00
12.3800      263.00
12.4000      271.00
12.4200      278.00
12.4400      320.00
12.4600      335.00
12.4800      379.00
12.5000      381.00
12.5200      419.00
12.5400      432.00
12.5600      485.00
12.5800      469.00
12.6000      488.00
12.6200      478.00
12.6400      457.00
12.6600      462.00
12.6800      437.00
12.7000      329.00
12.7200      327.00
12.7400      270.00
12.7600      233.00
12.7800      218.00
12.8000      180.00
12.8200      183.00
12.8400      163.00
12.8600      191.00
12.8800      187.00
12.9000      168.00
12.9200      141.00
12.9400      167.00
12.9600      169.00
12.9800      147.00
13.0000      164.00
13.0200      152.00
13.0400      150.00
13.0600      179.00
13.0800      156.00
13.1000      136.00
13.1200      160.00
13.1400      157.00
13.1600      156.00
13.1800      141.00
13.2000      178.00
13.2200      135.00
13.2400      157.00
13.2600      160.00
13.2800      134.00
13.3000      171.00
13.3200      142.00
13.3400      149.00
13.3600      153.00
13.3800      182.00
13.4000      165.00
13.4200      135.00
13.4400      169.00
13.4600      135.00
13.4800      146.00
13.5000      152.00
13.5200      189.00
13.5400      142.00
13.5600      167.00
13.5800      168.00
13.6000      172.00
13.6200      159.00
13.6400      163.00
13.6600      157.00
13.6800      182.00
13.7000      172.00
13.7200      172.00
13.7400      161.00
13.7600      150.00
13.7800      183.00
13.8000      165.00
13.8200      153.00
13.8400      172.00
13.8600      161.00
13.8800      171.00
13.9000      186.00
13.9200      176.00
13.9400      195.00
13.9600      202.00
13.9800      212.00
14.0000      201.00
14.0200      203.00
14.0400      225.00
14.0600      248.00
14.0800      285.00
14.1000      319.00
14.1200      330.00
14.1400      369.00
14.1600      424.00
14.1800      411.00
14.2000      495.00
14.2200      520.00
14.2400      566.00
14.2600      576.00
14.2800      599.00
14.3000      624.00
14.3200      560.00
14.3400      589.00
14.3600      498.00
14.3800      526.00
14.4000      459.00
14.4200      436.00
14.4400      422.00
14.4600      380.00
14.4800      322.00
14.5000      304.00
14.5200      306.00
14.5400      287.00
14.5600      252.00
14.5800      256.00
14.6000      218.00
14.6200      212.00
14.6400      185.00
14.6600      163.00
14.6800      183.00
14.7000      167.00
14.7200      178.00
14.7400      163.00
14.7600      144.00
14.7800      169.00
14.8000      174.00
14.8200      190.00
14.8400      166.00
14.8600      184.00
14.8800      154.00
14.9000      167.00
14.9200      162.00
14.9400      161.00
14.9600      188.00
14.9800      151.00
15.0000      174.00
15.0200      177.00
15.0400      148.00
15.0600      166.00
15.0800      184.00
15.1000      171.00
15.1200      172.00
15.1400      149.00
15.1600      154.00
15.1800      155.00
15.2000      166.00
15.2200      164.00
15.2400      155.00
15.2600      124.00
15.2800      179.00
15.3000      162.00
15.3200      149.00
15.3400      161.00
15.3600      138.00
15.3800      160.00
15.4000      161.00
15.4200      154.00
15.4400      163.00
15.4600      141.00
15.4800      148.00
15.5000      138.00
15.5200      170.00
15.5400      144.00
15.5600      144.00
15.5800      151.00
15.6000      161.00
15.6200      167.00
15.6400      164.00
15.6600      163.00
15.6800      158.00
15.7000      153.00
15.7200      177.00
15.7400      199.00
15.7600      155.00
15.7800      184.00
15.8000      187.00
15.8200      211.00
15.8400      200.00
15.8600      200.00
15.8800      227.00
15.9000      258.00
15.9200      276.00
15.9400      281.00
15.9600      319.00
15.9800      260.00
16.0000      295.00
16.0200      320.00
16.0400      306.00
16.0600      298.00
16.0800      300.00
16.1000      291.00
16.1200      285.00
16.1400      301.00
16.1600      291.00
16.1800      286.00
16.2000      304.00
16.2200      273.00
16.2400      283.00
16.2600      316.00
16.2800      288.00
16.3000      304.00
16.3200      300.00
16.3400      278.00
16.3600      294.00
16.3800      301.00
16.4000      296.00
16.4200      303.00
16.4400      310.00
16.4600      345.00
16.4800      343.00
16.5000      343.00
16.5200      398.00
16.5400      396.00
16.5600      397.00
16.5800      379.00
16.6000      418.00
16.6200      395.00
16.6400      352.00
16.6600      361.00
16.6800      301.00
16.7000      276.00
16.7200      231.00
16.7400      198.00
16.7600      204.00
16.7800      198.00
16.8000      197.00
16.8200      191.00
16.8400      167.00
16.8600      186.00
16.8800      196.00
16.9000      204.00
16.9200      223.00
16.9400      209.00
16.9600      238.00
16.9800      272.00
17.0000      293.00
17.0200      307.00
17.0400      320.00
17.0600      378.00
17.0800      416.00
17.1000      455.00
17.1200      415.00
17.1400      393.00
17.1600      427.00
17.1800      411.00
17.2000      424.00
17.2200      398.00
17.2400      360.00
17.2600      326.00
17.2800      314.00
17.3000      307.00
17.3200      340.00
17.3400      357.00
17.3600      361.00
17.3800      450.00
17.4000      443.00
17.4200      549.00
17.4400      637.00
17.4600      725.00
17.4800      778.00
17.5000      860.00
17.5200      997.00
17.5400     1068.00
17.5600     1211.00
17.5800     1253.00
17.6000     1370.00
17.6200     1333.00
17.6400     1349.00
17.6600     1270.00
17.6800     1223.00
17.7000     1138.00
17.7200     1022.00
17.7400      994.00
17.7600      827.00
17.7800      694.00
17.8000      588.00
17.8200      470.00
17.8400      404.00
17.8600      393.00
17.8800      327.00
17.9000      283.00
17.9200      310.00
17.9400      247.00
17.9600      265.00
17.9800      274.00
18.0000      234.00
18.0200      237.00
18.0400      264.00
18.0600      235.00
18.0800      212.00
18.1000      218.00
18.1200      238.00
18.1400      238.00
18.1600      183.00
18.1800      162.00
18.2000      167.00
18.2200      190.00
18.2400      207.00
18.2600      200.00
18.2800      258.00
18.3000      269.00
18.3200      273.00
18.3400      334.00
18.3600      382.00
18.3800      426.00
18.4000      436.00
18.4200      522.00
18.4400      557.00
18.4600      593.00
18.4800      632.00
18.5000      580.00
18.5200      561.00
18.5400      539.00
18.5600      492.00
18.5800      511.00
18.6000      397.00
18.6200      357.00
18.6400      303.00
18.6600      297.00
18.6800      262.00
18.7000      225.00
18.7200      252.00
18.7400      230.00
18.7600      217.00
18.7800      256.00
18.8000      253.00
18.8200      267.00
18.8400      287.00
18.8600      256.00
18.8800      248.00
18.9000      262.00
18.9200      256.00
18.9400      210.00
18.9600      217.00
18.9800      214.00
19.0000      221.00
19.0200      212.00
19.0400      196.00
19.0600      232.00
19.0800      218.00
19.1000      243.00
19.1200      247.00
19.1400      239.00
19.1600      251.00
19.1800      282.00
19.2000      232.00
19.2200      242.00
19.2400      269.00
19.2600      248.00
19.2800      257.00
19.3000      301.00
19.3200      257.00
19.3400      244.00
19.3600      221.00
19.3800      225.00
19.4000      219.00
19.4200      249.00
19.4400      238.00
19.4600      258.00
19.4800      305.00
19.5000      291.00
19.5200      344.00
19.5400      384.00
19.5600      454.00
19.5800      562.00
19.6000      611.00
19.6200      702.00
19.6400      861.00
19.6600      972.00
19.6800      981.00
19.7000     1068.00
19.7200     1064.00
19.7400     1071.00
19.7600     1025.00
19.7800     1017.00
19.8000      980.00
19.8200      849.00
19.8400      739.00
19.8600      644.00
19.8800      532.00
19.9000      500.00
19.9200      438.00
19.9400      400.00
19.9600      331.00
19.9800      323.00
20.0000      290.00
20.0200      240.00
20.0400      275.00
20.0600      240.00
20.0800      217.00
20.1000      223.00
20.1200      202.00
20.1400      188.00
20.1600      216.00
20.1800      187.00
20.2000      177.00
20.2200      182.00
20.2400      201.00
20.2600      191.00
20.2800      187.00
20.3000      190.00
20.3200      189.00
20.3400      181.00
20.3600      205.00
20.3800      192.00
20.4000      224.00
20.4200      184.00
20.4400      205.00
20.4600      201.00
20.4800      207.00
20.5000      205.00
20.5200      223.00
20.5400      274.00
20.5600      260.00
20.5800      318.00
20.6000      337.00
20.6200      405.00
20.6400      472.00
20.6600      471.00
20.6800      552.00
20.7000      553.00
20.7200      650.00
20.7400      611.00
20.7600      637.00
20.7800      633.00
20.8000      610.00
20.8200      662.00
20.8400      648.00
20.8600      643.00
20.8800      733.00
20.9000      769.00
20.9200      790.00
20.9400      888.00
20.9600     1079.00
20.9800     1110.00
21.0000     1278.00
21.0200     1450.00
21.0400     1660.00
21.0600     1749.00
21.0800     1810.00
21.1000     1824.00
21.1200     1808.00
21.1400     1653.00
21.1600     1608.00
21.1800     1383.00
21.2000     1309.00
21.2200     1064.00
21.2400      875.00
21.2600      697.00
21.2800      579.00
21.3000      435.00
21.3200      355.00
21.3400      308.00
21.3600      246.00
21.3800      217.00
21.4000      238.00
21.4200      229.00
21.4400      230.00
21.4600      201.00
21.4800      189.00
21.5000      185.00
21.5200      175.00
21.5400      200.00
21.5600      160.00
21.5800      178.00
21.6000      180.00
21.6200      170.00
21.6400      165.00
21.6600      175.00
21.6800      167.00
21.7000      198.00
21.7200      149.00
21.7400      159.00
21.7600      180.00
21.7800      180.00
21.8000      196.00
21.8200      171.00
21.8400      194.00
21.8600      176.00
21.8800      171.00
21.9000      166.00
21.9200      176.00
21.9400      193.00
21.9600      183.00
21.9800      190.00
22.0000      227.00
22.0200      180.00
22.0400      196.00
22.0600      200.00
22.0800      196.00
22.1000      202.00
22.1200      209.00
22.1400      238.00
22.1600      233.00
22.1800      244.00
22.2000      261.00
22.2200      293.00
22.2400      281.00
22.2600      305.00
22.2800      324.00
22.3000      343.00
22.3200      373.00
22.3400      395.00
22.3600      406.00
22.3800      400.00
22.4000      393.00
22.4200      412.00
22.4400      433.00
22.4600      444.00
22.4800      433.00
22.5000      450.00
22.5200      481.00
22.5400      504.00
22.5600      602.00
22.5800      614.00
22.6000      682.00
22.6200      746.00
22.6400      822.00
22.6600      854.00
22.6800      864.00
22.7000      836.00
22.7200      769.00
22.7400      749.00
22.7600      716.00
22.7800      612.00
22.8000      541.00
22.8200      482.00
22.8400      465.00
22.8600      411.00
22.8800      399.00
22.9000      377.00
22.9200      364.00
22.9400      355.00
22.9600      411.00
22.9800      409.00
23.0000      419.00
23.0200      472.00
23.0400      494.00
23.0600      515.00
23.0800      546.00
23.1000      529.00
23.1200      580.00
23.1400      545.00
23.1600      612.00
23.1800      554.00
23.2000      513.00
23.2200      530.00
23.2400      501.00
23.2600      510.00
23.2800      449.00
23.3000      452.00
23.3200      463.00
23.3400      402.00
23.3600      421.00
23.3800      445.00
23.4000      461.00
23.4200      496.00
23.4400      544.00
23.4600      518.00
23.4800      473.00
23.5000      546.00
23.5200      502.00
23.5400      417.00
23.5600      428.00
23.5800      382.00
23.6000      353.00
23.6200      336.00
23.6400      311.00
23.6600      249.00
23.6800      226.00
23.7000      210.00
23.7200      235.00
23.7400      196.00
23.7600      233.00
23.7800      231.00
23.8000      197.00
23.8200      205.00
23.8400      228.00
23.8600      233.00
23.8800      224.00
23.9000      237.00
23.9200      254.00
23.9400      275.00
23.9600      311.00
23.9800      300.00
24.0000      333.00
24.0200      365.00
24.0400      397.00
24.0600      442.00
24.0800      486.00
24.1000      466.00
24.1200      531.00
24.1400      540.00
24.1600      536.00
24.1800      561.00
24.2000      553.00
24.2200      557.00
24.2400      544.00
24.2600      512.00
24.2800      507.00
24.3000      546.00
24.3200      588.00
24.3400      632.00
24.3600      636.00
24.3800      708.00
24.4000      780.00
24.4200      777.00
24.4400      837.00
24.4600      720.00
24.4800      696.00
24.5000      662.00
24.5200      652.00
24.5400      562.00
24.5600      469.00
24.5800      451.00
24.6000      370.00
24.6200      349.00
24.6400      295.00
24.6600      262.00
24.6800      242.00
24.7000      237.00
24.7200      239.00
24.7400      223.00
24.7600      249.00
24.7800      242.00
24.8000      254.00
24.8200      271.00
24.8400      325.00
24.8600      336.00
24.8800      405.00
24.9000      449.00
24.9200      465.00
24.9400      550.00
24.9600      554.00
24.9800      615.00
25.0000      606.00
25.0200      564.00
25.0400      541.00
25.0600      538.00
25.0800      468.00
25.1000      430.00
25.1200      389.00
25.1400      327.00
25.1600      279.00
25.1800      251.00
25.2000      225.00
25.2200      222.00
25.2400      192.00
25.2600      172.00
25.2800      170.00
25.3000      199.00
25.3200      184.00
25.3400      184.00
25.3600      170.00
25.3800      149.00
25.4000      165.00
25.4200      149.00
25.4400      160.00
25.4600      151.00
25.4800      175.00
25.5000      146.00
25.5200      153.00
25.5400      161.00
25.5600      160.00
25.5800      162.00
25.6000      163.00
25.6200      149.00
25.6400      149.00
25.6600      155.00
25.6800      162.00
25.7000      167.00
25.7200      153.00
25.7400      167.00
25.7600      173.00
25.7800      191.00
25.8000      165.00
25.8200      163.00
25.8400      165.00
25.8600      204.00
25.8800      161.00
25.9000      198.00
25.9200      183.00
25.9400      205.00
25.9600      209.00
25.9800      221.00
26.0000      229.00
26.0200      280.00
26.0400      258.00
26.0600      263.00
26.0800      320.00
26.1000      316.00
26.1200      310.00
26.1400      296.00
26.1600      368.00
26.1800      369.00
26.2000      384.00
26.2200      374.00
26.2400      397.00
26.2600      415.00
26.2800      409.00
26.3000      412.00
26.3200      408.00
26.3400      387.00
26.3600      440.00
26.3800      408.00
26.4000      370.00
26.4200      386.00
26.4400      377.00
26.4600      348.00
26.4800      347.00
26.5000      325.00
26.5200      338.00
26.5400      317.00
26.5600      339.00
26.5800      322.00
26.6000      319.00
26.6200      289.00
26.6400      287.00
26.6600      238.00
26.6800      221.00
26.7000      208.00
26.7200      212.00
26.7400      208.00
26.7600      192.00
26.7800      177.00
26.8000      165.00
26.8200      157.00
26.8400      156.00
26.8600      160.00
26.8800      173.00
26.9000      171.00
26.9200      171.00
26.9400      151.00
26.9600      163.00
26.9800      160.00
27.0000      185.00
27.0200      202.00
27.0400      199.00
27.0600      191.00
27.0800      172.00
27.1000      177.00
27.1200      199.00
27.1400      182.00
27.1600      211.00
27.1800      178.00
27.2000      183.00
27.2200      218.00
27.2400      224.00
27.2600      215.00
27.2800      258.00
27.3000      258.00
27.3200      277.00
27.3400      244.00
27.3600      242.00
27.3800      265.00
27.4000      286.00
27.4200      263.00
27.4400      293.00
27.4600      228.00
27.4800      259.00
27.5000      260.00
27.5200      308.00
27.5400      298.00
27.5600      302.00
27.5800      301.00
27.6000      340.00
27.6200      393.00
27.6400      430.00
27.6600      446.00
27.6800      497.00
27.7000      506.00
27.7200      533.00
27.7400      515.00
27.7600      523.00
27.7800      481.00
27.8000      471.00
27.8200      454.00
27.8400      452.00
27.8600      343.00
27.8800      347.00
27.9000      357.00
27.9200      297.00
27.9400      256.00
27.9600      244.00
27.9800      236.00
28.0000      248.00
28.0200      192.00
28.0400      219.00
28.0600      224.00
28.0800      202.00
28.1000      218.00
28.1200      215.00
28.1400      223.00
28.1600      205.00
28.1800      203.00
28.2000      212.00
28.2200      209.00
28.2400      181.00
28.2600      214.00
28.2800      197.00
28.3000      232.00
28.3200      258.00
28.3400      271.00
28.3600      305.00
28.3800      346.00
28.4000      390.00
28.4200      411.00
28.4400      503.00
28.4600      566.00
28.4800      604.00
28.5000      751.00
28.5200      738.00
28.5400      754.00
28.5600      860.00
28.5800      861.00
28.6000      866.00
28.6200      808.00
28.6400      757.00
28.6600      744.00
28.6800      632.00
28.7000      586.00
28.7200      521.00
28.7400      497.00
28.7600      471.00
28.7800      386.00
28.8000      413.00
28.8200      362.00
28.8400      328.00
28.8600      329.00
28.8800      315.00
28.9000      295.00
28.9200      250.00
28.9400      257.00
28.9600      263.00
28.9800      242.00
29.0000      310.00
29.0200      272.00
29.0400      278.00
29.0600      277.00
29.0800      312.00
29.1000      311.00
29.1200      299.00
29.1400      344.00
29.1600      365.00
29.1800      364.00
29.2000      411.00
29.2200      346.00
29.2400      357.00
29.2600      377.00
29.2800      347.00
29.3000      386.00
29.3200      377.00
29.3400      350.00
29.3600      349.00
29.3800      330.00
29.4000      346.00
29.4200      383.00
29.4400      341.00
29.4600      370.00
29.4800      393.00
29.5000      479.00
29.5200      432.00
29.5400      453.00
29.5600      409.00
29.5800      389.00
29.6000      390.00
29.6200      374.00
29.6400      350.00
29.6600      254.00
29.6800      237.00
29.7000      213.00
29.7200      231.00
29.7400      196.00
29.7600      168.00
29.7800      155.00
29.8000      146.00
29.8200      161.00
29.8400      153.00
29.8600      152.00
29.8800      118.00
29.9000      147.00
29.9200      149.00
29.9400      151.00
29.9600      148.00
29.9800      165.00
30.0000      179.00
30.0200      190.00
30.0400      196.00
30.0600      214.00
30.0800      251.00
30.1000      237.00
30.1200      261.00
30.1400      285.00
30.1600      307.00
30.1800      301.00
30.2000      280.00
30.2200      324.00
30.2400      320.00
30.2600      295.00
30.2800      293.00
30.3000      315.00
30.3200      313.00
30.3400      289.00
30.3600      253.00
30.3800      278.00
30.4000      204.00
30.4200      243.00
30.4400      226.00
30.4600      215.00
30.4800      210.00
30.5000      195.00
30.5200      183.00
30.5400      171.00
30.5600      178.00
30.5800      172.00
30.6000      168.00
30.6200      140.00
30.6400      166.00
30.6600      187.00
30.6800      197.00
30.7000      196.00
30.7200      169.00
30.7400      185.00
30.7600      171.00
30.7800      202.00
30.8000      174.00
30.8200      171.00
30.8400      175.00
30.8600      139.00
30.8800      182.00
30.9000      148.00
30.9200      152.00
30.9400      165.00
30.9600      173.00
30.9800      174.00
31.0000      161.00
31.0200      182.00
31.0400      169.00
31.0600      185.00
31.0800      193.00
31.1000      174.00
31.1200      159.00
31.1400      180.00
31.1600      158.00
31.1800      149.00
31.2000      147.00
31.2200      178.00
31.2400      131.00
31.2600      148.00
31.2800      131.00
31.3000      140.00
31.3200      126.00
31.3400      136.00
31.3600      111.00
31.3800      137.00
31.4000      136.00
31.4200      153.00
31.4400      136.00
31.4600      158.00
31.4800      166.00
31.5000      175.00
31.5200      186.00
31.5400      160.00
31.5600      170.00
31.5800      176.00
31.6000      185.00
31.6200      204.00
31.6400      209.00
31.6600      180.00
31.6800      161.00
31.7000      156.00
31.7200      191.00
31.7400      187.00
31.7600      137.00
31.7800      165.00
31.8000      158.00
31.8200      152.00
31.8400      156.00
31.8600      165.00
31.8800      149.00
31.9000      142.00
31.9200      175.00
31.9400      155.00
31.9600      166.00
31.9800      176.00
32.0000      188.00
32.0200      167.00
32.0400      220.00
32.0600      201.00
32.0800      215.00
32.1000      200.00
32.1200      239.00
32.1400      241.00
32.1600      239.00
32.1800      209.00
32.2000      250.00
32.2200      251.00
32.2400      264.00
32.2600      237.00
32.2800      232.00
32.3000      247.00
32.3200      221.00
32.3400      232.00
32.3600      243.00
32.3800      243.00
32.4000      209.00
32.4200      238.00
32.4400      228.00
32.4600      231.00
32.4800      230.00
32.5000      235.00
32.5200      221.00
32.5400      262.00
32.5600      254.00
32.5800      279.00
32.6000      296.00
32.6200      274.00
32.6400      277.00
32.6600      247.00
32.6800      267.00
32.7000      266.00
32.7200      284.00
32.7400      265.00
32.7600      261.00
32.7800      259.00
32.8000      248.00
32.8200      246.00
32.8400      234.00
32.8600      226.00
32.8800      194.00
32.9000      197.00
32.9200      221.00
32.9400      219.00
32.9600      200.00
32.9800      199.00
33.0000      190.00
33.0200      228.00
33.0400      183.00
33.0600      194.00
33.0800      181.00
33.1000      200.00
33.1200      205.00
33.1400      203.00
33.1600      188.00
33.1800      228.00
33.2000      237.00
33.2200      214.00
33.2400      239.00
33.2600      262.00
33.2800      238.00
33.3000      284.00
33.3200      289.00
33.3400      293.00
33.3600      304.00
33.3800      314.00
33.4000      308.00
33.4200      296.00
33.4400      253.00
33.4600      302.00
33.4800      260.00
33.5000      264.00
33.5200      233.00
33.5400      242.00
33.5600      230.00
33.5800      225.00
33.6000      234.00
33.6200      222.00
33.6400      193.00
33.6600      183.00
33.6800      171.00
33.7000      157.00
33.7200      152.00
33.7400      139.00
33.7600      136.00
33.7800      147.00
33.8000      135.00
33.8200      164.00
33.8400      143.00
33.8600      136.00
33.8800      127.00
33.9000      131.00
33.9200      149.00
33.9400      125.00
33.9600      166.00
33.9800      132.00
34.0000      158.00
34.0200      135.00
34.0400      147.00
34.0600      174.00
34.0800      158.00
34.1000      191.00
34.1200      169.00
34.1400      202.00
34.1600      233.00
34.1800      203.00
34.2000      252.00
34.2200      276.00
34.2400      305.00
34.2600      287.00
34.2800      279.00
34.3000      252.00
34.3200      277.00
34.3400      244.00
34.3600      213.00
34.3800      207.00
34.4000      162.00
34.4200      197.00
34.4400      164.00
34.4600      146.00
34.4800      148.00
34.5000      165.00
34.5200      146.00
34.5400      165.00
34.5600      136.00
34.5800      155.00
34.6000      141.00
34.6200      126.00
34.6400      142.00
34.6600      130.00
34.6800      146.00
34.7000      115.00
34.7200      130.00
34.7400      153.00
34.7600      152.00
34.7800      145.00
34.8000      134.00
34.8200      159.00
34.8400      161.00
34.8600      161.00
34.8800      139.00
34.9000      143.00
34.9200      157.00
34.9400      159.00
34.9600      159.00
34.9800      142.00
35.0000      178.00
