 2.1100      313.00
 2.1300      352.00
 2.1500      319.00
 2.1700      323.00
 2.1900      316.00
 2.2100      325.00
 2.2300      318.00
 2.2500      281.00
 2.2700      282.00
 2.2900      278.00
 2.3100      315.00
 2.3300      295.00
 2.3500      307.00
 2.3700      283.00
 2.3900      282.00
 2.4100      306.00
 2.4300      297.00
 2.4500      289.00
 2.4700      279.00
 2.4900      261.00
 2.5100      276.00
 2.5300      284.00
 2.5500      273.00
 2.5700      314.00
 2.5900      305.00
 2.6100      275.00
 2.6300      270.00
 2.6500      255.00
 2.6700      269.00
 2.6900      266.00
 2.7100      276.00
 2.7300      282.00
 2.7500      263.00
 2.7700      267.00
 2.7900      263.00
 2.8100      247.00
 2.8300      260.00
 2.8500      285.00
 2.8700      257.00
 2.8900      240.00
 2.9100      262.00
 2.9300      255.00
 2.9500      263.00
 2.9700      253.00
 2.9900      239.00
 3.0100      251.00
 3.0300      239.00
 3.0500      247.00
 3.0700      247.00
 3.0900      225.00
 3.1100      265.00
 3.1300      226.00
 3.1500      246.00
 3.1700      253.00
 3.1900      223.00
 3.2100      244.00
 3.2300      225.00
 3.2500      247.00
 3.2700      235.00
 3.2900      219.00
 3.3100      197.00
 3.3300      223.00
 3.3500      226.00
 3.3700      248.00
 3.3900      215.00
 3.4100      199.00
 3.4300      210.00
 3.4500      232.00
 3.4700      204.00
 3.4900      245.00
 3.5100      209.00
 3.5300      220.00
 3.5500      201.00
 3.5700      197.00
 3.5900      205.00
 3.6100      202.00
 3.6300      184.00
 3.6500      215.00
 3.6700      221.00
 3.6900      203.00
 3.7100      178.00
 3.7300      214.00
 3.7500      188.00
 3.7700      192.00
 3.7900      180.00
 3.8100      160.00
 3.8300      195.00
 3.8500      179.00
 3.8700      183.00
 3.8900      185.00
 3.9100      189.00
 3.9300      168.00
 3.9500      214.00
 3.9700      171.00
 3.9900      200.00
 4.0100      172.00
 4.0300      184.00
 4.0500      178.00
 4.0700      158.00
 4.0900      176.00
 4.1100      171.00
 4.1300      175.00
 4.1500      157.00
 4.1700      166.00
 4.1900      175.00
 4.2100      158.00
 4.2300      163.00
 4.2500      180.00
 4.2700      181.00
 4.2900      153.00
 4.3100      155.00
 4.3300      174.00
 4.3500      179.00
 4.3700      151.00
 4.3900      159.00
 4.4100      155.00
 4.4300      159.00
 4.4500      142.00
 4.4700      150.00
 4.4900      138.00
 4.5100      154.00
 4.5300      137.00
 4.5500      122.00
 4.5700      123.00
 4.5900      143.00
 4.6100      131.00
 4.6300      132.00
 4.6500      138.00
 4.6700      156.00
 4.6900      170.00
 4.7100      184.00
 4.7300      150.00
 4.7500      156.00
 4.7700      142.00
 4.7900      134.00
 4.8100      143.00
 4.8300      148.00
 4.8500      141.00
 4.8700      143.00
 4.8900      150.00
 4.9100      149.00
 4.9300      147.00
 4.9500      144.00
 4.9700      133.00
 4.9900      164.00
 5.0100      154.00
 5.0300      136.00
 5.0500      162.00
 5.0700      136.00
 5.0900      149.00
 5.1100      134.00
 5.1300      129.00
 5.1500      129.00
 5.1700      148.00
 5.1900      145.00
 5.2100      141.00
 5.2300      155.00
 5.2500      135.00
 5.2700      155.00
 5.2900      110.00
 5.3100      139.00
 5.3300      145.00
 5.3500      112.00
 5.3700      144.00
 5.3900      156.00
 5.4100      138.00
 5.4300      134.00
 5.4500      158.00
 5.4700      145.00
 5.4900      134.00
 5.5100      156.00
 5.5300      168.00
 5.5500      150.00
 5.5700      147.00
 5.5900      169.00
 5.6100      146.00
 5.6300      146.00
 5.6500      149.00
 5.6700      148.00
 5.6900      145.00
 5.7100      155.00
 5.7300      119.00
 5.7500      144.00
 5.7700      141.00
 5.7900      142.00
 5.8100      155.00
 5.8300      133.00
 5.8500      136.00
 5.8700      135.00
 5.8900      144.00
 5.9100      123.00
 5.9300      168.00
 5.9500      133.00
 5.9700      146.00
 5.9900      144.00
 6.0100      142.00
 6.0300      147.00
 6.0500      125.00
 6.0700      134.00
 6.0900      149.00
 6.1100      136.00
 6.1300      157.00
 6.1500      138.00
 6.1700      158.00
 6.1900      146.00
 6.2100      130.00
 6.2300      134.00
 6.2500      148.00
 6.2700      147.00
 6.2900      144.00
 6.3100      122.00
 6.3300      137.00
 6.3500      132.00
 6.3700      130.00
 6.3900      134.00
 6.4100      132.00
 6.4300      150.00
 6.4500      138.00
 6.4700      153.00
 6.4900      149.00
 6.5100      134.00
 6.5300      152.00
 6.5500      152.00
 6.5700      165.00
 6.5900      158.00
 6.6100      147.00
 6.6300      147.00
 6.6500      142.00
 6.6700      138.00
 6.6900      146.00
 6.7100      139.00
 6.7300      150.00
 6.7500      143.00
 6.7700      154.00
 6.7900      137.00
 6.8100      158.00
 6.8300      172.00
 6.8500      185.00
 6.8700      138.00
 6.8900      161.00
 6.9100      156.00
 6.9300      163.00
 6.9500      157.00
 6.9700      154.00
 6.9900      177.00
 7.0100      150.00
 7.0300      148.00
 7.0500      138.00
 7.0700      148.00
 7.0900      144.00
 7.1100      139.00
 7.1300      141.00
 7.1500      139.00
 7.1700      143.00
 7.1900      140.00
 7.2100      133.00
 7.2300      154.00
 7.2500      151.00
 7.2700      155.00
 7.2900      134.00
 7.3100      142.00
 7.3300      146.00
 7.3500      152.00
 7.3700      138.00
 7.3900      148.00
 7.4100      167.00
 7.4300      132.00
 7.4500      134.00
 7.4700      171.00
 7.4900      159.00
 7.5100      142.00
 7.5300      152.00
 7.5500      168.00
 7.5700      122.00
 7.5900      133.00
 7.6100      131.00
 7.6300      151.00
 7.6500      152.00
 7.6700      169.00
 7.6900      172.00
 7.7100      152.00
 7.7300      146.00
 7.7500      154.00
 7.7700      136.00
 7.7900      149.00
 7.8100      167.00
 7.8300      154.00
 7.8500      169.00
 7.8700      159.00
 7.8900      154.00
 7.9100      139.00
 7.9300      142.00
 7.9500      130.00
 7.9700      157.00
 7.9900      140.00
 8.0100      134.00
 8.0300      160.00
 8.0500      161.00
 8.0700      157.00
 8.0900      167.00
 8.1100      139.00
 8.1300      155.00
 8.1500      156.00
 8.1700      145.00
 8.1900      133.00
 8.2100      126.00
 8.2300      147.00
 8.2500      159.00
 8.2700      147.00
 8.2900      161.00
 8.3100      146.00
 8.3300      153.00
 8.3500      147.00
 8.3700      142.00
 8.3900      145.00
 8.4100      163.00
 8.4300      149.00
 8.4500      158.00
 8.4700      160.00
 8.4900      157.00
 8.5100      168.00
 8.5300      167.00
 8.5500      189.00
 8.5700      173.00
 8.5900      192.00
 8.6100      203.00
 8.6300      187.00
 8.6500      209.00
 8.6700      161.00
 8.6900      194.00
 8.7100      196.00
 8.7300      211.00
 8.7500      221.00
 8.7700      205.00
 8.7900      182.00
 8.8100      197.00
 8.8300      169.00
 8.8500      184.00
 8.8700      164.00
 8.8900      166.00
 8.9100      183.00
 8.9300      168.00
 8.9500      137.00
 8.9700      153.00
 8.9900      151.00
 9.0100      164.00
 9.0300      152.00
 9.0500      130.00
 9.0700      126.00
 9.0900      142.00
 9.1100      153.00
 9.1300      157.00
 9.1500      164.00
 9.1700      172.00
 9.1900      164.00
 9.2100      160.00
 9.2300      178.00
 9.2500      164.00
 9.2700      148.00
 9.2900      173.00
 9.3100      154.00
 9.3300      160.00
 9.3500      153.00
 9.3700      164.00
 9.3900      150.00
 9.4100      151.00
 9.4300      178.00
 9.4500      161.00
 9.4700      162.00
 9.4900      162.00
 9.5100      175.00
 9.5300      149.00
 9.5500      189.00
 9.5700      142.00
 9.5900      170.00
 9.6100      163.00
 9.6300      154.00
 9.6500      151.00
 9.6700      179.00
 9.6900      168.00
 9.7100      183.00
 9.7300      165.00
 9.7500      170.00
 9.7700      174.00
 9.7900      178.00
 9.8100      193.00
 9.8300      170.00
 9.8500      184.00
 9.8700      163.00
 9.8900      188.00
 9.9100      185.00
 9.9300      194.00
 9.9500      174.00
 9.9700      197.00
 9.9900      191.00
10.0100      187.00
10.0300      209.00
10.0500      172.00
10.0700      183.00
10.0900      188.00
10.1100      172.00
10.1300      166.00
10.1500      184.00
10.1700      157.00
10.1900      160.00
10.2100      169.00
10.2300      182.00
10.2500      158.00
10.2700      187.00
10.2900      157.00
10.3100      173.00
10.3300      172.00
10.3500      158.00
10.3700      169.00
10.3900      180.00
10.4100      176.00
10.4300      177.00
10.4500      171.00
10.4700      177.00
10.4900      171.00
10.5100      186.00
10.5300      208.00
10.5500      183.00
10.5700      199.00
10.5900      178.00
10.6100      193.00
10.6300      214.00
10.6500      195.00
10.6700      222.00
10.6900      208.00
10.7100      237.00
10.7300      243.00
10.7500      277.00
10.7700      236.00
10.7900      287.00
10.8100      306.00
10.8300      296.00
10.8500      320.00
10.8700      301.00
10.8900      372.00
10.9100      381.00
10.9300      443.00
10.9500      456.00
10.9700      469.00
10.9900      454.00
11.0100      461.00
11.0300      464.00
11.0500      497.00
11.0700      481.00
11.0900      449.00
11.1100      495.00
11.1300      497.00
11.1500      476.00
11.1700      455.00
11.1900      452.00
11.2100      433.00
11.2300      395.00
11.2500      379.00
11.2700      394.00
11.2900      374.00
11.3100      326.00
11.3300      333.00
11.3500      330.00
11.3700      278.00
11.3900      253.00
11.4100      240.00
11.4300      200.00
11.4500      229.00
11.4700      214.00
11.4900      204.00
11.5100      192.00
11.5300      208.00
11.5500      180.00
11.5700      210.00
11.5900      206.00
11.6100      226.00
11.6300      201.00
11.6500      206.00
11.6700      211.00
11.6900      205.00
11.7100      220.00
11.7300      216.00
11.7500      254.00
11.7700      242.00
11.7900      234.00
11.8100      239.00
11.8300      297.00
11.8500      265.00
11.8700      266.00
11.8900      299.00
11.9100      303.00
11.9300      350.00
11.9500      370.00
11.9700      402.00
11.9900      419.00
12.0100      432.00
12.0300      435.00
12.0500      418.00
12.0700      423.00
12.0900      451.00
12.1100      453.00
12.1300      438.00
12.1500      439.00
12.1700      403.00
12.1900      399.00
12.2100      398.00
12.2300      357.00
12.2500      356.00
12.2700      313.00
12.2900      377.00
12.3100      360.00
12.3300      406.00
12.3500      413.00
12.3700      410.00
12.3900      451.00
12.4100      526.00
12.4300      549.00
12.4500      561.00
12.4700      591.00
12.4900      590.00
12.5100      573.00
12.5300      531.00
12.5500      528.00
12.5700      552.00
12.5900      409.00
12.6100      432.00
12.6300      411.00
12.6500      334.00
12.6700      273.00
12.6900      277.00
12.7100      240.00
12.7300      230.00
12.7500      221.00
12.7700      198.00
12.7900      235.00
12.8100      188.00
12.8300      201.00
12.8500      200.00
12.8700      195.00
12.8900      193.00
12.9100      168.00
12.9300      206.00
12.9500      215.00
12.9700      180.00
12.9900      215.00
13.0100      208.00
13.0300      186.00
13.0500      211.00
13.0700      209.00
13.0900      205.00
13.1100      188.00
13.1300      204.00
13.1500      222.00
13.1700      194.00
13.1900      178.00
13.2100      176.00
13.2300      169.00
13.2500      203.00
13.2700      217.00
13.2900      200.00
13.3100      213.00
13.3300      194.00
13.3500      193.00
13.3700      191.00
13.3900      198.00
13.4100      216.00
13.4300      198.00
13.4500      170.00
13.4700      205.00
13.4900      191.00
13.5100      207.00
13.5300      173.00
13.5500      201.00
13.5700      190.00
13.5900      196.00
13.6100      208.00
13.6300      201.00
13.6500      190.00
13.6700      212.00
13.6900      215.00
13.7100      212.00
13.7300      203.00
13.7500      228.00
13.7700      246.00
13.7900      241.00
13.8100      272.00
13.8300      221.00
13.8500      285.00
13.8700      259.00
13.8900      299.00
13.9100      269.00
13.9300      309.00
13.9500      334.00
13.9700      391.00
13.9900      391.00
14.0100      419.00
14.0300      481.00
14.0500      459.00
14.0700      559.00
14.0900      655.00
14.1100      616.00
14.1300      669.00
14.1500      643.00
14.1700      673.00
14.1900      655.00
14.2100      638.00
14.2300      656.00
14.2500      626.00
14.2700      592.00
14.2900      595.00
14.3100      534.00
14.3300      501.00
14.3500      466.00
14.3700      443.00
14.3900      386.00
14.4100      335.00
14.4300      324.00
14.4500      319.00
14.4700      307.00
14.4900      294.00
14.5100      289.00
14.5300      242.00
14.5500      245.00
14.5700      230.00
14.5900      205.00
14.6100      231.00
14.6300      214.00
14.6500      197.00
14.6700      205.00
14.6900      176.00
14.7100      212.00
14.7300      211.00
14.7500      217.00
14.7700      220.00
14.7900      219.00
14.8100      199.00
14.8300      210.00
14.8500      202.00
14.8700      174.00
14.8900      192.00
14.9100      203.00
14.9300      197.00
14.9500      187.00
14.9700      198.00
14.9900      209.00
15.0100      227.00
15.0300      196.00
15.0500      219.00
15.0700      215.00
15.0900      222.00
15.1100      190.00
15.1300      197.00
15.1500      180.00
15.1700      193.00
15.1900      206.00
15.2100      184.00
15.2300      188.00
15.2500      197.00
15.2700      192.00
15.2900      211.00
15.3100      189.00
15.3300      225.00
15.3500      189.00
15.3700      206.00
15.3900      187.00
15.4100      218.00
15.4300      207.00
15.4500      200.00
15.4700      239.00
15.4900      227.00
15.5100      225.00
15.5300      228.00
15.5500      206.00
15.5700      233.00
15.5900      229.00
15.6100      212.00
15.6300      239.00
15.6500      245.00
15.6700      249.00
15.6900      269.00
15.7100      282.00
15.7300      315.00
15.7500      355.00
15.7700      309.00
15.7900      314.00
15.8100      361.00
15.8300      385.00
15.8500      389.00
15.8700      362.00
15.8900      402.00
15.9100      432.00
15.9300      372.00
15.9500      373.00
15.9700      382.00
15.9900      395.00
16.0100      389.00
16.0300      353.00
16.0500      377.00
16.0700      373.00
16.0900      373.00
16.1100      355.00
16.1300      340.00
16.1500      324.00
16.1700      362.00
16.1900      368.00
16.2100      374.00
16.2300      350.00
16.2500      343.00
16.2700      344.00
16.2900      379.00
16.3100      358.00
16.3300      323.00
16.3500      376.00
16.3700      445.00
16.3900      434.00
16.4100      399.00
16.4300      379.00
16.4500      375.00
16.4700      417.00
16.4900      386.00
16.5100      379.00
16.5300      361.00
16.5500      326.00
16.5700      295.00
16.5900      306.00
16.6100      270.00
16.6300      289.00
16.6500      288.00
16.6700      260.00
16.6900      234.00
16.7100      251.00
16.7300      267.00
16.7500      249.00
16.7700      275.00
16.7900      265.00
16.8100      257.00
16.8300      298.00
16.8500      298.00
16.8700      349.00
16.8900      324.00
16.9100      380.00
16.9300      425.00
16.9500      402.00
16.9700      432.00
16.9900      454.00
17.0100      449.00
17.0300      435.00
17.0500      435.00
17.0700      454.00
17.0900      462.00
17.1100      434.00
17.1300      465.00
17.1500      450.00
17.1700      429.00
17.1900      474.00
17.2100      497.00
17.2300      520.00
17.2500      582.00
17.2700      624.00
17.2900      756.00
17.3100      785.00
17.3300      900.00
17.3500     1048.00
17.3700     1181.00
17.3900     1356.00
17.4100     1464.00
17.4300     1638.00
17.4500     1721.00
17.4700     1795.00
17.4900     1939.00
17.5100     2032.00
17.5300     2049.00
17.5500     1945.00
17.5700     1848.00
17.5900     1865.00
17.6100     1739.00
17.6300     1525.00
17.6500     1420.00
17.6700     1248.00
17.6900     1128.00
17.7100      925.00
17.7300      837.00
17.7500      640.00
17.7700      569.00
17.7900      502.00
17.8100      480.00
17.8300      389.00
17.8500      353.00
17.8700      362.00
17.8900      345.00
17.9100      335.00
17.9300      368.00
17.9500      332.00
17.9700      314.00
17.9900      301.00
18.0100      304.00
18.0300      326.00
18.0500      270.00
18.0700      277.00
18.0900      290.00
18.1100      299.00
18.1300      316.00
18.1500      325.00
18.1700      388.00
18.1900      362.00
18.2100      391.00
18.2300      436.00
18.2500      475.00
18.2700      484.00
18.2900      574.00
18.3100      542.00
18.3300      609.00
18.3500      604.00
18.3700      594.00
18.3900      593.00
18.4100      621.00
18.4300      606.00
18.4500      573.00
18.4700      553.00
18.4900      506.00
18.5100      490.00
18.5300      449.00
18.5500      447.00
18.5700      387.00
18.5900      391.00
18.6100      334.00
18.6300      362.00
18.6500      346.00
18.6700      350.00
18.6900      315.00
18.7100      320.00
18.7300      310.00
18.7500      322.00
18.7700      317.00
18.7900      333.00
18.8100      319.00
18.8300      312.00
18.8500      296.00
18.8700      312.00
18.8900      281.00
18.9100      280.00
18.9300      259.00
18.9500      287.00
18.9700      296.00
18.9900      301.00
19.0100      312.00
19.0300      329.00
19.0500      305.00
19.0700      300.00
19.0900      298.00
19.1100      342.00
19.1300      331.00
19.1500      308.00
19.1700      284.00
19.1900      318.00
19.2100      310.00
19.2300      324.00
19.2500      319.00
19.2700      270.00
19.2900      323.00
19.3100      297.00
19.3300      351.00
19.3500      343.00
19.3700      405.00
19.3900      394.00
19.4100      458.00
19.4300      493.00
19.4500      612.00
19.4700      643.00
19.4900      733.00
19.5100      807.00
19.5300      898.00
19.5500      935.00
19.5700      993.00
19.5900     1063.00
19.6100     1160.00
19.6300     1101.00
19.6500     1107.00
19.6700     1127.00
19.6900     1090.00
19.7100      999.00
19.7300      984.00
19.7500      841.00
19.7700      771.00
19.7900      702.00
19.8100      619.00
19.8300      562.00
19.8500      534.00
19.8700      454.00
19.8900      406.00
19.9100      334.00
19.9300      318.00
19.9500      316.00
19.9700      313.00
19.9900      266.00
20.0100      238.00
20.0300      300.00
20.0500      267.00
20.0700      250.00
20.0900      259.00
20.1100      268.00
20.1300      223.00
20.1500      246.00
20.1700      232.00
20.1900      241.00
20.2100      245.00
20.2300      235.00
20.2500      266.00
20.2700      241.00
20.2900      245.00
20.3100      264.00
20.3300      263.00
20.3500      221.00
20.3700      284.00
20.3900      247.00
20.4100      287.00
20.4300      283.00
20.4500      333.00
20.4700      364.00
20.4900      370.00
20.5100      389.00
20.5300      368.00
20.5500      472.00
20.5700      447.00
20.5900      498.00
20.6100      513.00
20.6300      522.00
20.6500      562.00
20.6700      614.00
20.6900      623.00
20.7100      641.00
20.7300      745.00
20.7500      746.00
20.7700      806.00
20.7900      928.00
20.8100     1048.00
20.8300     1102.00
20.8500     1297.00
20.8700     1371.00
20.8900     1544.00
20.9100     1700.00
20.9300     1772.00
20.9500     1928.00
20.9700     2103.00
20.9900     2063.00
21.0100     2110.00
21.0300     1992.00
21.0500     1909.00
21.0700     1837.00
21.0900     1692.00
21.1100     1532.00
21.1300     1334.00
21.1500     1054.00
21.1700      997.00
21.1900      818.00
21.2100      658.00
21.2300      531.00
21.2500      404.00
21.2700      410.00
21.2900      350.00
21.3100      298.00
21.3300      253.00
21.3500      234.00
21.3700      232.00
21.3900      234.00
21.4100      208.00
21.4300      234.00
21.4500      200.00
21.4700      215.00
21.4900      220.00
21.5100      211.00
21.5300      200.00
21.5500      212.00
21.5700      210.00
21.5900      208.00
21.6100      206.00
21.6300      194.00
21.6500      221.00
21.6700      227.00
21.6900      241.00
21.7100      180.00
21.7300      217.00
21.7500      200.00
21.7700      208.00
21.7900      199.00
21.8100      203.00
21.8300      204.00
21.8500      211.00
21.8700      212.00
21.8900      227.00
21.9100      237.00
21.9300      243.00
21.9500      234.00
21.9700      221.00
21.9900      275.00
22.0100      229.00
22.0300      288.00
22.0500      315.00
22.0700      302.00
22.0900      280.00
22.1100      368.00
22.1300      328.00
22.1500      378.00
22.1700      356.00
22.1900      362.00
22.2100      410.00
22.2300      454.00
22.2500      389.00
22.2700      425.00
22.2900      367.00
22.3100      452.00
22.3300      427.00
22.3500      453.00
22.3700      472.00
22.3900      436.00
22.4100      505.00
22.4300      535.00
22.4500      537.00
22.4700      605.00
22.4900      670.00
22.5100      667.00
22.5300      637.00
22.5500      696.00
22.5700      696.00
22.5900      695.00
22.6100      646.00
22.6300      605.00
22.6500      577.00
22.6700      563.00
22.6900      529.00
22.7100      513.00
22.7300      444.00
22.7500      433.00
22.7700      394.00
22.7900      383.00
22.8100      355.00
22.8300      392.00
22.8500      386.00
22.8700      367.00
22.8900      394.00
22.9100      421.00
22.9300      459.00
22.9500      420.00
22.9700      461.00
22.9900      465.00
23.0100      554.00
23.0300      502.00
23.0500      560.00
23.0700      539.00
23.0900      542.00
23.1100      523.00
23.1300      520.00
23.1500      481.00
23.1700      497.00
23.1900      487.00
23.2100      499.00
23.2300      555.00
23.2500      521.00
23.2700      565.00
23.2900      547.00
23.3100      553.00
23.3300      561.00
23.3500      543.00
23.3700      497.00
23.3900      595.00
23.4100      524.00
23.4300      484.00
23.4500      428.00
23.4700      438.00
23.4900      418.00
23.5100      395.00
23.5300      366.00
23.5500      322.00
23.5700      295.00
23.5900      261.00
23.6100      252.00
23.6300      249.00
23.6500      258.00
23.6700      250.00
23.6900      235.00
23.7100      254.00
23.7300      270.00
23.7500      266.00
23.7700      313.00
23.7900      294.00
23.8100      300.00
23.8300      330.00
23.8500      328.00
23.8700      380.00
23.8900      397.00
23.9100      408.00
23.9300      435.00
23.9500      490.00
23.9700      499.00
23.9900      493.00
24.0100      509.00
24.0300      540.00
24.0500      513.00
24.0700      515.00
24.0900      566.00
24.1100      567.00
24.1300      549.00
24.1500      577.00
24.1700      578.00
24.1900      613.00
24.2100      637.00
24.2300      668.00
24.2500      689.00
24.2700      736.00
24.2900      751.00
24.3100      778.00
24.3300      769.00
24.3500      748.00
24.3700      692.00
24.3900      689.00
24.4100      640.00
24.4300      580.00
24.4500      523.00
24.4700      485.00
24.4900      447.00
24.5100      409.00
24.5300      343.00
24.5500      306.00
24.5700      309.00
24.5900      336.00
24.6100      296.00
24.6300      302.00
24.6500      318.00
24.6700      337.00
24.6900      377.00
24.7100      404.00
24.7300      423.00
24.7500      518.00
24.7700      550.00
24.7900      595.00
24.8100      646.00
24.8300      662.00
24.8500      724.00
24.8700      719.00
24.8900      720.00
24.9100      722.00
24.9300      669.00
24.9500      752.00
24.9700      649.00
24.9900      594.00
25.0100      553.00
25.0300      469.00
25.0500      406.00
25.0700      341.00
25.0900      311.00
25.1100      290.00
25.1300      280.00
25.1500      266.00
25.1700      235.00
25.1900      223.00
25.2100      217.00
25.2300      200.00
25.2500      200.00
25.2700      239.00
25.2900      187.00
25.3100      204.00
25.3300      186.00
25.3500      178.00
25.3700      185.00
25.3900      183.00
25.4100      188.00
25.4300      181.00
25.4500      169.00
25.4700      169.00
25.4900      192.00
25.5100      175.00
25.5300      179.00
25.5500      179.00
25.5700      171.00
25.5900      189.00
25.6100      186.00
25.6300      177.00
25.6500      202.00
25.6700      169.00
25.6900      197.00
25.7100      186.00
25.7300      202.00
25.7500      221.00
25.7700      213.00
25.7900      226.00
25.8100      225.00
25.8300      228.00
25.8500      222.00
25.8700      274.00
25.8900      252.00
25.9100      295.00
25.9300      323.00
25.9500      350.00
25.9700      353.00
25.9900      365.00
26.0100      397.00
26.0300      371.00
26.0500      407.00
26.0700      424.00
26.0900      486.00
26.1100      439.00
26.1300      460.00
26.1500      463.00
26.1700      496.00
26.1900      522.00
26.2100      524.00
26.2300      456.00
26.2500      575.00
26.2700      437.00
26.2900      502.00
26.3100      445.00
26.3300      461.00
26.3500      493.00
26.3700      432.00
26.3900      467.00
26.4100      461.00
26.4300      427.00
26.4500      437.00
26.4700      406.00
26.4900      424.00
26.5100      401.00
26.5300      396.00
26.5500      396.00
26.5700      341.00
26.5900      324.00
26.6100      291.00
26.6300      258.00
26.6500      264.00
26.6700      239.00
26.6900      209.00
26.7100      223.00
26.7300      188.00
26.7500      184.00
26.7700      186.00
26.7900      178.00
26.8100      179.00
26.8300      203.00
26.8500      171.00
26.8700      228.00
26.8900      211.00
26.9100      192.00
26.9300      205.00
26.9500      207.00
26.9700      209.00
26.9900      229.00
27.0100      225.00
27.0300      248.00
27.0500      207.00
27.0700      247.00
27.0900      229.00
27.1100      250.00
27.1300      283.00
27.1500      247.00
27.1700      261.00
27.1900      285.00
27.2100      304.00
27.2300      340.00
27.2500      335.00
27.2700      374.00
27.2900      338.00
27.3100      305.00
27.3300      331.00
27.3500      361.00
27.3700      307.00
27.3900      316.00
27.4100      353.00
27.4300      311.00
27.4500      352.00
27.4700      339.00
27.4900      333.00
27.5100      411.00
27.5300      371.00
27.5500      357.00
27.5700      399.00
27.5900      379.00
27.6100      404.00
27.6300      394.00
27.6500      438.00
27.6700      349.00
27.6900      375.00
27.7100      358.00
27.7300      374.00
27.7500      361.00
27.7700      297.00
27.7900      341.00
27.8100      315.00
27.8300      293.00
27.8500      319.00
27.8700      295.00
27.8900      305.00
27.9100      290.00
27.9300      267.00
27.9500      269.00
27.9700      259.00
27.9900      249.00
28.0100      280.00
28.0300      257.00
28.0500      265.00
28.0700      257.00
28.0900      244.00
28.1100      247.00
28.1300      263.00
28.1500      258.00
28.1700      254.00
28.1900      297.00
28.2100      334.00
28.2300      368.00
28.2500      413.00
28.2700      409.00
28.2900      525.00
28.3100      546.00
28.3300      663.00
28.3500      722.00
28.3700      788.00
28.3900      846.00
28.4100      903.00
28.4300      882.00
28.4500      933.00
28.4700      907.00
28.4900      907.00
28.5100      886.00
28.5300      881.00
28.5500      831.00
28.5700      784.00
28.5900      780.00
28.6100      704.00
28.6300      681.00
28.6500      562.00
28.6700      534.00
28.6900      453.00
28.7100      439.00
28.7300      417.00
28.7500      368.00
28.7700      351.00
28.7900      346.00
28.8100      335.00
28.8300      298.00
28.8500      327.00
28.8700      306.00
28.8900      320.00
28.9100      341.00
28.9300      298.00
28.9500      293.00
28.9700      310.00
28.9900      322.00
29.0100      301.00
29.0300      341.00
29.0500      352.00
29.0700      344.00
29.0900      376.00
29.1100      366.00
29.1300      371.00
29.1500      378.00
29.1700      351.00
29.1900      362.00
29.2100      401.00
29.2300      390.00
29.2500      404.00
29.2700      421.00
29.2900      458.00
29.3100      436.00
29.3300      494.00
29.3500      440.00
29.3700      500.00
29.3900      496.00
29.4100      525.00
29.4300      494.00
29.4500      429.00
29.4700      488.00
29.4900      442.00
29.5100      413.00
29.5300      387.00
29.5500      354.00
29.5700      322.00
29.5900      307.00
29.6100      256.00
29.6300      254.00
29.6500      210.00
29.6700      204.00
29.6900      196.00
29.7100      185.00
29.7300      206.00
29.7500      169.00
29.7700      199.00
29.7900      180.00
29.8100      181.00
29.8300      183.00
29.8500      187.00
29.8700      186.00
29.8900      187.00
29.9100      204.00
29.9300      243.00
29.9500      245.00
29.9700      281.00
29.9900      285.00
30.0100      305.00
30.0300      284.00
30.0500      332.00
30.0700      339.00
30.0900      326.00
30.1100      338.00
30.1300      324.00
30.1500      355.00
30.1700      327.00
30.1900      325.00
30.2100      318.00
30.2300      318.00
30.2500      292.00
30.2700      305.00
30.2900      282.00
30.3100      267.00
30.3300      270.00
30.3500      248.00
30.3700      215.00
30.3900      228.00
30.4100      202.00
30.4300      208.00
30.4500      207.00
30.4700      190.00
30.4900      205.00
30.5100      197.00
30.5300      194.00
30.5500      185.00
30.5700      197.00
30.5900      198.00
30.6100      193.00
30.6300      191.00
30.6500      188.00
30.6700      181.00
30.6900      173.00
30.7100      170.00
30.7300      179.00
30.7500      192.00
30.7700      206.00
30.7900      158.00
30.8100      181.00
30.8300      195.00
30.8500      167.00
30.8700      183.00
30.8900      200.00
30.9100      211.00
30.9300      208.00
30.9500      196.00
30.9700      211.00
30.9900      190.00
31.0100      174.00
31.0300      168.00
31.0500      187.00
31.0700      184.00
31.0900      174.00
31.1100      199.00
31.1300      171.00
31.1500      160.00
31.1700      165.00
31.1900      166.00
31.2100      150.00
31.2300      145.00
31.2500      131.00
31.2700      162.00
31.2900      174.00
31.3100      152.00
31.3300      189.00
31.3500      184.00
31.3700      190.00
31.3900      180.00
31.4100      190.00
31.4300      171.00
31.4500      190.00
31.4700      183.00
31.4900      197.00
31.5100      192.00
31.5300      200.00
31.5500      186.00
31.5700      212.00
31.5900      165.00
31.6100      181.00
31.6300      196.00
31.6500      184.00
31.6700      185.00
31.6900      170.00
31.7100      177.00
31.7300      191.00
31.7500      181.00
31.7700      194.00
31.7900      199.00
31.8100      200.00
31.8300      216.00
31.8500      236.00
31.8700      209.00
31.8900      227.00
31.9100      205.00
31.9300      238.00
31.9500      236.00
31.9700      277.00
31.9900      259.00
32.0100      261.00
32.0300      294.00
32.0500      289.00
32.0700      277.00
32.0900      283.00
32.1100      293.00
32.1300      281.00
32.1500      290.00
32.1700      291.00
32.1900      329.00
32.2100      306.00
32.2300      315.00
32.2500      329.00
32.2700      309.00
32.2900      320.00
32.3100      312.00
32.3300      263.00
32.3500      295.00
32.3700      298.00
32.3900      281.00
32.4100      342.00
32.4300      315.00
32.4500      315.00
32.4700      299.00
32.4900      316.00
32.5100      309.00
32.5300      313.00
32.5500      303.00
32.5700      292.00
32.5900      283.00
32.6100      293.00
32.6300      284.00
32.6500      320.00
32.6700      304.00
32.6900      284.00
32.7100      271.00
32.7300      279.00
32.7500      245.00
32.7700      240.00
32.7900      267.00
32.8100      244.00
32.8300      261.00
32.8500      253.00
32.8700      242.00
32.8900      250.00
32.9100      247.00
32.9300      257.00
32.9500      247.00
32.9700      245.00
32.9900      266.00
33.0100      271.00
33.0300      264.00
33.0500      273.00
33.0700      301.00
33.0900      315.00
33.1100      300.00
33.1300      287.00
33.1500      287.00
33.1700      279.00
33.1900      342.00
33.2100      319.00
33.2300      331.00
33.2500      299.00
33.2700      339.00
33.2900      363.00
33.3100      304.00
33.3300      286.00
33.3500      300.00
33.3700      285.00
33.3900      259.00
33.4100      263.00
33.4300      282.00
33.4500      242.00
33.4700      216.00
33.4900      207.00
33.5100      221.00
33.5300      226.00
33.5500      205.00
33.5700      185.00
33.5900      184.00
33.6100      180.00
33.6300      164.00
33.6500      161.00
33.6700      165.00
33.6900      149.00
33.7100      149.00
33.7300      139.00
33.7500      156.00
33.7700      139.00
33.7900      141.00
33.8100      160.00
33.8300      177.00
33.8500      149.00
33.8700      186.00
33.8900      156.00
33.9100      149.00
33.9300      184.00
33.9500      149.00
33.9700      181.00
33.9900      153.00
34.0100      196.00
34.0300      201.00
34.0500      229.00
34.0700      208.00
34.0900      208.00
34.1100      228.00
34.1300      204.00
34.1500      240.00
34.1700      226.00
34.1900      210.00
34.2100      234.00
34.2300      224.00
34.2500      209.00
34.2700      190.00
34.2900      216.00
34.3100      194.00
34.3300      193.00
34.3500      161.00
34.3700      185.00
34.3900      168.00
34.4100      146.00
34.4300      155.00
34.4500      167.00
34.4700      158.00
34.4900      132.00
34.5100      152.00
34.5300      136.00
34.5500      123.00
34.5700      160.00
34.5900      137.00
34.6100      146.00
34.6300      142.00
34.6500      169.00
34.6700      149.00
34.6900      163.00
34.7100      145.00
34.7300      173.00
34.7500      183.00
34.7700      155.00
34.7900      179.00
34.8100      174.00
34.8300      177.00
34.8500      194.00
34.8700      162.00
34.8900      179.00
34.9100      179.00
