 2.2000      343.00
 2.2200      295.00
 2.2400      348.00
 2.2600      319.00
 2.2800      275.00
 2.3000      321.00
 2.3200      317.00
 2.3400      305.00
 2.3600      308.00
 2.3800      304.00
 2.4000      299.00
 2.4200      270.00
 2.4400      287.00
 2.4600      329.00
 2.4800      302.00
 2.5000      308.00
 2.5200      281.00
 2.5400      263.00
 2.5600      271.00
 2.5800      298.00
 2.6000      261.00
 2.6200      332.00
 2.6400      276.00
 2.6600      284.00
 2.6800      305.00
 2.7000      266.00
 2.7200      288.00
 2.7400      262.00
 2.7600      292.00
 2.7800      273.00
 2.8000      301.00
 2.8200      261.00
 2.8400      283.00
 2.8600      250.00
 2.8800      308.00
 2.9000      287.00
 2.9200      256.00
 2.9400      260.00
 2.9600      251.00
 2.9800      266.00
 3.0000      262.00
 3.0200      263.00
 3.0400      242.00
 3.0600      281.00
 3.0800      227.00
 3.1000      261.00
 3.1200      240.00
 3.1400      250.00
 3.1600      210.00
 3.1800      229.00
 3.2000      247.00
 3.2200      235.00
 3.2400      240.00
 3.2600      248.00
 3.2800      236.00
 3.3000      230.00
 3.3200      234.00
 3.3400      241.00
 3.3600      215.00
 3.3800      211.00
 3.4000      220.00
 3.4200      226.00
 3.4400      248.00
 3.4600      209.00
 3.4800      215.00
 3.5000      213.00
 3.5200      232.00
 3.5400      200.00
 3.5600      216.00
 3.5800      217.00
 3.6000      217.00
 3.6200      212.00
 3.6400      205.00
 3.6600      194.00
 3.6800      198.00
 3.7000      204.00
 3.7200      220.00
 3.7400      192.00
 3.7600      194.00
 3.7800      196.00
 3.8000      195.00
 3.8200      185.00
 3.8400      201.00
 3.8600      168.00
 3.8800      182.00
 3.9000      204.00
 3.9200      174.00
 3.9400      177.00
 3.9600      185.00
 3.9800      183.00
 4.0000      183.00
 4.0200      190.00
 4.0400      187.00
 4.0600      179.00
 4.0800      151.00
 4.1000      167.00
 4.1200      182.00
 4.1400      176.00
 4.1600      151.00
 4.1800      172.00
 4.2000      146.00
 4.2200      153.00
 4.2400      171.00
 4.2600      167.00
 4.2800      162.00
 4.3000      160.00
 4.3200      163.00
 4.3400      146.00
 4.3600      169.00
 4.3800      107.00
 4.4000      136.00
 4.4200      153.00
 4.4400      161.00
 4.4600      134.00
 4.4800      160.00
 4.5000      170.00
 4.5200      136.00
 4.5400      128.00
 4.5600      147.00
 4.5800      144.00
 4.6000      126.00
 4.6200      137.00
 4.6400      141.00
 4.6600      129.00
 4.6800      134.00
 4.7000      156.00
 4.7200      142.00
 4.7400      158.00
 4.7600      119.00
 4.7800      135.00
 4.8000      132.00
 4.8200      133.00
 4.8400      142.00
 4.8600      137.00
 4.8800      143.00
 4.9000      127.00
 4.9200      140.00
 4.9400      156.00
 4.9600      149.00
 4.9800      110.00
 5.0000      143.00
 5.0200      123.00
 5.0400      140.00
 5.0600      115.00
 5.0800      151.00
 5.1000      117.00
 5.1200      147.00
 5.1400      138.00
 5.1600      126.00
 5.1800      130.00
 5.2000      153.00
 5.2200      149.00
 5.2400      110.00
 5.2600      132.00
 5.2800      127.00
 5.3000      126.00
 5.3200      135.00
 5.3400      141.00
 5.3600      144.00
 5.3800      139.00
 5.4000      113.00
 5.4200      134.00
 5.4400      127.00
 5.4600      135.00
 5.4800      126.00
 5.5000      122.00
 5.5200      158.00
 5.5400      130.00
 5.5600      136.00
 5.5800      136.00
 5.6000      135.00
 5.6200      125.00
 5.6400      119.00
 5.6600      123.00
 5.6800      137.00
 5.7000      125.00
 5.7200      108.00
 5.7400      126.00
 5.7600      122.00
 5.7800      121.00
 5.8000      120.00
 5.8200      133.00
 5.8400      142.00
 5.8600      129.00
 5.8800      125.00
 5.9000      131.00
 5.9200      140.00
 5.9400      132.00
 5.9600      113.00
 5.9800      139.00
 6.0000      120.00
 6.0200      137.00
 6.0400      142.00
 6.0600      122.00
 6.0800      121.00
 6.1000      141.00
 6.1200      145.00
 6.1400      119.00
 6.1600      131.00
 6.1800      142.00
 6.2000      115.00
 6.2200      123.00
 6.2400      119.00
 6.2600       94.00
 6.2800      132.00
 6.3000      118.00
 6.3200      118.00
 6.3400      116.00
 6.3600      126.00
 6.3800      115.00
 6.4000      141.00
 6.4200      131.00
 6.4400      131.00
 6.4600      122.00
 6.4800      138.00
 6.5000      143.00
 6.5200      133.00
 6.5400      142.00
 6.5600      118.00
 6.5800      124.00
 6.6000      132.00
 6.6200      111.00
 6.6400      127.00
 6.6600      130.00
 6.6800      115.00
 6.7000      120.00
 6.7200      123.00
 6.7400      127.00
 6.7600      119.00
 6.7800      139.00
 6.8000      138.00
 6.8200      120.00
 6.8400      120.00
 6.8600      149.00
 6.8800      137.00
 6.9000      139.00
 6.9200      145.00
 6.9400      140.00
 6.9600      123.00
 6.9800      101.00
 7.0000      114.00
 7.0200      135.00
 7.0400      115.00
 7.0600      118.00
 7.0800      118.00
 7.1000      113.00
 7.1200      128.00
 7.1400      109.00
 7.1600      120.00
 7.1800      117.00
 7.2000      111.00
 7.2200      106.00
 7.2400      124.00
 7.2600      126.00
 7.2800      129.00
 7.3000      117.00
 7.3200      140.00
 7.3400      136.00
 7.3600      107.00
 7.3800       97.00
 7.4000      112.00
 7.4200      126.00
 7.4400      132.00
 7.4600      138.00
 7.4800      111.00
 7.5000      125.00
 7.5200      122.00
 7.5400      114.00
 7.5600      127.00
 7.5800      102.00
 7.6000      135.00
 7.6200      128.00
 7.6400       93.00
 7.6600      108.00
 7.6800      119.00
 7.7000      134.00
 7.7200      105.00
 7.7400      131.00
 7.7600      102.00
 7.7800      121.00
 7.8000      122.00
 7.8200      123.00
 7.8400      134.00
 7.8600      109.00
 7.8800      132.00
 7.9000      122.00
 7.9200      117.00
 7.9400      125.00
 7.9600      131.00
 7.9800      104.00
 8.0000      125.00
 8.0200      125.00
 8.0400      112.00
 8.0600      126.00
 8.0800      109.00
 8.1000      112.00
 8.1200      120.00
 8.1400      112.00
 8.1600      120.00
 8.1800      123.00
 8.2000      117.00
 8.2200      118.00
 8.2400      132.00
 8.2600      125.00
 8.2800      120.00
 8.3000      116.00
 8.3200      124.00
 8.3400      120.00
 8.3600      115.00
 8.3800      130.00
 8.4000      139.00
 8.4200      115.00
 8.4400      129.00
 8.4600      119.00
 8.4800      119.00
 8.5000      108.00
 8.5200      118.00
 8.5400      120.00
 8.5600      100.00
 8.5800      128.00
 8.6000      139.00
 8.6200      101.00
 8.6400      128.00
 8.6600      128.00
 8.6800      119.00
 8.7000      154.00
 8.7200      159.00
 8.7400      138.00
 8.7600      133.00
 8.7800      145.00
 8.8000      143.00
 8.8200      126.00
 8.8400      134.00
 8.8600      115.00
 8.8800      117.00
 8.9000      115.00
 8.9200      130.00
 8.9400      111.00
 8.9600      118.00
 8.9800      124.00
 9.0000      123.00
 9.0200      114.00
 9.0400      114.00
 9.0600      128.00
 9.0800      118.00
 9.1000       95.00
 9.1200       98.00
 9.1400      101.00
 9.1600      122.00
 9.1800      111.00
 9.2000      114.00
 9.2200      120.00
 9.2400      108.00
 9.2600      108.00
 9.2800      122.00
 9.3000      131.00
 9.3200      139.00
 9.3400      127.00
 9.3600      104.00
 9.3800      127.00
 9.4000      102.00
 9.4200      113.00
 9.4400      127.00
 9.4600      115.00
 9.4800      127.00
 9.5000      123.00
 9.5200      110.00
 9.5400      115.00
 9.5600      134.00
 9.5800      105.00
 9.6000      113.00
 9.6200      129.00
 9.6400      131.00
 9.6600      133.00
 9.6800      117.00
 9.7000      117.00
 9.7200      116.00
 9.7400      122.00
 9.7600      119.00
 9.7800      126.00
 9.8000      115.00
 9.8200      133.00
 9.8400      131.00
 9.8600      124.00
 9.8800      130.00
 9.9000      118.00
 9.9200      124.00
 9.9400      136.00
 9.9600      119.00
 9.9800      138.00
10.0000      116.00
10.0200      123.00
10.0400      108.00
10.0600      137.00
10.0800      133.00
10.1000      126.00
10.1200      119.00
10.1400      108.00
10.1600       98.00
10.1800      116.00
10.2000      112.00
10.2200      123.00
10.2400      111.00
10.2600      128.00
10.2800      114.00
10.3000      117.00
10.3200      110.00
10.3400      137.00
10.3600      130.00
10.3800      104.00
10.4000      113.00
10.4200      122.00
10.4400       96.00
10.4600      127.00
10.4800      118.00
10.5000      127.00
10.5200      129.00
10.5400      111.00
10.5600      115.00
10.5800      128.00
10.6000      143.00
10.6200      115.00
10.6400      124.00
10.6600      141.00
10.6800      138.00
10.7000      110.00
10.7200      132.00
10.7400      140.00
10.7600      167.00
10.7800      161.00
10.8000      127.00
10.8200      143.00
10.8400      146.00
10.8600      136.00
10.8800      158.00
10.9000      179.00
10.9200      191.00
10.9400      193.00
10.9600      205.00
10.9800      228.00
11.0000      222.00
11.0200      229.00
11.0400      205.00
11.0600      202.00
11.0800      212.00
11.1000      203.00
11.1200      200.00
11.1400      160.00
11.1600      207.00
11.1800      214.00
11.2000      216.00
11.2200      239.00
11.2400      217.00
11.2600      225.00
11.2800      204.00
11.3000      201.00
11.3200      159.00
11.3400      140.00
11.3600      145.00
11.3800      146.00
11.4000      135.00
11.4200      130.00
11.4400      137.00
11.4600      122.00
11.4800      129.00
11.5000      112.00
11.5200      120.00
11.5400      115.00
11.5600      119.00
11.5800      124.00
11.6000      146.00
11.6200      121.00
11.6400      118.00
11.6600      123.00
11.6800      123.00
11.7000      134.00
11.7200      133.00
11.7400      130.00
11.7600      139.00
11.7800      149.00
11.8000      141.00
11.8200      145.00
11.8400      133.00
11.8600      146.00
11.8800      141.00
11.9000      157.00
11.9200      159.00
11.9400      166.00
11.9600      193.00
11.9800      210.00
12.0000      221.00
12.0200      205.00
12.0400      217.00
12.0600      218.00
12.0800      244.00
12.1000      263.00
12.1200      232.00
12.1400      229.00
12.1600      233.00
12.1800      195.00
12.2000      197.00
12.2200      166.00
12.2400      144.00
12.2600      167.00
12.2800      151.00
12.3000      175.00
12.3200      157.00
12.3400      171.00
12.3600      164.00
12.3800      202.00
12.4000      213.00
12.4200      270.00
12.4400      274.00
12.4600      312.00
12.4800      283.00
12.5000      283.00
12.5200      294.00
12.5400      293.00
12.5600      237.00
12.5800      211.00
12.6000      165.00
12.6200      161.00
12.6400      137.00
12.6600      137.00
12.6800      139.00
12.7000      116.00
12.7200      145.00
12.7400      132.00
12.7600      106.00
12.7800      131.00
12.8000      112.00
12.8200      124.00
12.8400      128.00
12.8600      119.00
12.8800      125.00
12.9000      124.00
12.9200      112.00
12.9400      120.00
12.9600      108.00
12.9800      111.00
13.0000      113.00
13.0200      138.00
13.0400      113.00
13.0600      142.00
13.0800      104.00
13.1000      119.00
13.1200      136.00
13.1400      117.00
13.1600      130.00
13.1800      120.00
13.2000      125.00
13.2200      119.00
13.2400      109.00
13.2600      121.00
13.2800      139.00
13.3000      129.00
13.3200      126.00
13.3400      125.00
13.3600      128.00
13.3800      112.00
13.4000      116.00
13.4200      108.00
13.4400      125.00
13.4600      133.00
13.4800      117.00
13.5000      118.00
13.5200      134.00
13.5400      109.00
13.5600      120.00
13.5800      118.00
13.6000      146.00
13.6200      121.00
13.6400      113.00
13.6600      114.00
13.6800      109.00
13.7000      122.00
13.7200      114.00
13.7400      128.00
13.7600      116.00
13.7800      124.00
13.8000      131.00
13.8200      131.00
13.8400      119.00
13.8600      137.00
13.8800      137.00
13.9000      147.00
13.9200      138.00
13.9400      122.00
13.9600      142.00
13.9800      156.00
14.0000      161.00
14.0200      202.00
14.0400      176.00
14.0600      215.00
14.0800      248.00
14.1000      263.00
14.1200      272.00
14.1400      293.00
14.1600      320.00
14.1800      292.00
14.2000      288.00
14.2200      286.00
14.2400      255.00
14.2600      234.00
14.2800      232.00
14.3000      208.00
14.3200      207.00
14.3400      219.00
14.3600      191.00
14.3800      187.00
14.4000      196.00
14.4200      152.00
14.4400      163.00
14.4600      139.00
14.4800      156.00
14.5000      119.00
14.5200      144.00
14.5400      126.00
14.5600      121.00
14.5800      121.00
14.6000       97.00
14.6200      115.00
14.6400      128.00
14.6600      114.00
14.6800      124.00
14.7000      114.00
14.7200      117.00
14.7400      112.00
14.7600      123.00
14.7800      115.00
14.8000      107.00
14.8200       99.00
14.8400      109.00
14.8600      139.00
14.8800      101.00
14.9000      111.00
14.9200      123.00
14.9400      111.00
14.9600      111.00
14.9800       96.00
15.0000      132.00
15.0200      120.00
15.0400      118.00
15.0600      118.00
15.0800      138.00
15.1000      132.00
15.1200      118.00
15.1400      112.00
15.1600      106.00
15.1800      117.00
15.2000      120.00
15.2200      133.00
15.2400      125.00
15.2600      104.00
15.2800      113.00
15.3000      121.00
15.3200       97.00
15.3400      138.00
15.3600      118.00
15.3800      108.00
15.4000      120.00
15.4200      113.00
15.4400      110.00
15.4600      137.00
15.4800      109.00
15.5000      118.00
15.5200      111.00
15.5400      121.00
15.5600      105.00
15.5800      113.00
15.6000      134.00
15.6200      110.00
15.6400      113.00
15.6600      121.00
15.6800      112.00
15.7000      114.00
15.7200      124.00
15.7400      142.00
15.7600      135.00
15.7800      142.00
15.8000      143.00
15.8200      161.00
15.8400      187.00
15.8600      162.00
15.8800      174.00
15.9000      164.00
15.9200      193.00
15.9400      166.00
15.9600      192.00
15.9800      148.00
16.0000      142.00
16.0200      132.00
16.0400      151.00
16.0600      146.00
16.0800      141.00
16.1000      154.00
16.1200      189.00
16.1400      167.00
16.1600      193.00
16.1800      166.00
16.2000      159.00
16.2200      142.00
16.2400      142.00
16.2600      148.00
16.2800      148.00
16.3000      138.00
16.3200      151.00
16.3400      137.00
16.3600      177.00
16.3800      163.00
16.4000      196.00
16.4200      210.00
16.4400      205.00
16.4600      238.00
16.4800      219.00
16.5000      198.00
16.5200      190.00
16.5400      175.00
16.5600      143.00
16.5800      149.00
16.6000      132.00
16.6200      123.00
16.6400      122.00
16.6600      140.00
16.6800      135.00
16.7000      124.00
16.7200      128.00
16.7400      107.00
16.7600      119.00
16.7800      130.00
16.8000      126.00
16.8200      126.00
16.8400      149.00
16.8600      148.00
16.8800      169.00
16.9000      186.00
16.9200      179.00
16.9400      186.00
16.9600      180.00
16.9800      224.00
17.0000      199.00
17.0200      212.00
17.0400      223.00
17.0600      212.00
17.0800      209.00
17.1000      196.00
17.1200      214.00
17.1400      194.00
17.1600      187.00
17.1800      180.00
17.2000      188.00
17.2200      190.00
17.2400      172.00
17.2600      214.00
17.2800      210.00
17.3000      254.00
17.3200      276.00
17.3400      280.00
17.3600      310.00
17.3800      362.00
17.4000      453.00
17.4200      504.00
17.4400      599.00
17.4600      660.00
17.4800      784.00
17.5000      862.00
17.5200      940.00
17.5400     1043.00
17.5600     1119.00
17.5800      955.00
17.6000      871.00
17.6200      739.00
17.6400      561.00
17.6600      420.00
17.6800      381.00
17.7000      279.00
17.7200      227.00
17.7400      190.00
17.7600      183.00
17.7800      177.00
17.8000      184.00
17.8200      174.00
17.8400      183.00
17.8600      171.00
17.8800      170.00
17.9000      159.00
17.9200      168.00
17.9400      157.00
17.9600      139.00
17.9800      157.00
18.0000      164.00
18.0200      137.00
18.0400      142.00
18.0600      126.00
18.0800      125.00
18.1000      120.00
18.1200      139.00
18.1400      151.00
18.1600      160.00
18.1800      164.00
18.2000      171.00
18.2200      176.00
18.2400      178.00
18.2600      195.00
18.2800      214.00
18.3000      213.00
18.3200      231.00
18.3400      221.00
18.3600      275.00
18.3800      278.00
18.4000      285.00
18.4200      280.00
18.4400      269.00
18.4600      226.00
18.4800      209.00
18.5000      198.00
18.5200      176.00
18.5400      167.00
18.5600      150.00
18.5800      156.00
18.6000      126.00
18.6200      146.00
18.6400      104.00
18.6600      129.00
18.6800      147.00
18.7000      150.00
18.7200      146.00
18.7400      146.00
18.7600      160.00
18.7800      145.00
18.8000      160.00
18.8200      141.00
18.8400      127.00
18.8600      109.00
18.8800      169.00
18.9000      140.00
18.9200      119.00
18.9400      139.00
18.9600      133.00
18.9800      136.00
19.0000      135.00
19.0200      131.00
19.0400      155.00
19.0600      131.00
19.0800      166.00
19.1000      160.00
19.1200      163.00
19.1400      153.00
19.1600      149.00
19.1800      159.00
19.2000      136.00
19.2200      154.00
19.2400      156.00
19.2600      117.00
19.2800      147.00
19.3000      132.00
19.3200      169.00
19.3400      152.00
19.3600      146.00
19.3800      133.00
19.4000      184.00
19.4200      156.00
19.4400      201.00
19.4600      201.00
19.4800      242.00
19.5000      234.00
19.5200      280.00
19.5400      348.00
19.5600      358.00
19.5800      395.00
19.6000      448.00
19.6200      466.00
19.6400      468.00
19.6600      462.00
19.6800      421.00
19.7000      373.00
19.7200      385.00
19.7400      315.00
19.7600      285.00
19.7800      244.00
19.8000      200.00
19.8200      200.00
19.8400      176.00
19.8600      180.00
19.8800      157.00
19.9000      147.00
19.9200      157.00
19.9400      155.00
19.9600      153.00
19.9800      136.00
20.0000      135.00
20.0200      120.00
20.0400      119.00
20.0600      125.00
20.0800      131.00
20.1000      133.00
20.1200      130.00
20.1400      106.00
20.1600      113.00
20.1800      139.00
20.2000      134.00
20.2200      107.00
20.2400      109.00
20.2600      120.00
20.2800      112.00
20.3000      124.00
20.3200      125.00
20.3400      124.00
20.3600      151.00
20.3800      130.00
20.4000      138.00
20.4200      141.00
20.4400      141.00
20.4600      133.00
20.4800      152.00
20.5000      167.00
20.5200      188.00
20.5400      191.00
20.5600      238.00
20.5800      283.00
20.6000      307.00
20.6200      304.00
20.6400      357.00
20.6600      336.00
20.6800      345.00
20.7000      341.00
20.7200      312.00
20.7400      320.00
20.7600      292.00
20.7800      304.00
20.8000      284.00
20.8200      312.00
20.8400      347.00
20.8600      364.00
20.8800      416.00
20.9000      424.00
20.9200      469.00
20.9400      555.00
20.9600      669.00
20.9800      695.00
21.0000      672.00
21.0200      774.00
21.0400      819.00
21.0600      742.00
21.0800      656.00
21.1000      596.00
21.1200      434.00
21.1400      342.00
21.1600      285.00
21.1800      221.00
21.2000      191.00
21.2200      185.00
21.2400      149.00
21.2600      157.00
21.2800      141.00
21.3000      124.00
21.3200      129.00
21.3400      130.00
21.3600      121.00
21.3800      137.00
21.4000      112.00
21.4200      131.00
21.4400      112.00
21.4600      130.00
21.4800      114.00
21.5000      105.00
21.5200      120.00
21.5400      108.00
21.5600      104.00
21.5800      120.00
21.6000      113.00
21.6200       88.00
21.6400      118.00
21.6600       95.00
21.6800       97.00
21.7000       99.00
21.7200      108.00
21.7400      105.00
21.7600      101.00
21.7800      101.00
21.8000      107.00
21.8200      112.00
21.8400      120.00
21.8600      119.00
21.8800      131.00
21.9000       89.00
21.9200      117.00
21.9400      104.00
21.9600      116.00
21.9800      119.00
22.0000      133.00
22.0200      129.00
22.0400      160.00
22.0600      147.00
22.0800      147.00
22.1000      142.00
22.1200      142.00
22.1400      143.00
22.1600      140.00
22.1800      144.00
22.2000      173.00
22.2200      156.00
22.2400      192.00
22.2600      175.00
22.2800      220.00
22.3000      180.00
22.3200      215.00
22.3400      177.00
22.3600      169.00
22.3800      175.00
22.4000      157.00
22.4200      180.00
22.4400      198.00
22.4600      194.00
22.4800      206.00
22.5000      251.00
22.5200      287.00
22.5400      317.00
22.5600      342.00
22.5800      379.00
22.6000      355.00
22.6200      316.00
22.6400      326.00
22.6600      234.00
22.6800      240.00
22.7000      208.00
22.7200      173.00
22.7400      156.00
22.7600      157.00
22.7800      154.00
22.8000      147.00
22.8200      154.00
22.8400      161.00
22.8600      170.00
22.8800      174.00
22.9000      179.00
22.9200      173.00
22.9400      171.00
22.9600      178.00
22.9800      193.00
23.0000      187.00
23.0200      205.00
23.0400      213.00
23.0600      209.00
23.0800      264.00
23.1000      244.00
23.1200      217.00
23.1400      215.00
23.1600      204.00
23.1800      178.00
23.2000      173.00
23.2200      180.00
23.2400      205.00
23.2600      161.00
23.2800      187.00
23.3000      195.00
23.3200      187.00
23.3400      225.00
23.3600      196.00
23.3800      233.00
23.4000      210.00
23.4200      235.00
23.4400      228.00
23.4600      174.00
23.4800      174.00
23.5000      157.00
23.5200      147.00
23.5400      138.00
23.5600      130.00
23.5800      117.00
23.6000      116.00
23.6200      119.00
23.6400      113.00
23.6600      114.00
23.6800      104.00
23.7000      114.00
23.7200      102.00
23.7400      116.00
23.7600      101.00
23.7800      114.00
23.8000      119.00
23.8200      104.00
23.8400      151.00
23.8600      122.00
23.8800      134.00
23.9000      152.00
23.9200      151.00
23.9400      162.00
23.9600      186.00
23.9800      191.00
24.0000      215.00
24.0200      229.00
24.0400      221.00
24.0600      206.00
24.0800      233.00
24.1000      213.00
24.1200      211.00
24.1400      214.00
24.1600      175.00
24.1800      200.00
24.2000      160.00
24.2200      181.00
24.2400      217.00
24.2600      203.00
24.2800      254.00
24.3000      270.00
24.3200      294.00
24.3400      320.00
24.3600      317.00
24.3800      315.00
24.4000      322.00
24.4200      277.00
24.4400      259.00
24.4600      211.00
24.4800      153.00
24.5000      181.00
24.5200      138.00
24.5400      152.00
24.5600      120.00
24.5800      137.00
24.6000      133.00
24.6200      123.00
24.6400      123.00
24.6600      124.00
24.6800      149.00
24.7000      118.00
24.7200      134.00
24.7400      160.00
24.7600      158.00
24.7800      163.00
24.8000      187.00
24.8200      210.00
24.8400      218.00
24.8600      251.00
24.8800      274.00
24.9000      282.00
24.9200      286.00
24.9400      287.00
24.9600      250.00
24.9800      220.00
25.0000      211.00
25.0200      182.00
25.0400      158.00
25.0600      144.00
25.0800      150.00
25.1000      134.00
25.1200      112.00
25.1400      121.00
25.1600      107.00
25.1800      109.00
25.2000       87.00
25.2200      114.00
25.2400       73.00
25.2600       93.00
25.2800       94.00
25.3000       95.00
25.3200       87.00
25.3400       77.00
25.3600      102.00
25.3800       65.00
25.4000       94.00
25.4200      109.00
25.4400      104.00
25.4600       94.00
25.4800       93.00
25.5000       97.00
25.5200       91.00
25.5400       98.00
25.5600      104.00
25.5800      112.00
25.6000       97.00
25.6200      102.00
25.6400       89.00
25.6600       95.00
25.6800       95.00
25.7000       94.00
25.7200      108.00
25.7400      102.00
25.7600      105.00
25.7800       97.00
25.8000      108.00
25.8200       84.00
25.8400      105.00
25.8600      105.00
25.8800      107.00
25.9000       98.00
25.9200      106.00
25.9400      118.00
25.9600      150.00
25.9800      140.00
26.0000      127.00
26.0200      124.00
26.0400      133.00
26.0600      158.00
26.0800      153.00
26.1000      187.00
26.1200      154.00
26.1400      154.00
26.1600      150.00
26.1800      184.00
26.2000      187.00
26.2200      213.00
26.2400      190.00
26.2600      182.00
26.2800      176.00
26.3000      154.00
26.3200      158.00
26.3400      176.00
26.3600      189.00
26.3800      158.00
26.4000      170.00
26.4200      204.00
26.4400      218.00
26.4600      226.00
26.4800      217.00
26.5000      226.00
26.5200      214.00
26.5400      206.00
26.5600      158.00
26.5800      149.00
26.6000      127.00
26.6200      111.00
26.6400      109.00
26.6600       99.00
26.6800       98.00
26.7000       89.00
26.7200       82.00
26.7400       75.00
26.7600       99.00
26.7800       96.00
26.8000       98.00
26.8200      100.00
26.8400       90.00
26.8600       97.00
26.8800      105.00
26.9000       91.00
26.9200       90.00
26.9400      109.00
26.9600      114.00
26.9800      100.00
27.0000      109.00
27.0200       98.00
27.0400      108.00
27.0600       87.00
27.0800      103.00
27.1000       96.00
27.1200      101.00
27.1400      106.00
27.1600      113.00
27.1800      106.00
27.2000      138.00
27.2200      137.00
27.2400      137.00
27.2600      123.00
27.2800      119.00
27.3000      129.00
27.3200      113.00
27.3400      126.00
27.3600      111.00
27.3800      105.00
27.4000      127.00
27.4200      115.00
27.4400      138.00
27.4600      133.00
27.4800      137.00
27.5000      144.00
27.5200      156.00
27.5400      148.00
27.5600      178.00
27.5800      180.00
27.6000      216.00
27.6200      233.00
27.6400      262.00
27.6600      248.00
27.6800      248.00
27.7000      223.00
27.7200      190.00
27.7400      214.00
27.7600      167.00
27.7800      169.00
27.8000      155.00
27.8200      128.00
27.8400      132.00
27.8600      101.00
27.8800      141.00
27.9000      121.00
27.9200      118.00
27.9400      111.00
27.9600      134.00
27.9800      115.00
28.0000       99.00
28.0200      108.00
28.0400      116.00
28.0600      121.00
28.0800      101.00
28.1000      100.00
28.1200      115.00
28.1400      121.00
28.1600      114.00
28.1800      105.00
28.2000      115.00
28.2200      109.00
28.2400      135.00
28.2600      134.00
28.2800      154.00
28.3000      136.00
28.3200      168.00
28.3400      180.00
28.3600      220.00
28.3800      229.00
28.4000      244.00
28.4200      257.00
28.4400      281.00
28.4600      312.00
28.4800      299.00
28.5000      293.00
28.5200      308.00
28.5400      285.00
28.5600      263.00
28.5800      212.00
28.6000      220.00
28.6200      198.00
28.6400      197.00
28.6600      170.00
28.6800      151.00
28.7000      148.00
28.7200      152.00
28.7400      151.00
28.7600      152.00
28.7800      126.00
28.8000      132.00
28.8200      129.00
28.8400      128.00
28.8600       94.00
28.8800      134.00
28.9000      131.00
28.9200      128.00
28.9400      127.00
28.9600      110.00
28.9800      139.00
29.0000      121.00
29.0200      129.00
29.0400      105.00
29.0600      138.00
29.0800      114.00
29.1000      126.00
29.1200      149.00
29.1400      149.00
29.1600      158.00
29.1800      134.00
29.2000      142.00
29.2200      149.00
29.2400      148.00
29.2600      133.00
29.2800      151.00
29.3000      141.00
29.3200      165.00
29.3400      127.00
29.3600      164.00
29.3800      152.00
29.4000      166.00
29.4200      178.00
29.4400      173.00
29.4600      156.00
29.4800      185.00
29.5000      160.00
29.5200      172.00
29.5400      148.00
29.5600      133.00
29.5800      119.00
29.6000      100.00
29.6200      112.00
29.6400       95.00
29.6600       95.00
29.6800      107.00
29.7000       96.00
29.7200       77.00
29.7400       67.00
29.7600       92.00
29.7800       75.00
29.8000       86.00
29.8200       83.00
29.8400       87.00
29.8600       96.00
29.8800       87.00
29.9000       90.00
29.9200       98.00
29.9400      104.00
29.9600       96.00
29.9800      114.00
30.0000      125.00
30.0200      133.00
30.0400      124.00
30.0600      151.00
30.0800      154.00
30.1000      142.00
30.1200      135.00
30.1400      123.00
30.1600      120.00
30.1800      138.00
30.2000      135.00
30.2200      130.00
30.2400      132.00
30.2600      115.00
30.2800      131.00
30.3000      107.00
30.3200      115.00
30.3400       88.00
30.3600       94.00
30.3800      104.00
30.4000       86.00
30.4200       71.00
30.4400      106.00
30.4600       88.00
30.4800       94.00
30.5000       87.00
30.5200       91.00
30.5400       77.00
30.5600       94.00
30.5800      101.00
30.6000       84.00
30.6200       87.00
30.6400      101.00
30.6600      109.00
30.6800       90.00
30.7000       84.00
30.7200       89.00
30.7400       85.00
30.7600       71.00
30.7800       69.00
30.8000      107.00
30.8200       79.00
30.8400       70.00
30.8600       87.00
30.8800       78.00
30.9000       92.00
30.9200      102.00
30.9400       83.00
30.9600       95.00
30.9800       98.00
31.0000       79.00
31.0200      101.00
31.0400       86.00
31.0600       80.00
31.0800       98.00
31.1000       80.00
31.1200       77.00
31.1400       86.00
31.1600       89.00
31.1800       78.00
31.2000       83.00
31.2200       80.00
31.2400       62.00
31.2600       71.00
31.2800       70.00
31.3000       89.00
31.3200       72.00
31.3400       71.00
31.3600       76.00
31.3800       73.00
31.4000       72.00
31.4200       88.00
31.4400       73.00
31.4600       68.00
31.4800       92.00
31.5000       91.00
31.5200       88.00
31.5400       77.00
31.5600      113.00
31.5800       91.00
31.6000       94.00
31.6200       78.00
31.6400       87.00
31.6600       98.00
31.6800      102.00
31.7000       83.00
31.7200       67.00
31.7400       90.00
31.7600       93.00
31.7800       84.00
31.8000       76.00
31.8200       77.00
31.8400       94.00
31.8600       83.00
31.8800       86.00
31.9000       91.00
31.9200      101.00
31.9400       96.00
31.9600      100.00
31.9800       96.00
32.0000      105.00
32.0200       94.00
32.0400      103.00
32.0600       96.00
32.0800      104.00
32.1000       99.00
32.1200      108.00
32.1400      105.00
32.1600      123.00
32.1800      102.00
32.2000      111.00
32.2200      116.00
32.2400      114.00
32.2600      111.00
32.2800      111.00
32.3000       86.00
32.3200      113.00
32.3400      100.00
32.3600      110.00
32.3800      107.00
32.4000      110.00
32.4200      124.00
32.4400      113.00
32.4600      109.00
32.4800       91.00
32.5000       95.00
32.5200      102.00
32.5400       91.00
32.5600      101.00
32.5800      116.00
32.6000      121.00
32.6200      121.00
32.6400      100.00
32.6600       95.00
32.6800      112.00
32.7000      123.00
32.7200      114.00
32.7400       91.00
32.7600       98.00
32.7800      124.00
32.8000      101.00
32.8200       87.00
32.8400      107.00
32.8600       91.00
32.8800      100.00
32.9000       76.00
32.9200       79.00
32.9400      102.00
32.9600      101.00
32.9800       97.00
33.0000       92.00
33.0200       94.00
33.0400       96.00
33.0600       86.00
33.0800       94.00
33.1000       83.00
33.1200       98.00
33.1400      113.00
33.1600      103.00
33.1800      100.00
33.2000       99.00
33.2200      108.00
33.2400      129.00
33.2600      118.00
33.2800      126.00
33.3000       93.00
33.3200      118.00
33.3400      110.00
33.3600      121.00
33.3800      104.00
33.4000       99.00
33.4200       94.00
33.4400      104.00
33.4600       95.00
33.4800       97.00
33.5000       94.00
33.5200       76.00
33.5400       85.00
33.5600       87.00
33.5800      109.00
33.6000       87.00
33.6200       72.00
33.6400       76.00
33.6600       85.00
33.6800       84.00
33.7000       88.00
33.7200       68.00
33.7400       83.00
33.7600       74.00
33.7800       77.00
33.8000       84.00
33.8200       83.00
33.8400       64.00
33.8600       75.00
33.8800       95.00
33.9000       86.00
33.9200       62.00
33.9400       79.00
33.9600       83.00
33.9800       78.00
34.0000       76.00
34.0200       70.00
34.0400       92.00
34.0600       83.00
34.0800       75.00
34.1000       90.00
34.1200      102.00
34.1400      101.00
34.1600       89.00
34.1800      102.00
34.2000      106.00
34.2200      101.00
34.2400       89.00
34.2600       89.00
34.2800       81.00
34.3000       89.00
34.3200       77.00
34.3400       76.00
34.3600       71.00
34.3800       77.00
34.4000       75.00
34.4200       61.00
34.4400       88.00
34.4600       67.00
34.4800       86.00
34.5000       73.00
34.5200       71.00
34.5400       81.00
34.5600       72.00
34.5800       73.00
34.6000       78.00
34.6200       75.00
34.6400       60.00
34.6600       69.00
34.6800       68.00
34.7000       81.00
34.7200       69.00
34.7400       87.00
34.7600       74.00
34.7800       68.00
34.8000       81.00
34.8200       74.00
34.8400       84.00
34.8600       66.00
34.8800       88.00
34.9000       69.00
34.9200       80.00
34.9400       93.00
34.9600       84.00
34.9800       72.00
35.0000       90.00
