 2.2000      285.00
 2.2200      281.00
 2.2400      251.00
 2.2600      289.00
 2.2800      278.00
 2.3000      309.00
 2.3200      267.00
 2.3400      308.00
 2.3600      277.00
 2.3800      274.00
 2.4000      294.00
 2.4200      265.00
 2.4400      274.00
 2.4600      259.00
 2.4800      235.00
 2.5000      256.00
 2.5200      274.00
 2.5400      286.00
 2.5600      287.00
 2.5800      258.00
 2.6000      252.00
 2.6200      275.00
 2.6400      283.00
 2.6600      259.00
 2.6800      248.00
 2.7000      232.00
 2.7200      278.00
 2.7400      246.00
 2.7600      254.00
 2.7800      275.00
 2.8000      257.00
 2.8200      249.00
 2.8400      276.00
 2.8600      246.00
 2.8800      234.00
 2.9000      259.00
 2.9200      251.00
 2.9400      234.00
 2.9600      254.00
 2.9800      219.00
 3.0000      253.00
 3.0200      248.00
 3.0400      240.00
 3.0600      250.00
 3.0800      228.00
 3.1000      210.00
 3.1200      240.00
 3.1400      254.00
 3.1600      230.00
 3.1800      239.00
 3.2000      257.00
 3.2200      233.00
 3.2400      218.00
 3.2600      223.00
 3.2800      224.00
 3.3000      213.00
 3.3200      230.00
 3.3400      210.00
 3.3600      222.00
 3.3800      223.00
 3.4000      217.00
 3.4200      236.00
 3.4400      232.00
 3.4600      231.00
 3.4800      191.00
 3.5000      220.00
 3.5200      209.00
 3.5400      210.00
 3.5600      190.00
 3.5800      198.00
 3.6000      206.00
 3.6200      212.00
 3.6400      215.00
 3.6600      214.00
 3.6800      214.00
 3.7000      207.00
 3.7200      195.00
 3.7400      200.00
 3.7600      220.00
 3.7800      202.00
 3.8000      197.00
 3.8200      197.00
 3.8400      159.00
 3.8600      207.00
 3.8800      189.00
 3.9000      201.00
 3.9200      203.00
 3.9400      178.00
 3.9600      185.00
 3.9800      184.00
 4.0000      169.00
 4.0200      193.00
 4.0400      172.00
 4.0600      182.00
 4.0800      182.00
 4.1000      168.00
 4.1200      168.00
 4.1400      190.00
 4.1600      180.00
 4.1800      179.00
 4.2000      154.00
 4.2200      187.00
 4.2400      207.00
 4.2600      181.00
 4.2800      164.00
 4.3000      155.00
 4.3200      169.00
 4.3400      184.00
 4.3600      193.00
 4.3800      169.00
 4.4000      177.00
 4.4200      150.00
 4.4400      172.00
 4.4600      179.00
 4.4800      156.00
 4.5000      172.00
 4.5200      171.00
 4.5400      173.00
 4.5600      154.00
 4.5800      181.00
 4.6000      159.00
 4.6200      146.00
 4.6400      177.00
 4.6600      153.00
 4.6800      119.00
 4.7000      141.00
 4.7200      167.00
 4.7400      141.00
 4.7600      163.00
 4.7800      154.00
 4.8000      148.00
 4.8200      166.00
 4.8400      156.00
 4.8600      145.00
 4.8800      138.00
 4.9000      139.00
 4.9200      172.00
 4.9400      153.00
 4.9600      162.00
 4.9800      168.00
 5.0000      160.00
 5.0200      152.00
 5.0400      155.00
 5.0600      155.00
 5.0800      142.00
 5.1000      157.00
 5.1200      163.00
 5.1400      133.00
 5.1600      175.00
 5.1800      171.00
 5.2000      131.00
 5.2200      151.00
 5.2400      179.00
 5.2600      143.00
 5.2800      156.00
 5.3000      150.00
 5.3200      155.00
 5.3400      170.00
 5.3600      152.00
 5.3800      146.00
 5.4000      178.00
 5.4200      160.00
 5.4400      164.00
 5.4600      140.00
 5.4800      174.00
 5.5000      159.00
 5.5200      167.00
 5.5400      167.00
 5.5600      151.00
 5.5800      182.00
 5.6000      162.00
 5.6200      161.00
 5.6400      153.00
 5.6600      172.00
 5.6800      158.00
 5.7000      192.00
 5.7200      152.00
 5.7400      162.00
 5.7600      172.00
 5.7800      164.00
 5.8000      174.00
 5.8200      144.00
 5.8400      191.00
 5.8600      172.00
 5.8800      184.00
 5.9000      171.00
 5.9200      144.00
 5.9400      172.00
 5.9600      191.00
 5.9800      197.00
 6.0000      198.00
 6.0200      178.00
 6.0400      163.00
 6.0600      178.00
 6.0800      180.00
 6.1000      191.00
 6.1200      155.00
 6.1400      205.00
 6.1600      187.00
 6.1800      190.00
 6.2000      182.00
 6.2200      186.00
 6.2400      223.00
 6.2600      208.00
 6.2800      202.00
 6.3000      192.00
 6.3200      206.00
 6.3400      204.00
 6.3600      217.00
 6.3800      226.00
 6.4000      195.00
 6.4200      238.00
 6.4400      261.00
 6.4600      258.00
 6.4800      258.00
 6.5000      266.00
 6.5200      245.00
 6.5400      270.00
 6.5600      257.00
 6.5800      251.00
 6.6000      275.00
 6.6200      246.00
 6.6400      257.00
 6.6600      286.00
 6.6800      205.00
 6.7000      219.00
 6.7200      192.00
 6.7400      188.00
 6.7600      182.00
 6.7800      205.00
 6.8000      199.00
 6.8200      192.00
 6.8400      203.00
 6.8600      194.00
 6.8800      178.00
 6.9000      218.00
 6.9200      188.00
 6.9400      202.00
 6.9600      201.00
 6.9800      233.00
 7.0000      208.00
 7.0200      196.00
 7.0400      180.00
 7.0600      178.00
 7.0800      195.00
 7.1000      180.00
 7.1200      182.00
 7.1400      193.00
 7.1600      170.00
 7.1800      195.00
 7.2000      185.00
 7.2200      175.00
 7.2400      191.00
 7.2600      196.00
 7.2800      188.00
 7.3000      181.00
 7.3200      168.00
 7.3400      171.00
 7.3600      198.00
 7.3800      208.00
 7.4000      175.00
 7.4200      225.00
 7.4400      189.00
 7.4600      195.00
 7.4800      215.00
 7.5000      177.00
 7.5200      192.00
 7.5400      192.00
 7.5600      187.00
 7.5800      184.00
 7.6000      183.00
 7.6200      190.00
 7.6400      199.00
 7.6600      208.00
 7.6800      199.00
 7.7000      208.00
 7.7200      179.00
 7.7400      187.00
 7.7600      194.00
 7.7800      191.00
 7.8000      190.00
 7.8200      190.00
 7.8400      180.00
 7.8600      184.00
 7.8800      187.00
 7.9000      193.00
 7.9200      173.00
 7.9400      185.00
 7.9600      214.00
 7.9800      177.00
 8.0000      210.00
 8.0200      191.00
 8.0400      205.00
 8.0600      193.00
 8.0800      203.00
 8.1000      197.00
 8.1200      179.00
 8.1400      195.00
 8.1600      186.00
 8.1800      209.00
 8.2000      212.00
 8.2200      215.00
 8.2400      183.00
 8.2600      177.00
 8.2800      201.00
 8.3000      202.00
 8.3200      209.00
 8.3400      195.00
 8.3600      194.00
 8.3800      212.00
 8.4000      210.00
 8.4200      219.00
 8.4400      201.00
 8.4600      233.00
 8.4800      195.00
 8.5000      226.00
 8.5200      219.00
 8.5400      237.00
 8.5600      218.00
 8.5800      245.00
 8.6000      215.00
 8.6200      231.00
 8.6400      234.00
 8.6600      261.00
 8.6800      226.00
 8.7000      235.00
 8.7200      271.00
 8.7400      246.00
 8.7600      217.00
 8.7800      246.00
 8.8000      240.00
 8.8200      285.00
 8.8400      304.00
 8.8600      283.00
 8.8800      305.00
 8.9000      288.00
 8.9200      336.00
 8.9400      320.00
 8.9600      321.00
 8.9800      329.00
 9.0000      316.00
 9.0200      292.00
 9.0400      318.00
 9.0600      299.00
 9.0800      339.00
 9.1000      308.00
 9.1200      252.00
 9.1400      263.00
 9.1600      248.00
 9.1800      273.00
 9.2000      237.00
 9.2200      218.00
 9.2400      222.00
 9.2600      212.00
 9.2800      233.00
 9.3000      216.00
 9.3200      212.00
 9.3400      222.00
 9.3600      226.00
 9.3800      196.00
 9.4000      211.00
 9.4200      195.00
 9.4400      222.00
 9.4600      198.00
 9.4800      244.00
 9.5000      216.00
 9.5200      225.00
 9.5400      216.00
 9.5600      218.00
 9.5800      221.00
 9.6000      233.00
 9.6200      225.00
 9.6400      230.00
 9.6600      214.00
 9.6800      225.00
 9.7000      251.00
 9.7200      213.00
 9.7400      218.00
 9.7600      237.00
 9.7800      256.00
 9.8000      260.00
 9.8200      269.00
 9.8400      239.00
 9.8600      239.00
 9.8800      238.00
 9.9000      242.00
 9.9200      274.00
 9.9400      281.00
 9.9600      271.00
 9.9800      270.00
10.0000      277.00
10.0200      288.00
10.0400      261.00
10.0600      244.00
10.0800      238.00
10.1000      271.00
10.1200      287.00
10.1400      279.00
10.1600      247.00
10.1800      218.00
10.2000      259.00
10.2200      222.00
10.2400      239.00
10.2600      226.00
10.2800      234.00
10.3000      242.00
10.3200      240.00
10.3400      250.00
10.3600      260.00
10.3800      247.00
10.4000      275.00
10.4200      262.00
10.4400      244.00
10.4600      257.00
10.4800      256.00
10.5000      241.00
10.5200      237.00
10.5400      238.00
10.5600      276.00
10.5800      261.00
10.6000      266.00
10.6200      247.00
10.6400      290.00
10.6600      264.00
10.6800      294.00
10.7000      276.00
10.7200      287.00
10.7400      303.00
10.7600      307.00
10.7800      296.00
10.8000      291.00
10.8200      344.00
10.8400      379.00
10.8600      331.00
10.8800      343.00
10.9000      392.00
10.9200      413.00
10.9400      394.00
10.9600      448.00
10.9800      466.00
11.0000      518.00
11.0200      580.00
11.0400      605.00
11.0600      617.00
11.0800      674.00
11.1000      704.00
11.1200      686.00
11.1400      696.00
11.1600      710.00
11.1800      688.00
11.2000      643.00
11.2200      563.00
11.2400      563.00
11.2600      556.00
11.2800      511.00
11.3000      478.00
11.3200      489.00
11.3400      483.00
11.3600      511.00
11.3800      461.00
11.4000      478.00
11.4200      444.00
11.4400      395.00
11.4600      367.00
11.4800      323.00
11.5000      331.00
11.5200      301.00
11.5400      283.00
11.5600      263.00
11.5800      259.00
11.6000      283.00
11.6200      305.00
11.6400      283.00
11.6600      272.00
11.6800      293.00
11.7000      287.00
11.7200      261.00
11.7400      290.00
11.7600      293.00
11.7800      275.00
11.8000      322.00
11.8200      289.00
11.8400      291.00
11.8600      366.00
11.8800      311.00
11.9000      318.00
11.9200      379.00
11.9400      362.00
11.9600      379.00
11.9800      410.00
12.0000      444.00
12.0200      430.00
12.0400      424.00
12.0600      492.00
12.0800      535.00
12.1000      538.00
12.1200      573.00
12.1400      612.00
12.1600      579.00
12.1800      639.00
12.2000      593.00
12.2200      593.00
12.2400      655.00
12.2600      555.00
12.2800      545.00
12.3000      541.00
12.3200      506.00
12.3400      481.00
12.3600      512.00
12.3800      512.00
12.4000      516.00
12.4200      525.00
12.4400      572.00
12.4600      577.00
12.4800      574.00
12.5000      626.00
12.5200      640.00
12.5400      655.00
12.5600      655.00
12.5800      678.00
12.6000      738.00
12.6200      696.00
12.6400      717.00
12.6600      721.00
12.6800      621.00
12.7000      592.00
12.7200      545.00
12.7400      482.00
12.7600      468.00
12.7800      395.00
12.8000      362.00
12.8200      384.00
12.8400      393.00
12.8600      327.00
12.8800      318.00
12.9000      285.00
12.9200      283.00
12.9400      298.00
12.9600      303.00
12.9800      313.00
13.0000      296.00
13.0200      296.00
13.0400      326.00
13.0600      293.00
13.0800      292.00
13.1000      284.00
13.1200      285.00
13.1400      269.00
13.1600      303.00
13.1800      281.00
13.2000      299.00
13.2200      275.00
13.2400      279.00
13.2600      280.00
13.2800      287.00
13.3000      275.00
13.3200      292.00
13.3400      289.00
13.3600      283.00
13.3800      277.00
13.4000      285.00
13.4200      269.00
13.4400      266.00
13.4600      292.00
13.4800      257.00
13.5000      264.00
13.5200      285.00
13.5400      294.00
13.5600      273.00
13.5800      270.00
13.6000      292.00
13.6200      272.00
13.6400      291.00
13.6600      269.00
13.6800      296.00
13.7000      284.00
13.7200      271.00
13.7400      272.00
13.7600      287.00
13.7800      303.00
13.8000      312.00
13.8200      329.00
13.8400      340.00
13.8600      283.00
13.8800      339.00
13.9000      323.00
13.9200      314.00
13.9400      334.00
13.9600      357.00
13.9800      397.00
14.0000      392.00
14.0200      398.00
14.0400      430.00
14.0600      456.00
14.0800      542.00
14.1000      532.00
14.1200      596.00
14.1400      643.00
14.1600      637.00
14.1800      726.00
14.2000      792.00
14.2200      850.00
14.2400      908.00
14.2600      919.00
14.2800      946.00
14.3000      979.00
14.3200      925.00
14.3400      881.00
14.3600      800.00
14.3800      739.00
14.4000      731.00
14.4200      643.00
14.4400      565.00
14.4600      571.00
14.4800      499.00
14.5000      437.00
14.5200      422.00
14.5400      435.00
14.5600      391.00
14.5800      375.00
14.6000      355.00
14.6200      340.00
14.6400      332.00
14.6600      302.00
14.6800      319.00
14.7000      311.00
14.7200      307.00
14.7400      323.00
14.7600      312.00
14.7800      335.00
14.8000      286.00
14.8200      321.00
14.8400      312.00
14.8600      325.00
14.8800      308.00
14.9000      328.00
14.9200      302.00
14.9400      325.00
14.9600      321.00
14.9800      339.00
15.0000      361.00
15.0200      318.00
15.0400      312.00
15.0600      329.00
15.0800      288.00
15.1000      298.00
15.1200      254.00
15.1400      316.00
15.1600      279.00
15.1800      321.00
15.2000      331.00
15.2200      325.00
15.2400      294.00
15.2600      298.00
15.2800      305.00
15.3000      292.00
15.3200      294.00
15.3400      301.00
15.3600      269.00
15.3800      285.00
15.4000      298.00
15.4200      257.00
15.4400      285.00
15.4600      303.00
15.4800      288.00
15.5000      245.00
15.5200      257.00
15.5400      269.00
15.5600      290.00
15.5800      250.00
15.6000      270.00
15.6200      304.00
15.6400      299.00
15.6600      267.00
15.6800      297.00
15.7000      300.00
15.7200      300.00
15.7400      304.00
15.7600      284.00
15.7800      349.00
15.8000      339.00
15.8200      376.00
15.8400      334.00
15.8600      394.00
15.8800      394.00
15.9000      403.00
15.9200      410.00
15.9400      444.00
15.9600      493.00
15.9800      491.00
16.0000      527.00
16.0200      534.00
16.0400      502.00
16.0600      494.00
16.0800      505.00
16.1000      516.00
16.1200      527.00
16.1400      533.00
16.1600      577.00
16.1800      569.00
16.2000      557.00
16.2200      534.00
16.2400      565.00
16.2600      583.00
16.2800      574.00
16.3000      520.00
16.3200      535.00
16.3400      508.00
16.3600      434.00
16.3800      451.00
16.4000      460.00
16.4200      458.00
16.4400      507.00
16.4600      463.00
16.4800      549.00
16.5000      555.00
16.5200      529.00
16.5400      510.00
16.5600      501.00
16.5800      478.00
16.6000      441.00
16.6200      471.00
16.6400      436.00
16.6600      392.00
16.6800      383.00
16.7000      361.00
16.7200      343.00
16.7400      318.00
16.7600      318.00
16.7800      317.00
16.8000      285.00
16.8200      297.00
16.8400      313.00
16.8600      320.00
16.8800      346.00
16.9000      367.00
16.9200      393.00
16.9400      406.00
16.9600      415.00
16.9800      414.00
17.0000      441.00
17.0200      484.00
17.0400      530.00
17.0600      500.00
17.0800      593.00
17.1000      547.00
17.1200      583.00
17.1400      545.00
17.1600      606.00
17.1800      578.00
17.2000      561.00
17.2200      509.00
17.2400      526.00
17.2600      505.00
17.2800      565.00
17.3000      507.00
17.3200      558.00
17.3400      662.00
17.3600      660.00
17.3800      714.00
17.4000      806.00
17.4200      921.00
17.4400     1014.00
17.4600     1195.00
17.4800     1300.00
17.5000     1507.00
17.5200     1644.00
17.5400     1683.00
17.5600     1842.00
17.5800     1932.00
17.6000     2046.00
17.6200     2045.00
17.6400     1994.00
17.6600     2057.00
17.6800     2039.00
17.7000     1877.00
17.7200     1760.00
17.7400     1623.00
17.7600     1449.00
17.7800     1245.00
17.8000     1109.00
17.8200      962.00
17.8400      867.00
17.8600      821.00
17.8800      801.00
17.9000      812.00
17.9200      844.00
17.9400      852.00
17.9600      839.00
17.9800      878.00
18.0000      833.00
18.0200      865.00
18.0400      853.00
18.0600      794.00
18.0800      740.00
18.1000      664.00
18.1200      582.00
18.1400      525.00
18.1600      481.00
18.1800      438.00
18.2000      414.00
18.2200      387.00
18.2400      428.00
18.2600      441.00
18.2800      479.00
18.3000      478.00
18.3200      518.00
18.3400      548.00
18.3600      619.00
18.3800      648.00
18.4000      657.00
18.4200      694.00
18.4400      682.00
18.4600      772.00
18.4800      770.00
18.5000      762.00
18.5200      786.00
18.5400      788.00
18.5600      739.00
18.5800      682.00
18.6000      627.00
18.6200      546.00
18.6400      530.00
18.6600      504.00
18.6800      447.00
18.7000      387.00
18.7200      451.00
18.7400      419.00
18.7600      458.00
18.7800      423.00
18.8000      409.00
18.8200      433.00
18.8400      432.00
18.8600      438.00
18.8800      462.00
18.9000      426.00
18.9200      433.00
18.9400      393.00
18.9600      427.00
18.9800      386.00
19.0000      376.00
19.0200      374.00
19.0400      367.00
19.0600      373.00
19.0800      421.00
19.1000      406.00
19.1200      429.00
19.1400      404.00
19.1600      413.00
19.1800      429.00
19.2000      423.00
19.2200      420.00
19.2400      443.00
19.2600      469.00
19.2800      414.00
19.3000      447.00
19.3200      461.00
19.3400      437.00
19.3600      444.00
19.3800      456.00
19.4000      481.00
19.4200      502.00
19.4400      490.00
19.4600      532.00
19.4800      541.00
19.5000      627.00
19.5200      727.00
19.5400      725.00
19.5600      865.00
19.5800      972.00
19.6000      982.00
19.6200     1166.00
19.6400     1220.00
19.6600     1344.00
19.6800     1460.00
19.7000     1532.00
19.7200     1525.00
19.7400     1620.00
19.7600     1535.00
19.7800     1491.00
19.8000     1371.00
19.8200     1351.00
19.8400     1237.00
19.8600     1050.00
19.8800      990.00
19.9000      843.00
19.9200      783.00
19.9400      687.00
19.9600      591.00
19.9800      591.00
20.0000      493.00
20.0200      481.00
20.0400      473.00
20.0600      470.00
20.0800      475.00
20.1000      456.00
20.1200      437.00
20.1400      426.00
20.1600      432.00
20.1800      451.00
20.2000      419.00
20.2200      415.00
20.2400      427.00
20.2600      379.00
20.2800      423.00
20.3000      407.00
20.3200      439.00
20.3400      448.00
20.3600      433.00
20.3800      425.00
20.4000      413.00
20.4200      435.00
20.4400      446.00
20.4600      456.00
20.4800      466.00
20.5000      481.00
20.5200      511.00
20.5400      577.00
20.5600      636.00
20.5800      696.00
20.6000      713.00
20.6200      704.00
20.6400      847.00
20.6600      858.00
20.6800      894.00
20.7000      931.00
20.7200      972.00
20.7400     1012.00
20.7600      980.00
20.7800     1064.00
20.8000     1162.00
20.8200     1096.00
20.8400     1163.00
20.8600     1251.00
20.8800     1274.00
20.9000     1413.00
20.9200     1528.00
20.9400     1689.00
20.9600     1871.00
20.9800     1952.00
21.0000     2244.00
21.0200     2378.00
21.0400     2411.00
21.0600     2554.00
21.0800     2778.00
21.1000     2704.00
21.1200     2471.00
21.1400     2510.00
21.1600     2416.00
21.1800     2183.00
21.2000     2034.00
21.2200     1695.00
21.2400     1512.00
21.2600     1299.00
21.2800     1046.00
21.3000      823.00
21.3200      699.00
21.3400      598.00
21.3600      527.00
21.3800      519.00
21.4000      466.00
21.4200      451.00
21.4400      423.00
21.4600      415.00
21.4800      403.00
21.5000      434.00
21.5200      425.00
21.5400      438.00
21.5600      452.00
21.5800      429.00
21.6000      453.00
21.6200      444.00
21.6400      476.00
21.6600      436.00
21.6800      434.00
21.7000      430.00
21.7200      421.00
21.7400      392.00
21.7600      387.00
21.7800      382.00
21.8000      378.00
21.8200      349.00
21.8400      399.00
21.8600      398.00
21.8800      380.00
21.9000      370.00
21.9200      361.00
21.9400      396.00
21.9600      392.00
21.9800      404.00
22.0000      434.00
22.0200      425.00
22.0400      391.00
22.0600      418.00
22.0800      444.00
22.1000      462.00
22.1200      474.00
22.1400      488.00
22.1600      481.00
22.1800      540.00
22.2000      572.00
22.2200      581.00
22.2400      625.00
22.2600      653.00
22.2800      697.00
22.3000      720.00
22.3200      787.00
22.3400      731.00
22.3600      762.00
22.3800      838.00
22.4000      858.00
22.4200      868.00
22.4400      788.00
22.4600      843.00
22.4800      897.00
22.5000      874.00
22.5200      895.00
22.5400      957.00
22.5600      898.00
22.5800     1022.00
22.6000     1059.00
22.6200     1118.00
22.6400     1138.00
22.6600     1176.00
22.6800     1091.00
22.7000     1043.00
22.7200     1009.00
22.7400      960.00
22.7600      935.00
22.7800      888.00
22.8000      788.00
22.8200      789.00
22.8400      701.00
22.8600      677.00
22.8800      627.00
22.9000      700.00
22.9200      673.00
22.9400      713.00
22.9600      707.00
22.9800      701.00
23.0000      730.00
23.0200      753.00
23.0400      777.00
23.0600      775.00
23.0800      790.00
23.1000      801.00
23.1200      799.00
23.1400      835.00
23.1600      855.00
23.1800      879.00
23.2000      890.00
23.2200      802.00
23.2400      839.00
23.2600      769.00
23.2800      781.00
23.3000      729.00
23.3200      769.00
23.3400      752.00
23.3600      721.00
23.3800      780.00
23.4000      768.00
23.4200      826.00
23.4400      795.00
23.4600      844.00
23.4800      831.00
23.5000      785.00
23.5200      763.00
23.5400      692.00
23.5600      636.00
23.5800      602.00
23.6000      535.00
23.6200      549.00
23.6400      500.00
23.6600      427.00
23.6800      427.00
23.7000      405.00
23.7200      413.00
23.7400      350.00
23.7600      399.00
23.7800      391.00
23.8000      394.00
23.8200      402.00
23.8400      447.00
23.8600      451.00
23.8800      523.00
23.9000      536.00
23.9200      543.00
23.9400      622.00
23.9600      655.00
23.9800      724.00
24.0000      797.00
24.0200      861.00
24.0400      927.00
24.0600      979.00
24.0800      949.00
24.1000     1046.00
24.1200     1029.00
24.1400     1052.00
24.1600     1069.00
24.1800     1037.00
24.2000     1050.00
24.2200      984.00
24.2400      970.00
24.2600      911.00
24.2800      931.00
24.3000      941.00
24.3200      981.00
24.3400      990.00
24.3600      996.00
24.3800     1057.00
24.4000     1077.00
24.4200     1026.00
24.4400     1004.00
24.4600     1048.00
24.4800      967.00
24.5000      904.00
24.5200      810.00
24.5400      772.00
24.5600      680.00
24.5800      596.00
24.6000      556.00
24.6200      521.00
24.6400      496.00
24.6600      488.00
24.6800      391.00
24.7000      409.00
24.7200      416.00
24.7400      454.00
24.7600      451.00
24.7800      448.00
24.8000      574.00
24.8200      601.00
24.8400      599.00
24.8600      674.00
24.8800      754.00
24.9000      806.00
24.9200      800.00
24.9400      831.00
24.9600      990.00
24.9800      953.00
25.0000      967.00
25.0200     1020.00
25.0400      914.00
25.0600      931.00
25.0800      884.00
25.1000      722.00
25.1200      698.00
25.1400      619.00
25.1600      550.00
25.1800      503.00
25.2000      486.00
25.2200      441.00
25.2400      375.00
25.2600      347.00
25.2800      385.00
25.3000      361.00
25.3200      347.00
25.3400      294.00
25.3600      343.00
25.3800      346.00
25.4000      355.00
25.4200      366.00
25.4400      358.00
25.4600      374.00
25.4800      380.00
25.5000      384.00
25.5200      415.00
25.5400      402.00
25.5600      418.00
25.5800      418.00
25.6000      423.00
25.6200      415.00
25.6400      367.00
25.6600      411.00
25.6800      397.00
25.7000      321.00
25.7200      336.00
25.7400      325.00
25.7600      355.00
25.7800      323.00
25.8000      327.00
25.8200      346.00
25.8400      342.00
25.8600      351.00
25.8800      375.00
25.9000      373.00
25.9200      426.00
25.9400      442.00
25.9600      455.00
25.9800      452.00
26.0000      483.00
26.0200      523.00
26.0400      530.00
26.0600      584.00
26.0800      571.00
26.1000      564.00
26.1200      614.00
26.1400      595.00
26.1600      649.00
26.1800      644.00
26.2000      685.00
26.2200      678.00
26.2400      677.00
26.2600      694.00
26.2800      715.00
26.3000      764.00
26.3200      667.00
26.3400      654.00
26.3600      687.00
26.3800      606.00
26.4000      637.00
26.4200      607.00
26.4400      609.00
26.4600      624.00
26.4800      567.00
26.5000      620.00
26.5200      610.00
26.5400      593.00
26.5600      591.00
26.5800      588.00
26.6000      553.00
26.6200      523.00
26.6400      547.00
26.6600      490.00
26.6800      447.00
26.7000      415.00
26.7200      419.00
26.7400      408.00
26.7600      341.00
26.7800      363.00
26.8000      326.00
26.8200      364.00
26.8400      371.00
26.8600      397.00
26.8800      405.00
26.9000      428.00
26.9200      423.00
26.9400      483.00
26.9600      532.00
26.9800      575.00
27.0000      557.00
27.0200      577.00
27.0400      642.00
27.0600      663.00
27.0800      650.00
27.1000      669.00
27.1200      693.00
27.1400      639.00
27.1600      608.00
27.1800      609.00
27.2000      595.00
27.2200      509.00
27.2400      513.00
27.2600      591.00
27.2800      520.00
27.3000      508.00
27.3200      510.00
27.3400      527.00
27.3600      478.00
27.3800      517.00
27.4000      516.00
27.4200      502.00
27.4400      535.00
27.4600      516.00
27.4800      577.00
27.5000      530.00
27.5200      612.00
27.5400      599.00
27.5600      640.00
27.5800      720.00
27.6000      659.00
27.6200      729.00
27.6400      688.00
27.6600      770.00
27.6800      756.00
27.7000      729.00
27.7200      739.00
27.7400      756.00
27.7600      733.00
27.7800      732.00
27.8000      666.00
27.8200      641.00
27.8400      596.00
27.8600      537.00
27.8800      516.00
27.9000      478.00
27.9200      498.00
27.9400      442.00
27.9600      458.00
27.9800      425.00
28.0000      423.00
28.0200      404.00
28.0400      412.00
28.0600      429.00
28.0800      391.00
28.1000      391.00
28.1200      360.00
28.1400      388.00
28.1600      381.00
28.1800      405.00
28.2000      386.00
28.2200      406.00
28.2400      431.00
28.2600      421.00
28.2800      404.00
28.3000      472.00
28.3200      457.00
28.3400      523.00
28.3600      594.00
28.3800      661.00
28.4000      742.00
28.4200      845.00
28.4400      870.00
28.4600     1049.00
28.4800     1161.00
28.5000     1263.00
28.5200     1237.00
28.5400     1295.00
28.5600     1378.00
28.5800     1372.00
28.6000     1422.00
28.6200     1275.00
28.6400     1288.00
28.6600     1255.00
28.6800     1123.00
28.7000     1088.00
28.7200      924.00
28.7400      858.00
28.7600      779.00
28.7800      769.00
28.8000      692.00
28.8200      636.00
28.8400      620.00
28.8600      604.00
28.8800      571.00
28.9000      521.00
28.9200      517.00
28.9400      472.00
28.9600      494.00
28.9800      434.00
29.0000      483.00
29.0200      433.00
29.0400      476.00
29.0600      477.00
29.0800      477.00
29.1000      472.00
29.1200      505.00
29.1400      523.00
29.1600      499.00
29.1800      549.00
29.2000      561.00
29.2200      559.00
29.2400      582.00
29.2600      598.00
29.2800      554.00
29.3000      563.00
29.3200      570.00
29.3400      588.00
29.3600      567.00
29.3800      608.00
29.4000      602.00
29.4200      615.00
29.4400      584.00
29.4600      650.00
29.4800      668.00
29.5000      650.00
29.5200      625.00
29.5400      638.00
29.5600      604.00
29.5800      644.00
29.6000      567.00
29.6200      533.00
29.6400      547.00
29.6600      468.00
29.6800      406.00
29.7000      392.00
29.7200      363.00
29.7400      353.00
29.7600      325.00
29.7800      286.00
29.8000      260.00
29.8200      289.00
29.8400      272.00
29.8600      255.00
29.8800      296.00
29.9000      278.00
29.9200      295.00
29.9400      304.00
29.9600      286.00
29.9800      319.00
30.0000      330.00
30.0200      343.00
30.0400      366.00
30.0600      359.00
30.0800      369.00
30.1000      392.00
30.1200      408.00
30.1400      412.00
30.1600      470.00
30.1800      460.00
30.2000      441.00
30.2200      470.00
30.2400      451.00
30.2600      486.00
30.2800      457.00
30.3000      461.00
30.3200      487.00
30.3400      455.00
30.3600      444.00
30.3800      373.00
30.4000      412.00
30.4200      402.00
30.4400      410.00
30.4600      387.00
30.4800      365.00
30.5000      361.00
30.5200      369.00
30.5400      339.00
30.5600      345.00
30.5800      352.00
30.6000      311.00
30.6200      334.00
30.6400      349.00
30.6600      325.00
30.6800      332.00
30.7000      288.00
30.7200      300.00
30.7400      312.00
30.7600      321.00
30.7800      283.00
30.8000      267.00
30.8200      307.00
30.8400      273.00
30.8600      264.00
30.8800      283.00
30.9000      266.00
30.9200      317.00
30.9400      307.00
30.9600      293.00
30.9800      347.00
31.0000      280.00
31.0200      319.00
31.0400      278.00
31.0600      293.00
31.0800      260.00
31.1000      295.00
31.1200      269.00
31.1400      316.00
31.1600      257.00
31.1800      285.00
31.2000      243.00
31.2200      259.00
31.2400      253.00
31.2600      271.00
31.2800      238.00
31.3000      261.00
31.3200      258.00
31.3400      284.00
31.3600      272.00
31.3800      237.00
31.4000      251.00
31.4200      268.00
31.4400      267.00
31.4600      252.00
31.4800      289.00
31.5000      284.00
31.5200      279.00
31.5400      314.00
31.5600      294.00
31.5800      308.00
31.6000      321.00
31.6200      338.00
31.6400      340.00
31.6600      295.00
31.6800      285.00
31.7000      305.00
31.7200      321.00
31.7400      288.00
31.7600      316.00
31.7800      279.00
31.8000      294.00
31.8200      286.00
31.8400      271.00
31.8600      262.00
31.8800      289.00
31.9000      279.00
31.9200      291.00
31.9400      323.00
31.9600      314.00
31.9800      317.00
32.0000      319.00
32.0200      342.00
32.0400      387.00
32.0600      337.00
32.0800      349.00
32.1000      372.00
32.1200      368.00
32.1400      358.00
32.1600      385.00
32.1800      398.00
32.2000      408.00
32.2200      372.00
32.2400      430.00
32.2600      459.00
32.2800      410.00
32.3000      451.00
32.3200      440.00
32.3400      410.00
32.3600      405.00
32.3800      425.00
32.4000      441.00
32.4200      454.00
32.4400      419.00
32.4600      413.00
32.4800      485.00
32.5000      444.00
32.5200      493.00
32.5400      519.00
32.5600      527.00
32.5800      555.00
32.6000      524.00
32.6200      576.00
32.6400      527.00
32.6600      560.00
32.6800      540.00
32.7000      532.00
32.7200      565.00
32.7400      545.00
32.7600      496.00
32.7800      435.00
32.8000      450.00
32.8200      466.00
32.8400      426.00
32.8600      441.00
32.8800      415.00
32.9000      425.00
32.9200      396.00
32.9400      374.00
32.9600      389.00
32.9800      369.00
33.0000      393.00
33.0200      346.00
33.0400      392.00
33.0600      348.00
33.0800      359.00
33.1000      396.00
33.1200      345.00
33.1400      392.00
33.1600      374.00
33.1800      378.00
33.2000      396.00
33.2200      408.00
33.2400      410.00
33.2600      446.00
33.2800      461.00
33.3000      488.00
33.3200      474.00
33.3400      442.00
33.3600      483.00
33.3800      443.00
33.4000      473.00
33.4200      463.00
33.4400      434.00
33.4600      418.00
33.4800      394.00
33.5000      402.00
33.5200      413.00
33.5400      369.00
33.5600      344.00
33.5800      360.00
33.6000      368.00
33.6200      346.00
33.6400      318.00
33.6600      300.00
33.6800      304.00
33.7000      258.00
33.7200      282.00
33.7400      274.00
33.7600      260.00
33.7800      247.00
33.8000      290.00
33.8200      273.00
33.8400      284.00
33.8600      273.00
33.8800      271.00
33.9000      274.00
33.9200      263.00
33.9400      262.00
33.9600      290.00
33.9800      313.00
34.0000      252.00
34.0200      305.00
34.0400      296.00
34.0600      280.00
34.0800      310.00
34.1000      361.00
34.1200      355.00
34.1400      384.00
34.1600      405.00
34.1800      396.00
34.2000      444.00
34.2200      418.00
34.2400      413.00
34.2600      430.00
34.2800      391.00
34.3000      428.00
34.3200      428.00
34.3400      368.00
34.3600      369.00
34.3800      365.00
34.4000      312.00
34.4200      320.00
34.4400      308.00
34.4600      281.00
34.4800      252.00
34.5000      281.00
34.5200      265.00
34.5400      270.00
34.5600      230.00
34.5800      247.00
34.6000      261.00
34.6200      249.00
34.6400      254.00
34.6600      268.00
34.6800      279.00
34.7000      268.00
34.7200      263.00
34.7400      246.00
34.7600      283.00
34.7800      284.00
34.8000      271.00
34.8200      263.00
34.8400      273.00
34.8600      276.00
34.8800      268.00
34.9000      259.00
34.9200      274.00
34.9400      289.00
34.9600      309.00
34.9800      298.00
35.0000      289.00
