 2.2000      277.00
 2.2200      305.00
 2.2400      281.00
 2.2600      299.00
 2.2800      310.00
 2.3000      303.00
 2.3200      314.00
 2.3400      308.00
 2.3600      295.00
 2.3800      309.00
 2.4000      290.00
 2.4200      278.00
 2.4400      260.00
 2.4600      268.00
 2.4800      274.00
 2.5000      269.00
 2.5200      291.00
 2.5400      261.00
 2.5600      290.00
 2.5800      280.00
 2.6000      281.00
 2.6200      268.00
 2.6400      301.00
 2.6600      298.00
 2.6800      261.00
 2.7000      260.00
 2.7200      255.00
 2.7400      283.00
 2.7600      288.00
 2.7800      265.00
 2.8000      269.00
 2.8200      254.00
 2.8400      253.00
 2.8600      251.00
 2.8800      252.00
 2.9000      258.00
 2.9200      235.00
 2.9400      251.00
 2.9600      236.00
 2.9800      251.00
 3.0000      267.00
 3.0200      264.00
 3.0400      264.00
 3.0600      235.00
 3.0800      224.00
 3.1000      282.00
 3.1200      252.00
 3.1400      226.00
 3.1600      252.00
 3.1800      233.00
 3.2000      222.00
 3.2200      229.00
 3.2400      227.00
 3.2600      222.00
 3.2800      240.00
 3.3000      214.00
 3.3200      233.00
 3.3400      192.00
 3.3600      215.00
 3.3800      234.00
 3.4000      234.00
 3.4200      238.00
 3.4400      194.00
 3.4600      237.00
 3.4800      234.00
 3.5000      220.00
 3.5200      198.00
 3.5400      201.00
 3.5600      194.00
 3.5800      186.00
 3.6000      199.00
 3.6200      194.00
 3.6400      198.00
 3.6600      219.00
 3.6800      201.00
 3.7000      197.00
 3.7200      186.00
 3.7400      185.00
 3.7600      194.00
 3.7800      200.00
 3.8000      173.00
 3.8200      195.00
 3.8400      184.00
 3.8600      194.00
 3.8800      183.00
 3.9000      182.00
 3.9200      209.00
 3.9400      181.00
 3.9600      190.00
 3.9800      191.00
 4.0000      164.00
 4.0200      166.00
 4.0400      174.00
 4.0600      175.00
 4.0800      181.00
 4.1000      167.00
 4.1200      190.00
 4.1400      150.00
 4.1600      164.00
 4.1800      162.00
 4.2000      160.00
 4.2200      162.00
 4.2400      177.00
 4.2600      138.00
 4.2800      155.00
 4.3000      157.00
 4.3200      154.00
 4.3400      160.00
 4.3600      149.00
 4.3800      144.00
 4.4000      144.00
 4.4200      146.00
 4.4400      165.00
 4.4600      140.00
 4.4800      138.00
 4.5000      158.00
 4.5200      168.00
 4.5400      150.00
 4.5600      128.00
 4.5800      130.00
 4.6000      146.00
 4.6200      123.00
 4.6400      120.00
 4.6600      139.00
 4.6800      130.00
 4.7000      141.00
 4.7200      114.00
 4.7400      124.00
 4.7600      129.00
 4.7800      132.00
 4.8000      129.00
 4.8200      134.00
 4.8400      121.00
 4.8600      144.00
 4.8800      135.00
 4.9000      131.00
 4.9200      153.00
 4.9400      130.00
 4.9600      134.00
 4.9800      139.00
 5.0000      144.00
 5.0200      131.00
 5.0400      129.00
 5.0600      138.00
 5.0800      148.00
 5.1000      142.00
 5.1200      126.00
 5.1400      145.00
 5.1600      161.00
 5.1800      150.00
 5.2000      160.00
 5.2200      152.00
 5.2400      111.00
 5.2600      148.00
 5.2800      129.00
 5.3000      136.00
 5.3200      150.00
 5.3400      150.00
 5.3600      133.00
 5.3800      142.00
 5.4000      135.00
 5.4200      156.00
 5.4400      142.00
 5.4600      170.00
 5.4800      140.00
 5.5000      147.00
 5.5200      149.00
 5.5400      125.00
 5.5600      154.00
 5.5800      136.00
 5.6000      165.00
 5.6200      146.00
 5.6400      144.00
 5.6600      154.00
 5.6800      128.00
 5.7000      134.00
 5.7200      147.00
 5.7400      129.00
 5.7600      159.00
 5.7800      137.00
 5.8000      136.00
 5.8200      137.00
 5.8400      148.00
 5.8600      152.00
 5.8800      143.00
 5.9000      134.00
 5.9200      130.00
 5.9400      147.00
 5.9600      131.00
 5.9800      140.00
 6.0000      137.00
 6.0200      139.00
 6.0400      142.00
 6.0600      155.00
 6.0800      135.00
 6.1000      140.00
 6.1200      149.00
 6.1400      147.00
 6.1600      141.00
 6.1800      161.00
 6.2000      151.00
 6.2200      173.00
 6.2400      156.00
 6.2600      136.00
 6.2800      128.00
 6.3000      147.00
 6.3200      162.00
 6.3400      149.00
 6.3600      169.00
 6.3800      134.00
 6.4000      141.00
 6.4200      127.00
 6.4400      142.00
 6.4600      162.00
 6.4800      153.00
 6.5000      143.00
 6.5200      117.00
 6.5400      135.00
 6.5600      158.00
 6.5800      134.00
 6.6000      130.00
 6.6200      159.00
 6.6400      149.00
 6.6600      152.00
 6.6800      149.00
 6.7000      153.00
 6.7200      185.00
 6.7400      143.00
 6.7600      155.00
 6.7800      146.00
 6.8000      150.00
 6.8200      157.00
 6.8400      159.00
 6.8600      151.00
 6.8800      160.00
 6.9000      147.00
 6.9200      180.00
 6.9400      163.00
 6.9600      151.00
 6.9800      161.00
 7.0000      166.00
 7.0200      171.00
 7.0400      161.00
 7.0600      153.00
 7.0800      150.00
 7.1000      163.00
 7.1200      136.00
 7.1400      153.00
 7.1600      156.00
 7.1800      138.00
 7.2000      160.00
 7.2200      146.00
 7.2400      140.00
 7.2600      156.00
 7.2800      161.00
 7.3000      156.00
 7.3200      149.00
 7.3400      170.00
 7.3600      152.00
 7.3800      144.00
 7.4000      139.00
 7.4200      153.00
 7.4400      144.00
 7.4600      159.00
 7.4800      153.00
 7.5000      141.00
 7.5200      152.00
 7.5400      134.00
 7.5600      124.00
 7.5800      146.00
 7.6000      138.00
 7.6200      155.00
 7.6400      155.00
 7.6600      149.00
 7.6800      154.00
 7.7000      148.00
 7.7200      168.00
 7.7400      160.00
 7.7600      156.00
 7.7800      146.00
 7.8000      154.00
 7.8200      157.00
 7.8400      154.00
 7.8600      180.00
 7.8800      156.00
 7.9000      142.00
 7.9200      149.00
 7.9400      179.00
 7.9600      166.00
 7.9800      159.00
 8.0000      172.00
 8.0200      166.00
 8.0400      165.00
 8.0600      140.00
 8.0800      173.00
 8.1000      154.00
 8.1200      152.00
 8.1400      159.00
 8.1600      153.00
 8.1800      162.00
 8.2000      159.00
 8.2200      165.00
 8.2400      158.00
 8.2600      151.00
 8.2800      174.00
 8.3000      167.00
 8.3200      151.00
 8.3400      146.00
 8.3600      156.00
 8.3800      175.00
 8.4000      154.00
 8.4200      173.00
 8.4400      169.00
 8.4600      172.00
 8.4800      147.00
 8.5000      170.00
 8.5200      176.00
 8.5400      183.00
 8.5600      162.00
 8.5800      157.00
 8.6000      168.00
 8.6200      166.00
 8.6400      191.00
 8.6600      172.00
 8.6800      171.00
 8.7000      173.00
 8.7200      203.00
 8.7400      214.00
 8.7600      196.00
 8.7800      193.00
 8.8000      197.00
 8.8200      224.00
 8.8400      223.00
 8.8600      234.00
 8.8800      227.00
 8.9000      215.00
 8.9200      211.00
 8.9400      199.00
 8.9600      182.00
 8.9800      188.00
 9.0000      183.00
 9.0200      183.00
 9.0400      161.00
 9.0600      187.00
 9.0800      173.00
 9.1000      182.00
 9.1200      165.00
 9.1400      183.00
 9.1600      189.00
 9.1800      187.00
 9.2000      170.00
 9.2200      157.00
 9.2400      170.00
 9.2600      180.00
 9.2800      169.00
 9.3000      174.00
 9.3200      189.00
 9.3400      177.00
 9.3600      187.00
 9.3800      164.00
 9.4000      184.00
 9.4200      198.00
 9.4400      153.00
 9.4600      168.00
 9.4800      174.00
 9.5000      162.00
 9.5200      171.00
 9.5400      187.00
 9.5600      148.00
 9.5800      178.00
 9.6000      181.00
 9.6200      187.00
 9.6400      162.00
 9.6600      176.00
 9.6800      195.00
 9.7000      199.00
 9.7200      164.00
 9.7400      177.00
 9.7600      170.00
 9.7800      173.00
 9.8000      171.00
 9.8200      178.00
 9.8400      190.00
 9.8600      184.00
 9.8800      188.00
 9.9000      198.00
 9.9200      218.00
 9.9400      232.00
 9.9600      203.00
 9.9800      220.00
10.0000      215.00
10.0200      221.00
10.0400      209.00
10.0600      213.00
10.0800      207.00
10.1000      201.00
10.1200      213.00
10.1400      209.00
10.1600      218.00
10.1800      214.00
10.2000      186.00
10.2200      172.00
10.2400      177.00
10.2600      217.00
10.2800      184.00
10.3000      195.00
10.3200      186.00
10.3400      193.00
10.3600      217.00
10.3800      182.00
10.4000      196.00
10.4200      203.00
10.4400      210.00
10.4600      180.00
10.4800      205.00
10.5000      174.00
10.5200      197.00
10.5400      178.00
10.5600      176.00
10.5800      184.00
10.6000      206.00
10.6200      208.00
10.6400      195.00
10.6600      207.00
10.6800      187.00
10.7000      197.00
10.7200      220.00
10.7400      213.00
10.7600      199.00
10.7800      259.00
10.8000      254.00
10.8200      216.00
10.8400      267.00
10.8600      269.00
10.8800      235.00
10.9000      273.00
10.9200      316.00
10.9400      330.00
10.9600      326.00
10.9800      376.00
11.0000      370.00
11.0200      434.00
11.0400      450.00
11.0600      457.00
11.0800      469.00
11.1000      495.00
11.1200      512.00
11.1400      548.00
11.1600      565.00
11.1800      510.00
11.2000      525.00
11.2200      516.00
11.2400      555.00
11.2600      535.00
11.2800      490.00
11.3000      472.00
11.3200      448.00
11.3400      468.00
11.3600      450.00
11.3800      447.00
11.4000      425.00
11.4200      420.00
11.4400      375.00
11.4600      340.00
11.4800      306.00
11.5000      296.00
11.5200      266.00
11.5400      254.00
11.5600      222.00
11.5800      214.00
11.6000      231.00
11.6200      240.00
11.6400      183.00
11.6600      193.00
11.6800      219.00
11.7000      221.00
11.7200      230.00
11.7400      218.00
11.7600      252.00
11.7800      204.00
11.8000      226.00
11.8200      239.00
11.8400      270.00
11.8600      272.00
11.8800      285.00
11.9000      261.00
11.9200      312.00
11.9400      278.00
11.9600      277.00
11.9800      329.00
12.0000      324.00
12.0200      394.00
12.0400      400.00
12.0600      410.00
12.0800      437.00
12.1000      438.00
12.1200      485.00
12.1400      464.00
12.1600      473.00
12.1800      503.00
12.2000      483.00
12.2200      476.00
12.2400      523.00
12.2600      492.00
12.2800      478.00
12.3000      463.00
12.3200      432.00
12.3400      431.00
12.3600      378.00
12.3800      395.00
12.4000      406.00
12.4200      434.00
12.4400      450.00
12.4600      455.00
12.4800      533.00
12.5000      545.00
12.5200      561.00
12.5400      633.00
12.5600      633.00
12.5800      626.00
12.6000      618.00
12.6200      635.00
12.6400      638.00
12.6600      628.00
12.6800      569.00
12.7000      518.00
12.7200      462.00
12.7400      423.00
12.7600      356.00
12.7800      333.00
12.8000      248.00
12.8200      238.00
12.8400      223.00
12.8600      217.00
12.8800      243.00
12.9000      214.00
12.9200      226.00
12.9400      210.00
12.9600      215.00
12.9800      206.00
13.0000      209.00
13.0200      225.00
13.0400      220.00
13.0600      228.00
13.0800      234.00
13.1000      199.00
13.1200      209.00
13.1400      205.00
13.1600      221.00
13.1800      207.00
13.2000      220.00
13.2200      231.00
13.2400      230.00
13.2600      218.00
13.2800      229.00
13.3000      208.00
13.3200      204.00
13.3400      212.00
13.3600      224.00
13.3800      202.00
13.4000      211.00
13.4200      235.00
13.4400      213.00
13.4600      210.00
13.4800      203.00
13.5000      200.00
13.5200      181.00
13.5400      213.00
13.5600      189.00
13.5800      217.00
13.6000      217.00
13.6200      210.00
13.6400      229.00
13.6600      218.00
13.6800      215.00
13.7000      231.00
13.7200      205.00
13.7400      230.00
13.7600      228.00
13.7800      210.00
13.8000      218.00
13.8200      213.00
13.8400      210.00
13.8600      276.00
13.8800      254.00
13.9000      238.00
13.9200      275.00
13.9400      282.00
13.9600      282.00
13.9800      288.00
14.0000      281.00
14.0200      333.00
14.0400      324.00
14.0600      361.00
14.0800      400.00
14.1000      426.00
14.1200      451.00
14.1400      598.00
14.1600      573.00
14.1800      606.00
14.2000      670.00
14.2200      742.00
14.2400      748.00
14.2600      791.00
14.2800      783.00
14.3000      670.00
14.3200      761.00
14.3400      766.00
14.3600      727.00
14.3800      709.00
14.4000      627.00
14.4200      534.00
14.4400      552.00
14.4600      496.00
14.4800      449.00
14.5000      455.00
14.5200      428.00
14.5400      387.00
14.5600      316.00
14.5800      305.00
14.6000      291.00
14.6200      308.00
14.6400      272.00
14.6600      249.00
14.6800      231.00
14.7000      241.00
14.7200      244.00
14.7400      233.00
14.7600      231.00
14.7800      215.00
14.8000      205.00
14.8200      235.00
14.8400      232.00
14.8600      243.00
14.8800      202.00
14.9000      214.00
14.9200      227.00
14.9400      254.00
14.9600      215.00
14.9800      226.00
15.0000      232.00
15.0200      228.00
15.0400      248.00
15.0600      248.00
15.0800      194.00
15.1000      239.00
15.1200      259.00
15.1400      240.00
15.1600      221.00
15.1800      226.00
15.2000      235.00
15.2200      219.00
15.2400      213.00
15.2600      213.00
15.2800      198.00
15.3000      208.00
15.3200      206.00
15.3400      210.00
15.3600      194.00
15.3800      225.00
15.4000      226.00
15.4200      222.00
15.4400      213.00
15.4600      231.00
15.4800      231.00
15.5000      213.00
15.5200      221.00
15.5400      215.00
15.5600      234.00
15.5800      245.00
15.6000      240.00
15.6200      224.00
15.6400      225.00
15.6600      248.00
15.6800      264.00
15.7000      277.00
15.7200      252.00
15.7400      242.00
15.7600      272.00
15.7800      272.00
15.8000      267.00
15.8200      328.00
15.8400      322.00
15.8600      333.00
15.8800      376.00
15.9000      403.00
15.9200      394.00
15.9400      428.00
15.9600      422.00
15.9800      446.00
16.0000      469.00
16.0200      471.00
16.0400      432.00
16.0600      450.00
16.0800      455.00
16.1000      434.00
16.1200      445.00
16.1400      407.00
16.1600      402.00
16.1800      409.00
16.2000      380.00
16.2200      369.00
16.2400      364.00
16.2600      390.00
16.2800      380.00
16.3000      355.00
16.3200      412.00
16.3400      409.00
16.3600      419.00
16.3800      357.00
16.4000      385.00
16.4200      394.00
16.4400      425.00
16.4600      396.00
16.4800      432.00
16.5000      405.00
16.5200      439.00
16.5400      441.00
16.5600      449.00
16.5800      411.00
16.6000      427.00
16.6200      444.00
16.6400      400.00
16.6600      396.00
16.6800      339.00
16.7000      298.00
16.7200      308.00
16.7400      256.00
16.7600      303.00
16.7800      289.00
16.8000      269.00
16.8200      286.00
16.8400      262.00
16.8600      270.00
16.8800      296.00
16.9000      290.00
16.9200      378.00
16.9400      347.00
16.9600      322.00
16.9800      401.00
17.0000      433.00
17.0200      439.00
17.0400      442.00
17.0600      487.00
17.0800      469.00
17.1000      512.00
17.1200      487.00
17.1400      493.00
17.1600      483.00
17.1800      512.00
17.2000      513.00
17.2200      507.00
17.2400      518.00
17.2600      557.00
17.2800      542.00
17.3000      542.00
17.3200      635.00
17.3400      621.00
17.3600      748.00
17.3800      794.00
17.4000      919.00
17.4200     1005.00
17.4400     1120.00
17.4600     1311.00
17.4800     1437.00
17.5000     1576.00
17.5200     1775.00
17.5400     1866.00
17.5600     2124.00
17.5800     2280.00
17.6000     2343.00
17.6200     2316.00
17.6400     2318.00
17.6600     2388.00
17.6800     2269.00
17.7000     2206.00
17.7200     2070.00
17.7400     1900.00
17.7600     1686.00
17.7800     1439.00
17.8000     1301.00
17.8200     1033.00
17.8400      884.00
17.8600      749.00
17.8800      644.00
17.9000      547.00
17.9200      545.00
17.9400      510.00
17.9600      465.00
17.9800      507.00
18.0000      475.00
18.0200      438.00
18.0400      394.00
18.0600      449.00
18.0800      421.00
18.1000      404.00
18.1200      367.00
18.1400      420.00
18.1600      395.00
18.1800      433.00
18.2000      405.00
18.2200      397.00
18.2400      396.00
18.2600      415.00
18.2800      461.00
18.3000      483.00
18.3200      528.00
18.3400      551.00
18.3600      563.00
18.3800      664.00
18.4000      666.00
18.4200      702.00
18.4400      683.00
18.4600      799.00
18.4800      741.00
18.5000      707.00
18.5200      720.00
18.5400      710.00
18.5600      700.00
18.5800      603.00
18.6000      613.00
18.6200      573.00
18.6400      562.00
18.6600      481.00
18.6800      441.00
18.7000      419.00
18.7200      380.00
18.7400      389.00
18.7600      369.00
18.7800      354.00
18.8000      355.00
18.8200      385.00
18.8400      392.00
18.8600      364.00
18.8800      406.00
18.9000      346.00
18.9200      349.00
18.9400      335.00
18.9600      358.00
18.9800      344.00
19.0000      333.00
19.0200      338.00
19.0400      345.00
19.0600      325.00
19.0800      352.00
19.1000      373.00
19.1200      364.00
19.1400      325.00
19.1600      380.00
19.1800      373.00
19.2000      396.00
19.2200      346.00
19.2400      374.00
19.2600      375.00
19.2800      362.00
19.3000      370.00
19.3200      349.00
19.3400      314.00
19.3600      330.00
19.3800      333.00
19.4000      364.00
19.4200      395.00
19.4400      389.00
19.4600      442.00
19.4800      484.00
19.5000      556.00
19.5200      547.00
19.5400      632.00
19.5600      666.00
19.5800      794.00
19.6000      937.00
19.6200     1008.00
19.6400     1147.00
19.6600     1130.00
19.6800     1289.00
19.7000     1312.00
19.7200     1299.00
19.7400     1325.00
19.7600     1439.00
19.7800     1334.00
19.8000     1308.00
19.8200     1187.00
19.8400     1115.00
19.8600      999.00
19.8800      935.00
19.9000      832.00
19.9200      741.00
19.9400      621.00
19.9600      612.00
19.9800      527.00
20.0000      493.00
20.0200      393.00
20.0400      333.00
20.0600      315.00
20.0800      355.00
20.1000      313.00
20.1200      328.00
20.1400      320.00
20.1600      316.00
20.1800      284.00
20.2000      298.00
20.2200      282.00
20.2400      281.00
20.2600      280.00
20.2800      272.00
20.3000      265.00
20.3200      273.00
20.3400      270.00
20.3600      259.00
20.3800      306.00
20.4000      290.00
20.4200      313.00
20.4400      294.00
20.4600      290.00
20.4800      325.00
20.5000      310.00
20.5200      381.00
20.5400      378.00
20.5600      391.00
20.5800      415.00
20.6000      426.00
20.6200      471.00
20.6400      489.00
20.6600      554.00
20.6800      543.00
20.7000      611.00
20.7200      627.00
20.7400      621.00
20.7600      703.00
20.7800      736.00
20.8000      799.00
20.8200      820.00
20.8400      897.00
20.8600      937.00
20.8800     1014.00
20.9000     1170.00
20.9200     1197.00
20.9400     1408.00
20.9600     1607.00
20.9800     1861.00
21.0000     2082.00
21.0200     2101.00
21.0400     2226.00
21.0600     2455.00
21.0800     2479.00
21.1000     2549.00
21.1200     2467.00
21.1400     2428.00
21.1600     2365.00
21.1800     2269.00
21.2000     2013.00
21.2200     1732.00
21.2400     1578.00
21.2600     1281.00
21.2800     1005.00
21.3000      856.00
21.3200      664.00
21.3400      617.00
21.3600      529.00
21.3800      440.00
21.4000      356.00
21.4200      331.00
21.4400      312.00
21.4600      305.00
21.4800      284.00
21.5000      280.00
21.5200      290.00
21.5400      257.00
21.5600      249.00
21.5800      278.00
21.6000      232.00
21.6200      235.00
21.6400      249.00
21.6600      263.00
21.6800      276.00
21.7000      244.00
21.7200      234.00
21.7400      272.00
21.7600      253.00
21.7800      236.00
21.8000      256.00
21.8200      235.00
21.8400      235.00
21.8600      247.00
21.8800      228.00
21.9000      233.00
21.9200      272.00
21.9400      235.00
21.9600      279.00
21.9800      241.00
22.0000      239.00
22.0200      269.00
22.0400      299.00
22.0600      318.00
22.0800      290.00
22.1000      334.00
22.1200      335.00
22.1400      309.00
22.1600      347.00
22.1800      343.00
22.2000      386.00
22.2200      364.00
22.2400      395.00
22.2600      417.00
22.2800      451.00
22.3000      432.00
22.3200      474.00
22.3400      468.00
22.3600      515.00
22.3800      480.00
22.4000      487.00
22.4200      485.00
22.4400      520.00
22.4600      568.00
22.4800      587.00
22.5000      604.00
22.5200      641.00
22.5400      644.00
22.5600      665.00
22.5800      697.00
22.6000      783.00
22.6200      781.00
22.6400      826.00
22.6600      882.00
22.6800      849.00
22.7000      764.00
22.7200      794.00
22.7400      829.00
22.7600      714.00
22.7800      663.00
22.8000      638.00
22.8200      573.00
22.8400      562.00
22.8600      482.00
22.8800      491.00
22.9000      477.00
22.9200      439.00
22.9400      390.00
22.9600      412.00
22.9800      466.00
23.0000      499.00
23.0200      530.00
23.0400      492.00
23.0600      552.00
23.0800      630.00
23.1000      642.00
23.1200      640.00
23.1400      644.00
23.1600      646.00
23.1800      676.00
23.2000      645.00
23.2200      601.00
23.2400      640.00
23.2600      627.00
23.2800      634.00
23.3000      602.00
23.3200      604.00
23.3400      655.00
23.3600      651.00
23.3800      660.00
23.4000      679.00
23.4200      678.00
23.4400      684.00
23.4600      668.00
23.4800      626.00
23.5000      626.00
23.5200      685.00
23.5400      568.00
23.5600      566.00
23.5800      545.00
23.6000      476.00
23.6200      458.00
23.6400      408.00
23.6600      365.00
23.6800      326.00
23.7000      332.00
23.7200      287.00
23.7400      282.00
23.7600      271.00
23.7800      314.00
23.8000      289.00
23.8200      287.00
23.8400      301.00
23.8600      356.00
23.8800      385.00
23.9000      354.00
23.9200      355.00
23.9400      390.00
23.9600      397.00
23.9800      450.00
24.0000      456.00
24.0200      472.00
24.0400      535.00
24.0600      544.00
24.0800      558.00
24.1000      551.00
24.1200      607.00
24.1400      619.00
24.1600      665.00
24.1800      633.00
24.2000      643.00
24.2200      671.00
24.2400      690.00
24.2600      760.00
24.2800      739.00
24.3000      768.00
24.3200      766.00
24.3400      830.00
24.3600      847.00
24.3800      909.00
24.4000      893.00
24.4200      903.00
24.4400      898.00
24.4600      890.00
24.4800      853.00
24.5000      793.00
24.5200      794.00
24.5400      728.00
24.5600      665.00
24.5800      600.00
24.6000      513.00
24.6200      456.00
24.6400      421.00
24.6600      401.00
24.6800      359.00
24.7000      361.00
24.7200      388.00
24.7400      369.00
24.7600      378.00
24.7800      408.00
24.8000      466.00
24.8200      505.00
24.8400      583.00
24.8600      614.00
24.8800      672.00
24.9000      718.00
24.9200      752.00
24.9400      801.00
24.9600      854.00
24.9800      946.00
25.0000      980.00
25.0200      860.00
25.0400      821.00
25.0600      808.00
25.0800      775.00
25.1000      748.00
25.1200      669.00
25.1400      522.00
25.1600      509.00
25.1800      400.00
25.2000      374.00
25.2200      320.00
25.2400      310.00
25.2600      294.00
25.2800      243.00
25.3000      286.00
25.3200      240.00
25.3400      262.00
25.3600      232.00
25.3800      211.00
25.4000      246.00
25.4200      233.00
25.4400      219.00
25.4600      240.00
25.4800      228.00
25.5000      223.00
25.5200      207.00
25.5400      228.00
25.5600      208.00
25.5800      217.00
25.6000      222.00
25.6200      210.00
25.6400      209.00
25.6600      222.00
25.6800      194.00
25.7000      229.00
25.7200      232.00
25.7400      206.00
25.7600      199.00
25.7800      246.00
25.8000      233.00
25.8200      230.00
25.8400      265.00
25.8600      245.00
25.8800      234.00
25.9000      247.00
25.9200      279.00
25.9400      300.00
25.9600      272.00
25.9800      332.00
26.0000      338.00
26.0200      325.00
26.0400      396.00
26.0600      414.00
26.0800      433.00
26.1000      481.00
26.1200      485.00
26.1400      469.00
26.1600      515.00
26.1800      554.00
26.2000      551.00
26.2200      631.00
26.2400      598.00
26.2600      580.00
26.2800      593.00
26.3000      620.00
26.3200      620.00
26.3400      561.00
26.3600      593.00
26.3800      595.00
26.4000      584.00
26.4200      564.00
26.4400      567.00
26.4600      579.00
26.4800      540.00
26.5000      559.00
26.5200      520.00
26.5400      534.00
26.5600      519.00
26.5800      533.00
26.6000      487.00
26.6200      477.00
26.6400      488.00
26.6600      451.00
26.6800      367.00
26.7000      361.00
26.7200      334.00
26.7400      302.00
26.7600      286.00
26.7800      251.00
26.8000      243.00
26.8200      236.00
26.8400      219.00
26.8600      244.00
26.8800      222.00
26.9000      243.00
26.9200      217.00
26.9400      241.00
26.9600      262.00
26.9800      225.00
27.0000      249.00
27.0200      244.00
27.0400      265.00
27.0600      256.00
27.0800      232.00
27.1000      248.00
27.1200      261.00
27.1400      260.00
27.1600      255.00
27.1800      282.00
27.2000      284.00
27.2200      309.00
27.2400      317.00
27.2600      319.00
27.2800      334.00
27.3000      365.00
27.3200      386.00
27.3400      375.00
27.3600      392.00
27.3800      468.00
27.4000      451.00
27.4200      436.00
27.4400      409.00
27.4600      427.00
27.4800      385.00
27.5000      395.00
27.5200      377.00
27.5400      405.00
27.5600      413.00
27.5800      421.00
27.6000      438.00
27.6200      460.00
27.6400      434.00
27.6600      489.00
27.6800      485.00
27.7000      452.00
27.7200      506.00
27.7400      478.00
27.7600      463.00
27.7800      490.00
27.8000      444.00
27.8200      444.00
27.8400      408.00
27.8600      424.00
27.8800      375.00
27.9000      381.00
27.9200      374.00
27.9400      334.00
27.9600      343.00
27.9800      341.00
28.0000      283.00
28.0200      353.00
28.0400      313.00
28.0600      359.00
28.0800      302.00
28.1000      308.00
28.1200      340.00
28.1400      309.00
28.1600      296.00
28.1800      333.00
28.2000      296.00
28.2200      303.00
28.2400      329.00
28.2600      319.00
28.2800      365.00
28.3000      365.00
28.3200      421.00
28.3400      435.00
28.3600      500.00
28.3800      582.00
28.4000      677.00
28.4200      686.00
28.4400      801.00
28.4600      920.00
28.4800      947.00
28.5000     1051.00
28.5200     1093.00
28.5400     1084.00
28.5600     1163.00
28.5800     1144.00
28.6000     1190.00
28.6200     1159.00
28.6400     1067.00
28.6600     1052.00
28.6800      987.00
28.7000      893.00
28.7200      802.00
28.7400      765.00
28.7600      677.00
28.7800      666.00
28.8000      566.00
28.8200      522.00
28.8400      495.00
28.8600      437.00
28.8800      418.00
28.9000      427.00
28.9200      420.00
28.9400      376.00
28.9600      419.00
28.9800      365.00
29.0000      378.00
29.0200      397.00
29.0400      419.00
29.0600      359.00
29.0800      384.00
29.1000      368.00
29.1200      373.00
29.1400      396.00
29.1600      401.00
29.1800      437.00
29.2000      431.00
29.2200      429.00
29.2400      450.00
29.2600      453.00
29.2800      495.00
29.3000      469.00
29.3200      494.00
29.3400      489.00
29.3600      528.00
29.3800      516.00
29.4000      572.00
29.4200      544.00
29.4400      559.00
29.4600      588.00
29.4800      560.00
29.5000      595.00
29.5200      646.00
29.5400      588.00
29.5600      611.00
29.5800      587.00
29.6000      498.00
29.6200      518.00
29.6400      513.00
29.6600      425.00
29.6800      364.00
29.7000      356.00
29.7200      308.00
29.7400      274.00
29.7600      264.00
29.7800      250.00
29.8000      264.00
29.8200      211.00
29.8400      205.00
29.8600      241.00
29.8800      211.00
29.9000      225.00
29.9200      240.00
29.9400      223.00
29.9600      242.00
29.9800      265.00
30.0000      267.00
30.0200      289.00
30.0400      321.00
30.0600      311.00
30.0800      352.00
30.1000      332.00
30.1200      416.00
30.1400      352.00
30.1600      422.00
30.1800      429.00
30.2000      394.00
30.2200      404.00
30.2400      396.00
30.2600      412.00
30.2800      423.00
30.3000      400.00
30.3200      410.00
30.3400      395.00
30.3600      350.00
30.3800      329.00
30.4000      342.00
30.4200      306.00
30.4400      285.00
30.4600      274.00
30.4800      268.00
30.5000      281.00
30.5200      239.00
30.5400      221.00
30.5600      230.00
30.5800      266.00
30.6000      232.00
30.6200      231.00
30.6400      228.00
30.6600      235.00
30.6800      228.00
30.7000      213.00
30.7200      255.00
30.7400      215.00
30.7600      230.00
30.7800      219.00
30.8000      236.00
30.8200      217.00
30.8400      205.00
30.8600      236.00
30.8800      240.00
30.9000      212.00
30.9200      215.00
30.9400      226.00
30.9600      217.00
30.9800      238.00
31.0000      225.00
31.0200      229.00
31.0400      240.00
31.0600      237.00
31.0800      230.00
31.1000      262.00
31.1200      233.00
31.1400      230.00
31.1600      228.00
31.1800      209.00
31.2000      211.00
31.2200      170.00
31.2400      224.00
31.2600      218.00
31.2800      207.00
31.3000      182.00
31.3200      194.00
31.3400      184.00
31.3600      177.00
31.3800      179.00
31.4000      200.00
31.4200      222.00
31.4400      210.00
31.4600      214.00
31.4800      192.00
31.5000      213.00
31.5200      224.00
31.5400      209.00
31.5600      232.00
31.5800      257.00
31.6000      248.00
31.6200      264.00
31.6400      233.00
31.6600      253.00
31.6800      217.00
31.7000      230.00
31.7200      214.00
31.7400      218.00
31.7600      217.00
31.7800      228.00
31.8000      261.00
31.8200      210.00
31.8400      236.00
31.8600      256.00
31.8800      231.00
31.9000      251.00
31.9200      239.00
31.9400      263.00
31.9600      273.00
31.9800      280.00
32.0000      259.00
32.0200      291.00
32.0400      325.00
32.0600      311.00
32.0800      321.00
32.1000      284.00
32.1200      356.00
32.1400      322.00
32.1600      341.00
32.1800      362.00
32.2000      344.00
32.2200      385.00
32.2400      388.00
32.2600      358.00
32.2800      382.00
32.3000      337.00
32.3200      409.00
32.3400      373.00
32.3600      385.00
32.3800      385.00
32.4000      366.00
32.4200      364.00
32.4400      388.00
32.4600      388.00
32.4800      396.00
32.5000      368.00
32.5200      398.00
32.5400      366.00
32.5600      364.00
32.5800      355.00
32.6000      376.00
32.6200      387.00
32.6400      361.00
32.6600      361.00
32.6800      367.00
32.7000      352.00
32.7200      366.00
32.7400      344.00
32.7600      349.00
32.7800      360.00
32.8000      348.00
32.8200      308.00
32.8400      352.00
32.8600      341.00
32.8800      327.00
32.9000      336.00
32.9200      303.00
32.9400      298.00
32.9600      305.00
32.9800      286.00
33.0000      289.00
33.0200      325.00
33.0400      283.00
33.0600      294.00
33.0800      302.00
33.1000      335.00
33.1200      299.00
33.1400      302.00
33.1600      308.00
33.1800      375.00
33.2000      364.00
33.2200      363.00
33.2400      404.00
33.2600      401.00
33.2800      426.00
33.3000      414.00
33.3200      396.00
33.3400      432.00
33.3600      403.00
33.3800      403.00
33.4000      405.00
33.4200      365.00
33.4400      377.00
33.4600      334.00
33.4800      358.00
33.5000      358.00
33.5200      314.00
33.5400      307.00
33.5600      268.00
33.5800      248.00
33.6000      246.00
33.6200      269.00
33.6400      239.00
33.6600      242.00
33.6800      210.00
33.7000      223.00
33.7200      203.00
33.7400      194.00
33.7600      187.00
33.7800      196.00
33.8000      194.00
33.8200      181.00
33.8400      180.00
33.8600      188.00
33.8800      168.00
33.9000      214.00
33.9200      177.00
33.9400      187.00
33.9600      189.00
33.9800      198.00
34.0000      203.00
34.0200      216.00
34.0400      228.00
34.0600      196.00
34.0800      242.00
34.1000      214.00
34.1200      225.00
34.1400      254.00
34.1600      251.00
34.1800      258.00
34.2000      273.00
34.2200      283.00
34.2400      317.00
34.2600      316.00
34.2800      298.00
34.3000      296.00
34.3200      252.00
34.3400      256.00
34.3600      278.00
34.3800      251.00
34.4000      232.00
34.4200      216.00
34.4400      210.00
34.4600      194.00
34.4800      178.00
34.5000      196.00
34.5200      186.00
34.5400      205.00
34.5600      189.00
34.5800      209.00
34.6000      156.00
34.6200      164.00
34.6400      181.00
34.6600      174.00
34.6800      181.00
34.7000      158.00
34.7200      194.00
34.7400      196.00
34.7600      175.00
34.7800      208.00
34.8000      195.00
34.8200      195.00
34.8400      206.00
34.8600      177.00
34.8800      226.00
34.9000      210.00
34.9200      213.00
34.9400      221.00
34.9600      212.00
34.9800      216.00
35.0000      227.00
