 2.2000      262.00
 2.2200      275.00
 2.2400      263.00
 2.2600      264.00
 2.2800      241.00
 2.3000      274.00
 2.3200      267.00
 2.3400      247.00
 2.3600      265.00
 2.3800      255.00
 2.4000      244.00
 2.4200      265.00
 2.4400      255.00
 2.4600      271.00
 2.4800      258.00
 2.5000      259.00
 2.5200      257.00
 2.5400      263.00
 2.5600      249.00
 2.5800      265.00
 2.6000      280.00
 2.6200      226.00
 2.6400      236.00
 2.6600      265.00
 2.6800      240.00
 2.7000      306.00
 2.7200      248.00
 2.7400      243.00
 2.7600      260.00
 2.7800      246.00
 2.8000      247.00
 2.8200      235.00
 2.8400      222.00
 2.8600      243.00
 2.8800      234.00
 2.9000      216.00
 2.9200      237.00
 2.9400      224.00
 2.9600      237.00
 2.9800      261.00
 3.0000      241.00
 3.0200      218.00
 3.0400      198.00
 3.0600      213.00
 3.0800      222.00
 3.1000      197.00
 3.1200      203.00
 3.1400      214.00
 3.1600      237.00
 3.1800      209.00
 3.2000      228.00
 3.2200      213.00
 3.2400      212.00
 3.2600      196.00
 3.2800      232.00
 3.3000      197.00
 3.3200      210.00
 3.3400      222.00
 3.3600      207.00
 3.3800      207.00
 3.4000      206.00
 3.4200      194.00
 3.4400      205.00
 3.4600      218.00
 3.4800      190.00
 3.5000      209.00
 3.5200      183.00
 3.5400      182.00
 3.5600      182.00
 3.5800      185.00
 3.6000      189.00
 3.6200      194.00
 3.6400      173.00
 3.6600      183.00
 3.6800      201.00
 3.7000      168.00
 3.7200      214.00
 3.7400      171.00
 3.7600      187.00
 3.7800      163.00
 3.8000      185.00
 3.8200      185.00
 3.8400      169.00
 3.8600      170.00
 3.8800      197.00
 3.9000      161.00
 3.9200      175.00
 3.9400      175.00
 3.9600      157.00
 3.9800      178.00
 4.0000      174.00
 4.0200      174.00
 4.0400      166.00
 4.0600      181.00
 4.0800      158.00
 4.1000      160.00
 4.1200      177.00
 4.1400      173.00
 4.1600      141.00
 4.1800      162.00
 4.2000      167.00
 4.2200      140.00
 4.2400      157.00
 4.2600      157.00
 4.2800      154.00
 4.3000      145.00
 4.3200      167.00
 4.3400      143.00
 4.3600      137.00
 4.3800      137.00
 4.4000      164.00
 4.4200      153.00
 4.4400      147.00
 4.4600      158.00
 4.4800      139.00
 4.5000      140.00
 4.5200      102.00
 4.5400      130.00
 4.5600      162.00
 4.5800      142.00
 4.6000      163.00
 4.6200      145.00
 4.6400      139.00
 4.6600      138.00
 4.6800      149.00
 4.7000      140.00
 4.7200      146.00
 4.7400      152.00
 4.7600      131.00
 4.7800      138.00
 4.8000      139.00
 4.8200      147.00
 4.8400      136.00
 4.8600      147.00
 4.8800      132.00
 4.9000      133.00
 4.9200      160.00
 4.9400      129.00
 4.9600      155.00
 4.9800      146.00
 5.0000      146.00
 5.0200      128.00
 5.0400      130.00
 5.0600      141.00
 5.0800      156.00
 5.1000      144.00
 5.1200      141.00
 5.1400      141.00
 5.1600      148.00
 5.1800      149.00
 5.2000      149.00
 5.2200      148.00
 5.2400      142.00
 5.2600      140.00
 5.2800      140.00
 5.3000      149.00
 5.3200      149.00
 5.3400      153.00
 5.3600      132.00
 5.3800      131.00
 5.4000      150.00
 5.4200      115.00
 5.4400      124.00
 5.4600      154.00
 5.4800      129.00
 5.5000      136.00
 5.5200      149.00
 5.5400      125.00
 5.5600      136.00
 5.5800      134.00
 5.6000      126.00
 5.6200      141.00
 5.6400      135.00
 5.6600      144.00
 5.6800      173.00
 5.7000      153.00
 5.7200      131.00
 5.7400      144.00
 5.7600      156.00
 5.7800      151.00
 5.8000      167.00
 5.8200      151.00
 5.8400      161.00
 5.8600      139.00
 5.8800      148.00
 5.9000      152.00
 5.9200      166.00
 5.9400      154.00
 5.9600      162.00
 5.9800      162.00
 6.0000      175.00
 6.0200      151.00
 6.0400      181.00
 6.0600      145.00
 6.0800      162.00
 6.1000      151.00
 6.1200      141.00
 6.1400      148.00
 6.1600      178.00
 6.1800      145.00
 6.2000      132.00
 6.2200      164.00
 6.2400      148.00
 6.2600      159.00
 6.2800      162.00
 6.3000      162.00
 6.3200      167.00
 6.3400      145.00
 6.3600      157.00
 6.3800      165.00
 6.4000      170.00
 6.4200      173.00
 6.4400      179.00
 6.4600      185.00
 6.4800      161.00
 6.5000      168.00
 6.5200      182.00
 6.5400      167.00
 6.5600      162.00
 6.5800      165.00
 6.6000      179.00
 6.6200      172.00
 6.6400      181.00
 6.6600      155.00
 6.6800      172.00
 6.7000      168.00
 6.7200      163.00
 6.7400      159.00
 6.7600      177.00
 6.7800      170.00
 6.8000      195.00
 6.8200      179.00
 6.8400      186.00
 6.8600      178.00
 6.8800      165.00
 6.9000      187.00
 6.9200      187.00
 6.9400      214.00
 6.9600      179.00
 6.9800      203.00
 7.0000      187.00
 7.0200      185.00
 7.0400      160.00
 7.0600      199.00
 7.0800      200.00
 7.1000      208.00
 7.1200      205.00
 7.1400      173.00
 7.1600      175.00
 7.1800      186.00
 7.2000      172.00
 7.2200      186.00
 7.2400      164.00
 7.2600      169.00
 7.2800      170.00
 7.3000      163.00
 7.3200      164.00
 7.3400      178.00
 7.3600      173.00
 7.3800      173.00
 7.4000      162.00
 7.4200      190.00
 7.4400      157.00
 7.4600      168.00
 7.4800      160.00
 7.5000      170.00
 7.5200      171.00
 7.5400      191.00
 7.5600      177.00
 7.5800      188.00
 7.6000      188.00
 7.6200      183.00
 7.6400      197.00
 7.6600      181.00
 7.6800      201.00
 7.7000      178.00
 7.7200      202.00
 7.7400      186.00
 7.7600      166.00
 7.7800      183.00
 7.8000      188.00
 7.8200      169.00
 7.8400      180.00
 7.8600      210.00
 7.8800      177.00
 7.9000      181.00
 7.9200      201.00
 7.9400      178.00
 7.9600      183.00
 7.9800      183.00
 8.0000      196.00
 8.0200      164.00
 8.0400      190.00
 8.0600      161.00
 8.0800      169.00
 8.1000      195.00
 8.1200      179.00
 8.1400      196.00
 8.1600      201.00
 8.1800      210.00
 8.2000      181.00
 8.2200      165.00
 8.2400      180.00
 8.2600      196.00
 8.2800      196.00
 8.3000      200.00
 8.3200      193.00
 8.3400      174.00
 8.3600      200.00
 8.3800      188.00
 8.4000      195.00
 8.4200      215.00
 8.4400      185.00
 8.4600      212.00
 8.4800      210.00
 8.5000      164.00
 8.5200      164.00
 8.5400      205.00
 8.5600      231.00
 8.5800      185.00
 8.6000      210.00
 8.6200      217.00
 8.6400      205.00
 8.6600      191.00
 8.6800      228.00
 8.7000      211.00
 8.7200      228.00
 8.7400      243.00
 8.7600      243.00
 8.7800      225.00
 8.8000      226.00
 8.8200      251.00
 8.8400      214.00
 8.8600      233.00
 8.8800      219.00
 8.9000      244.00
 8.9200      254.00
 8.9400      260.00
 8.9600      251.00
 8.9800      237.00
 9.0000      240.00
 9.0200      241.00
 9.0400      219.00
 9.0600      246.00
 9.0800      224.00
 9.1000      214.00
 9.1200      223.00
 9.1400      203.00
 9.1600      186.00
 9.1800      211.00
 9.2000      199.00
 9.2200      210.00
 9.2400      212.00
 9.2600      195.00
 9.2800      185.00
 9.3000      223.00
 9.3200      213.00
 9.3400      206.00
 9.3600      202.00
 9.3800      213.00
 9.4000      224.00
 9.4200      217.00
 9.4400      195.00
 9.4600      195.00
 9.4800      206.00
 9.5000      204.00
 9.5200      201.00
 9.5400      199.00
 9.5600      224.00
 9.5800      187.00
 9.6000      195.00
 9.6200      227.00
 9.6400      226.00
 9.6600      243.00
 9.6800      227.00
 9.7000      187.00
 9.7200      256.00
 9.7400      207.00
 9.7600      238.00
 9.7800      242.00
 9.8000      221.00
 9.8200      253.00
 9.8400      243.00
 9.8600      224.00
 9.8800      265.00
 9.9000      252.00
 9.9200      233.00
 9.9400      232.00
 9.9600      265.00
 9.9800      261.00
10.0000      260.00
10.0200      278.00
10.0400      251.00
10.0600      273.00
10.0800      230.00
10.1000      244.00
10.1200      263.00
10.1400      243.00
10.1600      244.00
10.1800      263.00
10.2000      268.00
10.2200      243.00
10.2400      250.00
10.2600      265.00
10.2800      220.00
10.3000      246.00
10.3200      239.00
10.3400      243.00
10.3600      262.00
10.3800      243.00
10.4000      230.00
10.4200      236.00
10.4400      244.00
10.4600      242.00
10.4800      241.00
10.5000      257.00
10.5200      242.00
10.5400      246.00
10.5600      241.00
10.5800      237.00
10.6000      244.00
10.6200      243.00
10.6400      282.00
10.6600      254.00
10.6800      270.00
10.7000      253.00
10.7200      255.00
10.7400      281.00
10.7600      279.00
10.7800      265.00
10.8000      300.00
10.8200      322.00
10.8400      302.00
10.8600      334.00
10.8800      340.00
10.9000      314.00
10.9200      317.00
10.9400      381.00
10.9600      384.00
10.9800      432.00
11.0000      453.00
11.0200      486.00
11.0400      501.00
11.0600      527.00
11.0800      562.00
11.1000      582.00
11.1200      629.00
11.1400      673.00
11.1600      680.00
11.1800      718.00
11.2000      725.00
11.2200      748.00
11.2400      715.00
11.2600      777.00
11.2800      764.00
11.3000      744.00
11.3200      719.00
11.3400      665.00
11.3600      698.00
11.3800      722.00
11.4000      704.00
11.4200      650.00
11.4400      637.00
11.4600      562.00
11.4800      595.00
11.5000      560.00
11.5200      496.00
11.5400      455.00
11.5600      430.00
11.5800      420.00
11.6000      334.00
11.6200      309.00
11.6400      310.00
11.6600      265.00
11.6800      313.00
11.7000      325.00
11.7200      300.00
11.7400      312.00
11.7600      304.00
11.7800      300.00
11.8000      292.00
11.8200      291.00
11.8400      320.00
11.8600      334.00
11.8800      367.00
11.9000      367.00
11.9200      364.00
11.9400      360.00
11.9600      421.00
11.9800      431.00
12.0000      427.00
12.0200      504.00
12.0400      508.00
12.0600      550.00
12.0800      554.00
12.1000      609.00
12.1200      635.00
12.1400      672.00
12.1600      715.00
12.1800      793.00
12.2000      756.00
12.2200      762.00
12.2400      794.00
12.2600      799.00
12.2800      751.00
12.3000      752.00
12.3200      763.00
12.3400      741.00
12.3600      692.00
12.3800      726.00
12.4000      676.00
12.4200      661.00
12.4400      634.00
12.4600      678.00
12.4800      622.00
12.5000      702.00
12.5200      727.00
12.5400      807.00
12.5600      778.00
12.5800      862.00
12.6000      824.00
12.6200      872.00
12.6400      885.00
12.6600      878.00
12.6800      854.00
12.7000      833.00
12.7200      814.00
12.7400      757.00
12.7600      684.00
12.7800      650.00
12.8000      555.00
12.8200      484.00
12.8400      389.00
12.8600      363.00
12.8800      329.00
12.9000      338.00
12.9200      314.00
12.9400      310.00
12.9600      294.00
12.9800      294.00
13.0000      307.00
13.0200      268.00
13.0400      309.00
13.0600      266.00
13.0800      277.00
13.1000      297.00
13.1200      298.00
13.1400      255.00
13.1600      284.00
13.1800      267.00
13.2000      260.00
13.2200      269.00
13.2400      268.00
13.2600      285.00
13.2800      260.00
13.3000      285.00
13.3200      263.00
13.3400      293.00
13.3600      285.00
13.3800      256.00
13.4000      297.00
13.4200      284.00
13.4400      248.00
13.4600      300.00
13.4800      286.00
13.5000      284.00
13.5200      264.00
13.5400      286.00
13.5600      249.00
13.5800      269.00
13.6000      253.00
13.6200      245.00
13.6400      277.00
13.6600      277.00
13.6800      291.00
13.7000      268.00
13.7200      290.00
13.7400      282.00
13.7600      294.00
13.7800      283.00
13.8000      304.00
13.8200      308.00
13.8400      268.00
13.8600      340.00
13.8800      289.00
13.9000      286.00
13.9200      336.00
13.9400      348.00
13.9600      313.00
13.9800      390.00
14.0000      372.00
14.0200      439.00
14.0400      442.00
14.0600      471.00
14.0800      485.00
14.1000      540.00
14.1200      631.00
14.1400      680.00
14.1600      721.00
14.1800      787.00
14.2000      837.00
14.2200      876.00
14.2400      923.00
14.2600     1006.00
14.2800     1016.00
14.3000     1055.00
14.3200     1066.00
14.3400     1127.00
14.3600     1147.00
14.3800     1105.00
14.4000     1123.00
14.4200     1036.00
14.4400      980.00
14.4600      879.00
14.4800      863.00
14.5000      806.00
14.5200      686.00
14.5400      641.00
14.5600      620.00
14.5800      526.00
14.6000      526.00
14.6200      506.00
14.6400      438.00
14.6600      384.00
14.6800      421.00
14.7000      357.00
14.7200      337.00
14.7400      314.00
14.7600      301.00
14.7800      314.00
14.8000      281.00
14.8200      286.00
14.8400      292.00
14.8600      281.00
14.8800      292.00
14.9000      281.00
14.9200      301.00
14.9400      278.00
14.9600      271.00
14.9800      273.00
15.0000      286.00
15.0200      269.00
15.0400      275.00
15.0600      256.00
15.0800      300.00
15.1000      270.00
15.1200      283.00
15.1400      289.00
15.1600      284.00
15.1800      282.00
15.2000      254.00
15.2200      276.00
15.2400      283.00
15.2600      280.00
15.2800      250.00
15.3000      284.00
15.3200      268.00
15.3400      296.00
15.3600      278.00
15.3800      273.00
15.4000      284.00
15.4200      279.00
15.4400      271.00
15.4600      255.00
15.4800      276.00
15.5000      282.00
15.5200      276.00
15.5400      278.00
15.5600      263.00
15.5800      293.00
15.6000      248.00
15.6200      313.00
15.6400      268.00
15.6600      269.00
15.6800      272.00
15.7000      310.00
15.7200      313.00
15.7400      324.00
15.7600      280.00
15.7800      332.00
15.8000      364.00
15.8200      393.00
15.8400      357.00
15.8600      374.00
15.8800      403.00
15.9000      397.00
15.9200      484.00
15.9400      491.00
15.9600      510.00
15.9800      530.00
16.0000      503.00
16.0200      523.00
16.0400      597.00
16.0600      597.00
16.0800      556.00
16.1000      560.00
16.1200      602.00
16.1400      606.00
16.1600      591.00
16.1800      595.00
16.2000      554.00
16.2200      560.00
16.2400      532.00
16.2600      593.00
16.2800      519.00
16.3000      531.00
16.3200      539.00
16.3400      586.00
16.3600      535.00
16.3800      590.00
16.4000      594.00
16.4200      586.00
16.4400      575.00
16.4600      582.00
16.4800      598.00
16.5000      611.00
16.5200      629.00
16.5400      629.00
16.5600      655.00
16.5800      633.00
16.6000      668.00
16.6200      692.00
16.6400      654.00
16.6600      653.00
16.6800      638.00
16.7000      660.00
16.7200      583.00
16.7400      550.00
16.7600      486.00
16.7800      425.00
16.8000      458.00
16.8200      391.00
16.8400      417.00
16.8600      391.00
16.8800      412.00
16.9000      423.00
16.9200      390.00
16.9400      458.00
16.9600      466.00
16.9800      450.00
17.0000      500.00
17.0200      553.00
17.0400      584.00
17.0600      611.00
17.0800      667.00
17.1000      666.00
17.1200      699.00
17.1400      710.00
17.1600      742.00
17.1800      780.00
17.2000      755.00
17.2200      853.00
17.2400      837.00
17.2600      781.00
17.2800      779.00
17.3000      832.00
17.3200      878.00
17.3400      855.00
17.3600      919.00
17.3800      996.00
17.4000     1046.00
17.4200     1166.00
17.4400     1319.00
17.4600     1426.00
17.4800     1568.00
17.5000     1689.00
17.5200     1834.00
17.5400     1998.00
17.5600     2183.00
17.5800     2369.00
17.6000     2419.00
17.6200     2599.00
17.6400     2707.00
17.6600     2661.00
17.6800     2722.00
17.7000     2747.00
17.7200     2564.00
17.7400     2478.00
17.7600     2374.00
17.7800     2198.00
17.8000     2028.00
17.8200     1851.00
17.8400     1708.00
17.8600     1489.00
17.8800     1228.00
17.9000     1077.00
17.9200      900.00
17.9400      815.00
17.9600      715.00
17.9800      626.00
18.0000      596.00
18.0200      563.00
18.0400      562.00
18.0600      507.00
18.0800      506.00
18.1000      494.00
18.1200      480.00
18.1400      468.00
18.1600      468.00
18.1800      432.00
18.2000      450.00
18.2200      471.00
18.2400      480.00
18.2600      515.00
18.2800      558.00
18.3000      601.00
18.3200      688.00
18.3400      693.00
18.3600      802.00
18.3800      800.00
18.4000      910.00
18.4200      939.00
18.4400      978.00
18.4600      976.00
18.4800     1019.00
18.5000     1019.00
18.5200     1030.00
18.5400     1081.00
18.5600     1041.00
18.5800     1016.00
18.6000      985.00
18.6200      932.00
18.6400      848.00
18.6600      762.00
18.6800      711.00
18.7000      675.00
18.7200      580.00
18.7400      574.00
18.7600      544.00
18.7800      526.00
18.8000      479.00
18.8200      494.00
18.8400      502.00
18.8600      475.00
18.8800      462.00
18.9000      505.00
18.9200      455.00
18.9400      539.00
18.9600      503.00
18.9800      502.00
19.0000      502.00
19.0200      482.00
19.0400      509.00
19.0600      499.00
19.0800      508.00
19.1000      486.00
19.1200      483.00
19.1400      491.00
19.1600      521.00
19.1800      524.00
19.2000      554.00
19.2200      514.00
19.2400      548.00
19.2600      512.00
19.2800      509.00
19.3000      552.00
19.3200      581.00
19.3400      543.00
19.3600      537.00
19.3800      556.00
19.4000      646.00
19.4200      609.00
19.4400      657.00
19.4600      690.00
19.4800      710.00
19.5000      765.00
19.5200      896.00
19.5400     1043.00
19.5600     1143.00
19.5800     1283.00
19.6000     1419.00
19.6200     1477.00
19.6400     1654.00
19.6600     1705.00
19.6800     1854.00
19.7000     1974.00
19.7200     2063.00
19.7400     2152.00
19.7600     2178.00
19.7800     2164.00
19.8000     2101.00
19.8200     2021.00
19.8400     1870.00
19.8600     1828.00
19.8800     1640.00
19.9000     1515.00
19.9200     1375.00
19.9400     1207.00
19.9600     1037.00
19.9800      949.00
20.0000      829.00
20.0200      811.00
20.0400      719.00
20.0600      607.00
20.0800      577.00
20.1000      551.00
20.1200      481.00
20.1400      523.00
20.1600      468.00
20.1800      413.00
20.2000      447.00
20.2200      429.00
20.2400      426.00
20.2600      403.00
20.2800      393.00
20.3000      426.00
20.3200      390.00
20.3400      384.00
20.3600      433.00
20.3800      391.00
20.4000      376.00
20.4200      404.00
20.4400      448.00
20.4600      456.00
20.4800      446.00
20.5000      498.00
20.5200      508.00
20.5400      505.00
20.5600      594.00
20.5800      642.00
20.6000      623.00
20.6200      696.00
20.6400      745.00
20.6600      813.00
20.6800      909.00
20.7000      922.00
20.7200      976.00
20.7400     1032.00
20.7600     1094.00
20.7800     1211.00
20.8000     1288.00
20.8200     1402.00
20.8400     1472.00
20.8600     1677.00
20.8800     1740.00
20.9000     1877.00
20.9200     2013.00
20.9400     2235.00
20.9600     2424.00
20.9800     2634.00
21.0000     2843.00
21.0200     3010.00
21.0400     3246.00
21.0600     3419.00
21.0800     3436.00
21.1000     3598.00
21.1200     3660.00
21.1400     3717.00
21.1600     3610.00
21.1800     3525.00
21.2000     3301.00
21.2200     3204.00
21.2400     2856.00
21.2600     2655.00
21.2800     2465.00
21.3000     2038.00
21.3200     1762.00
21.3400     1448.00
21.3600     1253.00
21.3800     1010.00
21.4000      876.00
21.4200      749.00
21.4400      605.00
21.4600      540.00
21.4800      489.00
21.5000      458.00
21.5200      438.00
21.5400      451.00
21.5600      441.00
21.5800      443.00
21.6000      396.00
21.6200      416.00
21.6400      389.00
21.6600      334.00
21.6800      365.00
21.7000      388.00
21.7200      360.00
21.7400      379.00
21.7600      369.00
21.7800      366.00
21.8000      364.00
21.8200      359.00
21.8400      359.00
21.8600      349.00
21.8800      385.00
21.9000      370.00
21.9200      389.00
21.9400      373.00
21.9600      386.00
21.9800      419.00
22.0000      388.00
22.0200      378.00
22.0400      425.00
22.0600      434.00
22.0800      449.00
22.1000      463.00
22.1200      495.00
22.1400      533.00
22.1600      504.00
22.1800      558.00
22.2000      518.00
22.2200      552.00
22.2400      620.00
22.2600      645.00
22.2800      687.00
22.3000      733.00
22.3200      736.00
22.3400      734.00
22.3600      758.00
22.3800      805.00
22.4000      844.00
22.4200      888.00
22.4400      872.00
22.4600      962.00
22.4800      984.00
22.5000     1042.00
22.5200     1119.00
22.5400     1151.00
22.5600     1223.00
22.5800     1277.00
22.6000     1286.00
22.6200     1410.00
22.6400     1373.00
22.6600     1529.00
22.6800     1430.00
22.7000     1489.00
22.7200     1459.00
22.7400     1483.00
22.7600     1447.00
22.7800     1357.00
22.8000     1345.00
22.8200     1240.00
22.8400     1243.00
22.8600     1195.00
22.8800     1072.00
22.9000     1026.00
22.9200      964.00
22.9400      944.00
22.9600      913.00
22.9800      928.00
23.0000      888.00
23.0200      944.00
23.0400      927.00
23.0600     1033.00
23.0800     1050.00
23.1000     1134.00
23.1200     1134.00
23.1400     1118.00
23.1600     1195.00
23.1800     1137.00
23.2000     1174.00
23.2200     1191.00
23.2400     1186.00
23.2600     1188.00
23.2800     1161.00
23.3000     1149.00
23.3200     1173.00
23.3400     1156.00
23.3600     1138.00
23.3800     1152.00
23.4000     1082.00
23.4200     1094.00
23.4400     1120.00
23.4600     1087.00
23.4800     1113.00
23.5000     1058.00
23.5200      973.00
23.5400      997.00
23.5600      967.00
23.5800      935.00
23.6000      916.00
23.6200      864.00
23.6400      786.00
23.6600      707.00
23.6800      665.00
23.7000      556.00
23.7200      566.00
23.7400      498.00
23.7600      502.00
23.7800      515.00
23.8000      466.00
23.8200      459.00
23.8400      501.00
23.8600      504.00
23.8800      517.00
23.9000      530.00
23.9200      556.00
23.9400      587.00
23.9600      639.00
23.9800      686.00
24.0000      702.00
24.0200      736.00
24.0400      809.00
24.0600      856.00
24.0800      945.00
24.1000      951.00
24.1200     1014.00
24.1400     1020.00
24.1600     1081.00
24.1800     1111.00
24.2000     1166.00
24.2200     1202.00
24.2400     1252.00
24.2600     1210.00
24.2800     1325.00
24.3000     1360.00
24.3200     1351.00
24.3400     1422.00
24.3600     1445.00
24.3800     1459.00
24.4000     1531.00
24.4200     1533.00
24.4400     1465.00
24.4600     1554.00
24.4800     1528.00
24.5000     1522.00
24.5200     1457.00
24.5400     1458.00
24.5600     1334.00
24.5800     1243.00
24.6000     1240.00
24.6200     1065.00
24.6400     1019.00
24.6600      898.00
24.6800      783.00
24.7000      736.00
24.7200      692.00
24.7400      706.00
24.7600      659.00
24.7800      584.00
24.8000      703.00
24.8200      697.00
24.8400      815.00
24.8600      745.00
24.8800      816.00
24.9000      928.00
24.9200      984.00
24.9400     1023.00
24.9600     1090.00
24.9800     1108.00
25.0000     1189.00
25.0200     1184.00
25.0400     1179.00
25.0600     1118.00
25.0800     1183.00
25.1000     1092.00
25.1200     1029.00
25.1400     1040.00
25.1600      954.00
25.1800      857.00
25.2000      733.00
25.2200      671.00
25.2400      609.00
25.2600      579.00
25.2800      495.00
25.3000      486.00
25.3200      449.00
25.3400      418.00
25.3600      388.00
25.3800      382.00
25.4000      354.00
25.4200      400.00
25.4400      343.00
25.4600      362.00
25.4800      316.00
25.5000      333.00
25.5200      363.00
25.5400      296.00
25.5600      341.00
25.5800      335.00
25.6000      334.00
25.6200      346.00
25.6400      353.00
25.6600      329.00
25.6800      364.00
25.7000      353.00
25.7200      355.00
25.7400      348.00
25.7600      361.00
25.7800      365.00
25.8000      363.00
25.8200      364.00
25.8400      396.00
25.8600      372.00
25.8800      426.00
25.9000      416.00
25.9200      404.00
25.9400      415.00
25.9600      471.00
25.9800      524.00
26.0000      537.00
26.0200      536.00
26.0400      554.00
26.0600      568.00
26.0800      671.00
26.1000      697.00
26.1200      748.00
26.1400      724.00
26.1600      788.00
26.1800      855.00
26.2000      832.00
26.2200      835.00
26.2400      866.00
26.2600      941.00
26.2800      951.00
26.3000      910.00
26.3200      920.00
26.3400      915.00
26.3600      899.00
26.3800      904.00
26.4000      871.00
26.4200      929.00
26.4400      834.00
26.4600      906.00
26.4800      819.00
26.5000      769.00
26.5200      789.00
26.5400      805.00
26.5600      717.00
26.5800      758.00
26.6000      707.00
26.6200      715.00
26.6400      701.00
26.6600      647.00
26.6800      656.00
26.7000      595.00
26.7200      547.00
26.7400      555.00
26.7600      512.00
26.7800      478.00
26.8000      451.00
26.8200      418.00
26.8400      409.00
26.8600      384.00
26.8800      392.00
26.9000      368.00
26.9200      375.00
26.9400      402.00
26.9600      386.00
26.9800      367.00
27.0000      418.00
27.0200      386.00
27.0400      323.00
27.0600      412.00
27.0800      397.00
27.1000      422.00
27.1200      390.00
27.1400      435.00
27.1600      432.00
27.1800      435.00
27.2000      453.00
27.2200      477.00
27.2400      486.00
27.2600      484.00
27.2800      502.00
27.3000      495.00
27.3200      518.00
27.3400      488.00
27.3600      510.00
27.3800      540.00
27.4000      562.00
27.4200      566.00
27.4400      558.00
27.4600      591.00
27.4800      628.00
27.5000      582.00
27.5200      588.00
27.5400      650.00
27.5600      636.00
27.5800      661.00
27.6000      719.00
27.6200      691.00
27.6400      766.00
27.6600      771.00
27.6800      791.00
27.7000      806.00
27.7200      867.00
27.7400      899.00
27.7600      921.00
27.7800      894.00
27.8000      852.00
27.8200      874.00
27.8400      913.00
27.8600      847.00
27.8800      836.00
27.9000      853.00
27.9200      771.00
27.9400      744.00
27.9600      694.00
27.9800      659.00
28.0000      621.00
28.0200      607.00
28.0400      594.00
28.0600      593.00
28.0800      535.00
28.1000      509.00
28.1200      492.00
28.1400      493.00
28.1600      522.00
28.1800      495.00
28.2000      516.00
28.2200      518.00
28.2400      549.00
28.2600      561.00
28.2800      596.00
28.3000      656.00
28.3200      642.00
28.3400      713.00
28.3600      841.00
28.3800      896.00
28.4000      997.00
28.4200     1071.00
28.4400     1156.00
28.4600     1301.00
28.4800     1389.00
28.5000     1520.00
28.5200     1530.00
28.5400     1581.00
28.5600     1607.00
28.5800     1646.00
28.6000     1676.00
28.6200     1688.00
28.6400     1650.00
28.6600     1615.00
28.6800     1577.00
28.7000     1503.00
28.7200     1417.00
28.7400     1334.00
28.7600     1299.00
28.7800     1080.00
28.8000     1052.00
28.8200      998.00
28.8400      925.00
28.8600      868.00
28.8800      824.00
28.9000      772.00
28.9200      725.00
28.9400      726.00
28.9600      714.00
28.9800      686.00
29.0000      689.00
29.0200      650.00
29.0400      705.00
29.0600      679.00
29.0800      670.00
29.1000      648.00
29.1200      712.00
29.1400      747.00
29.1600      762.00
29.1800      725.00
29.2000      774.00
29.2200      784.00
29.2400      741.00
29.2600      805.00
29.2800      790.00
29.3000      794.00
29.3200      829.00
29.3400      876.00
29.3600      801.00
29.3800      825.00
29.4000      912.00
29.4200      856.00
29.4400      926.00
29.4600      881.00
29.4800      869.00
29.5000      885.00
29.5200      883.00
29.5400      922.00
29.5600      883.00
29.5800      869.00
29.6000      834.00
29.6200      837.00
29.6400      793.00
29.6600      696.00
29.6800      671.00
29.7000      644.00
29.7200      560.00
29.7400      519.00
29.7600      486.00
29.7800      421.00
29.8000      420.00
29.8200      410.00
29.8400      385.00
29.8600      367.00
29.8800      409.00
29.9000      420.00
29.9200      364.00
29.9400      363.00
29.9600      398.00
29.9800      386.00
30.0000      430.00
30.0200      465.00
30.0400      442.00
30.0600      489.00
30.0800      528.00
30.1000      512.00
30.1200      580.00
30.1400      570.00
30.1600      609.00
30.1800      590.00
30.2000      625.00
30.2200      601.00
30.2400      706.00
30.2600      652.00
30.2800      614.00
30.3000      600.00
30.3200      586.00
30.3400      567.00
30.3600      573.00
30.3800      580.00
30.4000      522.00
30.4200      509.00
30.4400      483.00
30.4600      488.00
30.4800      451.00
30.5000      472.00
30.5200      442.00
30.5400      401.00
30.5600      419.00
30.5800      428.00
30.6000      368.00
30.6200      397.00
30.6400      395.00
30.6600      379.00
30.6800      403.00
30.7000      400.00
30.7200      389.00
30.7400      376.00
30.7600      404.00
30.7800      372.00
30.8000      378.00
30.8200      355.00
30.8400      359.00
30.8600      347.00
30.8800      363.00
30.9000      367.00
30.9200      352.00
30.9400      393.00
30.9600      420.00
30.9800      363.00
31.0000      342.00
31.0200      387.00
31.0400      363.00
31.0600      365.00
31.0800      356.00
31.1000      376.00
31.1200      345.00
31.1400      356.00
31.1600      360.00
31.1800      339.00
31.2000      314.00
31.2200      328.00
31.2400      325.00
31.2600      316.00
31.2800      295.00
31.3000      299.00
31.3200      297.00
31.3400      339.00
31.3600      296.00
31.3800      316.00
31.4000      277.00
31.4200      316.00
31.4400      319.00
31.4600      347.00
31.4800      363.00
31.5000      314.00
31.5200      306.00
31.5400      354.00
31.5600      348.00
31.5800      357.00
31.6000      347.00
31.6200      335.00
31.6400      377.00
31.6600      397.00
31.6800      348.00
31.7000      369.00
31.7200      383.00
31.7400      330.00
31.7600      357.00
31.7800      374.00
31.8000      336.00
31.8200      358.00
31.8400      354.00
31.8600      335.00
31.8800      328.00
31.9000      352.00
31.9200      395.00
31.9400      360.00
31.9600      382.00
31.9800      386.00
32.0000      445.00
