 2.0000     1630.00
 2.0251     1434.00
 2.0502     1238.00
 2.0753     1185.50
 2.1004     1133.00
 2.1255     1081.00
 2.1506     1029.00
 2.1757     1026.50
 2.2008     1024.00
 2.2259      922.50
 2.2510      821.00
 2.2760      749.50
 2.3011      678.00
 2.3262      667.50
 2.3513      657.00
 2.3764      665.50
 2.4015      674.00
 2.4266      595.50
 2.4517      517.00
 2.4768      525.50
 2.5019      534.00
 2.5270      564.00
 2.5521      594.00
 2.5772      549.00
 2.6023      504.00
 2.6274      479.50
 2.6525      455.00
 2.6776      426.00
 2.7027      397.00
 2.7278      420.50
 2.7529      444.00
 2.7779      419.00
 2.8030      394.00
 2.8281      378.00
 2.8532      362.00
 2.8783      365.50
 2.9034      369.00
 2.9285      365.50
 2.9536      362.00
 2.9787      339.50
 3.0038      317.00
 3.0289      290.00
 3.0540      263.00
 3.0791      271.00
 3.1042      279.00
 3.1293      287.00
 3.1544      295.00
 3.1795      291.00
 3.2046      287.00
 3.2297      278.00
 3.2548      269.00
 3.2798      244.00
 3.3049      219.00
 3.3300      238.00
 3.3551      257.00
 3.3802      257.00
 3.4053      257.00
 3.4304      244.00
 3.4555      231.00
 3.4806      223.00
 3.5057      215.00
 3.5308      218.00
 3.5559      221.00
 3.5810      235.00
 3.6061      249.00
 3.6312      225.00
 3.6563      201.00
 3.6814      223.00
 3.7065      245.00
 3.7316      244.00
 3.7567      243.00
 3.7817      223.00
 3.8068      203.00
 3.8319      195.00
 3.8570      187.00
 3.8821      183.50
 3.9072      180.00
 3.9323      190.00
 3.9574      200.00
 3.9825      196.50
 4.0076      193.00
 4.0327      182.00
 4.0578      171.00
 4.0829      172.00
 4.1080      173.00
 4.1331      165.00
 4.1582      157.00
 4.1833      163.50
 4.2084      170.00
 4.2335      184.00
 4.2585      198.00
 4.2836      182.00
 4.3087      166.00
 4.3338      162.00
 4.3589      158.00
 4.3840      152.00
 4.4091      146.00
 4.4342      156.50
 4.4593      167.00
 4.4844      182.00
 4.5095      197.00
 4.5346      185.50
 4.5597      174.00
 4.5848      166.00
 4.6099      158.00
 4.6350      154.50
 4.6601      151.00
 4.6852      146.50
 4.7103      142.00
 4.7354      154.50
 4.7605      167.00
 4.7855      161.00
 4.8106      155.00
 4.8357      151.00
 4.8608      147.00
 4.8859      151.00
 4.9110      155.00
 4.9361      149.00
 4.9612      143.00
 4.9863      139.00
 5.0114      135.00
 5.0365      131.50
 5.0616      128.00
 5.0867      138.50
 5.1118      149.00
 5.1369      139.50
 5.1620      130.00
 5.1871      124.00
 5.2122      118.00
 5.2373      112.00
 5.2623      106.00
 5.2874      119.00
 5.3125      132.00
 5.3376      124.50
 5.3627      117.00
 5.3878      129.50
 5.4129      142.00
 5.4380      141.00
 5.4631      140.00
 5.4882      131.00
 5.5133      122.00
 5.5384      131.00
 5.5635      140.00
 5.5886      128.00
 5.6137      116.00
 5.6388      125.50
 5.6639      135.00
 5.6890      127.50
 5.7141      120.00
 5.7392      131.00
 5.7643      142.00
 5.7893      144.00
 5.8144      146.00
 5.8395      135.00
 5.8646      124.00
 5.8897      123.00
 5.9148      122.00
 5.9399      120.00
 5.9650      118.00
 5.9901      121.50
 6.0152      125.00
 6.0403      131.50
 6.0654      138.00
 6.0905      118.00
 6.1156       98.00
 6.1407      122.50
 6.1658      147.00
 6.1909      140.50
 6.2160      134.00
 6.2411      133.00
 6.2661      132.00
 6.2912      153.50
 6.3163      175.00
 6.3414      230.50
 6.3665      286.00
 6.3916      237.00
 6.4167      188.00
 6.4418      148.50
 6.4669      109.00
 6.4920      109.50
 6.5171      110.00
 6.5422      120.00
 6.5673      130.00
 6.5924      129.00
 6.6175      128.00
 6.6426      131.50
 6.6677      135.00
 6.6928      128.50
 6.7179      122.00
 6.7430      130.50
 6.7680      139.00
 6.7931      128.00
 6.8182      117.00
 6.8433      113.00
 6.8684      109.00
 6.8935      117.00
 6.9186      125.00
 6.9437      119.50
 6.9688      114.00
 6.9939      114.00
 7.0190      114.00
 7.0441      111.50
 7.0692      109.00
 7.0943      106.00
 7.1194      103.00
 7.1445       95.50
 7.1696       88.00
 7.1947      102.50
 7.2198      117.00
 7.2449      119.50
 7.2699      122.00
 7.2950      119.00
 7.3201      116.00
 7.3452      112.00
 7.3703      108.00
 7.3954      109.00
 7.4205      110.00
 7.4456      110.50
 7.4707      111.00
 7.4958      116.00
 7.5209      121.00
 7.5460      112.00
 7.5711      103.00
 7.5962      113.00
 7.6213      123.00
 7.6464      122.00
 7.6715      121.00
 7.6966      122.50
 7.7217      124.00
 7.7468      118.00
 7.7718      112.00
 7.7969      113.00
 7.8220      114.00
 7.8471      115.50
 7.8722      117.00
 7.8973      109.50
 7.9224      102.00
 7.9475      113.50
 7.9726      125.00
 7.9977      121.50
 8.0228      118.00
 8.0479      110.00
 8.0730      102.00
 8.0981      105.50
 8.1232      109.00
 8.1483      105.50
 8.1734      102.00
 8.1985      104.00
 8.2236      106.00
 8.2487      104.00
 8.2737      102.00
 8.2988       97.50
 8.3239       93.00
 8.3490      112.00
 8.3741      131.00
 8.3992      125.00
 8.4243      119.00
 8.4494      112.50
 8.4745      106.00
 8.4996      118.00
 8.5247      130.00
 8.5498      133.00
 8.5749      136.00
 8.6000      133.50
 8.6251      131.00
 8.6502      149.50
 8.6753      168.00
 8.7004      152.50
 8.7255      137.00
 8.7506      170.50
 8.7756      204.00
 8.8007      252.00
 8.8258      300.00
 8.8509      263.50
 8.8760      227.00
 8.9011      175.00
 8.9262      123.00
 8.9513      117.50
 8.9764      112.00
 9.0015      110.50
 9.0266      109.00
 9.0517      114.50
 9.0768      120.00
 9.1019      110.50
 9.1270      101.00
 9.1521      108.50
 9.1772      116.00
 9.2023      110.00
 9.2274      104.00
 9.2525      100.00
 9.2775       96.00
 9.3026       95.50
 9.3277       95.00
 9.3528      100.00
 9.3779      105.00
 9.4030      103.50
 9.4281      102.00
 9.4532      106.00
 9.4783      110.00
 9.5034      112.00
 9.5285      114.00
 9.5536      110.50
 9.5787      107.00
 9.6038      108.50
 9.6289      110.00
 9.6540      118.00
 9.6791      126.00
 9.7042      120.00
 9.7293      114.00
 9.7544      123.00
 9.7795      132.00
 9.8045      128.00
 9.8296      124.00
 9.8547      121.00
 9.8798      118.00
 9.9049      122.00
 9.9300      126.00
 9.9551      117.00
 9.9802      108.00
10.0053      103.50
10.0304       99.00
10.0555      103.50
10.0806      108.00
10.1057      114.50
10.1308      121.00
10.1559      115.00
10.1810      109.00
10.2061      112.00
10.2312      115.00
10.2563      111.00
10.2813      107.00
10.3064      102.50
10.3315       98.00
10.3566      102.50
10.3817      107.00
10.4068      100.50
10.4319       94.00
10.4570       96.50
10.4821       99.00
10.5072      108.50
10.5323      118.00
10.5574      109.00
10.5825      100.00
10.6076      106.00
10.6327      112.00
10.6578      104.50
10.6829       97.00
10.7080      101.00
10.7331      105.00
10.7582      115.00
10.7832      125.00
10.8083      167.00
10.8334      209.00
10.8585      279.00
10.8836      349.00
10.9087      372.00
10.9338      395.00
10.9589      309.00
10.9840      223.00
11.0091      202.00
11.0342      181.00
11.0593      215.00
11.0844      249.00
11.1095      288.00
11.1346      327.00
11.1597      291.00
11.1848      255.00
11.2099      192.50
11.2350      130.00
11.2601      126.00
11.2851      122.00
11.3102      121.00
11.3353      120.00
11.3604      111.50
11.3855      103.00
11.4106      112.50
11.4357      122.00
11.4608      127.00
11.4859      132.00
11.5110      126.00
11.5361      120.00
11.5612      114.50
11.5863      109.00
11.6114      106.00
11.6365      103.00
11.6616       99.00
11.6867       95.00
11.7118       94.00
11.7369       93.00
11.7620      102.00
11.7870      111.00
11.8121      135.00
11.8372      159.00
11.8623      187.50
11.8874      216.00
11.9125      261.00
11.9376      306.00
11.9627      327.50
11.9878      349.00
12.0129      330.00
12.0380      311.00
12.0631      270.50
12.0882      230.00
12.1133      233.50
12.1384      237.00
12.1635      246.00
12.1886      255.00
12.2137      225.00
12.2388      195.00
12.2639      213.00
12.2889      231.00
12.3140      326.00
12.3391      421.00
12.3642      477.50
12.3893      534.00
12.4144      483.00
12.4395      432.00
12.4646      369.50
12.4897      307.00
12.5148      294.50
12.5399      282.00
12.5650      246.00
12.5901      210.00
12.6152      171.00
12.6403      132.00
12.6654      121.50
12.6905      111.00
12.7156      123.50
12.7407      136.00
12.7658      139.00
12.7908      142.00
12.8159      131.00
12.8410      120.00
12.8661      123.00
12.8912      126.00
12.9163      111.50
12.9414       97.00
12.9665      107.50
12.9916      118.00
13.0167      110.50
13.0418      103.00
13.0669      107.00
13.0920      111.00
13.1171      108.50
13.1422      106.00
13.1673      102.50
13.1924       99.00
13.2175      101.00
13.2426      103.00
13.2677      104.00
13.2927      105.00
13.3178      112.00
13.3429      119.00
13.3680      102.50
13.3931       86.00
13.4182       93.50
13.4433      101.00
13.4684      103.00
13.4935      105.00
13.5186      107.50
13.5437      110.00
13.5688      110.00
13.5939      110.00
13.6190      101.00
13.6441       92.00
13.6692       99.00
13.6943      106.00
13.7194      117.50
13.7445      129.00
13.7696      143.00
13.7946      157.00
13.8197      148.00
13.8448      139.00
13.8699      143.50
13.8950      148.00
13.9201      167.00
13.9452      186.00
13.9703      295.00
13.9954      404.00
14.0205      553.50
14.0456      703.00
14.0707      640.00
14.0958      577.00
14.1209      489.00
14.1460      401.00
14.1711      369.50
14.1962      338.00
14.2213      321.00
14.2464      304.00
14.2715      262.00
14.2965      220.00
14.3216      171.50
14.3467      123.00
14.3718      118.50
14.3969      114.00
14.4220      111.50
14.4471      109.00
14.4722      109.00
14.4973      109.00
14.5224      106.50
14.5475      104.00
14.5726      105.00
14.5977      106.00
14.6228       99.00
14.6479       92.00
14.6730      114.50
14.6981      137.00
14.7232      155.00
14.7483      173.00
14.7734      156.00
14.7984      139.00
14.8235      135.00
14.8486      131.00
14.8737      114.00
14.8988       97.00
14.9239       99.00
14.9490      101.00
14.9741      118.50
14.9992      136.00
15.0243      145.00
15.0494      154.00
15.0745      159.50
15.0996      165.00
15.1247      148.50
15.1498      132.00
15.1749      116.00
15.2000      100.00
15.2251       96.00
15.2502       92.00
15.2753       95.50
15.3003       99.00
15.3254       91.00
15.3505       83.00
15.3756       85.50
15.4007       88.00
15.4258       95.00
15.4509      102.00
15.4760       85.00
15.5011       68.00
15.5262       83.00
15.5513       98.00
15.5764       95.00
15.6015       92.00
15.6266      101.50
15.6517      111.00
15.6768      148.00
15.7019      185.00
15.7270      242.50
15.7521      300.00
15.7772      282.00
15.8022      264.00
15.8273      236.50
15.8524      209.00
15.8775      194.50
15.9026      180.00
15.9277      199.00
15.9528      218.00
15.9779      264.50
16.0030      311.00
16.0281      318.00
16.0532      325.00
16.0783      260.00
16.1034      195.00
16.1285      163.50
16.1536      132.00
16.1787      148.50
16.2038      165.00
16.2289      202.50
16.2540      240.00
16.2791      289.50
16.3041      339.00
16.3292      347.00
16.3543      355.00
16.3794      286.00
16.4045      217.00
16.4296      180.50
16.4547      144.00
16.4798      131.00
16.5049      118.00
16.5300      112.00
16.5551      106.00
16.5802      107.00
16.6053      108.00
16.6304       98.00
16.6555       88.00
16.6806      108.00
16.7057      128.00
16.7308      123.50
16.7559      119.00
16.7810      157.50
16.8060      196.00
16.8311      261.50
16.8562      327.00
16.8813      343.50
16.9064      360.00
16.9315      333.00
16.9566      306.00
16.9817      261.00
17.0068      216.00
17.0319      186.00
17.0570      156.00
17.0821      163.00
17.1072      170.00
17.1323      181.00
17.1574      192.00
17.1825      250.00
17.2076      308.00
17.2327      438.50
17.2578      569.00
17.2829      732.50
17.3079      896.00
17.3330     1116.00
17.3581     1336.00
17.3832     1602.00
17.4083     1868.00
17.4334     1772.00
17.4585     1676.00
17.4836     1356.00
17.5087     1036.00
17.5338      737.50
17.5589      439.00
17.5840      361.50
17.6091      284.00
17.6342      349.00
17.6593      414.00
17.6844      644.50
17.7095      875.00
17.7346     1050.50
17.7597     1226.00
17.7848     1063.50
17.8098      901.00
17.8349      666.00
17.8600      431.00
17.8851      349.00
17.9102      267.00
17.9353      196.00
17.9604      125.00
17.9855      137.00
18.0106      149.00
18.0357      155.00
18.0608      161.00
18.0859      174.00
18.1110      187.00
18.1361      239.50
18.1612      292.00
18.1863      419.50
18.2114      547.00
18.2365      640.50
18.2616      734.00
18.2867      662.00
18.3117      590.00
18.3368      463.50
18.3619      337.00
18.3870      255.50
18.4121      174.00
18.4372      158.50
18.4623      143.00
18.4874      155.00
18.5125      167.00
18.5376      178.50
18.5627      190.00
18.5878      206.00
18.6129      222.00
18.6380      211.00
18.6631      200.00
18.6882      175.00
18.7133      150.00
18.7384      139.00
18.7635      128.00
18.7886      125.00
18.8136      122.00
18.8387      139.50
18.8638      157.00
18.8889      167.00
18.9140      177.00
18.9391      196.50
18.9642      216.00
18.9893      221.50
19.0144      227.00
19.0395      223.50
19.0646      220.00
19.0897      203.50
19.1148      187.00
19.1399      182.00
19.1650      177.00
19.1901      194.00
19.2152      211.00
19.2403      244.00
19.2654      277.00
19.2905      271.00
19.3155      265.00
19.3406      332.00
19.3657      399.00
19.3908      612.00
19.4159      825.00
19.4410     1085.50
19.4661     1346.00
19.4912     1349.50
19.5163     1353.00
19.5414     1294.50
19.5665     1236.00
19.5916     1044.00
19.6167      852.00
19.6418      677.00
19.6669      502.00
19.6920      391.00
19.7171      280.00
19.7422      254.50
19.7673      229.00
19.7924      216.00
19.8175      203.00
19.8425      189.50
19.8676      176.00
19.8927      182.00
19.9178      188.00
19.9429      234.00
19.9680      280.00
19.9931      304.00
20.0182      328.00
20.0433      287.50
20.0684      247.00
20.0935      230.50
20.1186      214.00
20.1437      177.00
20.1688      140.00
20.1939      139.50
20.2190      139.00
20.2441      173.00
20.2692      207.00
20.2943      200.50
20.3194      194.00
20.3444      203.50
20.3695      213.00
20.3946      290.50
20.4197      368.00
20.4448      515.50
20.4699      663.00
20.4950      671.50
20.5201      680.00
20.5452      590.00
20.5703      500.00
20.5954      470.50
20.6205      441.00
20.6456      523.50
20.6707      606.00
20.6958      771.00
20.7209      936.00
20.7460     1056.00
20.7711     1176.00
20.7962     1481.50
20.8212     1787.00
20.8463     2167.00
20.8714     2547.00
20.8965     2380.50
20.9216     2214.00
20.9467     1856.50
20.9718     1499.00
20.9969     1131.50
21.0220      764.00
21.0471      576.00
21.0722      388.00
21.0973      335.50
21.1224      283.00
21.1475      237.00
21.1726      191.00
21.1977      178.50
21.2228      166.00
21.2479      172.50
21.2730      179.00
21.2981      263.00
21.3231      347.00
21.3482      405.00
21.3733      463.00
21.3984      463.00
21.4235      463.00
21.4486      388.00
21.4737      313.00
21.4988      268.50
21.5239      224.00
21.5490      189.50
21.5741      155.00
21.5992      147.00
21.6243      139.00
21.6494      149.50
21.6745      160.00
21.6996      176.00
21.7247      192.00
21.7498      199.50
21.7749      207.00
21.8000      217.50
21.8251      228.00
21.8501      216.00
21.8752      204.00
21.9003      215.00
21.9254      226.00
21.9505      237.50
21.9756      249.00
22.0007      269.00
22.0258      289.00
22.0509      367.00
22.0760      445.00
22.1011      484.50
22.1262      524.00
22.1513      542.00
22.1764      560.00
22.2015      519.00
22.2266      478.00
22.2517      437.00
22.2768      396.00
22.3019      446.00
22.3270      496.00
22.3520      590.00
22.3771      684.00
22.4022      834.50
22.4273      985.00
22.4524      942.00
22.4775      899.00
22.5026      753.50
22.5277      608.00
22.5528      507.00
22.5779      406.00
22.6030      367.00
22.6281      328.00
22.6532      374.50
22.6783      421.00
22.7034      425.00
22.7285      429.00
22.7536      410.50
22.7787      392.00
22.8038      397.00
22.8288      402.00
22.8539      447.00
22.8790      492.00
22.9041      571.00
22.9292      650.00
22.9543      633.50
22.9794      617.00
23.0045      547.00
23.0296      477.00
23.0547      457.00
23.0798      437.00
23.1049      445.50
23.1300      454.00
23.1551      543.50
23.1802      633.00
23.2053      687.00
23.2304      741.00
23.2555      685.00
23.2806      629.00
23.3057      521.50
23.3307      414.00
23.3558      340.50
23.3809      267.00
23.4060      240.00
23.4311      213.00
23.4562      202.50
23.4813      192.00
23.5064      187.00
23.5315      182.00
23.5566      174.50
23.5817      167.00
23.6068      182.50
23.6319      198.00
23.6570      203.50
23.6821      209.00
23.7072      229.00
23.7323      249.00
23.7574      278.50
23.7825      308.00
23.8076      394.00
23.8327      480.00
23.8577      601.00
23.8828      722.00
23.9079      713.50
23.9330      705.00
23.9581      632.50
23.9832      560.00
24.0083      474.00
24.0334      388.00
24.0585      393.50
24.0836      399.00
24.1087      527.00
24.1338      655.00
24.1589      769.00
24.1840      883.00
24.2091      860.50
24.2342      838.00
24.2593      727.50
24.2844      617.00
24.3095      491.00
24.3346      365.00
24.3596      285.00
24.3847      205.00
24.4098      195.00
24.4349      185.00
24.4600      183.00
24.4851      181.00
24.5102      192.00
24.5353      203.00
24.5604      202.50
24.5855      202.00
24.6106      232.50
24.6357      263.00
24.6608      368.00
24.6859      473.00
24.7110      615.50
24.7361      758.00
24.7612      806.00
24.7863      854.00
24.8114      791.00
24.8364      728.00
24.8615      603.50
24.8866      479.00
24.9117      395.50
24.9368      312.00
24.9619      259.50
24.9870      207.00
25.0121      191.50
25.0372      176.00
25.0623      179.50
25.0874      183.00
25.1125      163.50
25.1376      144.00
25.1627      151.50
25.1878      159.00
25.2129      174.50
25.2380      190.00
25.2631      245.00
25.2882      300.00
25.3133      340.00
25.3383      380.00
25.3634      335.00
25.3885      290.00
25.4136      254.50
25.4387      219.00
25.4638      197.50
25.4889      176.00
25.5140      163.00
25.5391      150.00
25.5642      155.00
25.5893      160.00
25.6144      166.00
25.6395      172.00
25.6646      179.50
25.6897      187.00
25.7148      200.00
25.7399      213.00
25.7650      236.50
25.7901      260.00
25.8152      275.50
25.8403      291.00
25.8653      325.50
25.8904      360.00
25.9155      338.50
25.9406      317.00
25.9657      358.00
25.9908      399.00
26.0159      449.50
26.0410      500.00
26.0661      466.00
26.0912      432.00
26.1163      398.50
26.1414      365.00
26.1665      356.50
26.1916      348.00
26.2167      322.00
26.2418      296.00
26.2669      328.00
26.2920      360.00
26.3171      365.50
26.3422      371.00
26.3672      344.50
26.3923      318.00
26.4174      281.50
26.4425      245.00
26.4676      205.50
26.4927      166.00
26.5178      150.00
26.5429      134.00
26.5680      141.00
26.5931      148.00
26.6182      141.00
26.6433      134.00
26.6684      150.50
26.6935      167.00
26.7186      240.50
26.7437      314.00
26.7688      450.50
26.7939      587.00
26.8190      699.00
26.8440      811.00
26.8691      756.50
26.8942      702.00
26.9193      578.00
26.9444      454.00
26.9695      373.00
26.9946      292.00
27.0197      280.00
27.0448      268.00
27.0699      269.50
27.0950      271.00
27.1201      282.00
27.1452      293.00
27.1703      271.50
27.1954      250.00
27.2205      246.50
27.2456      243.00
27.2707      251.50
27.2958      260.00
27.3209      289.50
27.3459      319.00
27.3710      350.50
27.3961      382.00
27.4212      440.50
27.4463      499.00
27.4714      524.00
27.4965      549.00
27.5216      502.00
27.5467      455.00
27.5718      412.00
27.5969      369.00
27.6220      316.00
27.6471      263.00
27.6722      258.50
27.6973      254.00
27.7224      236.00
27.7475      218.00
27.7726      211.50
27.7977      205.00
27.8228      228.00
27.8478      251.00
27.8729      234.50
27.8980      218.00
27.9231      213.50
27.9482      209.00
27.9733      186.50
27.9984      164.00
28.0235      155.50
28.0486      147.00
28.0737      160.50
28.0988      174.00
28.1239      192.00
28.1490      210.00
28.1741      264.00
28.1992      318.00
28.2243      461.00
28.2494      604.00
28.2745      755.00
28.2996      906.00
28.3247      934.50
28.3498      963.00
28.3748      938.50
28.3999      914.00
28.4250      755.50
28.4501      597.00
28.4752      552.50
28.5003      508.00
28.5254      469.00
28.5505      430.00
28.5756      412.50
28.6007      395.00
28.6258      329.00
28.6509      263.00
28.6760      247.00
28.7011      231.00
28.7262      231.00
28.7513      231.00
28.7764      227.50
28.8015      224.00
28.8266      222.00
28.8516      220.00
28.8767      239.50
28.9018      259.00
28.9269      266.50
28.9520      274.00
28.9771      319.50
29.0022      365.00
29.0273      372.50
29.0524      380.00
29.0775      361.00
29.1026      342.00
29.1277      313.00
29.1528      284.00
29.1779      283.50
29.2030      283.00
29.2281      332.00
29.2532      381.00
29.2783      389.50
29.3034      398.00
29.3285      392.00
29.3535      386.00
29.3786      330.50
29.4037      275.00
29.4288      234.00
29.4539      193.00
29.4790      168.50
29.5041      144.00
29.5292      148.50
29.5543      153.00
29.5794      137.50
29.6045      122.00
29.6296      115.50
29.6547      109.00
29.6798      114.50
29.7049      120.00
29.7300      125.00
29.7551      130.00
29.7802      132.00
29.8053      134.00
29.8304      162.50
29.8554      191.00
29.8805      204.50
29.9056      218.00
29.9307      239.50
29.9558      261.00
29.9809      278.50
30.0060      296.00
30.0311      284.50
30.0562      273.00
30.0813      257.50
30.1064      242.00
30.1315      223.50
30.1566      205.00
30.1817      216.50
30.2068      228.00
30.2319      218.50
30.2570      209.00
30.2821      195.00
30.3072      181.00
30.3323      170.50
30.3574      160.00
30.3824      164.00
30.4075      168.00
30.4326      166.50
30.4577      165.00
30.4828      159.00
30.5079      153.00
30.5330      144.00
30.5581      135.00
30.5832      131.50
30.6083      128.00
30.6334      127.50
30.6585      127.00
30.6836      119.50
30.7087      112.00
30.7338      123.50
30.7589      135.00
30.7840      138.00
30.8091      141.00
30.8342      142.50
30.8592      144.00
30.8843      139.50
30.9094      135.00
30.9345      128.00
30.9596      121.00
30.9847      115.50
31.0098      110.00
31.0349      105.00
31.0600      100.00
31.0851      105.00
31.1102      110.00
31.1353      107.50
31.1604      105.00
31.1855      106.00
31.2106      107.00
31.2357      117.50
31.2608      128.00
31.2859      141.00
31.3110      154.00
31.3361      143.50
31.3611      133.00
31.3862      147.00
31.4113      161.00
31.4364      157.50
31.4615      154.00
31.4866      141.50
31.5117      129.00
31.5368      134.00
31.5619      139.00
31.5870      124.50
31.6121      110.00
31.6372      111.50
31.6623      113.00
31.6874      121.00
31.7125      129.00
31.7376      135.00
31.7627      141.00
31.7878      158.50
31.8129      176.00
31.8380      174.50
31.8630      173.00
31.8881      172.00
31.9132      171.00
31.9383      183.00
31.9634      195.00
31.9885      197.00
32.0136      199.00
32.0387      200.00
32.0638      201.00
32.0889      207.00
32.1140      213.00
32.1391      212.00
32.1642      211.00
32.1893      207.00
32.2144      203.00
32.2395      185.50
32.2646      168.00
32.2897      192.00
32.3148      216.00
32.3399      253.50
32.3650      291.00
32.3900      295.50
32.4151      300.00
32.4402      299.00
32.4653      298.00
32.4904      281.50
32.5155      265.00
32.5406      251.00
32.5657      237.00
32.5908      227.00
32.6159      217.00
32.6410      227.00
32.6661      237.00
32.6912      219.50
32.7163      202.00
32.7414      195.50
32.7665      189.00
32.7916      187.00
32.8167      185.00
32.8418      182.50
32.8668      180.00
32.8919      169.50
32.9170      159.00
32.9421      162.00
32.9672      165.00
32.9923      186.50
33.0174      208.00
33.0425      214.00
33.0676      220.00
33.0927      226.50
33.1178      233.00
33.1429      240.50
33.1680      248.00
33.1931      232.00
33.2182      216.00
33.2433      196.50
33.2684      177.00
33.2935      194.00
33.3186      211.00
33.3437      195.00
33.3687      179.00
33.3938      174.50
33.4189      170.00
33.4440      151.00
33.4691      132.00
33.4942      134.50
33.5193      137.00
33.5444      119.00
33.5695      101.00
33.5946      113.00
33.6197      125.00
33.6448      123.00
33.6699      121.00
33.6950      124.50
33.7201      128.00
33.7452      130.00
33.7703      132.00
33.7954      133.50
33.8205      135.00
33.8456      132.00
33.8706      129.00
33.8957      138.50
33.9208      148.00
33.9459      167.00
33.9710      186.00
33.9961      209.00
34.0212      232.00
34.0463      235.50
34.0714      239.00
34.0965      217.50
34.1216      196.00
34.1467      161.00
34.1718      126.00
34.1969      125.50
34.2220      125.00
34.2471      120.50
34.2722      116.00
34.2973      116.50
34.3224      117.00
34.3475      119.50
34.3725      122.00
34.3976      120.00
34.4227      118.00
34.4478      119.00
34.4729      120.00
34.4980      121.50
34.5231      123.00
34.5482      115.00
34.5733      107.00
34.5984      110.00
34.6235      113.00
34.6486      109.50
34.6737      106.00
34.6988      113.00
34.7239      120.00
34.7490      115.50
34.7741      111.00
34.7992      119.50
34.8243      128.00
34.8494      126.50
34.8744      125.00
34.8995      130.00
34.9246      135.00
34.9497      142.50
34.9748      150.00
34.9999      141.50
35.0250      133.00
