 2.1900      385.00
 2.2100      379.00
 2.2300      382.00
 2.2500      379.00
 2.2700      372.00
 2.2900      354.00
 2.3100      384.00
 2.3300      384.00
 2.3500      366.00
 2.3700      378.00
 2.3900      328.00
 2.4100      322.00
 2.4300      350.00
 2.4500      361.00
 2.4700      324.00
 2.4900      407.00
 2.5100      338.00
 2.5300      339.00
 2.5500      362.00
 2.5700      327.00
 2.5900      331.00
 2.6100      345.00
 2.6300      344.00
 2.6500      361.00
 2.6700      356.00
 2.6900      318.00
 2.7100      333.00
 2.7300      324.00
 2.7500      329.00
 2.7700      344.00
 2.7900      375.00
 2.8100      342.00
 2.8300      338.00
 2.8500      366.00
 2.8700      381.00
 2.8900      299.00
 2.9100      376.00
 2.9300      339.00
 2.9500      354.00
 2.9700      336.00
 2.9900      348.00
 3.0100      347.00
 3.0300      332.00
 3.0500      345.00
 3.0700      336.00
 3.0900      347.00
 3.1100      347.00
 3.1300      362.00
 3.1500      362.00
 3.1700      327.00
 3.1900      338.00
 3.2100      368.00
 3.2300      353.00
 3.2500      327.00
 3.2700      319.00
 3.2900      362.00
 3.3100      361.00
 3.3300      334.00
 3.3500      359.00
 3.3700      342.00
 3.3900      354.00
 3.4100      316.00
 3.4300      324.00
 3.4500      348.00
 3.4700      343.00
 3.4900      352.00
 3.5100      312.00
 3.5300      329.00
 3.5500      337.00
 3.5700      336.00
 3.5900      334.00
 3.6100      325.00
 3.6300      305.00
 3.6500      317.00
 3.6700      284.00
 3.6900      311.00
 3.7100      314.00
 3.7300      287.00
 3.7500      300.00
 3.7700      300.00
 3.7900      309.00
 3.8100      296.00
 3.8300      294.00
 3.8500      325.00
 3.8700      313.00
 3.8900      279.00
 3.9100      296.00
 3.9300      321.00
 3.9500      298.00
 3.9700      297.00
 3.9900      316.00
 4.0100      282.00
 4.0300      283.00
 4.0500      270.00
 4.0700      293.00
 4.0900      309.00
 4.1100      268.00
 4.1300      258.00
 4.1500      280.00
 4.1700      262.00
 4.1900      276.00
 4.2100      276.00
 4.2300      251.00
 4.2500      259.00
 4.2700      256.00
 4.2900      247.00
 4.3100      269.00
 4.3300      254.00
 4.3500      218.00
 4.3700      247.00
 4.3900      269.00
 4.4100      248.00
 4.4300      249.00
 4.4500      287.00
 4.4700      265.00
 4.4900      261.00
 4.5100      250.00
 4.5300      254.00
 4.5500      252.00
 4.5700      237.00
 4.5900      257.00
 4.6100      274.00
 4.6300      220.00
 4.6500      219.00
 4.6700      219.00
 4.6900      252.00
 4.7100      266.00
 4.7300      264.00
 4.7500      256.00
 4.7700      257.00
 4.7900      251.00
 4.8100      251.00
 4.8300      232.00
 4.8500      236.00
 4.8700      261.00
 4.8900      231.00
 4.9100      206.00
 4.9300      219.00
 4.9500      210.00
 4.9700      211.00
 4.9900      204.00
 5.0100      168.00
 5.0300      222.00
 5.0500      193.00
 5.0700      231.00
 5.0900      207.00
 5.1100      236.00
 5.1300      251.00
 5.1500      225.00
 5.1700      203.00
 5.1900      198.00
 5.2100      210.00
 5.2300      189.00
 5.2500      218.00
 5.2700      212.00
 5.2900      219.00
 5.3100      252.00
 5.3300      208.00
 5.3500      208.00
 5.3700      213.00
 5.3900      256.00
 5.4100      231.00
 5.4300      211.00
 5.4500      227.00
 5.4700      208.00
 5.4900      224.00
 5.5100      257.00
 5.5300      262.00
 5.5500      251.00
 5.5700      271.00
 5.5900      251.00
 5.6100      267.00
 5.6300      264.00
 5.6500      313.00
 5.6700      268.00
 5.6900      280.00
 5.7100      341.00
 5.7300      333.00
 5.7500      352.00
 5.7700      374.00
 5.7900      406.00
 5.8100      376.00
 5.8300      394.00
 5.8500      424.00
 5.8700      462.00
 5.8900      449.00
 5.9100      492.00
 5.9300      515.00
 5.9500      552.00
 5.9700      570.00
 5.9900      654.00
 6.0100      684.00
 6.0300      765.00
 6.0500      822.00
 6.0700      933.00
 6.0900      948.00
 6.1100     1053.00
 6.1300     1241.00
 6.1500     1246.00
 6.1700     1458.00
 6.1900     1621.00
 6.2100     1835.00
 6.2300     2029.00
 6.2500     2296.00
 6.2700     2643.00
 6.2900     2922.00
 6.3100     3209.00
 6.3300     3479.00
 6.3500     3487.00
 6.3700     3708.00
 6.3900     3522.00
 6.4100     3319.00
 6.4300     3164.00
 6.4500     2682.00
 6.4700     2152.00
 6.4900     1834.00
 6.5100     1317.00
 6.5300      984.00
 6.5500      778.00
 6.5700      626.00
 6.5900      479.00
 6.6100      403.00
 6.6300      330.00
 6.6500      344.00
 6.6700      314.00
 6.6900      300.00
 6.7100      268.00
 6.7300      278.00
 6.7500      297.00
 6.7700      280.00
 6.7900      256.00
 6.8100      250.00
 6.8300      251.00
 6.8500      258.00
 6.8700      254.00
 6.8900      241.00
 6.9100      233.00
 6.9300      263.00
 6.9500      248.00
 6.9700      249.00
 6.9900      256.00
 7.0100      212.00
 7.0300      223.00
 7.0500      251.00
 7.0700      233.00
 7.0900      211.00
 7.1100      220.00
 7.1300      227.00
 7.1500      210.00
 7.1700      209.00
 7.1900      187.00
 7.2100      193.00
 7.2300      209.00
 7.2500      240.00
 7.2700      195.00
 7.2900      196.00
 7.3100      209.00
 7.3300      174.00
 7.3500      216.00
 7.3700      213.00
 7.3900      221.00
 7.4100      213.00
 7.4300      200.00
 7.4500      202.00
 7.4700      217.00
 7.4900      214.00
 7.5100      190.00
 7.5300      190.00
 7.5500      221.00
 7.5700      192.00
 7.5900      243.00
 7.6100      172.00
 7.6300      213.00
 7.6500      182.00
 7.6700      189.00
 7.6900      187.00
 7.7100      218.00
 7.7300      184.00
 7.7500      176.00
 7.7700      190.00
 7.7900      199.00
 7.8100      188.00
 7.8300      202.00
 7.8500      159.00
 7.8700      173.00
 7.8900      206.00
 7.9100      191.00
 7.9300      196.00
 7.9500      188.00
 7.9700      182.00
 7.9900      188.00
 8.0100      196.00
 8.0300      188.00
 8.0500      167.00
 8.0700      182.00
 8.0900      182.00
 8.1100      196.00
 8.1300      198.00
 8.1500      160.00
 8.1700      170.00
 8.1900      184.00
 8.2100      165.00
 8.2300      163.00
 8.2500      165.00
 8.2700      179.00
 8.2900      199.00
 8.3100      188.00
 8.3300      187.00
 8.3500      182.00
 8.3700      181.00
 8.3900      162.00
 8.4100      161.00
 8.4300      195.00
 8.4500      170.00
 8.4700      181.00
 8.4900      169.00
 8.5100      175.00
 8.5300      168.00
 8.5500      200.00
 8.5700      178.00
 8.5900      169.00
 8.6100      184.00
 8.6300      169.00
 8.6500      194.00
 8.6700      214.00
 8.6900      208.00
 8.7100      187.00
 8.7300      164.00
 8.7500      193.00
 8.7700      200.00
 8.7900      190.00
 8.8100      188.00
 8.8300      183.00
 8.8500      194.00
 8.8700      185.00
 8.8900      213.00
 8.9100      207.00
 8.9300      181.00
 8.9500      214.00
 8.9700      189.00
 8.9900      191.00
 9.0100      194.00
 9.0300      190.00
 9.0500      211.00
 9.0700      220.00
 9.0900      231.00
 9.1100      216.00
 9.1300      276.00
 9.1500      256.00
 9.1700      259.00
 9.1900      290.00
 9.2100      315.00
 9.2300      300.00
 9.2500      351.00
 9.2700      329.00
 9.2900      361.00
 9.3100      371.00
 9.3300      384.00
 9.3500      364.00
 9.3700      363.00
 9.3900      390.00
 9.4100      345.00
 9.4300      381.00
 9.4500      353.00
 9.4700      351.00
 9.4900      352.00
 9.5100      394.00
 9.5300      448.00
 9.5500      443.00
 9.5700      418.00
 9.5900      437.00
 9.6100      462.00
 9.6300      388.00
 9.6500      414.00
 9.6700      330.00
 9.6900      326.00
 9.7100      300.00
 9.7300      245.00
 9.7500      237.00
 9.7700      208.00
 9.7900      208.00
 9.8100      215.00
 9.8300      192.00
 9.8500      196.00
 9.8700      183.00
 9.8900      189.00
 9.9100      173.00
 9.9300      163.00
 9.9500      174.00
 9.9700      218.00
 9.9900      199.00
10.0100      168.00
10.0300      181.00
10.0500      209.00
10.0700      190.00
10.0900      203.00
10.1100      182.00
10.1300      187.00
10.1500      183.00
10.1700      193.00
10.1900      178.00
10.2100      184.00
10.2300      166.00
10.2500      176.00
10.2700      197.00
10.2900      170.00
10.3100      171.00
10.3300      180.00
10.3500      166.00
10.3700      166.00
10.3900      161.00
10.4100      169.00
10.4300      167.00
10.4500      188.00
10.4700      201.00
10.4900      209.00
10.5100      170.00
10.5300      191.00
10.5500      192.00
10.5700      202.00
10.5900      198.00
10.6100      204.00
10.6300      223.00
10.6500      211.00
10.6700      256.00
10.6900      258.00
10.7100      246.00
10.7300      265.00
10.7500      301.00
10.7700      344.00
10.7900      328.00
10.8100      341.00
10.8300      363.00
10.8500      367.00
10.8700      381.00
10.8900      381.00
10.9100      353.00
10.9300      306.00
10.9500      318.00
10.9700      300.00
10.9900      266.00
11.0100      237.00
11.0300      236.00
11.0500      189.00
11.0700      189.00
11.0900      172.00
11.1100      187.00
11.1300      183.00
11.1500      191.00
11.1700      157.00
11.1900      163.00
11.2100      216.00
11.2300      193.00
11.2500      149.00
11.2700      201.00
11.2900      201.00
11.3100      186.00
11.3300      181.00
11.3500      172.00
11.3700      201.00
11.3900      179.00
11.4100      196.00
11.4300      194.00
11.4500      188.00
11.4700      209.00
11.4900      175.00
11.5100      223.00
11.5300      199.00
11.5500      195.00
11.5700      237.00
11.5900      213.00
11.6100      222.00
11.6300      228.00
11.6500      221.00
11.6700      226.00
11.6900      261.00
11.7100      291.00
11.7300      282.00
11.7500      296.00
11.7700      276.00
11.7900      319.00
11.8100      302.00
11.8300      356.00
11.8500      307.00
11.8700      268.00
11.8900      299.00
11.9100      307.00
11.9300      262.00
11.9500      281.00
11.9700      283.00
11.9900      265.00
12.0100      252.00
12.0300      289.00
12.0500      262.00
12.0700      285.00
12.0900      271.00
12.1100      282.00
12.1300      282.00
12.1500      275.00
12.1700      245.00
12.1900      249.00
12.2100      239.00
12.2300      264.00
12.2500      257.00
12.2700      265.00
12.2900      251.00
12.3100      229.00
12.3300      267.00
12.3500      263.00
12.3700      270.00
12.3900      275.00
12.4100      300.00
12.4300      323.00
12.4500      344.00
12.4700      380.00
12.4900      400.00
12.5100      467.00
12.5300      472.00
12.5500      543.00
12.5700      581.00
12.5900      726.00
12.6100      835.00
12.6300      970.00
12.6500     1085.00
12.6700     1164.00
12.6900     1367.00
12.7100     1345.00
12.7300     1570.00
12.7500     1565.00
12.7700     1495.00
12.7900     1419.00
12.8100     1312.00
12.8300     1260.00
12.8500     1049.00
12.8700      859.00
12.8900      700.00
12.9100      538.00
12.9300      460.00
12.9500      384.00
12.9700      339.00
12.9900      285.00
13.0100      262.00
13.0300      258.00
13.0500      215.00
13.0700      246.00
13.0900      224.00
13.1100      218.00
13.1300      219.00
13.1500      209.00
13.1700      210.00
13.1900      216.00
13.2100      206.00
13.2300      219.00
13.2500      188.00
13.2700      186.00
13.2900      181.00
13.3100      187.00
13.3300      204.00
13.3500      198.00
13.3700      184.00
13.3900      189.00
13.4100      225.00
13.4300      211.00
13.4500      185.00
13.4700      189.00
13.4900      179.00
13.5100      187.00
13.5300      174.00
13.5500      196.00
13.5700      201.00
13.5900      204.00
13.6100      199.00
13.6300      194.00
13.6500      201.00
13.6700      216.00
13.6900      224.00
13.7100      195.00
13.7300      220.00
13.7500      199.00
13.7700      236.00
13.7900      219.00
13.8100      210.00
13.8300      180.00
13.8500      187.00
13.8700      188.00
13.8900      181.00
13.9100      214.00
13.9300      183.00
13.9500      178.00
13.9700      210.00
13.9900      188.00
14.0100      181.00
14.0300      196.00
14.0500      206.00
14.0700      200.00
14.0900      200.00
14.1100      212.00
14.1300      210.00
14.1500      226.00
14.1700      226.00
14.1900      219.00
14.2100      239.00
14.2300      253.00
14.2500      253.00
14.2700      262.00
14.2900      281.00
14.3100      287.00
14.3300      321.00
14.3500      317.00
14.3700      345.00
14.3900      333.00
14.4100      338.00
14.4300      286.00
14.4500      258.00
14.4700      253.00
14.4900      225.00
14.5100      223.00
14.5300      228.00
14.5500      220.00
14.5700      195.00
14.5900      177.00
14.6100      213.00
14.6300      208.00
14.6500      180.00
14.6700      209.00
14.6900      226.00
14.7100      199.00
14.7300      196.00
14.7500      256.00
14.7700      276.00
14.7900      288.00
14.8100      281.00
14.8300      335.00
14.8500      338.00
14.8700      374.00
14.8900      388.00
14.9100      418.00
14.9300      442.00
14.9500      446.00
14.9700      442.00
14.9900      403.00
15.0100      411.00
15.0300      369.00
15.0500      302.00
15.0700      296.00
15.0900      274.00
15.1100      229.00
15.1300      226.00
15.1500      223.00
15.1700      199.00
15.1900      202.00
15.2100      180.00
15.2300      196.00
15.2500      190.00
15.2700      187.00
15.2900      205.00
15.3100      210.00
15.3300      183.00
15.3500      213.00
15.3700      180.00
15.3900      224.00
15.4100      174.00
15.4300      184.00
15.4500      198.00
15.4700      236.00
15.4900      197.00
15.5100      185.00
15.5300      189.00
15.5500      192.00
15.5700      172.00
15.5900      214.00
15.6100      181.00
15.6300      199.00
15.6500      192.00
15.6700      200.00
15.6900      198.00
15.7100      193.00
15.7300      210.00
15.7500      209.00
15.7700      193.00
15.7900      206.00
15.8100      212.00
15.8300      209.00
15.8500      201.00
15.8700      213.00
15.8900      214.00
15.9100      206.00
15.9300      220.00
15.9500      215.00
15.9700      202.00
15.9900      206.00
16.0100      201.00
16.0300      191.00
16.0500      187.00
16.0700      198.00
16.0900      188.00
16.1100      173.00
16.1300      198.00
16.1500      223.00
16.1700      215.00
16.1900      174.00
16.2100      201.00
16.2300      174.00
16.2500      218.00
16.2700      216.00
16.2900      225.00
16.3100      190.00
16.3300      192.00
16.3500      221.00
16.3700      168.00
16.3900      175.00
16.4100      197.00
16.4300      185.00
16.4500      189.00
16.4700      176.00
16.4900      163.00
16.5100      176.00
16.5300      192.00
16.5500      190.00
16.5700      179.00
16.5900      188.00
16.6100      201.00
16.6300      211.00
16.6500      187.00
16.6700      162.00
16.6900      193.00
16.7100      187.00
16.7300      195.00
16.7500      229.00
16.7700      241.00
16.7900      236.00
16.8100      229.00
16.8300      244.00
16.8500      231.00
16.8700      245.00
16.8900      234.00
16.9100      232.00
16.9300      210.00
16.9500      235.00
16.9700      241.00
16.9900      284.00
17.0100      240.00
17.0300      220.00
17.0500      268.00
17.0700      260.00
17.0900      285.00
17.1100      284.00
17.1300      278.00
17.1500      281.00
17.1700      328.00
17.1900      297.00
17.2100      331.00
17.2300      345.00
17.2500      367.00
17.2700      351.00
17.2900      441.00
17.3100      424.00
17.3300      481.00
17.3500      599.00
17.3700      569.00
17.3900      585.00
17.4100      630.00
17.4300      627.00
17.4500      580.00
17.4700      572.00
17.4900      517.00
17.5100      471.00
17.5300      399.00
17.5500      376.00
17.5700      299.00
17.5900      272.00
17.6100      253.00
17.6300      242.00
17.6500      223.00
17.6700      244.00
17.6900      219.00
17.7100      233.00
17.7300      207.00
17.7500      265.00
17.7700      229.00
17.7900      273.00
17.8100      276.00
17.8300      295.00
17.8500      289.00
17.8700      272.00
17.8900      294.00
17.9100      308.00
17.9300      308.00
17.9500      317.00
17.9700      298.00
17.9900      295.00
18.0100      277.00
18.0300      268.00
18.0500      226.00
18.0700      235.00
18.0900      248.00
18.1100      258.00
18.1300      212.00
18.1500      242.00
18.1700      237.00
18.1900      203.00
18.2100      234.00
18.2300      231.00
18.2500      262.00
18.2700      299.00
18.2900      289.00
18.3100      315.00
18.3300      307.00
18.3500      327.00
18.3700      357.00
18.3900      353.00
18.4100      396.00
18.4300      383.00
18.4500      410.00
18.4700      474.00
18.4900      505.00
18.5100      561.00
18.5300      578.00
18.5500      611.00
18.5700      778.00
18.5900      823.00
18.6100      862.00
18.6300      943.00
18.6500      992.00
18.6700     1044.00
18.6900      969.00
18.7100      915.00
18.7300      829.00
18.7500      777.00
18.7700      639.00
18.7900      558.00
18.8100      497.00
18.8300      446.00
18.8500      377.00
18.8700      343.00
18.8900      300.00
18.9100      254.00
18.9300      277.00
18.9500      269.00
18.9700      281.00
18.9900      316.00
19.0100      313.00
19.0300      357.00
19.0500      365.00
19.0700      381.00
19.0900      403.00
19.1100      472.00
19.1300      472.00
19.1500      497.00
19.1700      577.00
19.1900      535.00
19.2100      618.00
19.2300      545.00
19.2500      540.00
19.2700      485.00
19.2900      465.00
19.3100      446.00
19.3300      385.00
19.3500      396.00
19.3700      389.00
19.3900      349.00
19.4100      408.00
19.4300      379.00
19.4500      392.00
19.4700      454.00
19.4900      420.00
19.5100      484.00
19.5300      551.00
19.5500      526.00
19.5700      512.00
19.5900      512.00
19.6100      454.00
19.6300      439.00
19.6500      393.00
19.6700      350.00
19.6900      306.00
19.7100      295.00
19.7300      267.00
19.7500      238.00
19.7700      233.00
19.7900      209.00
19.8100      210.00
19.8300      204.00
19.8500      213.00
19.8700      213.00
19.8900      205.00
19.9100      218.00
19.9300      224.00
19.9500      208.00
19.9700      230.00
19.9900      245.00
20.0100      230.00
20.0300      267.00
20.0500      244.00
20.0700      252.00
20.0900      255.00
20.1100      269.00
20.1300      274.00
20.1500      274.00
20.1700      282.00
20.1900      297.00
20.2100      297.00
20.2300      284.00
20.2500      307.00
20.2700      293.00
20.2900      275.00
20.3100      273.00
20.3300      227.00
20.3500      249.00
20.3700      252.00
20.3900      242.00
20.4100      241.00
20.4300      226.00
20.4500      243.00
20.4700      210.00
20.4900      251.00
20.5100      235.00
20.5300      245.00
20.5500      261.00
20.5700      276.00
20.5900      260.00
20.6100      245.00
20.6300      256.00
20.6500      248.00
20.6700      237.00
20.6900      257.00
20.7100      212.00
20.7300      209.00
20.7500      220.00
20.7700      212.00
20.7900      242.00
20.8100      186.00
20.8300      183.00
20.8500      206.00
20.8700      180.00
20.8900      199.00
20.9100      197.00
20.9300      178.00
20.9500      182.00
20.9700      201.00
20.9900      184.00
21.0100      181.00
21.0300      204.00
21.0500      193.00
21.0700      205.00
21.0900      219.00
21.1100      207.00
21.1300      216.00
21.1500      250.00
21.1700      248.00
21.1900      276.00
21.2100      294.00
21.2300      332.00
21.2500      275.00
21.2700      297.00
21.2900      319.00
21.3100      284.00
21.3300      297.00
21.3500      282.00
21.3700      304.00
21.3900      318.00
21.4100      284.00
21.4300      317.00
21.4500      340.00
21.4700      350.00
21.4900      375.00
21.5100      407.00
21.5300      448.00
21.5500      442.00
21.5700      478.00
21.5900      499.00
21.6100      430.00
21.6300      470.00
21.6500      411.00
21.6700      374.00
21.6900      397.00
21.7100      371.00
21.7300      333.00
21.7500      340.00
21.7700      267.00
21.7900      280.00
21.8100      283.00
21.8300      273.00
21.8500      261.00
21.8700      251.00
21.8900      271.00
21.9100      280.00
21.9300      244.00
21.9500      271.00
21.9700      211.00
21.9900      256.00
22.0100      266.00
22.0300      292.00
22.0500      272.00
22.0700      282.00
22.0900      295.00
22.1100      263.00
22.1300      257.00
22.1500      253.00
22.1700      236.00
22.1900      245.00
22.2100      215.00
22.2300      231.00
22.2500      219.00
22.2700      210.00
22.2900      217.00
22.3100      231.00
22.3300      272.00
22.3500      282.00
22.3700      271.00
22.3900      268.00
22.4100      304.00
22.4300      314.00
22.4500      353.00
22.4700      423.00
22.4900      477.00
22.5100      495.00
22.5300      574.00
22.5500      625.00
22.5700      705.00
22.5900      771.00
22.6100      819.00
22.6300      774.00
22.6500      823.00
22.6700      762.00
22.6900      731.00
22.7100      642.00
22.7300      642.00
22.7500      561.00
22.7700      518.00
22.7900      405.00
22.8100      395.00
22.8300      362.00
22.8500      320.00
22.8700      306.00
22.8900      308.00
22.9100      267.00
22.9300      260.00
22.9500      267.00
22.9700      265.00
22.9900      227.00
23.0100      247.00
23.0300      224.00
23.0500      257.00
23.0700      208.00
23.0900      211.00
23.1100      208.00
23.1300      209.00
23.1500      207.00
23.1700      209.00
23.1900      196.00
23.2100      190.00
23.2300      203.00
23.2500      221.00
23.2700      202.00
23.2900      213.00
23.3100      208.00
23.3300      191.00
23.3500      200.00
23.3700      193.00
23.3900      223.00
23.4100      229.00
23.4300      196.00
23.4500      203.00
23.4700      235.00
23.4900      222.00
23.5100      210.00
23.5300      240.00
23.5500      250.00
23.5700      268.00
23.5900      274.00
23.6100      316.00
23.6300      336.00
23.6500      347.00
23.6700      372.00
23.6900      402.00
23.7100      472.00
23.7300      509.00
23.7500      519.00
23.7700      476.00
23.7900      506.00
23.8100      519.00
23.8300      499.00
23.8500      440.00
23.8700      407.00
23.8900      424.00
23.9100      414.00
23.9300      380.00
23.9500      376.00
23.9700      398.00
23.9900      399.00
24.0100      378.00
24.0300      432.00
24.0500      397.00
24.0700      447.00
24.0900      441.00
24.1100      510.00
24.1300      610.00
24.1500      633.00
24.1700      706.00
24.1900      757.00
24.2100      766.00
24.2300      804.00
24.2500      863.00
24.2700      792.00
24.2900      853.00
24.3100      755.00
24.3300      787.00
24.3500      693.00
24.3700      655.00
24.3900      599.00
24.4100      520.00
24.4300      410.00
24.4500      429.00
24.4700      386.00
24.4900      330.00
24.5100      348.00
24.5300      342.00
24.5500      277.00
24.5700      281.00
24.5900      297.00
24.6100      258.00
24.6300      261.00
24.6500      263.00
24.6700      255.00
24.6900      246.00
24.7100      265.00
24.7300      262.00
24.7500      269.00
24.7700      237.00
24.7900      269.00
24.8100      258.00
24.8300      267.00
24.8500      269.00
24.8700      252.00
24.8900      261.00
24.9100      257.00
24.9300      251.00
24.9500      215.00
24.9700      208.00
24.9900      205.00
25.0100      204.00
25.0300      173.00
25.0500      200.00
25.0700      182.00
25.0900      199.00
25.1100      186.00
25.1300      204.00
25.1500      201.00
25.1700      203.00
25.1900      184.00
25.2100      203.00
25.2300      200.00
25.2500      207.00
25.2700      195.00
25.2900      215.00
25.3100      185.00
25.3300      206.00
25.3500      210.00
25.3700      189.00
25.3900      218.00
25.4100      233.00
25.4300      214.00
25.4500      230.00
25.4700      225.00
25.4900      239.00
25.5100      260.00
25.5300      220.00
25.5500      282.00
25.5700      314.00
25.5900      303.00
25.6100      372.00
25.6300      327.00
25.6500      349.00
25.6700      391.00
25.6900      400.00
25.7100      480.00
25.7300      413.00
25.7500      426.00
25.7700      468.00
25.7900      460.00
25.8100      470.00
25.8300      489.00
25.8500      492.00
25.8700      450.00
25.8900      484.00
25.9100      440.00
25.9300      377.00
25.9500      398.00
25.9700      424.00
25.9900      400.00
26.0100      380.00
26.0300      374.00
26.0500      338.00
26.0700      339.00
26.0900      353.00
26.1100      331.00
26.1300      276.00
26.1500      272.00
26.1700      248.00
26.1900      252.00
26.2100      217.00
26.2300      196.00
26.2500      233.00
26.2700      215.00
26.2900      238.00
26.3100      202.00
26.3300      221.00
26.3500      202.00
26.3700      177.00
26.3900      207.00
26.4100      195.00
26.4300      190.00
26.4500      176.00
26.4700      170.00
26.4900      182.00
26.5100      186.00
26.5300      197.00
26.5500      186.00
26.5700      201.00
26.5900      185.00
26.6100      214.00
26.6300      196.00
26.6500      197.00
26.6700      210.00
26.6900      224.00
26.7100      228.00
26.7300      211.00
26.7500      235.00
26.7700      216.00
26.7900      233.00
26.8100      271.00
26.8300      260.00
26.8500      295.00
26.8700      291.00
26.8900      292.00
26.9100      289.00
26.9300      316.00
26.9500      285.00
26.9700      344.00
26.9900      319.00
27.0100      274.00
27.0300      268.00
27.0500      257.00
27.0700      261.00
27.0900      211.00
27.1100      260.00
27.1300      226.00
27.1500      232.00
27.1700      233.00
27.1900      250.00
27.2100      249.00
27.2300      268.00
27.2500      292.00
27.2700      365.00
27.2900      357.00
27.3100      440.00
27.3300      474.00
27.3500      525.00
27.3700      619.00
27.3900      672.00
27.4100      719.00
27.4300      761.00
27.4500      809.00
27.4700      865.00
27.4900      864.00
27.5100      823.00
27.5300      732.00
27.5500      690.00
27.5700      672.00
27.5900      565.00
27.6100      495.00
27.6300      456.00
27.6500      436.00
27.6700      413.00
27.6900      382.00
27.7100      413.00
27.7300      359.00
27.7500      387.00
27.7700      402.00
27.7900      391.00
27.8100      434.00
27.8300      396.00
27.8500      418.00
27.8700      412.00
27.8900      428.00
27.9100      356.00
27.9300      343.00
27.9500      356.00
27.9700      312.00
27.9900      288.00
28.0100      298.00
28.0300      343.00
28.0500      293.00
28.0700      337.00
28.0900      350.00
28.1100      360.00
28.1300      293.00
28.1500      339.00
28.1700      325.00
28.1900      318.00
28.2100      350.00
28.2300      332.00
28.2500      284.00
28.2700      283.00
28.2900      223.00
28.3100      261.00
28.3300      206.00
28.3500      201.00
28.3700      229.00
28.3900      218.00
28.4100      188.00
28.4300      172.00
28.4500      185.00
28.4700      172.00
28.4900      203.00
28.5100      189.00
28.5300      172.00
28.5500      178.00
28.5700      156.00
28.5900      166.00
28.6100      172.00
28.6300      169.00
28.6500      206.00
28.6700      198.00
28.6900      172.00
28.7100      150.00
28.7300      185.00
28.7500      198.00
28.7700      176.00
28.7900      195.00
28.8100      235.00
28.8300      216.00
28.8500      225.00
28.8700      240.00
28.8900      208.00
28.9100      243.00
28.9300      243.00
28.9500      294.00
28.9700      316.00
28.9900      316.00
29.0100      317.00
29.0300      311.00
29.0500      321.00
29.0700      324.00
29.0900      353.00
29.1100      341.00
29.1300      361.00
29.1500      331.00
29.1700      331.00
29.1900      328.00
29.2100      375.00
29.2300      333.00
29.2500      323.00
29.2700      323.00
29.2900      313.00
29.3100      288.00
29.3300      239.00
29.3500      218.00
29.3700      215.00
29.3900      209.00
29.4100      229.00
29.4300      176.00
29.4500      188.00
29.4700      179.00
29.4900      192.00
29.5100      161.00
29.5300      192.00
29.5500      157.00
29.5700      178.00
29.5900      184.00
29.6100      179.00
29.6300      154.00
29.6500      151.00
29.6700      168.00
29.6900      161.00
29.7100      188.00
29.7300      162.00
29.7500      194.00
29.7700      183.00
29.7900      187.00
29.8100      167.00
29.8300      177.00
29.8500      181.00
29.8700      181.00
29.8900      171.00
29.9100      190.00
29.9300      191.00
29.9500      187.00
29.9700      206.00
29.9900      226.00
30.0100      204.00
30.0300      190.00
30.0500      212.00
30.0700      198.00
30.0900      217.00
30.1100      216.00
30.1300      245.00
30.1500      253.00
30.1700      312.00
30.1900      276.00
30.2100      315.00
30.2300      346.00
30.2500      344.00
30.2700      331.00
30.2900      389.00
30.3100      391.00
30.3300      356.00
30.3500      342.00
30.3700      329.00
30.3900      314.00
30.4100      313.00
30.4300      242.00
30.4500      262.00
30.4700      228.00
30.4900      217.00
30.5100      203.00
30.5300      192.00
30.5500      209.00
30.5700      202.00
30.5900      198.00
30.6100      189.00
30.6300      183.00
30.6500      195.00
30.6700      186.00
30.6900      181.00
30.7100      208.00
30.7300      202.00
30.7500      198.00
30.7700      169.00
30.7900      216.00
30.8100      189.00
30.8300      187.00
30.8500      204.00
30.8700      175.00
30.8900      161.00
30.9100      161.00
30.9300      178.00
30.9500      168.00
30.9700      171.00
30.9900      173.00
31.0100      181.00
31.0300      159.00
31.0500      155.00
31.0700      202.00
31.0900      187.00
31.1100      171.00
31.1300      144.00
31.1500      147.00
31.1700      142.00
31.1900      145.00
31.2100      153.00
31.2300      176.00
31.2500      172.00
31.2700      138.00
31.2900      154.00
31.3100      159.00
31.3300      157.00
31.3500      153.00
31.3700      162.00
31.3900      163.00
31.4100      135.00
31.4300      152.00
31.4500      135.00
31.4700      158.00
31.4900      153.00
31.5100      140.00
31.5300      154.00
31.5500      138.00
31.5700      152.00
31.5900      149.00
31.6100      154.00
31.6300      181.00
31.6500      186.00
31.6700      160.00
31.6900      177.00
31.7100      182.00
31.7300      154.00
31.7500      170.00
31.7700      181.00
31.7900      164.00
31.8100      174.00
31.8300      177.00
31.8500      143.00
31.8700      163.00
31.8900      135.00
31.9100      129.00
31.9300      147.00
31.9500      168.00
31.9700      177.00
31.9900      166.00
32.0100      156.00
32.0300      171.00
32.0500      164.00
32.0700      168.00
32.0900      163.00
32.1100      177.00
32.1300      151.00
32.1500      174.00
32.1700      180.00
32.1900      166.00
32.2100      165.00
32.2300      174.00
32.2500      159.00
32.2700      170.00
32.2900      152.00
32.3100      174.00
32.3300      164.00
32.3500      170.00
32.3700      170.00
32.3900      169.00
32.4100      164.00
32.4300      139.00
32.4500      155.00
32.4700      156.00
32.4900      172.00
32.5100      139.00
32.5300      163.00
32.5500      133.00
32.5700      128.00
32.5900      131.00
32.6100      137.00
32.6300      110.00
32.6500      121.00
32.6700      139.00
32.6900      141.00
32.7100      127.00
32.7300      150.00
32.7500      105.00
32.7700      130.00
32.7900      119.00
32.8100      124.00
32.8300      127.00
32.8500      114.00
32.8700      111.00
32.8900      131.00
32.9100      134.00
32.9300      136.00
32.9500      163.00
32.9700      146.00
32.9900      170.00
33.0100      171.00
33.0300      157.00
33.0500      188.00
33.0700      186.00
33.0900      167.00
33.1100      204.00
33.1300      181.00
33.1500      176.00
33.1700      192.00
33.1900      167.00
33.2100      199.00
33.2300      172.00
33.2500      181.00
33.2700      175.00
33.2900      183.00
33.3100      177.00
33.3300      171.00
33.3500      169.00
33.3700      144.00
33.3900      163.00
33.4100      166.00
33.4300      178.00
33.4500      140.00
33.4700      167.00
33.4900      133.00
33.5100      152.00
33.5300      128.00
33.5500      134.00
33.5700      142.00
33.5900      151.00
33.6100      127.00
33.6300      137.00
33.6500      156.00
33.6700      131.00
33.6900      132.00
33.7100      142.00
33.7300      140.00
33.7500      137.00
33.7700      130.00
33.7900      130.00
33.8100      133.00
33.8300      168.00
33.8500      150.00
33.8700      137.00
33.8900      133.00
33.9100      166.00
33.9300      176.00
33.9500      192.00
33.9700      153.00
33.9900      172.00
34.0100      163.00
34.0300      156.00
34.0500      171.00
34.0700      161.00
34.0900      186.00
34.1100      192.00
34.1300      168.00
34.1500      169.00
34.1700      202.00
34.1900      199.00
34.2100      175.00
34.2300      170.00
34.2500      208.00
34.2700      168.00
34.2900      161.00
34.3100      189.00
34.3300      190.00
34.3500      175.00
34.3700      144.00
34.3900      162.00
34.4100      154.00
34.4300      150.00
34.4500      140.00
34.4700      143.00
34.4900      141.00
34.5100      151.00
34.5300      154.00
34.5500      155.00
34.5700      142.00
34.5900      159.00
34.6100      159.00
34.6300      148.00
34.6500      169.00
34.6700      172.00
34.6900      157.00
34.7100      150.00
34.7300      170.00
34.7500      140.00
34.7700      135.00
34.7900      152.00
34.8100      129.00
34.8300      156.00
34.8500      128.00
34.8700      120.00
34.8900      150.00
34.9100      161.00
34.9300      133.00
34.9500      146.00
34.9700      153.00
34.9900      133.00
