 2.1400      336.00
 2.1600      313.00
 2.1800      292.00
 2.2000      331.00
 2.2200      301.00
 2.2400      326.00
 2.2600      289.00
 2.2800      289.00
 2.3000      269.00
 2.3200      297.00
 2.3400      314.00
 2.3600      308.00
 2.3800      259.00
 2.4000      282.00
 2.4200      293.00
 2.4400      292.00
 2.4600      295.00
 2.4800      295.00
 2.5000      290.00
 2.5200      284.00
 2.5400      292.00
 2.5600      269.00
 2.5800      257.00
 2.6000      288.00
 2.6200      278.00
 2.6400      275.00
 2.6600      248.00
 2.6800      273.00
 2.7000      261.00
 2.7200      304.00
 2.7400      247.00
 2.7600      311.00
 2.7800      251.00
 2.8000      281.00
 2.8200      273.00
 2.8400      252.00
 2.8600      271.00
 2.8800      255.00
 2.9000      226.00
 2.9200      251.00
 2.9400      239.00
 2.9600      244.00
 2.9800      276.00
 3.0000      251.00
 3.0200      249.00
 3.0400      257.00
 3.0600      208.00
 3.0800      265.00
 3.1000      241.00
 3.1200      213.00
 3.1400      222.00
 3.1600      212.00
 3.1800      213.00
 3.2000      240.00
 3.2200      222.00
 3.2400      234.00
 3.2600      223.00
 3.2800      222.00
 3.3000      231.00
 3.3200      240.00
 3.3400      217.00
 3.3600      224.00
 3.3800      208.00
 3.4000      206.00
 3.4200      207.00
 3.4400      231.00
 3.4600      213.00
 3.4800      194.00
 3.5000      216.00
 3.5200      201.00
 3.5400      207.00
 3.5600      192.00
 3.5800      224.00
 3.6000      190.00
 3.6200      195.00
 3.6400      196.00
 3.6600      222.00
 3.6800      188.00
 3.7000      191.00
 3.7200      192.00
 3.7400      185.00
 3.7600      189.00
 3.7800      190.00
 3.8000      198.00
 3.8200      175.00
 3.8400      174.00
 3.8600      173.00
 3.8800      178.00
 3.9000      179.00
 3.9200      156.00
 3.9400      150.00
 3.9600      185.00
 3.9800      186.00
 4.0000      181.00
 4.0200      165.00
 4.0400      164.00
 4.0600      154.00
 4.0800      173.00
 4.1000      148.00
 4.1200      150.00
 4.1400      160.00
 4.1600      155.00
 4.1800      166.00
 4.2000      149.00
 4.2200      151.00
 4.2400      150.00
 4.2600      171.00
 4.2800      129.00
 4.3000      149.00
 4.3200      135.00
 4.3400      129.00
 4.3600      157.00
 4.3800      168.00
 4.4000      123.00
 4.4200      151.00
 4.4400      144.00
 4.4600      150.00
 4.4800      139.00
 4.5000      150.00
 4.5200      145.00
 4.5400      153.00
 4.5600      145.00
 4.5800      135.00
 4.6000      128.00
 4.6200      143.00
 4.6400      141.00
 4.6600      137.00
 4.6800      118.00
 4.7000      135.00
 4.7200      132.00
 4.7400      133.00
 4.7600      143.00
 4.7800      150.00
 4.8000      134.00
 4.8200      138.00
 4.8400      142.00
 4.8600      145.00
 4.8800      129.00
 4.9000      122.00
 4.9200      118.00
 4.9400      153.00
 4.9600      127.00
 4.9800      120.00
 5.0000      134.00
 5.0200      138.00
 5.0400      129.00
 5.0600      134.00
 5.0800      108.00
 5.1000      128.00
 5.1200      120.00
 5.1400      122.00
 5.1600      120.00
 5.1800      145.00
 5.2000      114.00
 5.2200      134.00
 5.2400      140.00
 5.2600      121.00
 5.2800      156.00
 5.3000      127.00
 5.3200      113.00
 5.3400      116.00
 5.3600      107.00
 5.3800      119.00
 5.4000      122.00
 5.4200      134.00
 5.4400      121.00
 5.4600      112.00
 5.4800      140.00
 5.5000      129.00
 5.5200      125.00
 5.5400      127.00
 5.5600      140.00
 5.5800      130.00
 5.6000      134.00
 5.6200      143.00
 5.6400      135.00
 5.6600      108.00
 5.6800      115.00
 5.7000      114.00
 5.7200      115.00
 5.7400      150.00
 5.7600      141.00
 5.7800      142.00
 5.8000      123.00
 5.8200      135.00
 5.8400      111.00
 5.8600      143.00
 5.8800      146.00
 5.9000      121.00
 5.9200      124.00
 5.9400      117.00
 5.9600      120.00
 5.9800      127.00
 6.0000      133.00
 6.0200      129.00
 6.0400      158.00
 6.0600      111.00
 6.0800      154.00
 6.1000      140.00
 6.1200      103.00
 6.1400      120.00
 6.1600      120.00
 6.1800      140.00
 6.2000      118.00
 6.2200      114.00
 6.2400      131.00
 6.2600      114.00
 6.2800      125.00
 6.3000      127.00
 6.3200      123.00
 6.3400      138.00
 6.3600      119.00
 6.3800      113.00
 6.4000      118.00
 6.4200      119.00
 6.4400      117.00
 6.4600      122.00
 6.4800      122.00
 6.5000      122.00
 6.5200      126.00
 6.5400      116.00
 6.5600      122.00
 6.5800      132.00
 6.6000      136.00
 6.6200      124.00
 6.6400      116.00
 6.6600      138.00
 6.6800      127.00
 6.7000      127.00
 6.7200      136.00
 6.7400      140.00
 6.7600      137.00
 6.7800      133.00
 6.8000      118.00
 6.8200      120.00
 6.8400      147.00
 6.8600      127.00
 6.8800      123.00
 6.9000      124.00
 6.9200      143.00
 6.9400      129.00
 6.9600      129.00
 6.9800      112.00
 7.0000      138.00
 7.0200      124.00
 7.0400      109.00
 7.0600      126.00
 7.0800      130.00
 7.1000      144.00
 7.1200      128.00
 7.1400      140.00
 7.1600      124.00
 7.1800      117.00
 7.2000      124.00
 7.2200      127.00
 7.2400      129.00
 7.2600      121.00
 7.2800      114.00
 7.3000      145.00
 7.3200      137.00
 7.3400      114.00
 7.3600      135.00
 7.3800      119.00
 7.4000      136.00
 7.4200      119.00
 7.4400      108.00
 7.4600      128.00
 7.4800      106.00
 7.5000      125.00
 7.5200      128.00
 7.5400      130.00
 7.5600      120.00
 7.5800      112.00
 7.6000      145.00
 7.6200      133.00
 7.6400      114.00
 7.6600      103.00
 7.6800      122.00
 7.7000      119.00
 7.7200      125.00
 7.7400      139.00
 7.7600      120.00
 7.7800      116.00
 7.8000      126.00
 7.8200      115.00
 7.8400      119.00
 7.8600      122.00
 7.8800      117.00
 7.9000      129.00
 7.9200      125.00
 7.9400      111.00
 7.9600      119.00
 7.9800      118.00
 8.0000      136.00
 8.0200      134.00
 8.0400      136.00
 8.0600      121.00
 8.0800      126.00
 8.1000      141.00
 8.1200      132.00
 8.1400      129.00
 8.1600      128.00
 8.1800      128.00
 8.2000      122.00
 8.2200      137.00
 8.2400      113.00
 8.2600      115.00
 8.2800      109.00
 8.3000      147.00
 8.3200      139.00
 8.3400      140.00
 8.3600      136.00
 8.3800      140.00
 8.4000      145.00
 8.4200      105.00
 8.4400      145.00
 8.4600      140.00
 8.4800      140.00
 8.5000      111.00
 8.5200      122.00
 8.5400      145.00
 8.5600      128.00
 8.5800      130.00
 8.6000      138.00
 8.6200      151.00
 8.6400      139.00
 8.6600      132.00
 8.6800      128.00
 8.7000      139.00
 8.7200      125.00
 8.7400      157.00
 8.7600      147.00
 8.7800      164.00
 8.8000      154.00
 8.8200      143.00
 8.8400      150.00
 8.8600      144.00
 8.8800      148.00
 8.9000      139.00
 8.9200      140.00
 8.9400      137.00
 8.9600      132.00
 8.9800      142.00
 9.0000      107.00
 9.0200      117.00
 9.0400      131.00
 9.0600      105.00
 9.0800      118.00
 9.1000      119.00
 9.1200      126.00
 9.1400      120.00
 9.1600      117.00
 9.1800      146.00
 9.2000      121.00
 9.2200      131.00
 9.2400      125.00
 9.2600      114.00
 9.2800      114.00
 9.3000      129.00
 9.3200      116.00
 9.3400      125.00
 9.3600      124.00
 9.3800      131.00
 9.4000      117.00
 9.4200      127.00
 9.4400      117.00
 9.4600      123.00
 9.4800      135.00
 9.5000      136.00
 9.5200      126.00
 9.5400      110.00
 9.5600      110.00
 9.5800      113.00
 9.6000      115.00
 9.6200      162.00
 9.6400      135.00
 9.6600      146.00
 9.6800      115.00
 9.7000      131.00
 9.7200      135.00
 9.7400      121.00
 9.7600      144.00
 9.7800      143.00
 9.8000      137.00
 9.8200      130.00
 9.8400      125.00
 9.8600      133.00
 9.8800      119.00
 9.9000      156.00
 9.9200      132.00
 9.9400      140.00
 9.9600      151.00
 9.9800      151.00
10.0000      150.00
10.0200      118.00
10.0400      133.00
10.0600      134.00
10.0800      143.00
10.1000      112.00
10.1200      146.00
10.1400      150.00
10.1600      129.00
10.1800      136.00
10.2000      153.00
10.2200      133.00
10.2400      153.00
10.2600      131.00
10.2800      143.00
10.3000      128.00
10.3200      129.00
10.3400      147.00
10.3600      126.00
10.3800      142.00
10.4000      119.00
10.4200      140.00
10.4400      145.00
10.4600      125.00
10.4800      135.00
10.5000      134.00
10.5200      106.00
10.5400      111.00
10.5600      154.00
10.5800      137.00
10.6000      148.00
10.6200      134.00
10.6400      129.00
10.6600      164.00
10.6800      149.00
10.7000      174.00
10.7200      166.00
10.7400      152.00
10.7600      137.00
10.7800      149.00
10.8000      159.00
10.8200      171.00
10.8400      200.00
10.8600      184.00
10.8800      186.00
10.9000      243.00
10.9200      213.00
10.9400      240.00
10.9600      287.00
10.9800      274.00
11.0000      261.00
11.0200      319.00
11.0400      321.00
11.0600      338.00
11.0800      338.00
11.1000      295.00
11.1200      291.00
11.1400      281.00
11.1600      241.00
11.1800      260.00
11.2000      258.00
11.2200      270.00
11.2400      282.00
11.2600      275.00
11.2800      278.00
11.3000      249.00
11.3200      252.00
11.3400      213.00
11.3600      204.00
11.3800      181.00
11.4000      158.00
11.4200      142.00
11.4400      145.00
11.4600      135.00
11.4800      146.00
11.5000      171.00
11.5200      150.00
11.5400      142.00
11.5600      170.00
11.5800      129.00
11.6000      163.00
11.6200      149.00
11.6400      128.00
11.6600      142.00
11.6800      145.00
11.7000      163.00
11.7200      154.00
11.7400      144.00
11.7600      147.00
11.7800      170.00
11.8000      162.00
11.8200      140.00
11.8400      155.00
11.8600      158.00
11.8800      166.00
11.9000      176.00
11.9200      193.00
11.9400      207.00
11.9600      188.00
11.9800      229.00
12.0000      225.00
12.0200      263.00
12.0400      258.00
12.0600      277.00
12.0800      274.00
12.1000      266.00
12.1200      258.00
12.1400      287.00
12.1600      270.00
12.1800      237.00
12.2000      235.00
12.2200      208.00
12.2400      208.00
12.2600      191.00
12.2800      188.00
12.3000      186.00
12.3200      198.00
12.3400      222.00
12.3600      205.00
12.3800      263.00
12.4000      244.00
12.4200      318.00
12.4400      341.00
12.4600      323.00
12.4800      405.00
12.5000      355.00
12.5200      380.00
12.5400      373.00
12.5600      398.00
12.5800      356.00
12.6000      275.00
12.6200      229.00
12.6400      222.00
12.6600      176.00
12.6800      179.00
12.7000      141.00
12.7200      159.00
12.7400      145.00
12.7600      163.00
12.7800      135.00
12.8000      165.00
12.8200      146.00
12.8400      137.00
12.8600      148.00
12.8800      148.00
12.9000      114.00
12.9200      135.00
12.9400      149.00
12.9600      148.00
12.9800      170.00
13.0000      119.00
13.0200      116.00
13.0400      126.00
13.0600      129.00
13.0800      147.00
13.1000      146.00
13.1200      154.00
13.1400      141.00
13.1600      148.00
13.1800      139.00
13.2000      114.00
13.2200      140.00
13.2400      143.00
13.2600      142.00
13.2800      130.00
13.3000      134.00
13.3200      134.00
13.3400      137.00
13.3600      143.00
13.3800      119.00
13.4000      146.00
13.4200      134.00
13.4400      126.00
13.4600      128.00
13.4800      125.00
13.5000      151.00
13.5200      108.00
13.5400      156.00
13.5600      126.00
13.5800      124.00
13.6000      155.00
13.6200      143.00
13.6400      131.00
13.6600      139.00
13.6800      128.00
13.7000      170.00
13.7200      128.00
13.7400      135.00
13.7600      135.00
13.7800      146.00
13.8000      147.00
13.8200      161.00
13.8400      149.00
13.8600      151.00
13.8800      177.00
13.9000      170.00
13.9200      167.00
13.9400      179.00
13.9600      178.00
13.9800      150.00
14.0000      207.00
14.0200      215.00
14.0400      224.00
14.0600      280.00
14.0800      259.00
14.1000      303.00
14.1200      329.00
14.1400      362.00
14.1600      415.00
14.1800      370.00
14.2000      443.00
14.2200      418.00
14.2400      399.00
14.2600      423.00
14.2800      397.00
14.3000      324.00
14.3200      302.00
14.3400      289.00
14.3600      248.00
14.3800      280.00
14.4000      226.00
14.4200      191.00
14.4400      197.00
14.4600      180.00
14.4800      183.00
14.5000      135.00
14.5200      154.00
14.5400      128.00
14.5600      147.00
14.5800      137.00
14.6000      137.00
14.6200      130.00
14.6400      163.00
14.6600      118.00
14.6800      141.00
14.7000      141.00
14.7200      149.00
14.7400      115.00
14.7600      136.00
14.7800      156.00
14.8000      141.00
14.8200      139.00
14.8400      144.00
14.8600      152.00
14.8800      126.00
14.9000      109.00
14.9200      123.00
14.9400      157.00
14.9600      142.00
14.9800      146.00
15.0000      147.00
15.0200      145.00
15.0400      130.00
15.0600      144.00
15.0800      134.00
15.1000      132.00
15.1200      141.00
15.1400      110.00
15.1600      136.00
15.1800      128.00
15.2000      131.00
15.2200      138.00
15.2400      117.00
15.2600      131.00
15.2800      129.00
15.3000      117.00
15.3200      126.00
15.3400      142.00
15.3600      120.00
15.3800      141.00
15.4000      156.00
15.4200      146.00
15.4400      147.00
15.4600      142.00
15.4800      150.00
15.5000      133.00
15.5200      137.00
15.5400      135.00
15.5600      128.00
15.5800      131.00
15.6000      137.00
15.6200      122.00
15.6400      137.00
15.6600      129.00
15.6800      150.00
15.7000      147.00
15.7200      158.00
15.7400      171.00
15.7600      167.00
15.7800      196.00
15.8000      216.00
15.8200      195.00
15.8400      208.00
15.8600      239.00
15.8800      225.00
15.9000      253.00
15.9200      242.00
15.9400      238.00
15.9600      255.00
15.9800      227.00
16.0000      232.00
16.0200      195.00
16.0400      212.00
16.0600      199.00
16.0800      189.00
16.1000      185.00
16.1200      187.00
16.1400      202.00
16.1600      196.00
16.1800      187.00
16.2000      221.00
16.2200      180.00
16.2400      195.00
16.2600      182.00
16.2800      191.00
16.3000      178.00
16.3200      165.00
16.3400      192.00
16.3600      199.00
16.3800      204.00
16.4000      217.00
16.4200      254.00
16.4400      252.00
16.4600      253.00
16.4800      265.00
16.5000      254.00
16.5200      210.00
16.5400      238.00
16.5600      216.00
16.5800      158.00
16.6000      164.00
16.6200      138.00
16.6400      142.00
16.6600      149.00
16.6800      167.00
16.7000      152.00
16.7200      147.00
16.7400      136.00
16.7600      149.00
16.7800      177.00
16.8000      162.00
16.8200      201.00
16.8400      155.00
16.8600      156.00
16.8800      205.00
16.9000      190.00
16.9200      178.00
16.9400      188.00
16.9600      256.00
16.9800      239.00
17.0000      261.00
17.0200      253.00
17.0400      258.00
17.0600      246.00
17.0800      270.00
17.1000      254.00
17.1200      228.00
17.1400      240.00
17.1600      245.00
17.1800      240.00
17.2000      226.00
17.2200      241.00
17.2400      251.00
17.2600      278.00
17.2800      329.00
17.3000      329.00
17.3200      330.00
17.3400      403.00
17.3600      434.00
17.3800      527.00
17.4000      598.00
17.4200      663.00
17.4400      770.00
17.4600      908.00
17.4800     1047.00
17.5000     1106.00
17.5200     1202.00
17.5400     1174.00
17.5600     1220.00
17.5800     1269.00
17.6000     1208.00
17.6200     1123.00
17.6400     1011.00
17.6600      854.00
17.6800      696.00
17.7000      528.00
17.7200      452.00
17.7400      408.00
17.7600      334.00
17.7800      316.00
17.8000      280.00
17.8200      241.00
17.8400      259.00
17.8600      253.00
17.8800      289.00
17.9000      252.00
17.9200      251.00
17.9400      239.00
17.9600      260.00
17.9800      227.00
18.0000      227.00
18.0200      253.00
18.0400      230.00
18.0600      216.00
18.0800      214.00
18.1000      236.00
18.1200      212.00
18.1400      225.00
18.1600      253.00
18.1800      215.00
18.2000      207.00
18.2200      222.00
18.2400      224.00
18.2600      287.00
18.2800      272.00
18.3000      279.00
18.3200      303.00
18.3400      345.00
18.3600      390.00
18.3800      381.00
18.4000      371.00
18.4200      369.00
18.4400      369.00
18.4600      372.00
18.4800      332.00
18.5000      284.00
18.5200      273.00
18.5400      228.00
18.5600      225.00
18.5800      193.00
18.6000      182.00
18.6200      182.00
18.6400      184.00
18.6600      169.00
18.6800      197.00
18.7000      188.00
18.7200      217.00
18.7400      185.00
18.7600      208.00
18.7800      207.00
18.8000      169.00
18.8200      204.00
18.8400      164.00
18.8600      174.00
18.8800      187.00
18.9000      176.00
18.9200      158.00
18.9400      175.00
18.9600      163.00
18.9800      174.00
19.0000      192.00
19.0200      170.00
19.0400      174.00
19.0600      177.00
19.0800      190.00
19.1000      227.00
19.1200      190.00
19.1400      191.00
19.1600      202.00
19.1800      188.00
19.2000      195.00
19.2200      179.00
19.2400      193.00
19.2600      164.00
19.2800      179.00
19.3000      150.00
19.3200      155.00
19.3400      162.00
19.3600      169.00
19.3800      197.00
19.4000      203.00
19.4200      209.00
19.4400      264.00
19.4600      237.00
19.4800      274.00
19.5000      322.00
19.5200      383.00
19.5400      420.00
19.5600      468.00
19.5800      545.00
19.6000      566.00
19.6200      683.00
19.6400      697.00
19.6600      644.00
19.6800      710.00
19.7000      664.00
19.7200      608.00
19.7400      573.00
19.7600      505.00
19.7800      453.00
19.8000      427.00
19.8200      357.00
19.8400      301.00
19.8600      241.00
19.8800      245.00
19.9000      232.00
19.9200      194.00
19.9400      191.00
19.9600      168.00
19.9800      164.00
20.0000      154.00
20.0200      154.00
20.0400      165.00
20.0600      152.00
20.0800      162.00
20.1000      168.00
20.1200      152.00
20.1400      162.00
20.1600      147.00
20.1800      149.00
20.2000      154.00
20.2200      152.00
20.2400      149.00
20.2600      163.00
20.2800      149.00
20.3000      140.00
20.3200      143.00
20.3400      175.00
20.3600      155.00
20.3800      164.00
20.4000      155.00
20.4200      153.00
20.4400      165.00
20.4600      146.00
20.4800      196.00
20.5000      208.00
20.5200      205.00
20.5400      236.00
20.5600      199.00
20.5800      242.00
20.6000      273.00
20.6200      294.00
20.6400      325.00
20.6600      273.00
20.6800      295.00
20.7000      329.00
20.7200      329.00
20.7400      337.00
20.7600      332.00
20.7800      364.00
20.8000      379.00
20.8200      430.00
20.8400      492.00
20.8600      496.00
20.8800      618.00
20.9000      725.00
20.9200      767.00
20.9400      877.00
20.9600     1006.00
20.9800     1061.00
21.0000     1153.00
21.0200     1254.00
21.0400     1272.00
21.0600     1168.00
21.0800     1188.00
21.1000     1000.00
21.1200      907.00
21.1400      766.00
21.1600      582.00
21.1800      482.00
21.2000      385.00
21.2200      290.00
21.2400      253.00
21.2600      196.00
21.2800      181.00
21.3000      178.00
21.3200      161.00
21.3400      159.00
21.3600      151.00
21.3800      148.00
21.4000      163.00
21.4200      146.00
21.4400      152.00
21.4600      138.00
21.4800      161.00
21.5000      135.00
21.5200      129.00
21.5400      129.00
21.5600      112.00
21.5800      137.00
21.6000      121.00
21.6200      123.00
21.6400      140.00
21.6600      149.00
21.6800      118.00
21.7000      126.00
21.7200      121.00
21.7400      129.00
21.7600      133.00
21.7800      168.00
21.8000      147.00
21.8200      156.00
21.8400      140.00
21.8600      126.00
21.8800      138.00
21.9000      152.00
21.9200      149.00
21.9400      144.00
21.9600      151.00
21.9800      138.00
22.0000      159.00
22.0200      146.00
22.0400      163.00
22.0600      190.00
22.0800      175.00
22.1000      187.00
22.1200      181.00
22.1400      195.00
22.1600      218.00
22.1800      189.00
22.2000      217.00
22.2200      224.00
22.2400      253.00
22.2600      238.00
22.2800      236.00
22.3000      257.00
22.3200      259.00
22.3400      252.00
22.3600      233.00
22.3800      239.00
22.4000      216.00
22.4200      243.00
22.4400      250.00
22.4600      246.00
22.4800      277.00
22.5000      278.00
22.5200      363.00
22.5400      391.00
22.5600      400.00
22.5800      451.00
22.6000      394.00
22.6200      403.00
22.6400      398.00
22.6600      348.00
22.6800      357.00
22.7000      298.00
22.7200      248.00
22.7400      227.00
22.7600      228.00
22.7800      204.00
22.8000      184.00
22.8200      188.00
22.8400      200.00
22.8600      205.00
22.8800      210.00
22.9000      209.00
22.9200      240.00
22.9400      230.00
22.9600      227.00
22.9800      233.00
23.0000      255.00
23.0200      243.00
23.0400      246.00
23.0600      317.00
23.0800      299.00
23.1000      320.00
23.1200      297.00
23.1400      308.00
23.1600      300.00
23.1800      267.00
23.2000      269.00
23.2200      254.00
23.2400      263.00
23.2600      229.00
23.2800      256.00
23.3000      268.00
23.3200      273.00
23.3400      298.00
23.3600      326.00
23.3800      369.00
23.4000      334.00
23.4200      323.00
23.4400      324.00
23.4600      276.00
23.4800      251.00
23.5000      231.00
23.5200      207.00
23.5400      215.00
23.5600      175.00
23.5800      176.00
23.6000      156.00
23.6200      149.00
23.6400      147.00
23.6600      126.00
23.6800      127.00
23.7000      143.00
23.7200      138.00
23.7400      157.00
23.7600      172.00
23.7800      178.00
23.8000      179.00
23.8200      171.00
23.8400      168.00
23.8600      190.00
23.8800      205.00
23.9000      210.00
23.9200      234.00
23.9400      193.00
23.9600      236.00
23.9800      228.00
24.0000      284.00
24.0200      292.00
24.0400      316.00
24.0600      298.00
24.0800      294.00
24.1000      320.00
24.1200      279.00
24.1400      291.00
24.1600      310.00
24.1800      274.00
24.2000      284.00
24.2200      249.00
24.2400      321.00
24.2600      353.00
24.2800      408.00
24.3000      389.00
24.3200      458.00
24.3400      478.00
24.3600      452.00
24.3800      422.00
24.4000      400.00
24.4200      384.00
24.4400      342.00
24.4600      282.00
24.4800      297.00
24.5000      248.00
24.5200      197.00
24.5400      193.00
24.5600      184.00
24.5800      169.00
24.6000      164.00
24.6200      147.00
24.6400      157.00
24.6600      171.00
24.6800      182.00
24.7000      183.00
24.7200      184.00
24.7400      227.00
24.7600      232.00
24.7800      246.00
24.8000      273.00
24.8200      314.00
24.8400      375.00
24.8600      404.00
24.8800      396.00
24.9000      471.00
24.9200      454.00
24.9400      445.00
24.9600      431.00
24.9800      374.00
25.0000      374.00
25.0200      313.00
25.0400      282.00
25.0600      234.00
25.0800      214.00
25.1000      196.00
25.1200      166.00
25.1400      141.00
25.1600      113.00
25.1800      148.00
25.2000      144.00
25.2200      146.00
25.2400      121.00
25.2600      119.00
25.2800      130.00
25.3000      110.00
25.3200      126.00
25.3400      129.00
25.3600      123.00
25.3800      126.00
25.4000      126.00
25.4200      128.00
25.4400      110.00
25.4600      121.00
25.4800      103.00
25.5000      122.00
25.5200      112.00
25.5400      113.00
25.5600      115.00
25.5800      119.00
25.6000      121.00
25.6200      106.00
25.6400      123.00
25.6600       92.00
25.6800      134.00
25.7000      134.00
25.7200      131.00
25.7400      126.00
25.7600      123.00
25.7800      127.00
25.8000      122.00
25.8200      133.00
25.8400      148.00
25.8600      141.00
25.8800      130.00
25.9000      148.00
25.9200      168.00
25.9400      147.00
25.9600      163.00
25.9800      164.00
26.0000      203.00
26.0200      190.00
26.0400      193.00
26.0600      239.00
26.0800      234.00
26.1000      231.00
26.1200      257.00
26.1400      247.00
26.1600      271.00
26.1800      266.00
26.2000      272.00
26.2200      258.00
26.2400      288.00
26.2600      284.00
26.2800      252.00
26.3000      281.00
26.3200      251.00
26.3400      255.00
26.3600      235.00
26.3800      253.00
26.4000      269.00
26.4200      264.00
26.4400      255.00
26.4600      266.00
26.4800      264.00
26.5000      281.00
26.5200      261.00
26.5400      229.00
26.5600      220.00
26.5800      213.00
26.6000      190.00
26.6200      196.00
26.6400      164.00
26.6600      143.00
26.6800      145.00
26.7000      144.00
26.7200      142.00
26.7400      132.00
26.7600      116.00
26.7800      115.00
26.8000      107.00
26.8200      112.00
26.8400      123.00
26.8600      112.00
26.8800      120.00
26.9000      115.00
26.9200      142.00
26.9400      152.00
26.9600      119.00
26.9800      146.00
27.0000      125.00
27.0200      140.00
27.0400      124.00
27.0600      136.00
27.0800      114.00
27.1000      150.00
27.1200      138.00
27.1400      149.00
27.1600      171.00
27.1800      175.00
27.2000      181.00
27.2200      171.00
27.2400      181.00
27.2600      188.00
27.2800      180.00
27.3000      232.00
27.3200      206.00
27.3400      185.00
27.3600      202.00
27.3800      181.00
27.4000      154.00
27.4200      188.00
27.4400      185.00
27.4600      196.00
27.4800      164.00
27.5000      175.00
27.5200      189.00
27.5400      225.00
27.5600      221.00
27.5800      230.00
27.6000      222.00
27.6200      228.00
27.6400      238.00
27.6600      234.00
27.6800      205.00
27.7000      234.00
27.7200      229.00
27.7400      207.00
27.7600      185.00
27.7800      217.00
27.8000      173.00
27.8200      183.00
27.8400      173.00
27.8600      170.00
27.8800      139.00
27.9000      194.00
27.9200      152.00
27.9400      140.00
27.9600      154.00
27.9800      163.00
28.0000      153.00
28.0200      153.00
28.0400      161.00
28.0600      155.00
28.0800      148.00
28.1000      154.00
28.1200      166.00
28.1400      159.00
28.1600      158.00
28.1800      158.00
28.2000      161.00
28.2200      166.00
28.2400      167.00
28.2600      159.00
28.2800      175.00
28.3000      217.00
28.3200      222.00
28.3400      285.00
28.3600      291.00
28.3800      387.00
28.4000      409.00
28.4200      453.00
28.4400      476.00
28.4600      551.00
28.4800      533.00
28.5000      566.00
28.5200      579.00
28.5400      543.00
28.5600      466.00
28.5800      461.00
28.6000      405.00
28.6200      426.00
28.6400      336.00
28.6600      300.00
28.6800      300.00
28.7000      240.00
28.7200      254.00
28.7400      206.00
28.7600      216.00
28.7800      200.00
28.8000      173.00
28.8200      185.00
28.8400      194.00
28.8600      166.00
28.8800      191.00
28.9000      165.00
28.9200      162.00
28.9400      167.00
28.9600      203.00
28.9800      163.00
29.0000      191.00
29.0200      164.00
29.0400      167.00
29.0600      171.00
29.0800      194.00
29.1000      202.00
29.1200      216.00
29.1400      216.00
29.1600      243.00
29.1800      216.00
29.2000      195.00
29.2200      205.00
29.2400      221.00
29.2600      210.00
29.2800      208.00
29.3000      204.00
29.3200      209.00
29.3400      238.00
29.3600      221.00
29.3800      241.00
29.4000      237.00
29.4200      280.00
29.4400      265.00
29.4600      299.00
29.4800      278.00
29.5000      260.00
29.5200      268.00
29.5400      274.00
29.5600      210.00
29.5800      194.00
29.6000      188.00
29.6200      167.00
29.6400      141.00
29.6600      142.00
29.6800      125.00
29.7000      103.00
29.7200      113.00
29.7400      117.00
29.7600      103.00
29.7800      115.00
29.8000      105.00
29.8200      113.00
29.8400      113.00
29.8600      105.00
29.8800      118.00
29.9000      115.00
29.9200      117.00
29.9400      130.00
29.9600      117.00
29.9800      126.00
30.0000      139.00
30.0200      148.00
30.0400      165.00
30.0600      153.00
30.0800      181.00
30.1000      186.00
30.1200      196.00
30.1400      180.00
30.1600      192.00
30.1800      194.00
30.2000      169.00
30.2200      197.00
30.2400      184.00
30.2600      184.00
30.2800      147.00
30.3000      159.00
30.3200      174.00
30.3400      182.00
30.3600      146.00
30.3800      119.00
30.4000      137.00
30.4200      115.00
30.4400      158.00
30.4600      123.00
30.4800      118.00
30.5000      117.00
30.5200      104.00
30.5400      135.00
30.5600      104.00
30.5800       97.00
30.6000      146.00
30.6200      106.00
30.6400      127.00
30.6600      120.00
30.6800      102.00
30.7000      104.00
30.7200      109.00
30.7400       99.00
30.7600      103.00
30.7800      119.00
30.8000      106.00
30.8200      117.00
30.8400      126.00
30.8600      102.00
30.8800      123.00
30.9000      115.00
30.9200      133.00
30.9400      107.00
30.9600      136.00
30.9800      127.00
31.0000      127.00
31.0200      124.00
31.0400      122.00
31.0600      121.00
31.0800      110.00
31.1000      102.00
31.1200      117.00
31.1400       97.00
31.1600       98.00
31.1800       90.00
31.2000      100.00
31.2200      114.00
31.2400      109.00
31.2600      104.00
31.2800       90.00
31.3000       97.00
31.3200      105.00
31.3400       93.00
31.3600      119.00
31.3800      106.00
31.4000      108.00
31.4200      114.00
31.4400      119.00
31.4600      111.00
31.4800      132.00
31.5000      121.00
31.5200      110.00
31.5400      124.00
31.5600      136.00
31.5800      124.00
31.6000      125.00
31.6200      132.00
31.6400      130.00
31.6600      112.00
31.6800      110.00
31.7000      135.00
31.7200       93.00
31.7400      122.00
31.7600      132.00
31.7800      122.00
31.8000      120.00
31.8200      120.00
31.8400       98.00
31.8600      119.00
31.8800      132.00
31.9000      113.00
31.9200      130.00
31.9400      162.00
31.9600      125.00
31.9800      136.00
32.0000      147.00
32.0200      159.00
32.0400      161.00
32.0600      132.00
32.0800      155.00
32.1000      159.00
32.1200      178.00
32.1400      176.00
32.1600      162.00
32.1800      167.00
32.2000      173.00
32.2200      172.00
32.2400      182.00
32.2600      150.00
32.2800      159.00
32.3000      185.00
32.3200      197.00
32.3400      133.00
32.3600      153.00
32.3800      173.00
32.4000      180.00
32.4200      172.00
32.4400      168.00
32.4600      159.00
32.4800      170.00
32.5000      163.00
32.5200      163.00
32.5400      198.00
32.5600      180.00
32.5800      186.00
32.6000      181.00
32.6200      184.00
32.6400      181.00
32.6600      178.00
32.6800      166.00
32.7000      174.00
32.7200      157.00
32.7400      159.00
32.7600      169.00
32.7800      159.00
32.8000      143.00
32.8200      160.00
32.8400      155.00
32.8600      166.00
32.8800      134.00
32.9000      153.00
32.9200      164.00
32.9400      144.00
32.9600      152.00
32.9800      180.00
33.0000      141.00
33.0200      168.00
33.0400      167.00
33.0600      130.00
33.0800      165.00
33.1000      151.00
33.1200      153.00
33.1400      149.00
33.1600      162.00
33.1800      193.00
33.2000      191.00
33.2200      191.00
33.2400      202.00
33.2600      198.00
33.2800      187.00
33.3000      204.00
33.3200      175.00
33.3400      186.00
33.3600      197.00
33.3800      190.00
33.4000      162.00
33.4200      131.00
33.4400      154.00
33.4600      146.00
33.4800      147.00
33.5000      130.00
33.5200      127.00
33.5400      128.00
33.5600      110.00
33.5800      112.00
33.6000      104.00
33.6200       99.00
33.6400      104.00
33.6600       93.00
33.6800       96.00
33.7000       84.00
33.7200       94.00
33.7400       83.00
33.7600       98.00
33.7800       89.00
33.8000       96.00
33.8200      103.00
33.8400       90.00
33.8600      105.00
33.8800      103.00
33.9000       95.00
33.9200      114.00
33.9400      107.00
33.9600      101.00
33.9800      101.00
34.0000      118.00
34.0200      106.00
34.0400      106.00
34.0600      107.00
34.0800       95.00
34.1000      133.00
34.1200      147.00
34.1400      140.00
34.1600      158.00
34.1800      164.00
34.2000      148.00
34.2200      160.00
34.2400      119.00
34.2600      144.00
34.2800      131.00
34.3000      116.00
34.3200      105.00
34.3400      101.00
34.3600      120.00
34.3800      112.00
34.4000      119.00
34.4200      100.00
34.4400      105.00
34.4600      123.00
34.4800      113.00
34.5000       92.00
34.5200       91.00
34.5400      128.00
34.5600       97.00
34.5800      106.00
34.6000       97.00
34.6200       98.00
34.6400      109.00
34.6600      112.00
34.6800       94.00
34.7000       95.00
34.7200       87.00
34.7400       89.00
34.7600       97.00
34.7800      102.00
34.8000      103.00
34.8200      107.00
34.8400      100.00
34.8600      108.00
34.8800      116.00
34.9000       88.00
34.9200       99.00
34.9400      105.00
