 2.0900      297.00
 2.1100      283.00
 2.1300      281.00
 2.1500      278.00
 2.1700      279.00
 2.1900      279.00
 2.2100      282.00
 2.2300      247.00
 2.2500      256.00
 2.2700      298.00
 2.2900      283.00
 2.3100      277.00
 2.3300      258.00
 2.3500      287.00
 2.3700      264.00
 2.3900      254.00
 2.4100      269.00
 2.4300      265.00
 2.4500      282.00
 2.4700      269.00
 2.4900      254.00
 2.5100      244.00
 2.5300      236.00
 2.5500      304.00
 2.5700      259.00
 2.5900      254.00
 2.6100      277.00
 2.6300      235.00
 2.6500      237.00
 2.6700      242.00
 2.6900      253.00
 2.7100      255.00
 2.7300      240.00
 2.7500      229.00
 2.7700      222.00
 2.7900      252.00
 2.8100      236.00
 2.8300      229.00
 2.8500      250.00
 2.8700      209.00
 2.8900      227.00
 2.9100      255.00
 2.9300      254.00
 2.9500      235.00
 2.9700      203.00
 2.9900      219.00
 3.0100      224.00
 3.0300      231.00
 3.0500      220.00
 3.0700      226.00
 3.0900      233.00
 3.1100      212.00
 3.1300      236.00
 3.1500      205.00
 3.1700      220.00
 3.1900      188.00
 3.2100      190.00
 3.2300      227.00
 3.2500      201.00
 3.2700      210.00
 3.2900      191.00
 3.3100      187.00
 3.3300      195.00
 3.3500      200.00
 3.3700      236.00
 3.3900      200.00
 3.4100      218.00
 3.4300      180.00
 3.4500      190.00
 3.4700      195.00
 3.4900      193.00
 3.5100      197.00
 3.5300      200.00
 3.5500      184.00
 3.5700      182.00
 3.5900      175.00
 3.6100      190.00
 3.6300      188.00
 3.6500      178.00
 3.6700      209.00
 3.6900      182.00
 3.7100      214.00
 3.7300      187.00
 3.7500      181.00
 3.7700      163.00
 3.7900      192.00
 3.8100      210.00
 3.8300      154.00
 3.8500      188.00
 3.8700      187.00
 3.8900      174.00
 3.9100      180.00
 3.9300      152.00
 3.9500      160.00
 3.9700      164.00
 3.9900      141.00
 4.0100      160.00
 4.0300      150.00
 4.0500      175.00
 4.0700      164.00
 4.0900      161.00
 4.1100      182.00
 4.1300      166.00
 4.1500      157.00
 4.1700      149.00
 4.1900      165.00
 4.2100      159.00
 4.2300      155.00
 4.2500      156.00
 4.2700      134.00
 4.2900      148.00
 4.3100      136.00
 4.3300      128.00
 4.3500      130.00
 4.3700      149.00
 4.3900      154.00
 4.4100      134.00
 4.4300      146.00
 4.4500      144.00
 4.4700      145.00
 4.4900      148.00
 4.5100      131.00
 4.5300      153.00
 4.5500      121.00
 4.5700      145.00
 4.5900      145.00
 4.6100      160.00
 4.6300      132.00
 4.6500      147.00
 4.6700      142.00
 4.6900      139.00
 4.7100      130.00
 4.7300      125.00
 4.7500      144.00
 4.7700      149.00
 4.7900       94.00
 4.8100      132.00
 4.8300      143.00
 4.8500      131.00
 4.8700      128.00
 4.8900      149.00
 4.9100      152.00
 4.9300      126.00
 4.9500      138.00
 4.9700      143.00
 4.9900      119.00
 5.0100      134.00
 5.0300      129.00
 5.0500      151.00
 5.0700      129.00
 5.0900      145.00
 5.1100      134.00
 5.1300      151.00
 5.1500      125.00
 5.1700      119.00
 5.1900      142.00
 5.2100      148.00
 5.2300      132.00
 5.2500      128.00
 5.2700      142.00
 5.2900      116.00
 5.3100      136.00
 5.3300      118.00
 5.3500      119.00
 5.3700      138.00
 5.3900      156.00
 5.4100      129.00
 5.4300      143.00
 5.4500      166.00
 5.4700      138.00
 5.4900      114.00
 5.5100      132.00
 5.5300      143.00
 5.5500      136.00
 5.5700      157.00
 5.5900      130.00
 5.6100      132.00
 5.6300      130.00
 5.6500      130.00
 5.6700      139.00
 5.6900      133.00
 5.7100      135.00
 5.7300      129.00
 5.7500      132.00
 5.7700      133.00
 5.7900      147.00
 5.8100      114.00
 5.8300      140.00
 5.8500      144.00
 5.8700      127.00
 5.8900      139.00
 5.9100      155.00
 5.9300      119.00
 5.9500      153.00
 5.9700      157.00
 5.9900      141.00
 6.0100      152.00
 6.0300      143.00
 6.0500      138.00
 6.0700      153.00
 6.0900      133.00
 6.1100      138.00
 6.1300      141.00
 6.1500      129.00
 6.1700      143.00
 6.1900      130.00
 6.2100      158.00
 6.2300      136.00
 6.2500      139.00
 6.2700      139.00
 6.2900      144.00
 6.3100      166.00
 6.3300      141.00
 6.3500      152.00
 6.3700      135.00
 6.3900      147.00
 6.4100      148.00
 6.4300      146.00
 6.4500      166.00
 6.4700      144.00
 6.4900      149.00
 6.5100      139.00
 6.5300      141.00
 6.5500      153.00
 6.5700      143.00
 6.5900      161.00
 6.6100      157.00
 6.6300      147.00
 6.6500      138.00
 6.6700      134.00
 6.6900      158.00
 6.7100      167.00
 6.7300      137.00
 6.7500      177.00
 6.7700      167.00
 6.7900      163.00
 6.8100      182.00
 6.8300      164.00
 6.8500      166.00
 6.8700      161.00
 6.8900      165.00
 6.9100      172.00
 6.9300      182.00
 6.9500      169.00
 6.9700      160.00
 6.9900      174.00
 7.0100      157.00
 7.0300      172.00
 7.0500      153.00
 7.0700      124.00
 7.0900      149.00
 7.1100      157.00
 7.1300      134.00
 7.1500      139.00
 7.1700      147.00
 7.1900      127.00
 7.2100      146.00
 7.2300      138.00
 7.2500      131.00
 7.2700      156.00
 7.2900      163.00
 7.3100      155.00
 7.3300      145.00
 7.3500      150.00
 7.3700      149.00
 7.3900      142.00
 7.4100      136.00
 7.4300      148.00
 7.4500      126.00
 7.4700      137.00
 7.4900      150.00
 7.5100      156.00
 7.5300      156.00
 7.5500      146.00
 7.5700      143.00
 7.5900      160.00
 7.6100      163.00
 7.6300      142.00
 7.6500      139.00
 7.6700      151.00
 7.6900      146.00
 7.7100      133.00
 7.7300      147.00
 7.7500      134.00
 7.7700      166.00
 7.7900      139.00
 7.8100      157.00
 7.8300      141.00
 7.8500      151.00
 7.8700      131.00
 7.8900      138.00
 7.9100      147.00
 7.9300      178.00
 7.9500      145.00
 7.9700      143.00
 7.9900      139.00
 8.0100      153.00
 8.0300      152.00
 8.0500      146.00
 8.0700      137.00
 8.0900      143.00
 8.1100      151.00
 8.1300      140.00
 8.1500      128.00
 8.1700      176.00
 8.1900      152.00
 8.2100      152.00
 8.2300      161.00
 8.2500      163.00
 8.2700      126.00
 8.2900      165.00
 8.3100      167.00
 8.3300      153.00
 8.3500      146.00
 8.3700      157.00
 8.3900      160.00
 8.4100      145.00
 8.4300      172.00
 8.4500      161.00
 8.4700      151.00
 8.4900      167.00
 8.5100      160.00
 8.5300      178.00
 8.5500      161.00
 8.5700      166.00
 8.5900      213.00
 8.6100      184.00
 8.6300      160.00
 8.6500      189.00
 8.6700      194.00
 8.6900      199.00
 8.7100      197.00
 8.7300      186.00
 8.7500      204.00
 8.7700      196.00
 8.7900      176.00
 8.8100      180.00
 8.8300      194.00
 8.8500      189.00
 8.8700      173.00
 8.8900      190.00
 8.9100      194.00
 8.9300      182.00
 8.9500      178.00
 8.9700      175.00
 8.9900      184.00
 9.0100      147.00
 9.0300      180.00
 9.0500      149.00
 9.0700      166.00
 9.0900      170.00
 9.1100      172.00
 9.1300      165.00
 9.1500      162.00
 9.1700      165.00
 9.1900      160.00
 9.2100      160.00
 9.2300      157.00
 9.2500      161.00
 9.2700      177.00
 9.2900      162.00
 9.3100      145.00
 9.3300      158.00
 9.3500      166.00
 9.3700      169.00
 9.3900      163.00
 9.4100      158.00
 9.4300      167.00
 9.4500      160.00
 9.4700      143.00
 9.4900      177.00
 9.5100      183.00
 9.5300      171.00
 9.5500      191.00
 9.5700      177.00
 9.5900      160.00
 9.6100      161.00
 9.6300      160.00
 9.6500      167.00
 9.6700      184.00
 9.6900      145.00
 9.7100      149.00
 9.7300      209.00
 9.7500      185.00
 9.7700      176.00
 9.7900      211.00
 9.8100      176.00
 9.8300      228.00
 9.8500      191.00
 9.8700      198.00
 9.8900      208.00
 9.9100      200.00
 9.9300      207.00
 9.9500      199.00
 9.9700      193.00
 9.9900      205.00
10.0100      185.00
10.0300      199.00
10.0500      175.00
10.0700      200.00
10.0900      235.00
10.1100      204.00
10.1300      168.00
10.1500      181.00
10.1700      190.00
10.1900      190.00
10.2100      168.00
10.2300      170.00
10.2500      160.00
10.2700      175.00
10.2900      184.00
10.3100      174.00
10.3300      184.00
10.3500      193.00
10.3700      154.00
10.3900      199.00
10.4100      192.00
10.4300      174.00
10.4500      169.00
10.4700      214.00
10.4900      206.00
10.5100      176.00
10.5300      175.00
10.5500      205.00
10.5700      194.00
10.5900      203.00
10.6100      197.00
10.6300      217.00
10.6500      224.00
10.6700      231.00
10.6900      224.00
10.7100      237.00
10.7300      248.00
10.7500      296.00
10.7700      270.00
10.7900      299.00
10.8100      291.00
10.8300      312.00
10.8500      361.00
10.8700      368.00
10.8900      401.00
10.9100      425.00
10.9300      456.00
10.9500      462.00
10.9700      513.00
10.9900      513.00
11.0100      485.00
11.0300      608.00
11.0500      534.00
11.0700      601.00
11.0900      554.00
11.1100      556.00
11.1300      555.00
11.1500      535.00
11.1700      544.00
11.1900      515.00
11.2100      501.00
11.2300      468.00
11.2500      492.00
11.2700      480.00
11.2900      476.00
11.3100      470.00
11.3300      419.00
11.3500      381.00
11.3700      395.00
11.3900      308.00
11.4100      279.00
11.4300      277.00
11.4500      238.00
11.4700      245.00
11.4900      201.00
11.5100      197.00
11.5300      201.00
11.5500      207.00
11.5700      222.00
11.5900      189.00
11.6100      213.00
11.6300      243.00
11.6500      221.00
11.6700      235.00
11.6900      225.00
11.7100      263.00
11.7300      250.00
11.7500      257.00
11.7700      286.00
11.7900      271.00
11.8100      267.00
11.8300      308.00
11.8500      328.00
11.8700      332.00
11.8900      349.00
11.9100      360.00
11.9300      379.00
11.9500      394.00
11.9700      453.00
11.9900      487.00
12.0100      490.00
12.0300      533.00
12.0500      554.00
12.0700      539.00
12.0900      580.00
12.1100      538.00
12.1300      524.00
12.1500      565.00
12.1700      504.00
12.1900      495.00
12.2100      461.00
12.2300      416.00
12.2500      405.00
12.2700      418.00
12.2900      370.00
12.3100      415.00
12.3300      439.00
12.3500      461.00
12.3700      459.00
12.3900      501.00
12.4100      551.00
12.4300      568.00
12.4500      552.00
12.4700      577.00
12.4900      600.00
12.5100      621.00
12.5300      609.00
12.5500      599.00
12.5700      522.00
12.5900      497.00
12.6100      432.00
12.6300      391.00
12.6500      342.00
12.6700      285.00
12.6900      266.00
12.7100      257.00
12.7300      202.00
12.7500      241.00
12.7700      231.00
12.7900      184.00
12.8100      205.00
12.8300      238.00
12.8500      214.00
12.8700      211.00
12.8900      193.00
12.9100      199.00
12.9300      199.00
12.9500      218.00
12.9700      180.00
12.9900      193.00
13.0100      211.00
13.0300      202.00
13.0500      213.00
13.0700      211.00
13.0900      234.00
13.1100      205.00
13.1300      187.00
13.1500      226.00
13.1700      232.00
13.1900      202.00
13.2100      225.00
13.2300      193.00
13.2500      208.00
13.2700      180.00
13.2900      216.00
13.3100      191.00
13.3300      207.00
13.3500      183.00
13.3700      190.00
13.3900      177.00
13.4100      161.00
13.4300      220.00
13.4500      204.00
13.4700      226.00
13.4900      202.00
13.5100      166.00
13.5300      197.00
13.5500      201.00
13.5700      174.00
13.5900      210.00
13.6100      199.00
13.6300      213.00
13.6500      216.00
13.6700      222.00
13.6900      209.00
13.7100      216.00
13.7300      210.00
13.7500      211.00
13.7700      228.00
13.7900      218.00
13.8100      248.00
13.8300      235.00
13.8500      265.00
13.8700      265.00
13.8900      277.00
13.9100      320.00
13.9300      340.00
13.9500      325.00
13.9700      406.00
13.9900      392.00
14.0100      484.00
14.0300      527.00
14.0500      570.00
14.0700      589.00
14.0900      666.00
14.1100      662.00
14.1300      731.00
14.1500      726.00
14.1700      763.00
14.1900      772.00
14.2100      768.00
14.2300      783.00
14.2500      849.00
14.2700      712.00
14.2900      718.00
14.3100      665.00
14.3300      591.00
14.3500      530.00
14.3700      484.00
14.3900      425.00
14.4100      386.00
14.4300      381.00
14.4500      334.00
14.4700      309.00
14.4900      291.00
14.5100      278.00
14.5300      297.00
14.5500      264.00
14.5700      228.00
14.5900      210.00
14.6100      236.00
14.6300      218.00
14.6500      209.00
14.6700      230.00
14.6900      196.00
14.7100      197.00
14.7300      211.00
14.7500      207.00
14.7700      189.00
14.7900      234.00
14.8100      233.00
14.8300      221.00
14.8500      233.00
14.8700      215.00
14.8900      212.00
14.9100      200.00
14.9300      237.00
14.9500      193.00
14.9700      182.00
14.9900      169.00
15.0100      201.00
15.0300      179.00
15.0500      209.00
15.0700      196.00
15.0900      191.00
15.1100      200.00
15.1300      183.00
15.1500      196.00
15.1700      194.00
15.1900      167.00
15.2100      185.00
15.2300      216.00
15.2500      189.00
15.2700      199.00
15.2900      174.00
15.3100      185.00
15.3300      189.00
15.3500      211.00
15.3700      195.00
15.3900      205.00
15.4100      185.00
15.4300      200.00
15.4500      213.00
15.4700      206.00
15.4900      220.00
15.5100      227.00
15.5300      212.00
15.5500      203.00
15.5700      221.00
15.5900      244.00
15.6100      226.00
15.6300      214.00
15.6500      228.00
15.6700      260.00
15.6900      284.00
15.7100      291.00
15.7300      292.00
15.7500      306.00
15.7700      333.00
15.7900      347.00
15.8100      339.00
15.8300      362.00
15.8500      409.00
15.8700      382.00
15.8900      357.00
15.9100      377.00
15.9300      432.00
15.9500      420.00
15.9700      419.00
15.9900      406.00
16.0100      407.00
16.0300      413.00
16.0500      386.00
16.0700      370.00
16.0900      408.00
16.1100      390.00
16.1300      432.00
16.1500      412.00
16.1700      408.00
16.1900      446.00
16.2100      412.00
16.2300      436.00
16.2500      470.00
16.2700      422.00
16.2900      453.00
16.3100      447.00
16.3300      491.00
16.3500      475.00
16.3700      480.00
16.3900      482.00
16.4100      496.00
16.4300      533.00
16.4500      539.00
16.4700      526.00
16.4900      535.00
16.5100      514.00
16.5300      481.00
16.5500      428.00
16.5700      402.00
16.5900      362.00
16.6100      325.00
16.6300      316.00
16.6500      255.00
16.6700      273.00
16.6900      219.00
16.7100      259.00
16.7300      228.00
16.7500      268.00
16.7700      288.00
16.7900      310.00
16.8100      301.00
16.8300      298.00
16.8500      351.00
16.8700      378.00
16.8900      380.00
16.9100      420.00
16.9300      501.00
16.9500      505.00
16.9700      509.00
16.9900      536.00
17.0100      562.00
17.0300      574.00
17.0500      627.00
17.0700      567.00
17.0900      558.00
17.1100      568.00
17.1300      558.00
17.1500      531.00
17.1700      524.00
17.1900      529.00
17.2100      526.00
17.2300      553.00
17.2500      580.00
17.2700      590.00
17.2900      743.00
17.3100      764.00
17.3300      866.00
17.3500     1044.00
17.3700     1155.00
17.3900     1234.00
17.4100     1482.00
17.4300     1573.00
17.4500     1713.00
17.4700     1815.00
17.4900     1874.00
17.5100     1897.00
17.5300     1965.00
17.5500     1943.00
17.5700     1971.00
17.5900     1884.00
17.6100     1751.00
17.6300     1525.00
17.6500     1454.00
17.6700     1249.00
17.6900     1095.00
17.7100      913.00
17.7300      792.00
17.7500      697.00
17.7700      568.00
17.7900      436.00
17.8100      392.00
17.8300      381.00
17.8500      348.00
17.8700      350.00
17.8900      339.00
17.9100      307.00
17.9300      318.00
17.9500      338.00
17.9700      301.00
17.9900      269.00
18.0100      287.00
18.0300      321.00
18.0500      263.00
18.0700      261.00
18.0900      248.00
18.1100      289.00
18.1300      304.00
18.1500      289.00
18.1700      326.00
18.1900      345.00
18.2100      404.00
18.2300      457.00
18.2500      470.00
18.2700      546.00
18.2900      552.00
18.3100      610.00
18.3300      671.00
18.3500      622.00
18.3700      641.00
18.3900      662.00
18.4100      722.00
18.4300      706.00
18.4500      623.00
18.4700      613.00
18.4900      594.00
18.5100      521.00
18.5300      465.00
18.5500      432.00
18.5700      381.00
18.5900      349.00
18.6100      329.00
18.6300      324.00
18.6500      289.00
18.6700      311.00
18.6900      320.00
18.7100      335.00
18.7300      336.00
18.7500      325.00
18.7700      330.00
18.7900      331.00
18.8100      316.00
18.8300      318.00
18.8500      318.00
18.8700      315.00
18.8900      358.00
18.9100      293.00
18.9300      259.00
18.9500      305.00
18.9700      306.00
18.9900      274.00
19.0100      297.00
19.0300      338.00
19.0500      346.00
19.0700      341.00
19.0900      334.00
19.1100      317.00
19.1300      323.00
19.1500      294.00
19.1700      341.00
19.1900      363.00
19.2100      350.00
19.2300      354.00
19.2500      321.00
19.2700      349.00
19.2900      354.00
19.3100      348.00
19.3300      368.00
19.3500      352.00
19.3700      391.00
19.3900      445.00
19.4100      482.00
19.4300      544.00
19.4500      684.00
19.4700      698.00
19.4900      820.00
19.5100      901.00
19.5300      995.00
19.5500     1130.00
19.5700     1180.00
19.5900     1238.00
19.6100     1363.00
19.6300     1433.00
19.6500     1355.00
19.6700     1394.00
19.6900     1324.00
19.7100     1219.00
19.7300     1098.00
19.7500     1046.00
19.7700      931.00
19.7900      802.00
19.8100      681.00
19.8300      620.00
19.8500      534.00
19.8700      479.00
19.8900      423.00
19.9100      369.00
19.9300      348.00
19.9500      328.00
19.9700      289.00
19.9900      300.00
20.0100      296.00
20.0300      273.00
20.0500      269.00
20.0700      253.00
20.0900      257.00
20.1100      282.00
20.1300      239.00
20.1500      238.00
20.1700      278.00
20.1900      271.00
20.2100      262.00
20.2300      247.00
20.2500      256.00
20.2700      294.00
20.2900      267.00
20.3100      297.00
20.3300      289.00
20.3500      316.00
20.3700      332.00
20.3900      381.00
20.4100      363.00
20.4300      407.00
20.4500      456.00
20.4700      528.00
20.4900      605.00
20.5100      679.00
20.5300      700.00
20.5500      751.00
20.5700      779.00
20.5900      870.00
20.6100      857.00
20.6300      893.00
20.6500      922.00
20.6700      957.00
20.6900      955.00
20.7100     1045.00
20.7300     1006.00
20.7500     1063.00
20.7700     1134.00
20.7900     1235.00
20.8100     1262.00
20.8300     1414.00
20.8500     1502.00
20.8700     1719.00
20.8900     1867.00
20.9100     2047.00
20.9300     2197.00
20.9500     2272.00
20.9700     2395.00
20.9900     2386.00
21.0100     2498.00
21.0300     2423.00
21.0500     2433.00
21.0700     2337.00
21.0900     2165.00
21.1100     1948.00
21.1300     1691.00
21.1500     1354.00
21.1700     1090.00
21.1900      929.00
21.2100      777.00
21.2300      590.00
21.2500      476.00
21.2700      392.00
21.2900      392.00
21.3100      313.00
21.3300      317.00
21.3500      290.00
21.3700      251.00
21.3900      261.00
21.4100      245.00
21.4300      258.00
21.4500      258.00
21.4700      247.00
21.4900      244.00
21.5100      258.00
21.5300      254.00
21.5500      258.00
21.5700      263.00
21.5900      237.00
21.6100      231.00
21.6300      251.00
21.6500      252.00
21.6700      219.00
21.6900      265.00
21.7100      262.00
21.7300      253.00
21.7500      255.00
21.7700      256.00
21.7900      261.00
21.8100      228.00
21.8300      243.00
21.8500      250.00
21.8700      249.00
21.8900      265.00
21.9100      312.00
21.9300      276.00
21.9500      272.00
21.9700      293.00
21.9900      326.00
22.0100      351.00
22.0300      325.00
22.0500      298.00
22.0700      342.00
22.0900      371.00
22.1100      418.00
22.1300      422.00
22.1500      453.00
22.1700      512.00
22.1900      473.00
22.2100      522.00
22.2300      583.00
22.2500      532.00
22.2700      523.00
22.2900      575.00
22.3100      640.00
22.3300      625.00
22.3500      702.00
22.3700      667.00
22.3900      719.00
22.4100      812.00
22.4300      857.00
22.4500      839.00
22.4700      948.00
22.4900      986.00
22.5100      983.00
22.5300     1074.00
22.5500     1072.00
22.5700     1098.00
22.5900     1088.00
22.6100     1089.00
22.6300     1021.00
22.6500     1020.00
22.6700      983.00
22.6900      858.00
22.7100      793.00
22.7300      712.00
22.7500      628.00
22.7700      557.00
22.7900      557.00
22.8100      532.00
22.8300      512.00
22.8500      564.00
22.8700      573.00
22.8900      625.00
22.9100      670.00
22.9300      681.00
22.9500      686.00
22.9700      710.00
22.9900      728.00
23.0100      763.00
23.0300      737.00
23.0500      720.00
23.0700      758.00
23.0900      763.00
23.1100      745.00
23.1300      760.00
23.1500      727.00
23.1700      669.00
23.1900      687.00
23.2100      683.00
23.2300      657.00
23.2500      670.00
23.2700      620.00
23.2900      691.00
23.3100      680.00
23.3300      698.00
23.3500      685.00
23.3700      689.00
23.3900      695.00
23.4100      641.00
23.4300      618.00
23.4500      614.00
23.4700      571.00
23.4900      528.00
23.5100      449.00
23.5300      438.00
23.5500      387.00
23.5700      338.00
23.5900      307.00
23.6100      260.00
23.6300      315.00
23.6500      267.00
23.6700      287.00
23.6900      307.00
23.7100      316.00
23.7300      321.00
23.7500      342.00
23.7700      362.00
23.7900      352.00
23.8100      388.00
23.8300      414.00
23.8500      459.00
23.8700      458.00
23.8900      540.00
23.9100      586.00
23.9300      641.00
23.9500      721.00
23.9700      755.00
23.9900      784.00
24.0100      761.00
24.0300      820.00
24.0500      840.00
24.0700      850.00
24.0900      850.00
24.1100      922.00
24.1300      873.00
24.1500      889.00
24.1700      881.00
24.1900      858.00
24.2100      853.00
24.2300      932.00
24.2500      971.00
24.2700     1087.00
24.2900     1066.00
24.3100     1056.00
24.3300     1048.00
24.3500     1086.00
24.3700     1083.00
24.3900     1066.00
24.4100      952.00
24.4300      944.00
24.4500      876.00
24.4700      702.00
24.4900      632.00
24.5100      565.00
24.5300      506.00
24.5500      441.00
24.5700      394.00
24.5900      374.00
24.6100      327.00
24.6300      336.00
24.6500      344.00
24.6700      364.00
24.6900      440.00
24.7100      445.00
24.7300      469.00
24.7500      533.00
24.7700      624.00
24.7900      654.00
24.8100      676.00
24.8300      752.00
24.8500      772.00
24.8700      785.00
24.8900      801.00
24.9100      779.00
24.9300      844.00
24.9500      748.00
24.9700      745.00
24.9900      673.00
25.0100      601.00
25.0300      552.00
25.0500      522.00
25.0700      459.00
25.0900      367.00
25.1100      342.00
25.1300      276.00
25.1500      283.00
25.1700      265.00
25.1900      228.00
25.2100      227.00
25.2300      226.00
25.2500      230.00
25.2700      228.00
25.2900      234.00
25.3100      227.00
25.3300      243.00
25.3500      223.00
25.3700      229.00
25.3900      215.00
25.4100      226.00
25.4300      230.00
25.4500      218.00
25.4700      233.00
25.4900      217.00
25.5100      248.00
25.5300      227.00
25.5500      194.00
25.5700      243.00
25.5900      210.00
25.6100      197.00
25.6300      219.00
25.6500      228.00
25.6700      203.00
25.6900      214.00
25.7100      210.00
25.7300      217.00
25.7500      279.00
25.7700      269.00
25.7900      237.00
25.8100      289.00
25.8300      343.00
25.8500      321.00
25.8700      310.00
25.8900      342.00
25.9100      373.00
25.9300      372.00
25.9500      387.00
25.9700      413.00
25.9900      432.00
26.0100      464.00
26.0300      466.00
26.0500      563.00
26.0700      536.00
26.0900      550.00
26.1100      539.00
26.1300      577.00
26.1500      582.00
26.1700      588.00
26.1900      575.00
26.2100      579.00
26.2300      605.00
26.2500      640.00
26.2700      582.00
26.2900      588.00
26.3100      530.00
26.3300      531.00
26.3500      531.00
26.3700      541.00
26.3900      481.00
26.4100      502.00
26.4300      496.00
26.4500      484.00
26.4700      450.00
26.4900      473.00
26.5100      510.00
26.5300      462.00
26.5500      427.00
26.5700      370.00
26.5900      406.00
26.6100      328.00
26.6300      305.00
26.6500      255.00
26.6700      239.00
26.6900      254.00
26.7100      246.00
26.7300      242.00
26.7500      211.00
26.7700      234.00
26.7900      232.00
26.8100      257.00
26.8300      264.00
26.8500      233.00
26.8700      279.00
26.8900      270.00
26.9100      248.00
26.9300      270.00
26.9500      249.00
26.9700      282.00
26.9900      249.00
27.0100      281.00
27.0300      268.00
27.0500      282.00
27.0700      247.00
27.0900      278.00
27.1100      288.00
27.1300      328.00
27.1500      305.00
27.1700      330.00
27.1900      370.00
27.2100      329.00
27.2300      381.00
27.2500      416.00
27.2700      377.00
27.2900      389.00
27.3100      430.00
27.3300      380.00
27.3500      414.00
27.3700      431.00
27.3900      431.00
27.4100      471.00
27.4300      501.00
27.4500      514.00
27.4700      566.00
27.4900      586.00
27.5100      696.00
27.5300      706.00
27.5500      687.00
27.5700      784.00
27.5900      759.00
27.6100      688.00
27.6300      770.00
27.6500      711.00
27.6700      702.00
27.6900      686.00
27.7100      693.00
27.7300      664.00
27.7500      554.00
27.7700      590.00
27.7900      508.00
27.8100      483.00
27.8300      452.00
27.8500      377.00
27.8700      338.00
27.8900      374.00
27.9100      344.00
27.9300      358.00
27.9500      322.00
27.9700      340.00
27.9900      317.00
28.0100      310.00
28.0300      362.00
28.0500      291.00
28.0700      283.00
28.0900      303.00
28.1100      296.00
28.1300      288.00
28.1500      306.00
28.1700      331.00
28.1900      366.00
28.2100      375.00
28.2300      398.00
28.2500      479.00
28.2700      545.00
28.2900      600.00
28.3100      701.00
28.3300      694.00
28.3500      831.00
28.3700      862.00
28.3900     1006.00
28.4100     1040.00
28.4300     1064.00
28.4500     1151.00
28.4700     1190.00
28.4900     1131.00
28.5100     1120.00
28.5300     1063.00
28.5500     1087.00
28.5700      983.00
28.5900      963.00
28.6100      838.00
28.6300      819.00
28.6500      699.00
28.6700      661.00
28.6900      594.00
28.7100      606.00
28.7300      527.00
28.7500      514.00
28.7700      472.00
28.7900      481.00
28.8100      424.00
28.8300      415.00
28.8500      423.00
28.8700      383.00
28.8900      402.00
28.9100      370.00
28.9300      388.00
28.9500      460.00
28.9700      452.00
28.9900      420.00
29.0100      426.00
29.0300      432.00
29.0500      441.00
29.0700      457.00
29.0900      499.00
29.1100      485.00
29.1300      470.00
29.1500      505.00
29.1700      485.00
29.1900      505.00
29.2100      512.00
29.2300      508.00
29.2500      531.00
29.2700      531.00
29.2900      538.00
29.3100      485.00
29.3300      564.00
29.3500      527.00
29.3700      583.00
29.3900      591.00
29.4100      593.00
29.4300      582.00
29.4500      581.00
29.4700      536.00
29.4900      568.00
29.5100      513.00
29.5300      496.00
29.5500      441.00
29.5700      404.00
29.5900      363.00
29.6100      332.00
29.6300      301.00
29.6500      260.00
29.6700      241.00
29.6900      230.00
29.7100      244.00
29.7300      208.00
29.7500      214.00
29.7700      218.00
29.7900      229.00
29.8100      202.00
29.8300      227.00
29.8500      208.00
29.8700      256.00
29.8900      276.00
29.9100      254.00
29.9300      267.00
29.9500      309.00
29.9700      316.00
29.9900      297.00
30.0100      342.00
30.0300      367.00
30.0500      398.00
30.0700      374.00
30.0900      413.00
30.1100      396.00
30.1300      417.00
30.1500      421.00
30.1700      440.00
30.1900      428.00
30.2100      382.00
30.2300      412.00
30.2500      391.00
30.2700      360.00
30.2900      358.00
30.3100      303.00
30.3300      299.00
30.3500      277.00
30.3700      290.00
30.3900      254.00
30.4100      265.00
30.4300      247.00
30.4500      276.00
30.4700      240.00
30.4900      239.00
30.5100      247.00
30.5300      225.00
30.5500      235.00
30.5700      256.00
30.5900      289.00
30.6100      235.00
30.6300      268.00
30.6500      276.00
30.6700      247.00
30.6900      277.00
30.7100      278.00
30.7300      250.00
30.7500      242.00
30.7700      211.00
30.7900      247.00
30.8100      233.00
30.8300      258.00
30.8500      214.00
30.8700      227.00
30.8900      252.00
30.9100      217.00
30.9300      218.00
30.9500      237.00
30.9700      250.00
30.9900      251.00
31.0100      249.00
31.0300      222.00
31.0500      242.00
31.0700      229.00
31.0900      212.00
31.1100      205.00
31.1300      209.00
31.1500      214.00
31.1700      184.00
31.1900      169.00
31.2100      185.00
31.2300      174.00
31.2500      180.00
31.2700      180.00
31.2900      187.00
31.3100      190.00
31.3300      183.00
31.3500      192.00
31.3700      188.00
31.3900      243.00
31.4100      220.00
31.4300      219.00
31.4500      230.00
31.4700      259.00
31.4900      257.00
31.5100      222.00
31.5300      247.00
31.5500      242.00
31.5700      243.00
31.5900      237.00
31.6100      233.00
31.6300      238.00
31.6500      230.00
31.6700      244.00
31.6900      242.00
31.7100      240.00
31.7300      199.00
31.7500      235.00
31.7700      220.00
31.7900      217.00
31.8100      205.00
31.8300      238.00
31.8500      234.00
31.8700      280.00
31.8900      242.00
31.9100      256.00
31.9300      277.00
31.9500      284.00
31.9700      312.00
31.9900      313.00
32.0100      329.00
32.0300      310.00
32.0500      346.00
32.0700      342.00
32.0900      344.00
32.1100      343.00
32.1300      340.00
32.1500      362.00
32.1700      349.00
32.1900      328.00
32.2100      350.00
32.2300      354.00
32.2500      362.00
32.2700      331.00
32.2900      364.00
32.3100      331.00
32.3300      322.00
32.3500      350.00
32.3700      362.00
32.3900      352.00
32.4100      387.00
32.4300      388.00
32.4500      403.00
32.4700      445.00
32.4900      407.00
32.5100      388.00
32.5300      406.00
32.5500      406.00
32.5700      447.00
32.5900      427.00
32.6100      427.00
32.6300      400.00
32.6500      406.00
32.6700      390.00
32.6900      393.00
32.7100      342.00
32.7300      331.00
32.7500      331.00
32.7700      328.00
32.7900      315.00
32.8100      279.00
32.8300      301.00
32.8500      300.00
32.8700      297.00
32.8900      290.00
32.9100      298.00
32.9300      308.00
32.9500      322.00
32.9700      285.00
32.9900      275.00
33.0100      295.00
33.0300      294.00
33.0500      294.00
33.0700      302.00
33.0900      325.00
33.1100      358.00
33.1300      366.00
33.1500      389.00
33.1700      373.00
33.1900      342.00
33.2100      394.00
33.2300      377.00
33.2500      427.00
33.2700      429.00
33.2900      410.00
33.3100      452.00
33.3300      394.00
33.3500      407.00
33.3700      352.00
33.3900      386.00
33.4100      396.00
33.4300      371.00
33.4500      346.00
33.4700      317.00
33.4900      306.00
33.5100      284.00
33.5300      276.00
33.5500      263.00
33.5700      271.00
33.5900      260.00
33.6100      226.00
33.6300      209.00
33.6500      228.00
33.6700      225.00
33.6900      197.00
33.7100      191.00
33.7300      203.00
33.7500      190.00
33.7700      187.00
33.7900      179.00
33.8100      187.00
33.8300      222.00
33.8500      200.00
33.8700      201.00
33.8900      194.00
33.9100      232.00
33.9300      266.00
33.9500      238.00
33.9700      258.00
33.9900      276.00
34.0100      280.00
34.0300      272.00
34.0500      296.00
34.0700      335.00
34.0900      360.00
34.1100      355.00
34.1300      367.00
34.1500      362.00
34.1700      375.00
34.1900      362.00
34.2100      344.00
34.2300      374.00
34.2500      333.00
34.2700      305.00
34.2900      300.00
34.3100      281.00
34.3300      246.00
34.3500      232.00
34.3700      220.00
34.3900      223.00
34.4100      253.00
34.4300      206.00
34.4500      224.00
34.4700      187.00
34.4900      209.00
34.5100      197.00
34.5300      186.00
34.5500      195.00
34.5700      197.00
34.5900      187.00
34.6100      201.00
34.6300      224.00
34.6500      218.00
34.6700      207.00
34.6900      217.00
34.7100      204.00
34.7300      206.00
34.7500      196.00
34.7700      199.00
34.7900      204.00
34.8100      211.00
34.8300      212.00
34.8500      231.00
34.8700      226.00
34.8900      235.00
