 3.0000      137.00
 3.0200      160.00
 3.0400      144.00
 3.0600      149.00
 3.0800      142.00
 3.1000      148.00
 3.1200      164.00
 3.1400      142.00
 3.1600      152.00
 3.1800      157.00
 3.2000      161.00
 3.2200      138.00
 3.2400      134.00
 3.2600      153.00
 3.2800      117.00
 3.3000      130.00
 3.3200      138.00
 3.3400      146.00
 3.3600      123.00
 3.3800      149.00
 3.4000      115.00
 3.4200      119.00
 3.4400      132.00
 3.4600      130.00
 3.4800      125.00
 3.5000      124.00
 3.5200      126.00
 3.5400      140.00
 3.5600      130.00
 3.5800      137.00
 3.6000      132.00
 3.6200      115.00
 3.6400      118.00
 3.6600      131.00
 3.6800      128.00
 3.7000      145.00
 3.7200      125.00
 3.7400      148.00
 3.7600      117.00
 3.7800      130.00
 3.8000      133.00
 3.8200      120.00
 3.8400      115.00
 3.8600      131.00
 3.8800      114.00
 3.9000      112.00
 3.9200      104.00
 3.9400      104.00
 3.9600      124.00
 3.9800      117.00
 4.0000      113.00
 4.0200      111.00
 4.0400      117.00
 4.0600      109.00
 4.0800      109.00
 4.1000      112.00
 4.1200      125.00
 4.1400      119.00
 4.1600      117.00
 4.1800      118.00
 4.2000      105.00
 4.2200      106.00
 4.2400       96.00
 4.2600      105.00
 4.2800      102.00
 4.3000       92.00
 4.3200      115.00
 4.3400       93.00
 4.3600       92.00
 4.3800      101.00
 4.4000      122.00
 4.4200      101.00
 4.4400       91.00
 4.4600      119.00
 4.4800       89.00
 4.5000       93.00
 4.5200       99.00
 4.5400       97.00
 4.5600       88.00
 4.5800       87.00
 4.6000       89.00
 4.6200      112.00
 4.6400      110.00
 4.6600       97.00
 4.6800       93.00
 4.7000       86.00
 4.7200       98.00
 4.7400       80.00
 4.7600       98.00
 4.7800      101.00
 4.8000      101.00
 4.8200      107.00
 4.8400       89.00
 4.8600       86.00
 4.8800       75.00
 4.9000       93.00
 4.9200       96.00
 4.9400       88.00
 4.9600       79.00
 4.9800       94.00
 5.0000       98.00
 5.0200       94.00
 5.0400       94.00
 5.0600       85.00
 5.0800       92.00
 5.1000       98.00
 5.1200       88.00
 5.1400       91.00
 5.1600       91.00
 5.1800      105.00
 5.2000      102.00
 5.2200       91.00
 5.2400       93.00
 5.2600       94.00
 5.2800       90.00
 5.3000      107.00
 5.3200       96.00
 5.3400       98.00
 5.3600       80.00
 5.3800       80.00
 5.4000       91.00
 5.4200       97.00
 5.4400      102.00
 5.4600      113.00
 5.4800       88.00
 5.5000       85.00
 5.5200       87.00
 5.5400       90.00
 5.5600      101.00
 5.5800       88.00
 5.6000       78.00
 5.6200       85.00
 5.6400       84.00
 5.6600       94.00
 5.6800       97.00
 5.7000       96.00
 5.7200       99.00
 5.7400       86.00
 5.7600      115.00
 5.7800      113.00
 5.8000      103.00
 5.8200       99.00
 5.8400       86.00
 5.8600       89.00
 5.8800       87.00
 5.9000       92.00
 5.9200       90.00
 5.9400       87.00
 5.9600      100.00
 5.9800      105.00
 6.0000       85.00
 6.0200       85.00
 6.0400       95.00
 6.0600      105.00
 6.0800       86.00
 6.1000       99.00
 6.1200      102.00
 6.1400      100.00
 6.1600      116.00
 6.1800      125.00
 6.2000      102.00
 6.2200      105.00
 6.2400      118.00
 6.2600      111.00
 6.2800      129.00
 6.3000      104.00
 6.3200      103.00
 6.3400      121.00
 6.3600      119.00
 6.3800      129.00
 6.4000      118.00
 6.4200      126.00
 6.4400      120.00
 6.4600      163.00
 6.4800      148.00
 6.5000      167.00
 6.5200      181.00
 6.5400      174.00
 6.5600      219.00
 6.5800      204.00
 6.6000      200.00
 6.6200      241.00
 6.6400      217.00
 6.6600      233.00
 6.6800      208.00
 6.7000      168.00
 6.7200      175.00
 6.7400      142.00
 6.7600      148.00
 6.7800      118.00
 6.8000      116.00
 6.8200      124.00
 6.8400      109.00
 6.8600       86.00
 6.8800      104.00
 6.9000      117.00
 6.9200      126.00
 6.9400      109.00
 6.9600      113.00
 6.9800      130.00
 7.0000      109.00
 7.0200      114.00
 7.0400      128.00
 7.0600       98.00
 7.0800      106.00
 7.1000       99.00
 7.1200      104.00
 7.1400      122.00
 7.1600      110.00
 7.1800      101.00
 7.2000      105.00
 7.2200      108.00
 7.2400      119.00
 7.2600      104.00
 7.2800      101.00
 7.3000      107.00
 7.3200      100.00
 7.3400      132.00
 7.3600      107.00
 7.3800      101.00
 7.4000       83.00
 7.4200      125.00
 7.4400      115.00
 7.4600      117.00
 7.4800      102.00
 7.5000      114.00
 7.5200      105.00
 7.5400      111.00
 7.5600       84.00
 7.5800      104.00
 7.6000       85.00
 7.6200       88.00
 7.6400       99.00
 7.6600       90.00
 7.6800       89.00
 7.7000       93.00
 7.7200      101.00
 7.7400      103.00
 7.7600       88.00
 7.7800      112.00
 7.8000       94.00
 7.8200      104.00
 7.8400       95.00
 7.8600      103.00
 7.8800       98.00
 7.9000       83.00
 7.9200       88.00
 7.9400      100.00
 7.9600       98.00
 7.9800       97.00
 8.0000      124.00
 8.0200       94.00
 8.0400       91.00
 8.0600      111.00
 8.0800      102.00
 8.1000       98.00
 8.1200       96.00
 8.1400      107.00
 8.1600       93.00
 8.1800      102.00
 8.2000       89.00
 8.2200      100.00
 8.2400       96.00
 8.2600       92.00
 8.2800      106.00
 8.3000       88.00
 8.3200      103.00
 8.3400       92.00
 8.3600       92.00
 8.3800       96.00
 8.4000       99.00
 8.4200       98.00
 8.4400      111.00
 8.4600       98.00
 8.4800       93.00
 8.5000       86.00
 8.5200      100.00
 8.5400      110.00
 8.5600      103.00
 8.5800      100.00
 8.6000       88.00
 8.6200      104.00
 8.6400      113.00
 8.6600      116.00
 8.6800      115.00
 8.7000      117.00
 8.7200       99.00
 8.7400      119.00
 8.7600      127.00
 8.7800      127.00
 8.8000      110.00
 8.8200      109.00
 8.8400      110.00
 8.8600      103.00
 8.8800      129.00
 8.9000      127.00
 8.9200      124.00
 8.9400      123.00
 8.9600      122.00
 8.9800      114.00
 9.0000      113.00
 9.0200       87.00
 9.0400      123.00
 9.0600      129.00
 9.0800      115.00
 9.1000       96.00
 9.1200      118.00
 9.1400       98.00
 9.1600      120.00
 9.1800      104.00
 9.2000      107.00
 9.2200      109.00
 9.2400      104.00
 9.2600      100.00
 9.2800       99.00
 9.3000      108.00
 9.3200      104.00
 9.3400       97.00
 9.3600      119.00
 9.3800      118.00
 9.4000      120.00
 9.4200      120.00
 9.4400      115.00
 9.4600      100.00
 9.4800      109.00
 9.5000      137.00
 9.5200      125.00
 9.5400      126.00
 9.5600      113.00
 9.5800      109.00
 9.6000      119.00
 9.6200      125.00
 9.6400      123.00
 9.6600      126.00
 9.6800      143.00
 9.7000      148.00
 9.7200      128.00
 9.7400      122.00
 9.7600      128.00
 9.7800      155.00
 9.8000      130.00
 9.8200      135.00
 9.8400      142.00
 9.8600      142.00
 9.8800      141.00
 9.9000      163.00
 9.9200      152.00
 9.9400      178.00
 9.9600      164.00
 9.9800      165.00
10.0000      151.00
10.0200      187.00
10.0400      148.00
10.0600      172.00
10.0800      145.00
10.1000      138.00
10.1200      139.00
10.1400      124.00
10.1600      120.00
10.1800      118.00
10.2000      111.00
10.2200      114.00
10.2400      122.00
10.2600      110.00
10.2800      103.00
10.3000      107.00
10.3200      118.00
10.3400      111.00
10.3600      117.00
10.3800      105.00
10.4000      103.00
10.4200      113.00
10.4400      104.00
10.4600      130.00
10.4800      117.00
10.5000      120.00
10.5200      114.00
10.5400      136.00
10.5600      118.00
10.5800      135.00
10.6000      152.00
10.6200      111.00
10.6400      112.00
10.6600      134.00
10.6800      148.00
10.7000      152.00
10.7200      144.00
10.7400      150.00
10.7600      157.00
10.7800      167.00
10.8000      147.00
10.8200      171.00
10.8400      189.00
10.8600      237.00
10.8800      219.00
10.9000      268.00
10.9200      259.00
10.9400      328.00
10.9600      261.00
10.9800      282.00
11.0000      290.00
11.0200      292.00
11.0400      329.00
11.0600      313.00
11.0800      297.00
11.1000      294.00
11.1200      306.00
11.1400      287.00
11.1600      291.00
11.1800      277.00
11.2000      286.00
11.2200      271.00
11.2400      290.00
11.2600      250.00
11.2800      267.00
11.3000      263.00
11.3200      252.00
11.3400      256.00
11.3600      264.00
11.3800      264.00
11.4000      271.00
11.4200      263.00
11.4400      206.00
11.4600      229.00
11.4800      190.00
11.5000      182.00
11.5200      150.00
11.5400      150.00
11.5600      124.00
11.5800      146.00
11.6000      108.00
11.6200      127.00
11.6400      127.00
11.6600      109.00
11.6800      110.00
11.7000      157.00
11.7200      126.00
11.7400      120.00
11.7600      137.00
11.7800      112.00
11.8000      123.00
11.8200      137.00
11.8400      143.00
11.8600      141.00
11.8800      147.00
11.9000      159.00
11.9200      140.00
11.9400      145.00
11.9600      173.00
11.9800      205.00
12.0000      200.00
12.0200      209.00
12.0400      247.00
12.0600      248.00
12.0800      266.00
12.1000      318.00
12.1200      337.00
12.1400      380.00
12.1600      391.00
12.1800      446.00
12.2000      480.00
12.2200      459.00
12.2400      485.00
12.2600      509.00
12.2800      417.00
12.3000      394.00
12.3200      356.00
12.3400      350.00
12.3600      253.00
12.3800      228.00
12.4000      218.00
12.4200      218.00
12.4400      239.00
12.4600      227.00
12.4800      253.00
12.5000      269.00
12.5200      256.00
12.5400      328.00
12.5600      295.00
12.5800      340.00
12.6000      339.00
12.6200      388.00
12.6400      392.00
12.6600      367.00
12.6800      343.00
12.7000      324.00
12.7200      307.00
12.7400      340.00
12.7600      264.00
12.7800      262.00
12.8000      218.00
12.8200      231.00
12.8400      235.00
12.8600      203.00
12.8800      210.00
12.9000      205.00
12.9200      239.00
12.9400      215.00
12.9600      255.00
12.9800      232.00
13.0000      240.00
13.0200      288.00
13.0400      297.00
13.0600      291.00
13.0800      326.00
13.1000      354.00
13.1200      355.00
13.1400      354.00
13.1600      351.00
13.1800      346.00
13.2000      332.00
13.2200      252.00
13.2400      247.00
13.2600      238.00
13.2800      186.00
13.3000      169.00
13.3200      155.00
13.3400      144.00
13.3600      140.00
13.3800      139.00
13.4000      145.00
13.4200      131.00
13.4400      153.00
13.4600      119.00
13.4800      149.00
13.5000      135.00
13.5200      131.00
13.5400      116.00
13.5600      124.00
13.5800      128.00
13.6000      126.00
13.6200      146.00
13.6400      144.00
13.6600      134.00
13.6800      121.00
13.7000      123.00
13.7200      109.00
13.7400      106.00
13.7600      125.00
13.7800      144.00
13.8000      128.00
13.8200      136.00
13.8400      142.00
13.8600      134.00
13.8800      144.00
13.9000      162.00
13.9200      162.00
13.9400      159.00
13.9600      163.00
13.9800      200.00
14.0000      175.00
14.0200      191.00
14.0400      217.00
14.0600      242.00
14.0800      254.00
14.1000      264.00
14.1200      286.00
14.1400      296.00
14.1600      337.00
14.1800      386.00
14.2000      373.00
14.2200      405.00
14.2400      428.00
14.2600      470.00
14.2800      483.00
14.3000      472.00
14.3200      463.00
14.3400      463.00
14.3600      442.00
14.3800      417.00
14.4000      409.00
14.4200      398.00
14.4400      343.00
14.4600      304.00
14.4800      293.00
14.5000      266.00
14.5200      273.00
14.5400      268.00
14.5600      234.00
14.5800      229.00
14.6000      212.00
14.6200      241.00
14.6400      227.00
14.6600      235.00
14.6800      227.00
14.7000      248.00
14.7200      301.00
14.7400      333.00
14.7600      344.00
14.7800      327.00
14.8000      382.00
14.8200      409.00
14.8400      443.00
14.8600      409.00
14.8800      410.00
14.9000      424.00
14.9200      406.00
14.9400      372.00
14.9600      286.00
14.9800      302.00
15.0000      192.00
15.0200      189.00
15.0400      168.00
15.0600      188.00
15.0800      153.00
15.1000      155.00
15.1200      141.00
15.1400      134.00
15.1600      136.00
15.1800      129.00
15.2000      116.00
15.2200      132.00
15.2400      125.00
15.2600      123.00
15.2800      133.00
15.3000      137.00
15.3200      125.00
15.3400      117.00
15.3600      133.00
15.3800      137.00
15.4000      119.00
15.4200      133.00
15.4400      128.00
15.4600      122.00
15.4800      129.00
15.5000      131.00
15.5200      131.00
15.5400      132.00
15.5600      138.00
15.5800      127.00
15.6000      148.00
15.6200      145.00
15.6400      157.00
15.6600      180.00
15.6800      144.00
15.7000      157.00
15.7200      143.00
15.7400      162.00
15.7600      174.00
15.7800      161.00
15.8000      204.00
15.8200      205.00
15.8400      217.00
15.8600      218.00
15.8800      232.00
15.9000      211.00
15.9200      230.00
15.9400      244.00
15.9600      263.00
15.9800      241.00
16.0000      231.00
16.0200      269.00
16.0400      274.00
16.0600      276.00
16.0800      282.00
16.1000      281.00
16.1200      293.00
16.1400      272.00
16.1600      289.00
16.1800      305.00
16.2000      299.00
16.2200      314.00
16.2400      285.00
16.2600      286.00
16.2800      276.00
16.3000      287.00
16.3200      277.00
16.3400      228.00
16.3600      254.00
16.3800      228.00
16.4000      243.00
16.4200      275.00
16.4400      235.00
16.4600      242.00
16.4800      284.00
16.5000      316.00
16.5200      328.00
16.5400      376.00
16.5600      360.00
16.5800      354.00
16.6000      372.00
16.6200      320.00
16.6400      317.00
16.6600      274.00
16.6800      274.00
16.7000      241.00
16.7200      228.00
16.7400      214.00
16.7600      196.00
16.7800      163.00
16.8000      170.00
16.8200      185.00
16.8400      176.00
16.8600      192.00
16.8800      164.00
16.9000      184.00
16.9200      212.00
16.9400      206.00
16.9600      234.00
16.9800      304.00
17.0000      301.00
17.0200      353.00
17.0400      407.00
17.0600      438.00
17.0800      527.00
17.1000      540.00
17.1200      595.00
17.1400      623.00
17.1600      620.00
17.1800      644.00
17.2000      593.00
17.2200      512.00
17.2400      486.00
17.2600      480.00
17.2800      415.00
17.3000      348.00
17.3200      300.00
17.3400      264.00
17.3600      258.00
17.3800      270.00
17.4000      306.00
17.4200      325.00
17.4400      331.00
17.4600      380.00
17.4800      436.00
17.5000      473.00
17.5200      511.00
17.5400      568.00
17.5600      681.00
17.5800      735.00
17.6000      786.00
17.6200      833.00
17.6400      899.00
17.6600      895.00
17.6800     1005.00
17.7000      961.00
17.7200      896.00
17.7400      915.00
17.7600      795.00
17.7800      756.00
17.8000      721.00
17.8200      634.00
17.8400      691.00
17.8600      565.00
17.8800      619.00
17.9000      539.00
17.9200      579.00
17.9400      538.00
17.9600      506.00
17.9800      478.00
18.0000      439.00
18.0200      420.00
18.0400      355.00
18.0600      340.00
18.0800      308.00
18.1000      278.00
18.1200      304.00
18.1400      278.00
18.1600      288.00
18.1800      303.00
18.2000      310.00
18.2200      327.00
18.2400      357.00
18.2600      472.00
18.2800      471.00
18.3000      533.00
18.3200      559.00
18.3400      582.00
18.3600      601.00
18.3800      666.00
18.4000      665.00
18.4200      629.00
18.4400      598.00
18.4600      577.00
18.4800      567.00
18.5000      555.00
18.5200      506.00
18.5400      500.00
18.5600      423.00
18.5800      390.00
18.6000      344.00
18.6200      323.00
18.6400      266.00
18.6600      268.00
18.6800      208.00
18.7000      215.00
18.7200      207.00
18.7400      191.00
18.7600      210.00
18.7800      168.00
18.8000      200.00
18.8200      196.00
18.8400      185.00
18.8600      233.00
18.8800      193.00
18.9000      212.00
18.9200      208.00
18.9400      217.00
18.9600      208.00
18.9800      224.00
19.0000      234.00
19.0200      228.00
19.0400      274.00
19.0600      273.00
19.0800      327.00
19.1000      341.00
19.1200      374.00
19.1400      382.00
19.1600      412.00
19.1800      446.00
19.2000      485.00
19.2200      478.00
19.2400      451.00
19.2600      417.00
19.2800      423.00
19.3000      376.00
19.3200      345.00
19.3400      315.00
19.3600      278.00
19.3800      286.00
19.4000      263.00
19.4200      272.00
19.4400      289.00
19.4600      259.00
19.4800      275.00
19.5000      309.00
19.5200      350.00
19.5400      350.00
19.5600      502.00
19.5800      484.00
19.6000      588.00
19.6200      698.00
19.6400      794.00
19.6600      832.00
19.6800      926.00
19.7000      941.00
19.7200     1036.00
19.7400      964.00
19.7600      967.00
19.7800      948.00
19.8000      949.00
19.8200      879.00
19.8400      805.00
19.8600      729.00
19.8800      714.00
19.9000      594.00
19.9200      536.00
19.9400      493.00
19.9600      459.00
19.9800      399.00
20.0000      347.00
20.0200      340.00
20.0400      291.00
20.0600      244.00
20.0800      252.00
20.1000      236.00
20.1200      212.00
20.1400      219.00
20.1600      214.00
20.1800      205.00
20.2000      201.00
20.2200      181.00
20.2400      181.00
20.2600      159.00
20.2800      193.00
20.3000      165.00
20.3200      161.00
20.3400      147.00
20.3600      174.00
20.3800      160.00
20.4000      149.00
20.4200      175.00
20.4400      172.00
20.4600      177.00
20.4800      193.00
20.5000      172.00
20.5200      200.00
20.5400      191.00
20.5600      206.00
20.5800      192.00
20.6000      209.00
20.6200      287.00
20.6400      294.00
20.6600      310.00
20.6800      388.00
20.7000      398.00
20.7200      443.00
20.7400      495.00
20.7600      518.00
20.7800      507.00
20.8000      476.00
20.8200      576.00
20.8400      596.00
20.8600      599.00
20.8800      638.00
20.9000      624.00
20.9200      665.00
20.9400      730.00
20.9600      710.00
20.9800      754.00
21.0000      807.00
21.0200      906.00
21.0400      924.00
21.0600     1024.00
21.0800     1118.00
21.1000     1190.00
21.1200     1219.00
21.1400     1215.00
21.1600     1201.00
21.1800     1149.00
21.2000     1122.00
21.2200     1006.00
21.2400      843.00
21.2600      746.00
21.2800      597.00
21.3000      540.00
21.3200      442.00
21.3400      354.00
21.3600      308.00
21.3800      283.00
21.4000      262.00
21.4200      249.00
21.4400      257.00
21.4600      243.00
21.4800      257.00
21.5000      234.00
21.5200      250.00
21.5400      281.00
21.5600      323.00
21.5800      301.00
21.6000      340.00
21.6200      386.00
21.6400      375.00
21.6600      391.00
21.6800      443.00
21.7000      438.00
21.7200      476.00
21.7400      475.00
21.7600      523.00
21.7800      593.00
21.8000      608.00
21.8200      668.00
21.8400      691.00
21.8600      738.00
21.8800      779.00
21.9000      770.00
21.9200      732.00
21.9400      798.00
21.9600      771.00
21.9800      704.00
22.0000      679.00
22.0200      652.00
22.0400      566.00
22.0600      557.00
22.0800      512.00
22.1000      509.00
22.1200      555.00
22.1400      607.00
22.1600      593.00
22.1800      605.00
22.2000      612.00
22.2200      625.00
22.2400      616.00
22.2600      618.00
22.2800      620.00
22.3000      615.00
22.3200      643.00
22.3400      628.00
22.3600      641.00
22.3800      691.00
22.4000      674.00
22.4200      658.00
22.4400      705.00
22.4600      658.00
22.4800      627.00
22.5000      628.00
22.5200      587.00
22.5400      569.00
22.5600      548.00
22.5800      557.00
22.6000      556.00
22.6200      604.00
22.6400      645.00
22.6600      625.00
22.6800      670.00
22.7000      645.00
22.7200      656.00
22.7400      601.00
22.7600      561.00
22.7800      565.00
22.8000      491.00
22.8200      451.00
22.8400      407.00
22.8600      339.00
22.8800      345.00
22.9000      311.00
22.9200      299.00
22.9400      303.00
22.9600      287.00
22.9800      327.00
23.0000      314.00
23.0200      330.00
23.0400      345.00
23.0600      311.00
23.0800      337.00
23.1000      399.00
23.1200      399.00
23.1400      425.00
23.1600      433.00
23.1800      433.00
23.2000      475.00
23.2200      462.00
23.2400      470.00
23.2600      485.00
23.2800      510.00
23.3000      488.00
23.3200      518.00
23.3400      576.00
23.3600      516.00
23.3800      544.00
23.4000      567.00
23.4200      534.00
23.4400      504.00
23.4600      491.00
23.4800      462.00
23.5000      457.00
23.5200      437.00
23.5400      408.00
23.5600      391.00
23.5800      349.00
23.6000      311.00
23.6200      280.00
23.6400      243.00
23.6600      199.00
23.6800      198.00
23.7000      179.00
23.7200      182.00
23.7400      188.00
23.7600      177.00
23.7800      161.00
23.8000      181.00
23.8200      165.00
23.8400      164.00
23.8600      156.00
23.8800      190.00
23.9000      198.00
23.9200      202.00
23.9400      193.00
23.9600      247.00
23.9800      242.00
24.0000      256.00
24.0200      259.00
24.0400      323.00
24.0600      358.00
24.0800      383.00
24.1000      442.00
24.1200      507.00
24.1400      559.00
24.1600      570.00
24.1800      614.00
24.2000      632.00
24.2200      665.00
24.2400      611.00
24.2600      671.00
24.2800      625.00
24.3000      552.00
24.3200      537.00
24.3400      556.00
24.3600      507.00
24.3800      515.00
24.4000      537.00
24.4200      566.00
24.4400      542.00
24.4600      590.00
24.4800      622.00
24.5000      587.00
24.5200      555.00
24.5400      515.00
24.5600      465.00
24.5800      438.00
24.6000      384.00
24.6200      313.00
24.6400      307.00
24.6600      279.00
24.6800      250.00
24.7000      248.00
24.7200      248.00
24.7400      269.00
24.7600      232.00
24.7800      267.00
24.8000      256.00
24.8200      273.00
24.8400      314.00
24.8600      311.00
24.8800      379.00
24.9000      422.00
24.9200      429.00
24.9400      474.00
24.9600      507.00
24.9800      501.00
25.0000      538.00
25.0200      539.00
25.0400      589.00
25.0600      618.00
25.0800      563.00
25.1000      511.00
25.1200      466.00
25.1400      428.00
25.1600      384.00
25.1800      333.00
25.2000      259.00
25.2200      277.00
25.2400      243.00
25.2600      230.00
25.2800      209.00
25.3000      189.00
25.3200      215.00
25.3400      184.00
25.3600      185.00
25.3800      162.00
25.4000      187.00
25.4200      170.00
25.4400      149.00
25.4600      175.00
25.4800      162.00
25.5000      195.00
25.5200      211.00
25.5400      198.00
25.5600      205.00
25.5800      222.00
25.6000      238.00
25.6200      231.00
25.6400      242.00
25.6600      251.00
25.6800      223.00
25.7000      256.00
25.7200      252.00
25.7400      205.00
25.7600      214.00
25.7800      222.00
25.8000      189.00
25.8200      177.00
25.8400      168.00
25.8600      169.00
25.8800      155.00
25.9000      152.00
25.9200      177.00
25.9400      182.00
25.9600      177.00
25.9800      175.00
26.0000      188.00
26.0200      209.00
26.0400      193.00
26.0600      222.00
26.0800      243.00
26.1000      226.00
26.1200      277.00
26.1400      278.00
26.1600      301.00
26.1800      314.00
26.2000      317.00
26.2200      352.00
26.2400      412.00
26.2600      391.00
26.2800      418.00
26.3000      424.00
26.3200      399.00
26.3400      403.00
26.3600      398.00
26.3800      353.00
26.4000      347.00
26.4200      299.00
26.4400      324.00
26.4600      295.00
26.4800      267.00
26.5000      291.00
26.5200      271.00
26.5400      254.00
26.5600      285.00
26.5800      261.00
26.6000      235.00
26.6200      242.00
26.6400      229.00
26.6600      241.00
26.6800      227.00
26.7000      193.00
26.7200      199.00
26.7400      219.00
26.7600      168.00
26.7800      180.00
26.8000      165.00
26.8200      168.00
26.8400      178.00
26.8600      161.00
26.8800      196.00
26.9000      218.00
26.9200      255.00
26.9400      272.00
26.9600      305.00
26.9800      356.00
27.0000      401.00
27.0200      434.00
27.0400      527.00
27.0600      567.00
27.0800      654.00
27.1000      660.00
27.1200      683.00
27.1400      695.00
27.1600      648.00
27.1800      614.00
27.2000      580.00
27.2200      521.00
27.2400      498.00
27.2600      449.00
27.2800      446.00
27.3000      380.00
27.3200      407.00
27.3400      411.00
27.3600      354.00
27.3800      366.00
27.4000      353.00
27.4200      355.00
27.4400      309.00
27.4600      282.00
27.4800      272.00
27.5000      301.00
27.5200      293.00
27.5400      285.00
27.5600      302.00
27.5800      292.00
27.6000      354.00
27.6200      401.00
27.6400      393.00
27.6600      406.00
27.6800      460.00
27.7000      493.00
27.7200      460.00
27.7400      482.00
27.7600      417.00
27.7800      424.00
27.8000      417.00
27.8200      374.00
27.8400      390.00
27.8600      335.00
27.8800      319.00
27.9000      286.00
27.9200      279.00
27.9400      233.00
27.9600      222.00
27.9800      200.00
28.0000      215.00
28.0200      197.00
28.0400      190.00
28.0600      220.00
28.0800      213.00
28.1000      194.00
28.1200      192.00
28.1400      192.00
28.1600      216.00
28.1800      246.00
28.2000      219.00
28.2200      261.00
28.2400      266.00
28.2600      297.00
28.2800      283.00
28.3000      298.00
28.3200      360.00
28.3400      351.00
28.3600      391.00
28.3800      357.00
28.4000      410.00
28.4200      409.00
28.4400      496.00
28.4600      556.00
28.4800      601.00
28.5000      657.00
28.5200      662.00
28.5400      735.00
28.5600      718.00
28.5800      724.00
28.6000      768.00
28.6200      750.00
28.6400      659.00
28.6600      702.00
28.6800      610.00
28.7000      596.00
28.7200      559.00
28.7400      496.00
28.7600      457.00
28.7800      476.00
28.8000      411.00
28.8200      396.00
28.8400      373.00
28.8600      335.00
28.8800      320.00
28.9000      296.00
28.9200      280.00
28.9400      246.00
28.9600      263.00
28.9800      235.00
29.0000      260.00
29.0200      241.00
29.0400      238.00
29.0600      234.00
29.0800      216.00
29.1000      258.00
29.1200      239.00
29.1400      244.00
29.1600      230.00
29.1800      225.00
29.2000      243.00
29.2200      236.00
29.2400      220.00
29.2600      241.00
29.2800      273.00
29.3000      226.00
29.3200      289.00
29.3400      253.00
29.3600      273.00
29.3800      256.00
29.4000      225.00
29.4200      250.00
29.4400      257.00
29.4600      258.00
29.4800      293.00
29.5000      260.00
29.5200      299.00
29.5400      277.00
29.5600      291.00
29.5800      276.00
29.6000      309.00
29.6200      282.00
29.6400      286.00
29.6600      252.00
29.6800      259.00
29.7000      237.00
29.7200      218.00
29.7400      181.00
29.7600      207.00
29.7800      179.00
29.8000      186.00
29.8200      228.00
29.8400      194.00
29.8600      211.00
29.8800      228.00
29.9000      231.00
29.9200      219.00
29.9400      199.00
29.9600      238.00
29.9800      236.00
30.0000      230.00
30.0200      241.00
30.0400      223.00
30.0600      207.00
30.0800      222.00
30.1000      227.00
30.1200      253.00
30.1400      217.00
30.1600      248.00
30.1800      223.00
30.2000      245.00
30.2200      269.00
30.2400      268.00
30.2600      244.00
30.2800      219.00
30.3000      211.00
30.3200      236.00
30.3400      200.00
30.3600      195.00
30.3800      224.00
30.4000      196.00
30.4200      203.00
30.4400      196.00
30.4600      188.00
30.4800      187.00
30.5000      179.00
30.5200      168.00
30.5400      166.00
30.5600      146.00
30.5800      139.00
30.6000      160.00
30.6200      138.00
30.6400      152.00
30.6600      138.00
30.6800      158.00
30.7000      195.00
30.7200      183.00
30.7400      167.00
30.7600      189.00
30.7800      202.00
30.8000      233.00
30.8200      228.00
30.8400      250.00
30.8600      246.00
30.8800      230.00
30.9000      256.00
30.9200      238.00
30.9400      244.00
30.9600      192.00
30.9800      233.00
31.0000      226.00
31.0200      190.00
31.0400      219.00
31.0600      183.00
31.0800      190.00
31.1000      198.00
31.1200      174.00
31.1400      146.00
31.1600      175.00
31.1800      133.00
31.2000      141.00
31.2200      162.00
31.2400      133.00
31.2600      136.00
31.2800      157.00
31.3000      136.00
31.3200      117.00
31.3400      117.00
31.3600      129.00
31.3800      116.00
31.4000      152.00
31.4200      127.00
31.4400      138.00
31.4600      119.00
31.4800      135.00
31.5000      115.00
31.5200      137.00
31.5400      141.00
31.5600      140.00
31.5800      153.00
31.6000      188.00
31.6200      172.00
31.6400      171.00
31.6600      170.00
31.6800      175.00
31.7000      181.00
31.7200      233.00
31.7400      193.00
31.7600      202.00
31.7800      212.00
31.8000      182.00
31.8200      185.00
31.8400      206.00
31.8600      178.00
31.8800      158.00
31.9000      206.00
31.9200      175.00
31.9400      170.00
31.9600      185.00
31.9800      174.00
32.0000      172.00
32.0200      166.00
32.0400      204.00
32.0600      166.00
32.0800      197.00
32.1000      192.00
32.1200      189.00
32.1400      189.00
32.1600      199.00
32.1800      201.00
32.2000      201.00
32.2200      201.00
32.2400      203.00
32.2600      187.00
32.2800      214.00
32.3000      201.00
32.3200      200.00
32.3400      221.00
32.3600      165.00
32.3800      214.00
32.4000      207.00
32.4200      183.00
32.4400      208.00
32.4600      184.00
32.4800      195.00
32.5000      252.00
32.5200      212.00
32.5400      211.00
32.5600      226.00
32.5800      242.00
32.6000      244.00
32.6200      249.00
32.6400      226.00
32.6600      220.00
32.6800      259.00
32.7000      235.00
32.7200      223.00
32.7400      247.00
32.7600      211.00
32.7800      229.00
32.8000      203.00
32.8200      195.00
32.8400      182.00
32.8600      179.00
32.8800      153.00
32.9000      189.00
32.9200      166.00
32.9400      181.00
32.9600      170.00
32.9800      160.00
33.0000      193.00
33.0200      164.00
33.0400      176.00
33.0600      172.00
33.0800      181.00
33.1000      173.00
33.1200      162.00
33.1400      156.00
33.1600      153.00
33.1800      161.00
33.2000      162.00
33.2200      167.00
33.2400      151.00
33.2600      159.00
33.2800      177.00
33.3000      160.00
33.3200      180.00
33.3400      182.00
33.3600      190.00
33.3800      172.00
33.4000      207.00
33.4200      215.00
33.4400      213.00
33.4600      212.00
33.4800      213.00
33.5000      196.00
33.5200      200.00
33.5400      179.00
33.5600      174.00
33.5800      187.00
33.6000      175.00
33.6200      159.00
33.6400      186.00
33.6600      162.00
33.6800      181.00
33.7000      181.00
33.7200      184.00
33.7400      179.00
33.7600      144.00
33.7800      170.00
33.8000      176.00
33.8200      165.00
33.8400      137.00
33.8600      140.00
33.8800      156.00
33.9000      119.00
33.9200      136.00
33.9400      129.00
33.9600      129.00
33.9800      148.00
34.0000      125.00
34.0200      129.00
34.0400      120.00
34.0600      127.00
34.0800      119.00
34.1000      139.00
34.1200      145.00
34.1400      130.00
34.1600      140.00
34.1800      160.00
34.2000      179.00
34.2200      159.00
34.2400      197.00
34.2600      180.00
34.2800      187.00
34.3000      196.00
34.3200      183.00
34.3400      200.00
34.3600      195.00
34.3800      174.00
34.4000      164.00
34.4200      193.00
34.4400      168.00
34.4600      132.00
34.4800      159.00
34.5000      122.00
34.5200      145.00
34.5400      140.00
34.5600      116.00
34.5800      124.00
34.6000      156.00
34.6200      135.00
34.6400      132.00
34.6600      139.00
34.6800      151.00
34.7000      136.00
34.7200      165.00
34.7400      156.00
34.7600      148.00
34.7800      171.00
34.8000      175.00
34.8200      206.00
34.8400      202.00
34.8600      198.00
34.8800      195.00
34.9000      216.00
34.9200      229.00
34.9400      191.00
34.9600      205.00
34.9800      200.00
35.0000      204.00
