 2.2000      283.00
 2.2200      301.00
 2.2400      301.00
 2.2600      313.00
 2.2800      315.00
 2.3000      271.00
 2.3200      313.00
 2.3400      272.00
 2.3600      303.00
 2.3800      289.00
 2.4000      282.00
 2.4200      285.00
 2.4400      283.00
 2.4600      239.00
 2.4800      277.00
 2.5000      290.00
 2.5200      284.00
 2.5400      279.00
 2.5600      269.00
 2.5800      299.00
 2.6000      271.00
 2.6200      272.00
 2.6400      278.00
 2.6600      258.00
 2.6800      276.00
 2.7000      250.00
 2.7200      236.00
 2.7400      246.00
 2.7600      283.00
 2.7800      278.00
 2.8000      234.00
 2.8200      242.00
 2.8400      248.00
 2.8600      273.00
 2.8800      241.00
 2.9000      240.00
 2.9200      255.00
 2.9400      267.00
 2.9600      209.00
 2.9800      271.00
 3.0000      237.00
 3.0200      248.00
 3.0400      239.00
 3.0600      213.00
 3.0800      240.00
 3.1000      206.00
 3.1200      227.00
 3.1400      233.00
 3.1600      240.00
 3.1800      220.00
 3.2000      217.00
 3.2200      214.00
 3.2400      229.00
 3.2600      227.00
 3.2800      200.00
 3.3000      242.00
 3.3200      232.00
 3.3400      189.00
 3.3600      198.00
 3.3800      217.00
 3.4000      201.00
 3.4200      217.00
 3.4400      233.00
 3.4600      207.00
 3.4800      195.00
 3.5000      219.00
 3.5200      203.00
 3.5400      246.00
 3.5600      206.00
 3.5800      206.00
 3.6000      195.00
 3.6200      209.00
 3.6400      207.00
 3.6600      217.00
 3.6800      206.00
 3.7000      206.00
 3.7200      196.00
 3.7400      193.00
 3.7600      188.00
 3.7800      174.00
 3.8000      197.00
 3.8200      188.00
 3.8400      201.00
 3.8600      175.00
 3.8800      180.00
 3.9000      168.00
 3.9200      178.00
 3.9400      173.00
 3.9600      212.00
 3.9800      193.00
 4.0000      184.00
 4.0200      176.00
 4.0400      151.00
 4.0600      152.00
 4.0800      166.00
 4.1000      179.00
 4.1200      160.00
 4.1400      192.00
 4.1600      191.00
 4.1800      189.00
 4.2000      157.00
 4.2200      191.00
 4.2400      186.00
 4.2600      189.00
 4.2800      159.00
 4.3000      179.00
 4.3200      163.00
 4.3400      165.00
 4.3600      159.00
 4.3800      143.00
 4.4000      157.00
 4.4200      138.00
 4.4400      151.00
 4.4600      146.00
 4.4800      154.00
 4.5000      147.00
 4.5200      150.00
 4.5400      145.00
 4.5600      129.00
 4.5800      147.00
 4.6000      121.00
 4.6200      126.00
 4.6400      124.00
 4.6600      112.00
 4.6800      117.00
 4.7000      138.00
 4.7200      146.00
 4.7400      152.00
 4.7600      143.00
 4.7800      146.00
 4.8000      138.00
 4.8200      133.00
 4.8400      152.00
 4.8600      134.00
 4.8800      128.00
 4.9000      129.00
 4.9200      147.00
 4.9400      120.00
 4.9600      113.00
 4.9800      136.00
 5.0000      132.00
 5.0200      130.00
 5.0400      130.00
 5.0600      127.00
 5.0800       98.00
 5.1000      125.00
 5.1200      137.00
 5.1400      144.00
 5.1600      162.00
 5.1800      136.00
 5.2000      124.00
 5.2200      132.00
 5.2400      148.00
 5.2600      139.00
 5.2800      121.00
 5.3000      136.00
 5.3200      128.00
 5.3400      120.00
 5.3600      130.00
 5.3800      119.00
 5.4000      138.00
 5.4200      134.00
 5.4400      135.00
 5.4600      119.00
 5.4800      143.00
 5.5000      126.00
 5.5200      118.00
 5.5400      145.00
 5.5600      121.00
 5.5800      154.00
 5.6000      140.00
 5.6200      122.00
 5.6400      140.00
 5.6600      140.00
 5.6800      121.00
 5.7000      126.00
 5.7200      121.00
 5.7400      141.00
 5.7600      152.00
 5.7800      146.00
 5.8000      123.00
 5.8200      119.00
 5.8400      141.00
 5.8600      133.00
 5.8800      129.00
 5.9000      136.00
 5.9200      127.00
 5.9400      144.00
 5.9600      122.00
 5.9800      137.00
 6.0000      129.00
 6.0200      120.00
 6.0400      135.00
 6.0600      132.00
 6.0800      138.00
 6.1000      134.00
 6.1200      110.00
 6.1400      131.00
 6.1600      123.00
 6.1800      136.00
 6.2000      108.00
 6.2200      128.00
 6.2400      135.00
 6.2600      130.00
 6.2800      134.00
 6.3000      132.00
 6.3200      149.00
 6.3400      151.00
 6.3600      116.00
 6.3800      119.00
 6.4000      125.00
 6.4200      130.00
 6.4400      152.00
 6.4600      122.00
 6.4800      120.00
 6.5000      156.00
 6.5200      131.00
 6.5400      113.00
 6.5600      129.00
 6.5800      135.00
 6.6000      127.00
 6.6200      134.00
 6.6400      149.00
 6.6600      117.00
 6.6800      142.00
 6.7000      155.00
 6.7200      137.00
 6.7400      156.00
 6.7600      127.00
 6.7800      136.00
 6.8000      151.00
 6.8200      138.00
 6.8400      159.00
 6.8600      114.00
 6.8800      167.00
 6.9000      126.00
 6.9200      139.00
 6.9400      145.00
 6.9600      143.00
 6.9800      120.00
 7.0000      120.00
 7.0200      123.00
 7.0400      126.00
 7.0600      135.00
 7.0800      116.00
 7.1000      157.00
 7.1200      112.00
 7.1400      146.00
 7.1600      119.00
 7.1800      163.00
 7.2000      131.00
 7.2200      140.00
 7.2400      138.00
 7.2600      118.00
 7.2800      127.00
 7.3000      138.00
 7.3200      129.00
 7.3400      150.00
 7.3600      130.00
 7.3800      150.00
 7.4000      140.00
 7.4200      143.00
 7.4400      157.00
 7.4600      156.00
 7.4800      146.00
 7.5000      147.00
 7.5200      129.00
 7.5400      148.00
 7.5600      165.00
 7.5800      160.00
 7.6000      160.00
 7.6200      176.00
 7.6400      200.00
 7.6600      174.00
 7.6800      171.00
 7.7000      193.00
 7.7200      161.00
 7.7400      192.00
 7.7600      177.00
 7.7800      204.00
 7.8000      208.00
 7.8200      235.00
 7.8400      222.00
 7.8600      248.00
 7.8800      238.00
 7.9000      251.00
 7.9200      274.00
 7.9400      270.00
 7.9600      296.00
 7.9800      279.00
 8.0000      291.00
 8.0200      268.00
 8.0400      256.00
 8.0600      251.00
 8.0800      233.00
 8.1000      230.00
 8.1200      228.00
 8.1400      217.00
 8.1600      211.00
 8.1800      223.00
 8.2000      232.00
 8.2200      222.00
 8.2400      215.00
 8.2600      190.00
 8.2800      194.00
 8.3000      154.00
 8.3200      176.00
 8.3400      165.00
 8.3600      164.00
 8.3800      151.00
 8.4000      150.00
 8.4200      173.00
 8.4400      132.00
 8.4600      168.00
 8.4800      149.00
 8.5000      153.00
 8.5200      131.00
 8.5400      147.00
 8.5600      132.00
 8.5800      156.00
 8.6000      169.00
 8.6200      148.00
 8.6400      166.00
 8.6600      149.00
 8.6800      133.00
 8.7000      146.00
 8.7200      136.00
 8.7400      146.00
 8.7600      142.00
 8.7800      151.00
 8.8000      133.00
 8.8200      156.00
 8.8400      126.00
 8.8600      168.00
 8.8800      116.00
 8.9000      143.00
 8.9200      162.00
 8.9400      136.00
 8.9600      153.00
 8.9800      154.00
 9.0000      146.00
 9.0200      132.00
 9.0400      137.00
 9.0600      130.00
 9.0800      154.00
 9.1000      148.00
 9.1200      147.00
 9.1400      142.00
 9.1600      154.00
 9.1800      158.00
 9.2000      142.00
 9.2200      145.00
 9.2400      120.00
 9.2600      137.00
 9.2800      120.00
 9.3000      144.00
 9.3200      147.00
 9.3400      127.00
 9.3600      146.00
 9.3800      148.00
 9.4000      150.00
 9.4200      124.00
 9.4400      142.00
 9.4600      140.00
 9.4800      140.00
 9.5000      142.00
 9.5200      125.00
 9.5400      152.00
 9.5600      122.00
 9.5800      138.00
 9.6000      151.00
 9.6200      129.00
 9.6400      144.00
 9.6600      149.00
 9.6800      144.00
 9.7000      135.00
 9.7200      147.00
 9.7400      149.00
 9.7600      155.00
 9.7800      140.00
 9.8000      125.00
 9.8200      140.00
 9.8400      152.00
 9.8600      139.00
 9.8800      137.00
 9.9000      146.00
 9.9200      135.00
 9.9400      141.00
 9.9600      146.00
 9.9800      148.00
10.0000      127.00
10.0200      136.00
10.0400      128.00
10.0600      137.00
10.0800      144.00
10.1000      124.00
10.1200      149.00
10.1400      138.00
10.1600      140.00
10.1800      150.00
10.2000      155.00
10.2200      134.00
10.2400      146.00
10.2600      140.00
10.2800      174.00
10.3000      136.00
10.3200      133.00
10.3400      138.00
10.3600      151.00
10.3800      137.00
10.4000      130.00
10.4200      163.00
10.4400      170.00
10.4600      161.00
10.4800      150.00
10.5000      160.00
10.5200      152.00
10.5400      175.00
10.5600      171.00
10.5800      161.00
10.6000      207.00
10.6200      207.00
10.6400      209.00
10.6600      228.00
10.6800      246.00
10.7000      208.00
10.7200      235.00
10.7400      219.00
10.7600      263.00
10.7800      227.00
10.8000      251.00
10.8200      250.00
10.8400      224.00
10.8600      219.00
10.8800      218.00
10.9000      219.00
10.9200      219.00
10.9400      211.00
10.9600      194.00
10.9800      199.00
11.0000      178.00
11.0200      161.00
11.0400      170.00
11.0600      176.00
11.0800      176.00
11.1000      172.00
11.1200      195.00
11.1400      182.00
11.1600      174.00
11.1800      181.00
11.2000      195.00
11.2200      159.00
11.2400      151.00
11.2600      202.00
11.2800      160.00
11.3000      186.00
11.3200      168.00
11.3400      147.00
11.3600      187.00
11.3800      155.00
11.4000      153.00
11.4200      176.00
11.4400      140.00
11.4600      147.00
11.4800      162.00
11.5000      131.00
11.5200      123.00
11.5400      146.00
11.5600      134.00
11.5800      137.00
11.6000      143.00
11.6200      144.00
11.6400      153.00
11.6600      131.00
11.6800      127.00
11.7000      130.00
11.7200      144.00
11.7400      159.00
11.7600      126.00
11.7800      147.00
11.8000      157.00
11.8200      127.00
11.8400      150.00
11.8600      133.00
11.8800      148.00
11.9000      131.00
11.9200      134.00
11.9400      161.00
11.9600      160.00
11.9800      145.00
12.0000      135.00
12.0200      163.00
12.0400      134.00
12.0600      173.00
12.0800      161.00
12.1000      130.00
12.1200      159.00
12.1400      139.00
12.1600      148.00
12.1800      151.00
12.2000      185.00
12.2200      171.00
12.2400      188.00
12.2600      196.00
12.2800      210.00
12.3000      212.00
12.3200      224.00
12.3400      221.00
12.3600      224.00
12.3800      223.00
12.4000      248.00
12.4200      254.00
12.4400      270.00
12.4600      260.00
12.4800      229.00
12.5000      283.00
12.5200      267.00
12.5400      266.00
12.5600      276.00
12.5800      276.00
12.6000      271.00
12.6200      251.00
12.6400      256.00
12.6600      220.00
12.6800      237.00
12.7000      220.00
12.7200      221.00
12.7400      207.00
12.7600      210.00
12.7800      211.00
12.8000      243.00
12.8200      212.00
12.8400      230.00
12.8600      240.00
12.8800      201.00
12.9000      231.00
12.9200      209.00
12.9400      231.00
12.9600      236.00
12.9800      244.00
13.0000      230.00
13.0200      244.00
13.0400      236.00
13.0600      242.00
13.0800      236.00
13.1000      256.00
13.1200      278.00
13.1400      263.00
13.1600      256.00
13.1800      304.00
13.2000      291.00
13.2200      319.00
13.2400      309.00
13.2600      341.00
13.2800      334.00
13.3000      383.00
13.3200      345.00
13.3400      354.00
13.3600      369.00
13.3800      348.00
13.4000      394.00
13.4200      346.00
13.4400      368.00
13.4600      376.00
13.4800      314.00
13.5000      331.00
13.5200      322.00
13.5400      281.00
13.5600      278.00
13.5800      261.00
13.6000      240.00
13.6200      200.00
13.6400      194.00
13.6600      167.00
13.6800      191.00
13.7000      177.00
13.7200      182.00
13.7400      179.00
13.7600      177.00
13.7800      191.00
13.8000      170.00
13.8200      185.00
13.8400      194.00
13.8600      186.00
13.8800      174.00
13.9000      201.00
13.9200      180.00
13.9400      196.00
13.9600      172.00
13.9800      199.00
14.0000      214.00
14.0200      219.00
14.0400      199.00
14.0600      206.00
14.0800      174.00
14.1000      202.00
14.1200      199.00
14.1400      203.00
14.1600      211.00
14.1800      207.00
14.2000      206.00
14.2200      229.00
14.2400      240.00
14.2600      263.00
14.2800      273.00
14.3000      292.00
14.3200      349.00
14.3400      363.00
14.3600      421.00
14.3800      559.00
14.4000      626.00
14.4200      750.00
14.4400      848.00
14.4600      992.00
14.4800      965.00
14.5000      941.00
14.5200      890.00
14.5400      823.00
14.5600      743.00
14.5800      620.00
14.6000      586.00
14.6200      495.00
14.6400      446.00
14.6600      510.00
14.6800      407.00
14.7000      421.00
14.7200      402.00
14.7400      402.00
14.7600      377.00
14.7800      397.00
14.8000      358.00
14.8200      361.00
14.8400      347.00
14.8600      295.00
14.8800      276.00
14.9000      257.00
14.9200      228.00
14.9400      254.00
14.9600      221.00
14.9800      208.00
15.0000      225.00
15.0200      222.00
15.0400      227.00
15.0600      225.00
15.0800      235.00
15.1000      211.00
15.1200      241.00
15.1400      198.00
15.1600      233.00
15.1800      210.00
15.2000      206.00
15.2200      214.00
15.2400      227.00
15.2600      244.00
15.2800      232.00
15.3000      260.00
15.3200      265.00
15.3400      278.00
15.3600      275.00
15.3800      275.00
15.4000      277.00
15.4200      336.00
15.4400      318.00
15.4600      331.00
15.4800      306.00
15.5000      332.00
15.5200      328.00
15.5400      324.00
15.5600      337.00
15.5800      294.00
15.6000      301.00
15.6200      312.00
15.6400      296.00
15.6600      292.00
15.6800      302.00
15.7000      272.00
15.7200      264.00
15.7400      241.00
15.7600      250.00
15.7800      262.00
15.8000      237.00
15.8200      233.00
15.8400      271.00
15.8600      293.00
15.8800      346.00
15.9000      364.00
15.9200      411.00
15.9400      439.00
15.9600      480.00
15.9800      466.00
16.0000      500.00
16.0200      447.00
16.0400      418.00
16.0600      373.00
16.0800      343.00
16.1000      360.00
16.1200      364.00
16.1400      339.00
16.1600      325.00
16.1800      292.00
16.2000      325.00
16.2200      298.00
16.2400      283.00
16.2600      258.00
16.2800      286.00
16.3000      263.00
16.3200      218.00
16.3400      214.00
16.3600      228.00
16.3800      195.00
16.4000      174.00
16.4200      178.00
16.4400      191.00
16.4600      184.00
16.4800      188.00
16.5000      195.00
16.5200      198.00
16.5400      220.00
16.5600      239.00
16.5800      247.00
16.6000      270.00
16.6200      306.00
16.6400      322.00
16.6600      359.00
16.6800      439.00
16.7000      521.00
16.7200      685.00
16.7400      827.00
16.7600      999.00
16.7800     1107.00
16.8000     1271.00
16.8200     1295.00
16.8400     1229.00
16.8600     1180.00
16.8800     1017.00
16.9000      913.00
16.9200      810.00
16.9400      670.00
16.9600      668.00
16.9800      583.00
17.0000      618.00
17.0200      580.00
17.0400      563.00
17.0600      519.00
17.0800      502.00
17.1000      435.00
17.1200      439.00
17.1400      421.00
17.1600      382.00
17.1800      330.00
17.2000      327.00
17.2200      268.00
17.2400      238.00
17.2600      224.00
17.2800      223.00
17.3000      219.00
17.3200      225.00
17.3400      214.00
17.3600      212.00
17.3800      231.00
17.4000      230.00
17.4200      229.00
17.4400      239.00
17.4600      229.00
17.4800      213.00
17.5000      204.00
17.5200      237.00
17.5400      254.00
17.5600      217.00
17.5800      212.00
17.6000      213.00
17.6200      208.00
17.6400      210.00
17.6600      219.00
17.6800      216.00
17.7000      209.00
17.7200      203.00
17.7400      212.00
17.7600      195.00
17.7800      199.00
17.8000      182.00
17.8200      187.00
17.8400      176.00
17.8600      213.00
17.8800      188.00
17.9000      185.00
17.9200      194.00
17.9400      174.00
17.9600      202.00
17.9800      197.00
18.0000      195.00
18.0200      184.00
18.0400      180.00
18.0600      187.00
18.0800      183.00
18.1000      194.00
18.1200      216.00
18.1400      191.00
18.1600      201.00
18.1800      183.00
18.2000      191.00
18.2200      194.00
18.2400      169.00
18.2600      195.00
18.2800      202.00
18.3000      212.00
18.3200      206.00
18.3400      182.00
18.3600      197.00
18.3800      172.00
18.4000      191.00
18.4200      181.00
18.4400      203.00
18.4600      185.00
18.4800      176.00
18.5000      212.00
18.5200      229.00
18.5400      210.00
18.5600      232.00
18.5800      244.00
18.6000      276.00
18.6200      275.00
18.6400      308.00
18.6600      317.00
18.6800      318.00
18.7000      306.00
18.7200      309.00
18.7400      292.00
18.7600      288.00
18.7800      258.00
18.8000      219.00
18.8200      227.00
18.8400      242.00
18.8600      229.00
18.8800      217.00
18.9000      227.00
18.9200      202.00
18.9400      165.00
18.9600      213.00
18.9800      184.00
19.0000      145.00
19.0200      174.00
19.0400      193.00
19.0600      143.00
19.0800      142.00
19.1000      164.00
19.1200      154.00
19.1400      155.00
19.1600      144.00
19.1800      138.00
19.2000      164.00
19.2200      138.00
19.2400      139.00
19.2600      169.00
19.2800      151.00
19.3000      130.00
19.3200      151.00
19.3400      143.00
19.3600      118.00
19.3800      139.00
19.4000      142.00
19.4200      116.00
19.4400      141.00
19.4600      139.00
19.4800      138.00
19.5000      149.00
19.5200      152.00
19.5400      143.00
19.5600      132.00
19.5800      144.00
19.6000      158.00
19.6200      140.00
19.6400      152.00
19.6600      156.00
19.6800      130.00
19.7000      126.00
19.7200      134.00
19.7400      151.00
19.7600      162.00
19.7800      147.00
19.8000      189.00
19.8200      178.00
19.8400      163.00
19.8600      191.00
19.8800      164.00
19.9000      172.00
19.9200      185.00
19.9400      178.00
19.9600      158.00
19.9800      176.00
20.0000      180.00
20.0200      172.00
20.0400      178.00
20.0600      179.00
20.0800      168.00
20.1000      181.00
20.1200      183.00
20.1400      158.00
20.1600      183.00
20.1800      162.00
20.2000      159.00
20.2200      137.00
20.2400      171.00
20.2600      171.00
20.2800      159.00
20.3000      169.00
20.3200      138.00
20.3400      182.00
20.3600      183.00
20.3800      185.00
20.4000      200.00
20.4200      191.00
20.4400      228.00
20.4600      228.00
20.4800      258.00
20.5000      244.00
20.5200      272.00
20.5400      295.00
20.5600      289.00
20.5800      294.00
20.6000      282.00
20.6200      280.00
20.6400      276.00
20.6600      265.00
20.6800      242.00
20.7000      243.00
20.7200      252.00
20.7400      218.00
20.7600      229.00
20.7800      219.00
20.8000      237.00
20.8200      248.00
20.8400      240.00
20.8600      262.00
20.8800      229.00
20.9000      280.00
20.9200      292.00
20.9400      289.00
20.9600      313.00
20.9800      367.00
21.0000      321.00
21.0200      304.00
21.0400      313.00
21.0600      299.00
21.0800      269.00
21.1000      284.00
21.1200      280.00
21.1400      263.00
21.1600      236.00
21.1800      300.00
21.2000      286.00
21.2200      259.00
21.2400      266.00
21.2600      283.00
21.2800      296.00
21.3000      246.00
21.3200      250.00
21.3400      260.00
21.3600      279.00
21.3800      266.00
21.4000      307.00
21.4200      292.00
21.4400      319.00
21.4600      288.00
21.4800      319.00
21.5000      318.00
21.5200      377.00
21.5400      335.00
21.5600      361.00
21.5800      405.00
21.6000      397.00
21.6200      453.00
21.6400      459.00
21.6600      493.00
21.6800      542.00
21.7000      587.00
21.7200      653.00
21.7400      745.00
21.7600      852.00
21.7800      952.00
21.8000     1038.00
21.8200     1148.00
21.8400     1184.00
21.8600     1311.00
21.8800     1254.00
21.9000     1181.00
21.9200     1154.00
21.9400     1044.00
21.9600      990.00
21.9800      927.00
22.0000      827.00
22.0200      788.00
22.0400      779.00
22.0600      664.00
22.0800      631.00
22.1000      632.00
22.1200      617.00
22.1400      555.00
22.1600      524.00
22.1800      538.00
22.2000      476.00
22.2200      407.00
22.2400      458.00
22.2600      427.00
22.2800      415.00
22.3000      440.00
22.3200      376.00
22.3400      364.00
22.3600      349.00
22.3800      370.00
22.4000      345.00
22.4200      315.00
22.4400      278.00
22.4600      314.00
22.4800      310.00
22.5000      315.00
22.5200      316.00
22.5400      307.00
22.5600      318.00
22.5800      297.00
22.6000      273.00
22.6200      313.00
22.6400      292.00
22.6600      245.00
22.6800      257.00
22.7000      257.00
22.7200      219.00
22.7400      208.00
22.7600      218.00
22.7800      189.00
22.8000      205.00
22.8200      183.00
22.8400      179.00
22.8600      179.00
22.8800      170.00
22.9000      178.00
22.9200      199.00
22.9400      192.00
22.9600      154.00
22.9800      164.00
23.0000      220.00
23.0200      205.00
23.0400      199.00
23.0600      186.00
23.0800      182.00
23.1000      176.00
23.1200      203.00
23.1400      169.00
23.1600      198.00
23.1800      183.00
23.2000      192.00
23.2200      156.00
23.2400      196.00
23.2600      177.00
23.2800      167.00
23.3000      163.00
23.3200      163.00
23.3400      158.00
23.3600      173.00
23.3800      153.00
23.4000      170.00
23.4200      167.00
23.4400      159.00
23.4600      159.00
23.4800      141.00
23.5000      144.00
23.5200      151.00
23.5400      188.00
23.5600      154.00
23.5800      176.00
23.6000      183.00
23.6200      181.00
23.6400      208.00
23.6600      201.00
23.6800      184.00
23.7000      219.00
23.7200      215.00
23.7400      204.00
23.7600      201.00
23.7800      190.00
23.8000      184.00
23.8200      183.00
23.8400      195.00
23.8600      213.00
23.8800      241.00
23.9000      177.00
23.9200      178.00
23.9400      186.00
23.9600      203.00
23.9800      186.00
24.0000      204.00
24.0200      188.00
24.0400      200.00
24.0600      193.00
24.0800      196.00
24.1000      204.00
24.1200      207.00
24.1400      176.00
24.1600      194.00
24.1800      202.00
24.2000      234.00
24.2200      247.00
24.2400      244.00
24.2600      250.00
24.2800      244.00
24.3000      274.00
24.3200      259.00
24.3400      239.00
24.3600      214.00
24.3800      230.00
24.4000      250.00
24.4200      226.00
24.4400      195.00
24.4600      224.00
24.4800      250.00
24.5000      210.00
24.5200      180.00
24.5400      209.00
24.5600      209.00
24.5800      194.00
24.6000      169.00
24.6200      180.00
24.6400      239.00
24.6600      225.00
24.6800      175.00
24.7000      198.00
24.7200      241.00
24.7400      215.00
24.7600      241.00
24.7800      221.00
24.8000      241.00
24.8200      210.00
24.8400      202.00
24.8600      250.00
24.8800      247.00
24.9000      186.00
24.9200      189.00
24.9400      204.00
24.9600      224.00
24.9800      197.00
25.0000      176.00
25.0200      170.00
25.0400      162.00
25.0600      174.00
25.0800      162.00
25.1000      147.00
25.1200      153.00
25.1400      176.00
25.1600      166.00
25.1800      184.00
25.2000      203.00
25.2200      209.00
25.2400      225.00
25.2600      295.00
25.2800      313.00
25.3000      328.00
25.3200      336.00
25.3400      371.00
25.3600      431.00
25.3800      377.00
25.4000      372.00
25.4200      391.00
25.4400      359.00
25.4600      357.00
25.4800      349.00
25.5000      316.00
25.5200      324.00
25.5400      323.00
25.5600      296.00
25.5800      291.00
25.6000      282.00
25.6200      273.00
25.6400      283.00
25.6600      248.00
25.6800      243.00
25.7000      244.00
25.7200      214.00
25.7400      221.00
25.7600      213.00
25.7800      161.00
25.8000      169.00
25.8200      143.00
25.8400      160.00
25.8600      175.00
25.8800      142.00
25.9000      160.00
25.9200      152.00
25.9400      147.00
25.9600      134.00
25.9800      144.00
26.0000      133.00
26.0200      160.00
26.0400      152.00
26.0600      121.00
26.0800      149.00
26.1000      157.00
26.1200      145.00
26.1400      136.00
26.1600      122.00
26.1800      136.00
26.2000      158.00
26.2200      143.00
26.2400      176.00
26.2600      153.00
26.2800      163.00
26.3000      174.00
26.3200      157.00
26.3400      161.00
26.3600      178.00
26.3800      185.00
26.4000      183.00
26.4200      181.00
26.4400      197.00
26.4600      212.00
26.4800      230.00
26.5000      229.00
26.5200      221.00
26.5400      195.00
26.5600      188.00
26.5800      213.00
26.6000      201.00
26.6200      207.00
26.6400      170.00
26.6600      194.00
26.6800      173.00
26.7000      208.00
26.7200      181.00
26.7400      192.00
26.7600      178.00
26.7800      197.00
26.8000      198.00
26.8200      158.00
26.8400      185.00
26.8600      181.00
26.8800      170.00
26.9000      189.00
26.9200      184.00
26.9400      186.00
26.9600      228.00
26.9800      200.00
27.0000      192.00
27.0200      193.00
27.0400      207.00
27.0600      157.00
27.0800      175.00
27.1000      173.00
27.1200      168.00
27.1400      173.00
27.1600      165.00
27.1800      140.00
27.2000      129.00
27.2200      156.00
27.2400      160.00
27.2600      144.00
27.2800      171.00
27.3000      169.00
27.3200      140.00
27.3400      159.00
27.3600      154.00
27.3800      176.00
27.4000      190.00
27.4200      147.00
27.4400      190.00
27.4600      168.00
27.4800      152.00
27.5000      169.00
27.5200      172.00
27.5400      169.00
27.5600      157.00
27.5800      163.00
27.6000      163.00
27.6200      165.00
27.6400      192.00
27.6600      184.00
27.6800      198.00
27.7000      189.00
27.7200      166.00
27.7400      201.00
27.7600      181.00
27.7800      191.00
27.8000      179.00
27.8200      191.00
27.8400      175.00
27.8600      195.00
27.8800      177.00
27.9000      211.00
27.9200      177.00
27.9400      194.00
27.9600      175.00
27.9800      208.00
28.0000      181.00
28.0200      180.00
28.0400      193.00
28.0600      162.00
28.0800      144.00
28.1000      148.00
28.1200      167.00
28.1400      142.00
28.1600      151.00
28.1800      164.00
28.2000      180.00
28.2200      156.00
28.2400      153.00
28.2600      151.00
28.2800      157.00
28.3000      166.00
28.3200      160.00
28.3400      128.00
28.3600      156.00
28.3800      153.00
28.4000      171.00
28.4200      202.00
28.4400      178.00
28.4600      182.00
28.4800      156.00
28.5000      183.00
28.5200      167.00
28.5400      189.00
28.5600      184.00
28.5800      197.00
28.6000      185.00
28.6200      208.00
28.6400      192.00
28.6600      201.00
28.6800      221.00
28.7000      202.00
28.7200      189.00
28.7400      194.00
28.7600      210.00
28.7800      171.00
28.8000      205.00
28.8200      171.00
28.8400      182.00
28.8600      159.00
28.8800      187.00
28.9000      186.00
28.9200      174.00
28.9400      166.00
28.9600      171.00
28.9800      164.00
29.0000      215.00
29.0200      195.00
29.0400      242.00
29.0600      242.00
29.0800      273.00
29.1000      263.00
29.1200      320.00
29.1400      303.00
29.1600      323.00
29.1800      314.00
29.2000      321.00
29.2200      308.00
29.2400      301.00
29.2600      259.00
29.2800      252.00
29.3000      244.00
29.3200      259.00
29.3400      222.00
29.3600      237.00
29.3800      213.00
29.4000      212.00
29.4200      192.00
29.4400      193.00
29.4600      172.00
29.4800      177.00
29.5000      170.00
29.5200      165.00
29.5400      153.00
29.5600      170.00
29.5800      173.00
29.6000      172.00
29.6200      168.00
29.6400      180.00
29.6600      171.00
29.6800      169.00
29.7000      183.00
29.7200      166.00
29.7400      194.00
29.7600      188.00
29.7800      179.00
29.8000      158.00
29.8200      167.00
29.8400      156.00
29.8600      161.00
29.8800      151.00
29.9000      175.00
29.9200      169.00
29.9400      162.00
29.9600      148.00
29.9800      166.00
30.0000      188.00
30.0200      193.00
30.0400      178.00
30.0600      185.00
30.0800      173.00
30.1000      175.00
30.1200      172.00
30.1400      156.00
30.1600      198.00
30.1800      169.00
30.2000      182.00
30.2200      150.00
30.2400      127.00
30.2600      131.00
30.2800      154.00
30.3000      138.00
30.3200      159.00
30.3400      150.00
30.3600      136.00
30.3800      124.00
30.4000      151.00
30.4200      146.00
30.4400      137.00
30.4600      155.00
30.4800      147.00
30.5000      153.00
30.5200      153.00
30.5400      166.00
30.5600      150.00
30.5800      164.00
30.6000      164.00
30.6200      165.00
30.6400      179.00
30.6600      188.00
30.6800      187.00
30.7000      197.00
30.7200      192.00
30.7400      172.00
30.7600      158.00
30.7800      152.00
30.8000      174.00
30.8200      149.00
30.8400      142.00
30.8600      154.00
30.8800      150.00
30.9000      149.00
30.9200      134.00
30.9400      157.00
30.9600      121.00
30.9800      131.00
31.0000      129.00
31.0200      133.00
31.0400      126.00
31.0600      138.00
31.0800      130.00
31.1000      140.00
31.1200      127.00
31.1400      132.00
31.1600      123.00
31.1800      126.00
31.2000      132.00
31.2200      133.00
31.2400      124.00
31.2600      146.00
31.2800      130.00
31.3000      130.00
31.3200      126.00
31.3400      131.00
31.3600      116.00
31.3800      126.00
31.4000      139.00
31.4200      103.00
31.4400      133.00
31.4600      115.00
31.4800      103.00
31.5000      128.00
31.5200      120.00
31.5400       90.00
31.5600      121.00
31.5800      134.00
31.6000      116.00
31.6200      103.00
31.6400      104.00
31.6600      124.00
31.6800      118.00
31.7000      112.00
31.7200       92.00
31.7400      114.00
31.7600      100.00
31.7800      111.00
31.8000      106.00
31.8200      100.00
31.8400      109.00
31.8600       86.00
31.8800       85.00
31.9000      102.00
31.9200      110.00
31.9400       93.00
31.9600      129.00
31.9800      108.00
32.0000       93.00
32.0200      112.00
32.0400      100.00
32.0600      106.00
32.0800      112.00
32.1000      121.00
32.1200       89.00
32.1400      133.00
32.1600      132.00
32.1800      129.00
32.2000      125.00
32.2200      113.00
32.2400      118.00
32.2600      132.00
32.2800      154.00
32.3000      121.00
32.3200      125.00
32.3400      134.00
32.3600      131.00
32.3800      119.00
32.4000      111.00
32.4200      121.00
32.4400      131.00
32.4600      130.00
32.4800      142.00
32.5000      103.00
32.5200      126.00
32.5400      130.00
32.5600      122.00
32.5800      150.00
32.6000      120.00
32.6200      125.00
32.6400      112.00
32.6600      110.00
32.6800      111.00
32.7000      144.00
32.7200      135.00
32.7400      117.00
32.7600      123.00
32.7800      127.00
32.8000      136.00
32.8200      132.00
32.8400      133.00
32.8600      131.00
32.8800      153.00
32.9000      129.00
32.9200      117.00
32.9400      134.00
32.9600      124.00
32.9800      125.00
33.0000      152.00
33.0200      123.00
33.0400      142.00
33.0600      134.00
33.0800      153.00
33.1000      138.00
33.1200      170.00
33.1400      147.00
33.1600      152.00
33.1800      148.00
33.2000      151.00
33.2200      150.00
33.2400      162.00
33.2600      146.00
33.2800      171.00
33.3000      133.00
33.3200      146.00
33.3400      156.00
33.3600      144.00
33.3800      126.00
33.4000      125.00
33.4200      121.00
33.4400      123.00
33.4600      124.00
33.4800      131.00
33.5000      115.00
33.5200      117.00
33.5400      100.00
33.5600      118.00
33.5800      102.00
33.6000      102.00
33.6200      110.00
33.6400      102.00
33.6600      122.00
33.6800      110.00
33.7000      123.00
33.7200      120.00
33.7400      133.00
33.7600      110.00
33.7800      121.00
33.8000      138.00
33.8200      121.00
33.8400      122.00
33.8600      129.00
33.8800      129.00
33.9000      155.00
33.9200      141.00
33.9400      136.00
33.9600      136.00
33.9800      118.00
34.0000      142.00
34.0200      143.00
34.0400      148.00
34.0600      118.00
34.0800      144.00
34.1000      139.00
34.1200      125.00
34.1400      146.00
34.1600      137.00
34.1800      157.00
34.2000      142.00
34.2200      131.00
34.2400      161.00
34.2600      144.00
34.2800      149.00
34.3000      152.00
34.3200      153.00
34.3400      142.00
34.3600      156.00
34.3800      166.00
34.4000      142.00
34.4200      146.00
34.4400      147.00
34.4600      142.00
34.4800      159.00
34.5000      145.00
34.5200      136.00
34.5400      126.00
34.5600      155.00
34.5800      159.00
34.6000      150.00
34.6200      110.00
34.6400      137.00
34.6600      110.00
34.6800      108.00
34.7000      132.00
34.7200      124.00
34.7400      118.00
34.7600      127.00
34.7800      139.00
34.8000      129.00
34.8200       97.00
34.8400      120.00
34.8600      119.00
34.8800      107.00
34.9000      142.00
34.9200      134.00
34.9400      123.00
34.9600      117.00
34.9800      136.00
35.0000      145.00
