 2.2000      281.00
 2.2200      296.00
 2.2400      285.00
 2.2600      271.00
 2.2800      268.00
 2.3000      267.00
 2.3200      257.00
 2.3400      292.00
 2.3600      273.00
 2.3800      252.00
 2.4000      275.00
 2.4200      272.00
 2.4400      244.00
 2.4600      297.00
 2.4800      270.00
 2.5000      283.00
 2.5200      261.00
 2.5400      243.00
 2.5600      257.00
 2.5800      285.00
 2.6000      257.00
 2.6200      238.00
 2.6400      258.00
 2.6600      247.00
 2.6800      269.00
 2.7000      282.00
 2.7200      268.00
 2.7400      247.00
 2.7600      238.00
 2.7800      244.00
 2.8000      263.00
 2.8200      261.00
 2.8400      271.00
 2.8600      257.00
 2.8800      219.00
 2.9000      272.00
 2.9200      237.00
 2.9400      216.00
 2.9600      259.00
 2.9800      228.00
 3.0000      266.00
 3.0200      239.00
 3.0400      230.00
 3.0600      223.00
 3.0800      239.00
 3.1000      247.00
 3.1200      239.00
 3.1400      227.00
 3.1600      213.00
 3.1800      252.00
 3.2000      234.00
 3.2200      236.00
 3.2400      251.00
 3.2600      219.00
 3.2800      227.00
 3.3000      214.00
 3.3200      214.00
 3.3400      263.00
 3.3600      244.00
 3.3800      211.00
 3.4000      245.00
 3.4200      224.00
 3.4400      218.00
 3.4600      243.00
 3.4800      224.00
 3.5000      259.00
 3.5200      219.00
 3.5400      220.00
 3.5600      230.00
 3.5800      212.00
 3.6000      194.00
 3.6200      235.00
 3.6400      211.00
 3.6600      212.00
 3.6800      224.00
 3.7000      196.00
 3.7200      223.00
 3.7400      209.00
 3.7600      199.00
 3.7800      197.00
 3.8000      223.00
 3.8200      188.00
 3.8400      196.00
 3.8600      169.00
 3.8800      199.00
 3.9000      194.00
 3.9200      208.00
 3.9400      207.00
 3.9600      170.00
 3.9800      203.00
 4.0000      181.00
 4.0200      189.00
 4.0400      195.00
 4.0600      201.00
 4.0800      185.00
 4.1000      172.00
 4.1200      176.00
 4.1400      183.00
 4.1600      165.00
 4.1800      194.00
 4.2000      194.00
 4.2200      184.00
 4.2400      176.00
 4.2600      209.00
 4.2800      151.00
 4.3000      166.00
 4.3200      158.00
 4.3400      143.00
 4.3600      179.00
 4.3800      151.00
 4.4000      169.00
 4.4200      185.00
 4.4400      160.00
 4.4600      145.00
 4.4800      160.00
 4.5000      173.00
 4.5200      170.00
 4.5400      159.00
 4.5600      166.00
 4.5800      139.00
 4.6000      174.00
 4.6200      157.00
 4.6400      170.00
 4.6600      161.00
 4.6800      173.00
 4.7000      131.00
 4.7200      147.00
 4.7400      144.00
 4.7600      141.00
 4.7800      151.00
 4.8000      144.00
 4.8200      152.00
 4.8400      169.00
 4.8600      139.00
 4.8800      169.00
 4.9000      161.00
 4.9200      155.00
 4.9400      141.00
 4.9600      152.00
 4.9800      164.00
 5.0000      169.00
 5.0200      158.00
 5.0400      150.00
 5.0600      156.00
 5.0800      157.00
 5.1000      145.00
 5.1200      142.00
 5.1400      130.00
 5.1600      136.00
 5.1800      149.00
 5.2000      163.00
 5.2200      171.00
 5.2400      157.00
 5.2600      155.00
 5.2800      146.00
 5.3000      149.00
 5.3200      165.00
 5.3400      165.00
 5.3600      152.00
 5.3800      171.00
 5.4000      162.00
 5.4200      141.00
 5.4400      150.00
 5.4600      155.00
 5.4800      148.00
 5.5000      159.00
 5.5200      179.00
 5.5400      164.00
 5.5600      150.00
 5.5800      146.00
 5.6000      144.00
 5.6200      178.00
 5.6400      154.00
 5.6600      146.00
 5.6800      155.00
 5.7000      160.00
 5.7200      196.00
 5.7400      189.00
 5.7600      186.00
 5.7800      161.00
 5.8000      150.00
 5.8200      145.00
 5.8400      175.00
 5.8600      179.00
 5.8800      173.00
 5.9000      157.00
 5.9200      156.00
 5.9400      169.00
 5.9600      171.00
 5.9800      189.00
 6.0000      173.00
 6.0200      180.00
 6.0400      182.00
 6.0600      183.00
 6.0800      208.00
 6.1000      179.00
 6.1200      189.00
 6.1400      190.00
 6.1600      216.00
 6.1800      224.00
 6.2000      201.00
 6.2200      231.00
 6.2400      226.00
 6.2600      238.00
 6.2800      258.00
 6.3000      239.00
 6.3200      260.00
 6.3400      266.00
 6.3600      270.00
 6.3800      263.00
 6.4000      303.00
 6.4200      294.00
 6.4400      361.00
 6.4600      363.00
 6.4800      345.00
 6.5000      439.00
 6.5200      397.00
 6.5400      494.00
 6.5600      507.00
 6.5800      504.00
 6.6000      551.00
 6.6200      514.00
 6.6400      581.00
 6.6600      572.00
 6.6800      594.00
 6.7000      585.00
 6.7200      582.00
 6.7400      569.00
 6.7600      567.00
 6.7800      516.00
 6.8000      426.00
 6.8200      362.00
 6.8400      341.00
 6.8600      298.00
 6.8800      284.00
 6.9000      275.00
 6.9200      214.00
 6.9400      215.00
 6.9600      195.00
 6.9800      208.00
 7.0000      182.00
 7.0200      212.00
 7.0400      207.00
 7.0600      220.00
 7.0800      199.00
 7.1000      172.00
 7.1200      184.00
 7.1400      187.00
 7.1600      189.00
 7.1800      192.00
 7.2000      172.00
 7.2200      183.00
 7.2400      216.00
 7.2600      207.00
 7.2800      177.00
 7.3000      202.00
 7.3200      197.00
 7.3400      222.00
 7.3600      223.00
 7.3800      219.00
 7.4000      222.00
 7.4200      225.00
 7.4400      233.00
 7.4600      234.00
 7.4800      221.00
 7.5000      248.00
 7.5200      229.00
 7.5400      231.00
 7.5600      211.00
 7.5800      234.00
 7.6000      238.00
 7.6200      212.00
 7.6400      220.00
 7.6600      227.00
 7.6800      230.00
 7.7000      215.00
 7.7200      233.00
 7.7400      239.00
 7.7600      192.00
 7.7800      209.00
 7.8000      186.00
 7.8200      189.00
 7.8400      225.00
 7.8600      175.00
 7.8800      174.00
 7.9000      209.00
 7.9200      195.00
 7.9400      184.00
 7.9600      201.00
 7.9800      214.00
 8.0000      191.00
 8.0200      193.00
 8.0400      163.00
 8.0600      175.00
 8.0800      192.00
 8.1000      212.00
 8.1200      178.00
 8.1400      198.00
 8.1600      203.00
 8.1800      204.00
 8.2000      200.00
 8.2200      202.00
 8.2400      201.00
 8.2600      204.00
 8.2800      211.00
 8.3000      211.00
 8.3200      205.00
 8.3400      188.00
 8.3600      205.00
 8.3800      197.00
 8.4000      226.00
 8.4200      176.00
 8.4400      212.00
 8.4600      209.00
 8.4800      202.00
 8.5000      205.00
 8.5200      221.00
 8.5400      211.00
 8.5600      190.00
 8.5800      187.00
 8.6000      203.00
 8.6200      193.00
 8.6400      233.00
 8.6600      191.00
 8.6800      211.00
 8.7000      187.00
 8.7200      172.00
 8.7400      189.00
 8.7600      215.00
 8.7800      185.00
 8.8000      208.00
 8.8200      204.00
 8.8400      213.00
 8.8600      223.00
 8.8800      202.00
 8.9000      199.00
 8.9200      253.00
 8.9400      217.00
 8.9600      215.00
 8.9800      222.00
 9.0000      204.00
 9.0200      196.00
 9.0400      197.00
 9.0600      235.00
 9.0800      203.00
 9.1000      224.00
 9.1200      196.00
 9.1400      218.00
 9.1600      189.00
 9.1800      204.00
 9.2000      176.00
 9.2200      211.00
 9.2400      217.00
 9.2600      221.00
 9.2800      202.00
 9.3000      211.00
 9.3200      217.00
 9.3400      208.00
 9.3600      201.00
 9.3800      206.00
 9.4000      206.00
 9.4200      218.00
 9.4400      258.00
 9.4600      243.00
 9.4800      209.00
 9.5000      246.00
 9.5200      210.00
 9.5400      255.00
 9.5600      220.00
 9.5800      231.00
 9.6000      263.00
 9.6200      263.00
 9.6400      259.00
 9.6600      250.00
 9.6800      241.00
 9.7000      261.00
 9.7200      237.00
 9.7400      221.00
 9.7600      291.00
 9.7800      303.00
 9.8000      309.00
 9.8200      316.00
 9.8400      351.00
 9.8600      357.00
 9.8800      386.00
 9.9000      386.00
 9.9200      409.00
 9.9400      397.00
 9.9600      414.00
 9.9800      418.00
10.0000      401.00
10.0200      422.00
10.0400      384.00
10.0600      418.00
10.0800      382.00
10.1000      367.00
10.1200      355.00
10.1400      328.00
10.1600      335.00
10.1800      284.00
10.2000      291.00
10.2200      279.00
10.2400      268.00
10.2600      251.00
10.2800      240.00
10.3000      258.00
10.3200      258.00
10.3400      251.00
10.3600      260.00
10.3800      246.00
10.4000      237.00
10.4200      244.00
10.4400      258.00
10.4600      244.00
10.4800      290.00
10.5000      232.00
10.5200      271.00
10.5400      243.00
10.5600      253.00
10.5800      253.00
10.6000      235.00
10.6200      255.00
10.6400      267.00
10.6600      284.00
10.6800      284.00
10.7000      281.00
10.7200      307.00
10.7400      290.00
10.7600      326.00
10.7800      327.00
10.8000      277.00
10.8200      332.00
10.8400      367.00
10.8600      372.00
10.8800      364.00
10.9000      381.00
10.9200      444.00
10.9400      426.00
10.9600      488.00
10.9800      481.00
11.0000      535.00
11.0200      484.00
11.0400      526.00
11.0600      536.00
11.0800      531.00
11.1000      595.00
11.1200      522.00
11.1400      503.00
11.1600      503.00
11.1800      439.00
11.2000      429.00
11.2200      410.00
11.2400      358.00
11.2600      354.00
11.2800      323.00
11.3000      297.00
11.3200      264.00
11.3400      294.00
11.3600      272.00
11.3800      250.00
11.4000      263.00
11.4200      271.00
11.4400      236.00
11.4600      264.00
11.4800      255.00
11.5000      242.00
11.5200      260.00
11.5400      242.00
11.5600      267.00
11.5800      251.00
11.6000      257.00
11.6200      241.00
11.6400      268.00
11.6600      252.00
11.6800      256.00
11.7000      258.00
11.7200      294.00
11.7400      265.00
11.7600      267.00
11.7800      276.00
11.8000      278.00
11.8200      243.00
11.8400      268.00
11.8600      239.00
11.8800      293.00
11.9000      297.00
11.9200      295.00
11.9400      300.00
11.9600      314.00
11.9800      350.00
12.0000      314.00
12.0200      339.00
12.0400      347.00
12.0600      393.00
12.0800      421.00
12.1000      411.00
12.1200      459.00
12.1400      492.00
12.1600      536.00
12.1800      546.00
12.2000      542.00
12.2200      579.00
12.2400      644.00
12.2600      637.00
12.2800      671.00
12.3000      693.00
12.3200      716.00
12.3400      668.00
12.3600      699.00
12.3800      637.00
12.4000      640.00
12.4200      585.00
12.4400      556.00
12.4600      516.00
12.4800      488.00
12.5000      417.00
12.5200      411.00
12.5400      384.00
12.5600      384.00
12.5800      350.00
12.6000      380.00
12.6200      351.00
12.6400      393.00
12.6600      420.00
12.6800      392.00
12.7000      424.00
12.7200      484.00
12.7400      487.00
12.7600      518.00
12.7800      552.00
12.8000      576.00
12.8200      546.00
12.8400      552.00
12.8600      637.00
12.8800      674.00
12.9000      662.00
12.9200      659.00
12.9400      663.00
12.9600      717.00
12.9800      722.00
13.0000      763.00
13.0200      817.00
13.0400      825.00
13.0600      837.00
13.0800      902.00
13.1000      946.00
13.1200      956.00
13.1400      911.00
13.1600      979.00
13.1800     1034.00
13.2000     1015.00
13.2200      968.00
13.2400      996.00
13.2600      915.00
13.2800      913.00
13.3000      816.00
13.3200      721.00
13.3400      640.00
13.3600      535.00
13.3800      495.00
13.4000      424.00
13.4200      390.00
13.4400      381.00
13.4600      290.00
13.4800      289.00
13.5000      299.00
13.5200      274.00
13.5400      303.00
13.5600      265.00
13.5800      305.00
13.6000      283.00
13.6200      275.00
13.6400      249.00
13.6600      277.00
13.6800      260.00
13.7000      275.00
13.7200      307.00
13.7400      280.00
13.7600      256.00
13.7800      273.00
13.8000      272.00
13.8200      271.00
13.8400      246.00
13.8600      283.00
13.8800      310.00
13.9000      290.00
13.9200      284.00
13.9400      295.00
13.9600      284.00
13.9800      302.00
14.0000      289.00
14.0200      281.00
14.0400      306.00
14.0600      293.00
14.0800      283.00
14.1000      327.00
14.1200      323.00
14.1400      374.00
14.1600      363.00
14.1800      347.00
14.2000      382.00
14.2200      441.00
14.2400      492.00
14.2600      478.00
14.2800      475.00
14.3000      470.00
14.3200      560.00
14.3400      576.00
14.3600      532.00
14.3800      622.00
14.4000      558.00
14.4200      602.00
14.4400      602.00
14.4600      590.00
14.4800      527.00
14.5000      485.00
14.5200      546.00
14.5400      414.00
14.5600      410.00
14.5800      407.00
14.6000      349.00
14.6200      339.00
14.6400      329.00
14.6600      303.00
14.6800      310.00
14.7000      296.00
14.7200      301.00
14.7400      333.00
14.7600      301.00
14.7800      354.00
14.8000      332.00
14.8200      386.00
14.8400      391.00
14.8600      398.00
14.8800      452.00
14.9000      484.00
14.9200      545.00
14.9400      579.00
14.9600      619.00
14.9800      699.00
15.0000      699.00
15.0200      732.00
15.0400      789.00
15.0600      782.00
15.0800      817.00
15.1000      864.00
15.1200      834.00
15.1400      825.00
15.1600      785.00
15.1800      781.00
15.2000      680.00
15.2200      656.00
15.2400      619.00
15.2600      502.00
15.2800      399.00
15.3000      395.00
15.3200      394.00
15.3400      314.00
15.3600      295.00
15.3800      317.00
15.4000      301.00
15.4200      282.00
15.4400      285.00
15.4600      292.00
15.4800      291.00
15.5000      273.00
15.5200      283.00
15.5400      282.00
15.5600      266.00
15.5800      291.00
15.6000      286.00
15.6200      263.00
15.6400      247.00
15.6600      280.00
15.6800      283.00
15.7000      264.00
15.7200      288.00
15.7400      260.00
15.7600      261.00
15.7800      277.00
15.8000      271.00
15.8200      272.00
15.8400      272.00
15.8600      260.00
15.8800      256.00
15.9000      258.00
15.9200      266.00
15.9400      274.00
15.9600      253.00
15.9800      301.00
16.0000      291.00
16.0200      281.00
16.0400      315.00
16.0600      304.00
16.0800      295.00
16.1000      301.00
16.1200      318.00
16.1400      334.00
16.1600      328.00
16.1800      346.00
16.2000      394.00
16.2200      394.00
16.2400      415.00
16.2600      447.00
16.2800      456.00
16.3000      498.00
16.3200      509.00
16.3400      506.00
16.3600      512.00
16.3800      535.00
16.4000      545.00
16.4200      499.00
16.4400      546.00
16.4600      549.00
16.4800      525.00
16.5000      530.00
16.5200      529.00
16.5400      550.00
16.5600      514.00
16.5800      538.00
16.6000      568.00
16.6200      595.00
16.6400      584.00
16.6600      631.00
16.6800      625.00
16.7000      627.00
16.7200      602.00
16.7400      626.00
16.7600      584.00
16.7800      647.00
16.8000      625.00
16.8200      594.00
16.8400      605.00
16.8600      570.00
16.8800      502.00
16.9000      552.00
16.9200      513.00
16.9400      511.00
16.9600      549.00
16.9800      610.00
17.0000      655.00
17.0200      676.00
17.0400      750.00
17.0600      841.00
17.0800      929.00
17.1000     1048.00
17.1200     1120.00
17.1400     1200.00
17.1600     1197.00
17.1800     1214.00
17.2000     1269.00
17.2200     1200.00
17.2400     1154.00
17.2600     1155.00
17.2800     1117.00
17.3000     1058.00
17.3200      913.00
17.3400      831.00
17.3600      689.00
17.3800      595.00
17.4000      563.00
17.4200      504.00
17.4400      405.00
17.4600      385.00
17.4800      352.00
17.5000      346.00
17.5200      306.00
17.5400      291.00
17.5600      318.00
17.5800      283.00
17.6000      300.00
17.6200      300.00
17.6400      297.00
17.6600      312.00
17.6800      288.00
17.7000      349.00
17.7200      290.00
17.7400      326.00
17.7600      297.00
17.7800      315.00
17.8000      346.00
17.8200      318.00
17.8400      328.00
17.8600      358.00
17.8800      375.00
17.9000      382.00
17.9200      358.00
17.9400      411.00
17.9600      428.00
17.9800      447.00
18.0000      470.00
18.0200      550.00
18.0400      601.00
18.0600      596.00
18.0800      731.00
18.1000      771.00
18.1200      856.00
18.1400      912.00
18.1600     1018.00
18.1800      982.00
18.2000     1125.00
18.2200     1218.00
18.2400     1345.00
18.2600     1444.00
18.2800     1505.00
18.3000     1677.00
18.3200     1661.00
18.3400     1744.00
18.3600     1681.00
18.3800     1696.00
18.4000     1674.00
18.4200     1570.00
18.4400     1578.00
18.4600     1606.00
18.4800     1373.00
18.5000     1311.00
18.5200     1111.00
18.5400     1005.00
18.5600      891.00
18.5800      772.00
18.6000      656.00
18.6200      567.00
18.6400      481.00
18.6600      436.00
18.6800      381.00
18.7000      365.00
18.7200      336.00
18.7400      335.00
18.7600      311.00
18.7800      298.00
18.8000      297.00
18.8200      298.00
18.8400      294.00
18.8600      340.00
18.8800      311.00
18.9000      285.00
18.9200      325.00
18.9400      338.00
18.9600      343.00
18.9800      353.00
19.0000      331.00
19.0200      333.00
19.0400      328.00
19.0600      374.00
19.0800      364.00
19.1000      364.00
19.1200      406.00
19.1400      428.00
19.1600      447.00
19.1800      490.00
19.2000      562.00
19.2200      665.00
19.2400      701.00
19.2600      806.00
19.2800      896.00
19.3000      958.00
19.3200     1024.00
19.3400     1094.00
19.3600     1171.00
19.3800     1134.00
19.4000     1167.00
19.4200     1163.00
19.4400     1196.00
19.4600     1188.00
19.4800     1133.00
19.5000     1161.00
19.5200     1060.00
19.5400     1138.00
19.5600     1169.00
19.5800     1206.00
19.6000     1313.00
19.6200     1437.00
19.6400     1505.00
19.6600     1531.00
19.6800     1613.00
19.7000     1648.00
19.7200     1684.00
19.7400     1713.00
19.7600     1831.00
19.7800     1719.00
19.8000     1751.00
19.8200     1759.00
19.8400     1759.00
19.8600     1642.00
19.8800     1554.00
19.9000     1510.00
19.9200     1301.00
19.9400     1247.00
19.9600     1192.00
19.9800      989.00
20.0000      956.00
20.0200      880.00
20.0400      845.00
20.0600      800.00
20.0800      787.00
20.1000      750.00
20.1200      637.00
20.1400      687.00
20.1600      587.00
20.1800      546.00
20.2000      500.00
20.2200      470.00
20.2400      477.00
20.2600      442.00
20.2800      409.00
20.3000      404.00
20.3200      415.00
20.3400      378.00
20.3600      353.00
20.3800      353.00
20.4000      362.00
20.4200      370.00
20.4400      350.00
20.4600      331.00
20.4800      348.00
20.5000      311.00
20.5200      336.00
20.5400      351.00
20.5600      362.00
20.5800      369.00
20.6000      338.00
20.6200      367.00
20.6400      331.00
20.6600      349.00
20.6800      370.00
20.7000      332.00
20.7200      413.00
20.7400      412.00
20.7600      422.00
20.7800      428.00
20.8000      442.00
20.8200      451.00
20.8400      520.00
20.8600      578.00
20.8800      629.00
20.9000      670.00
20.9200      814.00
20.9400      815.00
20.9600      917.00
20.9800     1015.00
21.0000     1032.00
21.0200     1105.00
21.0400     1180.00
21.0600     1211.00
21.0800     1139.00
21.1000     1222.00
21.1200     1243.00
21.1400     1092.00
21.1600     1037.00
21.1800      998.00
21.2000      897.00
21.2200      843.00
21.2400      720.00
21.2600      651.00
21.2800      590.00
21.3000      594.00
21.3200      465.00
21.3400      449.00
21.3600      401.00
21.3800      437.00
21.4000      403.00
21.4200      371.00
21.4400      396.00
21.4600      401.00
21.4800      386.00
21.5000      418.00
21.5200      473.00
21.5400      463.00
21.5600      538.00
21.5800      598.00
21.6000      683.00
21.6200      685.00
21.6400      759.00
21.6600      858.00
21.6800      917.00
21.7000      982.00
21.7200      985.00
21.7400     1149.00
21.7600     1133.00
21.7800     1110.00
21.8000     1135.00
21.8200     1243.00
21.8400     1291.00
21.8600     1376.00
21.8800     1462.00
21.9000     1557.00
21.9200     1727.00
21.9400     1850.00
21.9600     1954.00
21.9800     2090.00
22.0000     2230.00
22.0200     2302.00
22.0400     2346.00
22.0600     2412.00
22.0800     2374.00
22.1000     2359.00
22.1200     2364.00
22.1400     2243.00
22.1600     2248.00
22.1800     2175.00
22.2000     2024.00
22.2200     1993.00
22.2400     1861.00
22.2600     1844.00
22.2800     1719.00
22.3000     1779.00
22.3200     1789.00
22.3400     1746.00
22.3600     1678.00
22.3800     1757.00
22.4000     1787.00
22.4200     1731.00
22.4400     1791.00
22.4600     1786.00
22.4800     1799.00
22.5000     1872.00
22.5200     1865.00
22.5400     1883.00
22.5600     1752.00
22.5800     1734.00
22.6000     1679.00
22.6200     1583.00
22.6400     1606.00
22.6600     1441.00
22.6800     1359.00
22.7000     1248.00
22.7200     1205.00
22.7400     1034.00
22.7600      928.00
22.7800      843.00
22.8000      741.00
22.8200      709.00
22.8400      610.00
22.8600      557.00
22.8800      525.00
22.9000      574.00
22.9200      470.00
22.9400      477.00
22.9600      443.00
22.9800      465.00
23.0000      463.00
23.0200      448.00
23.0400      442.00
23.0600      433.00
23.0800      391.00
23.1000      434.00
23.1200      427.00
23.1400      424.00
23.1600      413.00
23.1800      415.00
23.2000      405.00
23.2200      408.00
23.2400      390.00
23.2600      355.00
23.2800      436.00
23.3000      426.00
23.3200      469.00
23.3400      438.00
23.3600      473.00
23.3800      501.00
23.4000      505.00
23.4200      552.00
23.4400      659.00
23.4600      720.00
23.4800      705.00
23.5000      771.00
23.5200      759.00
23.5400      823.00
23.5600      842.00
23.5800      825.00
23.6000      779.00
23.6200      805.00
23.6400      768.00
23.6600      742.00
23.6800      766.00
23.7000      644.00
23.7200      596.00
23.7400      558.00
23.7600      553.00
23.7800      543.00
23.8000      462.00
23.8200      419.00
23.8400      372.00
23.8600      384.00
23.8800      353.00
23.9000      353.00
23.9200      333.00
23.9400      323.00
23.9600      300.00
23.9800      341.00
24.0000      291.00
24.0200      304.00
24.0400      304.00
24.0600      327.00
24.0800      287.00
24.1000      323.00
24.1200      283.00
24.1400      283.00
24.1600      287.00
24.1800      304.00
24.2000      327.00
24.2200      327.00
24.2400      325.00
24.2600      329.00
24.2800      355.00
24.3000      351.00
24.3200      352.00
24.3400      379.00
24.3600      422.00
24.3800      429.00
24.4000      441.00
24.4200      446.00
24.4400      498.00
24.4600      516.00
24.4800      533.00
24.5000      606.00
24.5200      659.00
24.5400      663.00
24.5600      703.00
24.5800      796.00
24.6000      878.00
24.6200      869.00
24.6400      888.00
24.6600      912.00
24.6800      926.00
24.7000      906.00
24.7200      917.00
24.7400      942.00
24.7600      910.00
24.7800      862.00
24.8000      841.00
24.8200      843.00
24.8400      824.00
24.8600      836.00
24.8800      826.00
24.9000      750.00
24.9200      829.00
24.9400      779.00
24.9600      765.00
24.9800      730.00
25.0000      757.00
25.0200      734.00
25.0400      741.00
25.0600      789.00
25.0800      714.00
25.1000      711.00
25.1200      674.00
25.1400      690.00
25.1600      653.00
25.1800      610.00
25.2000      625.00
25.2200      554.00
25.2400      551.00
25.2600      519.00
25.2800      433.00
25.3000      444.00
25.3200      370.00
25.3400      384.00
25.3600      394.00
25.3800      374.00
25.4000      421.00
25.4200      430.00
25.4400      422.00
25.4600      486.00
25.4800      442.00
25.5000      494.00
25.5200      526.00
25.5400      551.00
25.5600      626.00
25.5800      573.00
25.6000      648.00
25.6200      726.00
25.6400      710.00
25.6600      740.00
25.6800      791.00
25.7000      739.00
25.7200      789.00
25.7400      735.00
25.7600      770.00
25.7800      710.00
25.8000      755.00
25.8200      709.00
25.8400      725.00
25.8600      711.00
25.8800      643.00
25.9000      596.00
25.9200      583.00
25.9400      536.00
25.9600      513.00
25.9800      507.00
26.0000      461.00
26.0200      442.00
26.0400      395.00
26.0600      408.00
26.0800      362.00
26.1000      355.00
26.1200      363.00
26.1400      337.00
26.1600      405.00
26.1800      369.00
26.2000      398.00
26.2200      396.00
26.2400      395.00
26.2600      436.00
26.2800      430.00
26.3000      488.00
26.3200      541.00
26.3400      604.00
26.3600      599.00
26.3800      648.00
26.4000      712.00
26.4200      693.00
26.4400      693.00
26.4600      751.00
26.4800      710.00
26.5000      660.00
26.5200      644.00
26.5400      699.00
26.5600      651.00
26.5800      618.00
26.6000      547.00
26.6200      517.00
26.6400      518.00
26.6600      472.00
26.6800      442.00
26.7000      404.00
26.7200      391.00
26.7400      373.00
26.7600      362.00
26.7800      360.00
26.8000      348.00
26.8200      344.00
26.8400      365.00
26.8600      357.00
26.8800      337.00
26.9000      349.00
26.9200      387.00
26.9400      425.00
26.9600      440.00
26.9800      441.00
27.0000      472.00
27.0200      463.00
27.0400      493.00
27.0600      494.00
27.0800      541.00
27.1000      549.00
27.1200      549.00
27.1400      652.00
27.1600      711.00
27.1800      876.00
27.2000      922.00
27.2200     1072.00
27.2400     1247.00
27.2600     1406.00
27.2800     1534.00
27.3000     1682.00
27.3200     1758.00
27.3400     1892.00
27.3600     2019.00
27.3800     2094.00
27.4000     2078.00
27.4200     2105.00
27.4400     1967.00
27.4600     1898.00
27.4800     1730.00
27.5000     1666.00
27.5200     1402.00
27.5400     1293.00
27.5600     1098.00
27.5800      946.00
27.6000      805.00
27.6200      677.00
27.6400      578.00
27.6600      528.00
27.6800      463.00
27.7000      429.00
27.7200      385.00
27.7400      361.00
27.7600      370.00
27.7800      382.00
27.8000      371.00
27.8200      409.00
27.8400      411.00
27.8600      416.00
27.8800      518.00
27.9000      551.00
27.9200      541.00
27.9400      532.00
27.9600      545.00
27.9800      552.00
28.0000      621.00
28.0200      559.00
28.0400      578.00
28.0600      574.00
28.0800      602.00
28.1000      610.00
28.1200      626.00
28.1400      628.00
28.1600      570.00
28.1800      599.00
28.2000      648.00
28.2200      609.00
28.2400      672.00
28.2600      678.00
28.2800      646.00
28.3000      672.00
28.3200      692.00
28.3400      696.00
28.3600      759.00
28.3800      736.00
28.4000      699.00
28.4200      739.00
28.4400      741.00
28.4600      741.00
28.4800      698.00
28.5000      677.00
28.5200      700.00
28.5400      729.00
28.5600      790.00
28.5800      811.00
28.6000      763.00
28.6200      828.00
28.6400      907.00
28.6600      969.00
28.6800     1078.00
28.7000     1046.00
28.7200     1111.00
28.7400     1072.00
28.7600     1149.00
28.7800     1145.00
28.8000     1190.00
28.8200     1137.00
28.8400     1141.00
28.8600     1104.00
28.8800     1079.00
28.9000     1037.00
28.9200      984.00
28.9400      973.00
28.9600      958.00
28.9800      861.00
29.0000      847.00
29.0200      740.00
29.0400      696.00
29.0600      650.00
29.0800      586.00
29.1000      545.00
29.1200      560.00
29.1400      445.00
29.1600      477.00
29.1800      480.00
29.2000      397.00
29.2200      423.00
29.2400      411.00
29.2600      435.00
29.2800      397.00
29.3000      391.00
29.3200      359.00
29.3400      343.00
29.3600      408.00
29.3800      348.00
29.4000      370.00
29.4200      361.00
29.4400      353.00
29.4600      323.00
29.4800      352.00
29.5000      324.00
29.5200      350.00
29.5400      285.00
29.5600      316.00
29.5800      347.00
29.6000      283.00
29.6200      298.00
29.6400      322.00
29.6600      305.00
29.6800      316.00
29.7000      301.00
29.7200      331.00
29.7400      295.00
29.7600      333.00
29.7800      327.00
29.8000      309.00
29.8200      294.00
29.8400      300.00
29.8600      325.00
29.8800      328.00
29.9000      330.00
29.9200      321.00
29.9400      320.00
29.9600      386.00
29.9800      338.00
30.0000      343.00
30.0200      364.00
30.0400      360.00
30.0600      385.00
30.0800      382.00
30.1000      441.00
30.1200      397.00
30.1400      395.00
30.1600      418.00
30.1800      391.00
30.2000      434.00
30.2200      431.00
30.2400      401.00
30.2600      387.00
30.2800      444.00
30.3000      419.00
30.3200      431.00
30.3400      440.00
30.3600      498.00
30.3800      492.00
30.4000      490.00
30.4200      511.00
30.4400      534.00
30.4600      446.00
30.4800      494.00
30.5000      522.00
30.5200      517.00
30.5400      485.00
30.5600      500.00
30.5800      547.00
30.6000      515.00
30.6200      465.00
30.6400      494.00
30.6600      501.00
30.6800      477.00
30.7000      517.00
30.7200      484.00
30.7400      439.00
30.7600      439.00
30.7800      425.00
30.8000      435.00
30.8200      420.00
30.8400      403.00
30.8600      391.00
30.8800      398.00
30.9000      467.00
30.9200      467.00
30.9400      503.00
30.9600      502.00
30.9800      514.00
31.0000      579.00
31.0200      553.00
31.0400      627.00
31.0600      603.00
31.0800      595.00
31.1000      651.00
31.1200      593.00
31.1400      560.00
31.1600      550.00
31.1800      533.00
31.2000      503.00
31.2200      495.00
31.2400      438.00
31.2600      423.00
31.2800      423.00
31.3000      392.00
31.3200      371.00
31.3400      345.00
31.3600      318.00
31.3800      355.00
31.4000      368.00
31.4200      349.00
31.4400      369.00
31.4600      357.00
31.4800      375.00
31.5000      361.00
31.5200      366.00
31.5400      356.00
31.5600      371.00
31.5800      366.00
31.6000      365.00
31.6200      343.00
31.6400      324.00
31.6600      317.00
31.6800      308.00
31.7000      354.00
31.7200      310.00
31.7400      340.00
31.7600      322.00
31.7800      311.00
31.8000      346.00
31.8200      320.00
31.8400      344.00
31.8600      325.00
31.8800      348.00
31.9000      399.00
31.9200      408.00
31.9400      352.00
31.9600      412.00
31.9800      414.00
32.0000      438.00
32.0200      441.00
32.0400      461.00
32.0600      441.00
32.0800      495.00
32.1000      482.00
32.1200      473.00
32.1400      512.00
32.1600      500.00
32.1800      545.00
32.2000      532.00
32.2200      562.00
32.2400      537.00
32.2600      529.00
32.2800      487.00
32.3000      548.00
32.3200      490.00
32.3400      482.00
32.3600      444.00
32.3800      402.00
32.4000      462.00
32.4200      449.00
32.4400      402.00
32.4600      364.00
32.4800      446.00
32.5000      381.00
32.5200      394.00
32.5400      384.00
32.5600      338.00
32.5800      332.00
32.6000      348.00
32.6200      311.00
32.6400      333.00
32.6600      296.00
32.6800      313.00
32.7000      292.00
32.7200      303.00
32.7400      315.00
32.7600      345.00
32.7800      310.00
32.8000      359.00
32.8200      342.00
32.8400      343.00
32.8600      382.00
32.8800      363.00
32.9000      341.00
32.9200      341.00
32.9400      369.00
32.9600      365.00
32.9800      366.00
33.0000      361.00
33.0200      324.00
33.0400      325.00
33.0600      336.00
33.0800      324.00
33.1000      318.00
33.1200      294.00
33.1400      341.00
33.1600      346.00
33.1800      349.00
33.2000      344.00
33.2200      344.00
33.2400      287.00
33.2600      340.00
33.2800      337.00
33.3000      339.00
33.3200      355.00
33.3400      301.00
33.3600      306.00
33.3800      294.00
33.4000      306.00
33.4200      283.00
33.4400      293.00
33.4600      247.00
33.4800      252.00
33.5000      270.00
33.5200      249.00
33.5400      284.00
33.5600      251.00
33.5800      255.00
33.6000      258.00
33.6200      241.00
33.6400      239.00
33.6600      240.00
33.6800      230.00
33.7000      238.00
33.7200      248.00
33.7400      263.00
33.7600      270.00
33.7800      268.00
33.8000      303.00
33.8200      281.00
33.8400      312.00
33.8600      349.00
33.8800      345.00
33.9000      304.00
33.9200      329.00
33.9400      345.00
33.9600      331.00
33.9800      311.00
34.0000      339.00
34.0200      337.00
34.0400      297.00
34.0600      318.00
34.0800      302.00
34.1000      332.00
34.1200      300.00
34.1400      315.00
34.1600      316.00
34.1800      292.00
34.2000      280.00
34.2200      269.00
34.2400      293.00
34.2600      308.00
34.2800      294.00
34.3000      299.00
34.3200      297.00
34.3400      321.00
34.3600      293.00
34.3800      353.00
34.4000      310.00
34.4200      313.00
34.4400      304.00
34.4600      297.00
34.4800      335.00
34.5000      334.00
34.5200      350.00
34.5400      335.00
34.5600      316.00
34.5800      344.00
34.6000      340.00
34.6200      331.00
34.6400      319.00
34.6600      360.00
34.6800      338.00
34.7000      368.00
34.7200      392.00
34.7400      426.00
34.7600      411.00
34.7800      463.00
34.8000      470.00
34.8200      438.00
34.8400      619.00
34.8600      570.00
34.8800      666.00
34.9000      682.00
34.9200      707.00
34.9400      698.00
34.9600      761.00
34.9800      777.00
35.0000      744.00
