 2.2000      280.00
 2.2200      299.00
 2.2400      320.00
 2.2600      284.00
 2.2800      292.00
 2.3000      277.00
 2.3200      275.00
 2.3400      285.00
 2.3600      253.00
 2.3800      271.00
 2.4000      267.00
 2.4200      274.00
 2.4400      263.00
 2.4600      254.00
 2.4800      262.00
 2.5000      245.00
 2.5200      255.00
 2.5400      262.00
 2.5600      261.00
 2.5800      256.00
 2.6000      259.00
 2.6200      266.00
 2.6400      284.00
 2.6600      275.00
 2.6800      239.00
 2.7000      256.00
 2.7200      252.00
 2.7400      248.00
 2.7600      271.00
 2.7800      258.00
 2.8000      228.00
 2.8200      267.00
 2.8400      256.00
 2.8600      247.00
 2.8800      255.00
 2.9000      244.00
 2.9200      257.00
 2.9400      207.00
 2.9600      267.00
 2.9800      229.00
 3.0000      256.00
 3.0200      255.00
 3.0400      241.00
 3.0600      243.00
 3.0800      226.00
 3.1000      258.00
 3.1200      242.00
 3.1400      253.00
 3.1600      236.00
 3.1800      234.00
 3.2000      242.00
 3.2200      260.00
 3.2400      239.00
 3.2600      222.00
 3.2800      242.00
 3.3000      246.00
 3.3200      210.00
 3.3400      257.00
 3.3600      222.00
 3.3800      209.00
 3.4000      236.00
 3.4200      205.00
 3.4400      222.00
 3.4600      222.00
 3.4800      220.00
 3.5000      203.00
 3.5200      213.00
 3.5400      222.00
 3.5600      216.00
 3.5800      225.00
 3.6000      260.00
 3.6200      204.00
 3.6400      212.00
 3.6600      226.00
 3.6800      223.00
 3.7000      209.00
 3.7200      206.00
 3.7400      199.00
 3.7600      197.00
 3.7800      210.00
 3.8000      240.00
 3.8200      173.00
 3.8400      181.00
 3.8600      202.00
 3.8800      200.00
 3.9000      171.00
 3.9200      204.00
 3.9400      197.00
 3.9600      204.00
 3.9800      189.00
 4.0000      180.00
 4.0200      203.00
 4.0400      194.00
 4.0600      179.00
 4.0800      190.00
 4.1000      178.00
 4.1200      183.00
 4.1400      180.00
 4.1600      178.00
 4.1800      172.00
 4.2000      181.00
 4.2200      188.00
 4.2400      206.00
 4.2600      189.00
 4.2800      189.00
 4.3000      197.00
 4.3200      188.00
 4.3400      172.00
 4.3600      200.00
 4.3800      196.00
 4.4000      133.00
 4.4200      163.00
 4.4400      175.00
 4.4600      177.00
 4.4800      155.00
 4.5000      184.00
 4.5200      168.00
 4.5400      155.00
 4.5600      178.00
 4.5800      173.00
 4.6000      178.00
 4.6200      181.00
 4.6400      157.00
 4.6600      170.00
 4.6800      155.00
 4.7000      156.00
 4.7200      158.00
 4.7400      151.00
 4.7600      164.00
 4.7800      177.00
 4.8000      152.00
 4.8200      175.00
 4.8400      149.00
 4.8600      140.00
 4.8800      178.00
 4.9000      149.00
 4.9200      172.00
 4.9400      162.00
 4.9600      155.00
 4.9800      168.00
 5.0000      163.00
 5.0200      152.00
 5.0400      149.00
 5.0600      182.00
 5.0800      144.00
 5.1000      162.00
 5.1200      158.00
 5.1400      136.00
 5.1600      173.00
 5.1800      166.00
 5.2000      149.00
 5.2200      126.00
 5.2400      149.00
 5.2600      153.00
 5.2800      165.00
 5.3000      167.00
 5.3200      156.00
 5.3400      144.00
 5.3600      156.00
 5.3800      160.00
 5.4000      159.00
 5.4200      136.00
 5.4400      156.00
 5.4600      141.00
 5.4800      175.00
 5.5000      156.00
 5.5200      149.00
 5.5400      179.00
 5.5600      160.00
 5.5800      179.00
 5.6000      154.00
 5.6200      152.00
 5.6400      153.00
 5.6600      167.00
 5.6800      164.00
 5.7000      148.00
 5.7200      167.00
 5.7400      153.00
 5.7600      167.00
 5.7800      167.00
 5.8000      159.00
 5.8200      173.00
 5.8400      171.00
 5.8600      180.00
 5.8800      129.00
 5.9000      166.00
 5.9200      165.00
 5.9400      163.00
 5.9600      152.00
 5.9800      154.00
 6.0000      173.00
 6.0200      157.00
 6.0400      179.00
 6.0600      164.00
 6.0800      180.00
 6.1000      174.00
 6.1200      164.00
 6.1400      175.00
 6.1600      183.00
 6.1800      181.00
 6.2000      171.00
 6.2200      151.00
 6.2400      177.00
 6.2600      191.00
 6.2800      189.00
 6.3000      198.00
 6.3200      203.00
 6.3400      183.00
 6.3600      177.00
 6.3800      150.00
 6.4000      198.00
 6.4200      204.00
 6.4400      197.00
 6.4600      221.00
 6.4800      191.00
 6.5000      209.00
 6.5200      237.00
 6.5400      245.00
 6.5600      243.00
 6.5800      244.00
 6.6000      260.00
 6.6200      241.00
 6.6400      300.00
 6.6600      284.00
 6.6800      302.00
 6.7000      353.00
 6.7200      346.00
 6.7400      351.00
 6.7600      405.00
 6.7800      404.00
 6.8000      446.00
 6.8200      416.00
 6.8400      495.00
 6.8600      458.00
 6.8800      466.00
 6.9000      473.00
 6.9200      490.00
 6.9400      439.00
 6.9600      419.00
 6.9800      346.00
 7.0000      342.00
 7.0200      260.00
 7.0400      244.00
 7.0600      216.00
 7.0800      184.00
 7.1000      213.00
 7.1200      170.00
 7.1400      160.00
 7.1600      162.00
 7.1800      180.00
 7.2000      156.00
 7.2200      167.00
 7.2400      176.00
 7.2600      201.00
 7.2800      190.00
 7.3000      161.00
 7.3200      178.00
 7.3400      174.00
 7.3600      161.00
 7.3800      179.00
 7.4000      173.00
 7.4200      162.00
 7.4400      166.00
 7.4600      200.00
 7.4800      168.00
 7.5000      168.00
 7.5200      225.00
 7.5400      170.00
 7.5600      176.00
 7.5800      184.00
 7.6000      166.00
 7.6200      206.00
 7.6400      199.00
 7.6600      185.00
 7.6800      182.00
 7.7000      189.00
 7.7200      202.00
 7.7400      195.00
 7.7600      168.00
 7.7800      195.00
 7.8000      219.00
 7.8200      157.00
 7.8400      198.00
 7.8600      176.00
 7.8800      201.00
 7.9000      195.00
 7.9200      205.00
 7.9400      199.00
 7.9600      205.00
 7.9800      191.00
 8.0000      194.00
 8.0200      193.00
 8.0400      225.00
 8.0600      198.00
 8.0800      235.00
 8.1000      221.00
 8.1200      240.00
 8.1400      221.00
 8.1600      260.00
 8.1800      241.00
 8.2000      255.00
 8.2200      250.00
 8.2400      275.00
 8.2600      291.00
 8.2800      298.00
 8.3000      336.00
 8.3200      315.00
 8.3400      347.00
 8.3600      358.00
 8.3800      371.00
 8.4000      430.00
 8.4200      473.00
 8.4400      484.00
 8.4600      519.00
 8.4800      565.00
 8.5000      600.00
 8.5200      641.00
 8.5400      632.00
 8.5600      649.00
 8.5800      661.00
 8.6000      765.00
 8.6200      753.00
 8.6400      734.00
 8.6600      713.00
 8.6800      642.00
 8.7000      691.00
 8.7200      654.00
 8.7400      601.00
 8.7600      541.00
 8.7800      481.00
 8.8000      430.00
 8.8200      411.00
 8.8400      410.00
 8.8600      372.00
 8.8800      366.00
 8.9000      316.00
 8.9200      317.00
 8.9400      280.00
 8.9600      304.00
 8.9800      254.00
 9.0000      230.00
 9.0200      235.00
 9.0400      222.00
 9.0600      218.00
 9.0800      197.00
 9.1000      204.00
 9.1200      208.00
 9.1400      216.00
 9.1600      222.00
 9.1800      208.00
 9.2000      191.00
 9.2200      239.00
 9.2400      212.00
 9.2600      183.00
 9.2800      234.00
 9.3000      246.00
 9.3200      220.00
 9.3400      212.00
 9.3600      249.00
 9.3800      231.00
 9.4000      271.00
 9.4200      258.00
 9.4400      249.00
 9.4600      249.00
 9.4800      261.00
 9.5000      270.00
 9.5200      311.00
 9.5400      283.00
 9.5600      289.00
 9.5800      276.00
 9.6000      291.00
 9.6200      341.00
 9.6400      309.00
 9.6600      346.00
 9.6800      349.00
 9.7000      324.00
 9.7200      351.00
 9.7400      317.00
 9.7600      324.00
 9.7800      323.00
 9.8000      298.00
 9.8200      302.00
 9.8400      297.00
 9.8600      273.00
 9.8800      252.00
 9.9000      246.00
 9.9200      237.00
 9.9400      218.00
 9.9600      224.00
 9.9800      199.00
10.0000      217.00
10.0200      203.00
10.0400      197.00
10.0600      212.00
10.0800      248.00
10.1000      216.00
10.1200      218.00
10.1400      235.00
10.1600      209.00
10.1800      203.00
10.2000      238.00
10.2200      217.00
10.2400      205.00
10.2600      209.00
10.2800      229.00
10.3000      200.00
10.3200      237.00
10.3400      230.00
10.3600      209.00
10.3800      207.00
10.4000      203.00
10.4200      244.00
10.4400      258.00
10.4600      236.00
10.4800      252.00
10.5000      238.00
10.5200      232.00
10.5400      210.00
10.5600      226.00
10.5800      218.00
10.6000      256.00
10.6200      229.00
10.6400      212.00
10.6600      251.00
10.6800      214.00
10.7000      200.00
10.7200      227.00
10.7400      204.00
10.7600      205.00
10.7800      223.00
10.8000      205.00
10.8200      212.00
10.8400      244.00
10.8600      249.00
10.8800      222.00
10.9000      208.00
10.9200      246.00
10.9400      245.00
10.9600      227.00
10.9800      243.00
11.0000      277.00
11.0200      270.00
11.0400      260.00
11.0600      277.00
11.0800      266.00
11.1000      263.00
11.1200      269.00
11.1400      265.00
11.1600      325.00
11.1800      290.00
11.2000      340.00
11.2200      336.00
11.2400      340.00
11.2600      359.00
11.2800      387.00
11.3000      371.00
11.3200      309.00
11.3400      324.00
11.3600      340.00
11.3800      306.00
11.4000      281.00
11.4200      255.00
11.4400      269.00
11.4600      238.00
11.4800      247.00
11.5000      224.00
11.5200      244.00
11.5400      251.00
11.5600      219.00
11.5800      262.00
11.6000      213.00
11.6200      215.00
11.6400      240.00
11.6600      264.00
11.6800      220.00
11.7000      235.00
11.7200      234.00
11.7400      214.00
11.7600      254.00
11.7800      241.00
11.8000      256.00
11.8200      251.00
11.8400      242.00
11.8600      264.00
11.8800      272.00
11.9000      264.00
11.9200      249.00
11.9400      268.00
11.9600      271.00
11.9800      277.00
12.0000      288.00
12.0200      284.00
12.0400      292.00
12.0600      320.00
12.0800      348.00
12.1000      289.00
12.1200      316.00
12.1400      337.00
12.1600      322.00
12.1800      300.00
12.2000      309.00
12.2200      316.00
12.2400      317.00
12.2600      303.00
12.2800      317.00
12.3000      337.00
12.3200      354.00
12.3400      379.00
12.3600      400.00
12.3800      430.00
12.4000      425.00
12.4200      457.00
12.4400      508.00
12.4600      566.00
12.4800      570.00
12.5000      640.00
12.5200      667.00
12.5400      721.00
12.5600      761.00
12.5800      797.00
12.6000      817.00
12.6200      854.00
12.6400      858.00
12.6600      822.00
12.6800      760.00
12.7000      735.00
12.7200      670.00
12.7400      595.00
12.7600      506.00
12.7800      471.00
12.8000      430.00
12.8200      407.00
12.8400      397.00
12.8600      373.00
12.8800      339.00
12.9000      369.00
12.9200      356.00
12.9400      357.00
12.9600      354.00
12.9800      424.00
13.0000      401.00
13.0200      463.00
13.0400      458.00
13.0600      469.00
13.0800      500.00
13.1000      484.00
13.1200      489.00
13.1400      521.00
13.1600      505.00
13.1800      508.00
13.2000      469.00
13.2200      490.00
13.2400      475.00
13.2600      449.00
13.2800      379.00
13.3000      375.00
13.3200      347.00
13.3400      332.00
13.3600      331.00
13.3800      333.00
13.4000      334.00
13.4200      314.00
13.4400      298.00
13.4600      362.00
13.4800      339.00
13.5000      310.00
13.5200      307.00
13.5400      339.00
13.5600      341.00
13.5800      336.00
13.6000      341.00
13.6200      374.00
13.6400      353.00
13.6600      311.00
13.6800      327.00
13.7000      283.00
13.7200      316.00
13.7400      320.00
13.7600      301.00
13.7800      272.00
13.8000      270.00
13.8200      265.00
13.8400      296.00
13.8600      311.00
13.8800      326.00
13.9000      314.00
13.9200      316.00
13.9400      328.00
13.9600      321.00
13.9800      353.00
14.0000      343.00
14.0200      352.00
14.0400      376.00
14.0600      358.00
14.0800      396.00
14.1000      415.00
14.1200      398.00
14.1400      453.00
14.1600      436.00
14.1800      428.00
14.2000      441.00
14.2200      406.00
14.2400      436.00
14.2600      409.00
14.2800      358.00
14.3000      349.00
14.3200      352.00
14.3400      323.00
14.3600      307.00
14.3800      311.00
14.4000      290.00
14.4200      311.00
14.4400      274.00
14.4600      297.00
14.4800      300.00
14.5000      290.00
14.5200      293.00
14.5400      304.00
14.5600      307.00
14.5800      277.00
14.6000      306.00
14.6200      322.00
14.6400      328.00
14.6600      344.00
14.6800      345.00
14.7000      308.00
14.7200      303.00
14.7400      322.00
14.7600      299.00
14.7800      333.00
14.8000      338.00
14.8200      321.00
14.8400      324.00
14.8600      337.00
14.8800      321.00
14.9000      347.00
14.9200      363.00
14.9400      394.00
14.9600      384.00
14.9800      400.00
15.0000      434.00
15.0200      503.00
15.0400      491.00
15.0600      545.00
15.0800      585.00
15.1000      653.00
15.1200      644.00
15.1400      685.00
15.1600      679.00
15.1800      666.00
15.2000      654.00
15.2200      690.00
15.2400      714.00
15.2600      659.00
15.2800      608.00
15.3000      606.00
15.3200      544.00
15.3400      529.00
15.3600      503.00
15.3800      495.00
15.4000      468.00
15.4200      434.00
15.4400      448.00
15.4600      422.00
15.4800      450.00
15.5000      471.00
15.5200      446.00
15.5400      393.00
15.5600      344.00
15.5800      368.00
15.6000      333.00
15.6200      316.00
15.6400      303.00
15.6600      285.00
15.6800      233.00
15.7000      272.00
15.7200      270.00
15.7400      254.00
15.7600      261.00
15.7800      282.00
15.8000      259.00
15.8200      263.00
15.8400      262.00
15.8600      261.00
15.8800      290.00
15.9000      241.00
15.9200      256.00
15.9400      215.00
15.9600      254.00
15.9800      274.00
16.0000      273.00
16.0200      278.00
16.0400      270.00
16.0600      254.00
16.0800      288.00
16.1000      282.00
16.1200      286.00
16.1400      286.00
16.1600      301.00
16.1800      338.00
16.2000      314.00
16.2200      293.00
16.2400      327.00
16.2600      369.00
16.2800      323.00
16.3000      346.00
16.3200      365.00
16.3400      321.00
16.3600      323.00
16.3800      322.00
16.4000      352.00
16.4200      312.00
16.4400      287.00
16.4600      309.00
16.4800      306.00
16.5000      290.00
16.5200      275.00
16.5400      239.00
16.5600      309.00
16.5800      258.00
16.6000      276.00
16.6200      283.00
16.6400      295.00
16.6600      251.00
16.6800      281.00
16.7000      268.00
16.7200      293.00
16.7400      297.00
16.7600      303.00
16.7800      325.00
16.8000      324.00
16.8200      327.00
16.8400      363.00
16.8600      360.00
16.8800      389.00
16.9000      395.00
16.9200      452.00
16.9400      517.00
16.9600      481.00
16.9800      487.00
17.0000      521.00
17.0200      490.00
17.0400      542.00
17.0600      543.00
17.0800      475.00
17.1000      550.00
17.1200      532.00
17.1400      507.00
17.1600      547.00
17.1800      597.00
17.2000      605.00
17.2200      650.00
17.2400      644.00
17.2600      763.00
17.2800      759.00
17.3000      901.00
17.3200      978.00
17.3400     1017.00
17.3600     1236.00
17.3800     1355.00
17.4000     1466.00
17.4200     1631.00
17.4400     1693.00
17.4600     1863.00
17.4800     1968.00
17.5000     2014.00
17.5200     2028.00
17.5400     2013.00
17.5600     1854.00
17.5800     1828.00
17.6000     1634.00
17.6200     1410.00
17.6400     1285.00
17.6600     1084.00
17.6800      948.00
17.7000      777.00
17.7200      684.00
17.7400      638.00
17.7600      577.00
17.7800      508.00
17.8000      591.00
17.8200      474.00
17.8400      500.00
17.8600      485.00
17.8800      483.00
17.9000      472.00
17.9200      496.00
17.9400      497.00
17.9600      513.00
17.9800      473.00
18.0000      529.00
18.0200      485.00
18.0400      501.00
18.0600      501.00
18.0800      521.00
18.1000      514.00
18.1200      583.00
18.1400      559.00
18.1600      614.00
18.1800      760.00
18.2000      717.00
18.2200      826.00
18.2400      920.00
18.2600     1032.00
18.2800     1214.00
18.3000     1321.00
18.3200     1383.00
18.3400     1529.00
18.3600     1644.00
18.3800     1750.00
18.4000     1811.00
18.4200     1783.00
18.4400     1743.00
18.4600     1681.00
18.4800     1619.00
18.5000     1505.00
18.5200     1390.00
18.5400     1189.00
18.5600      972.00
18.5800      864.00
18.6000      755.00
18.6200      690.00
18.6400      603.00
18.6600      546.00
18.6800      553.00
18.7000      524.00
18.7200      552.00
18.7400      551.00
18.7600      491.00
18.7800      510.00
18.8000      558.00
18.8200      549.00
18.8400      532.00
18.8600      539.00
18.8800      541.00
18.9000      517.00
18.9200      483.00
18.9400      481.00
18.9600      508.00
18.9800      467.00
19.0000      439.00
19.0200      439.00
19.0400      412.00
19.0600      417.00
19.0800      451.00
19.1000      475.00
19.1200      527.00
19.1400      470.00
19.1600      515.00
19.1800      517.00
19.2000      580.00
19.2200      618.00
19.2400      601.00
19.2600      610.00
19.2800      585.00
19.3000      554.00
19.3200      619.00
19.3400      566.00
19.3600      547.00
19.3800      493.00
19.4000      561.00
19.4200      486.00
19.4400      460.00
19.4600      407.00
19.4800      391.00
19.5000      378.00
19.5200      363.00
19.5400      309.00
19.5600      303.00
19.5800      318.00
19.6000      287.00
19.6200      301.00
19.6400      301.00
19.6600      306.00
19.6800      313.00
19.7000      317.00
19.7200      343.00
19.7400      336.00
19.7600      391.00
19.7800      380.00
19.8000      405.00
19.8200      437.00
19.8400      415.00
19.8600      454.00
19.8800      415.00
19.9000      410.00
19.9200      379.00
19.9400      439.00
19.9600      418.00
19.9800      399.00
20.0000      380.00
20.0200      348.00
20.0400      357.00
20.0600      358.00
20.0800      307.00
20.1000      319.00
20.1200      297.00
20.1400      316.00
20.1600      337.00
20.1800      344.00
20.2000      305.00
20.2200      350.00
20.2400      363.00
20.2600      410.00
20.2800      424.00
20.3000      447.00
20.3200      458.00
20.3400      488.00
20.3600      535.00
20.3800      581.00
20.4000      620.00
20.4200      608.00
20.4400      660.00
20.4600      659.00
20.4800      684.00
20.5000      646.00
20.5200      739.00
20.5400      645.00
20.5600      692.00
20.5800      603.00
20.6000      587.00
20.6200      531.00
20.6400      557.00
20.6600      509.00
20.6800      499.00
20.7000      452.00
20.7200      489.00
20.7400      543.00
20.7600      497.00
20.7800      510.00
20.8000      493.00
20.8200      498.00
20.8400      469.00
20.8600      484.00
20.8800      489.00
20.9000      540.00
20.9200      492.00
20.9400      529.00
20.9600      533.00
20.9800      495.00
21.0000      535.00
21.0200      525.00
21.0400      548.00
21.0600      508.00
21.0800      522.00
21.1000      544.00
21.1200      579.00
21.1400      664.00
21.1600      735.00
21.1800      746.00
21.2000      812.00
21.2200      825.00
21.2400      927.00
21.2600      963.00
21.2800      937.00
21.3000     1070.00
21.3200     1031.00
21.3400     1032.00
21.3600      971.00
21.3800      951.00
21.4000      956.00
21.4200      839.00
21.4400      779.00
21.4600      760.00
21.4800      700.00
21.5000      680.00
21.5200      677.00
21.5400      633.00
21.5600      626.00
21.5800      573.00
21.6000      577.00
21.6200      598.00
21.6400      573.00
21.6600      525.00
21.6800      547.00
21.7000      548.00
21.7200      530.00
21.7400      567.00
21.7600      521.00
21.7800      533.00
21.8000      528.00
21.8200      527.00
21.8400      562.00
21.8600      493.00
21.8800      521.00
21.9000      483.00
21.9200      513.00
21.9400      522.00
21.9600      537.00
21.9800      532.00
22.0000      479.00
22.0200      536.00
22.0400      592.00
22.0600      583.00
22.0800      646.00
22.1000      653.00
22.1200      693.00
22.1400      751.00
22.1600      789.00
22.1800      831.00
22.2000      879.00
22.2200      829.00
22.2400      810.00
22.2600      787.00
22.2800      848.00
22.3000      784.00
22.3200      786.00
22.3400      715.00
22.3600      625.00
22.3800      612.00
22.4000      550.00
22.4200      475.00
22.4400      435.00
22.4600      424.00
22.4800      402.00
22.5000      403.00
22.5200      363.00
22.5400      356.00
22.5600      354.00
22.5800      370.00
22.6000      383.00
22.6200      379.00
22.6400      378.00
22.6600      400.00
22.6800      431.00
22.7000      440.00
22.7200      526.00
22.7400      546.00
22.7600      612.00
22.7800      601.00
22.8000      655.00
22.8200      772.00
22.8400      732.00
22.8600      734.00
22.8800      815.00
22.9000      893.00
22.9200      898.00
22.9400      815.00
22.9600      815.00
22.9800      820.00
23.0000      824.00
23.0200      720.00
23.0400      765.00
23.0600      778.00
23.0800      638.00
23.1000      677.00
23.1200      640.00
23.1400      659.00
23.1600      610.00
23.1800      643.00
23.2000      616.00
23.2200      542.00
23.2400      560.00
23.2600      519.00
23.2800      502.00
23.3000      536.00
23.3200      469.00
23.3400      486.00
23.3600      463.00
23.3800      479.00
23.4000      447.00
23.4200      483.00
23.4400      478.00
23.4600      507.00
23.4800      481.00
23.5000      480.00
23.5200      476.00
23.5400      461.00
23.5600      518.00
23.5800      491.00
23.6000      517.00
23.6200      509.00
23.6400      506.00
23.6600      591.00
23.6800      568.00
23.7000      609.00
23.7200      671.00
23.7400      628.00
23.7600      707.00
23.7800      672.00
23.8000      687.00
23.8200      667.00
23.8400      631.00
23.8600      582.00
23.8800      607.00
23.9000      512.00
23.9200      556.00
23.9400      479.00
23.9600      507.00
23.9800      429.00
24.0000      409.00
24.0200      401.00
24.0400      381.00
24.0600      391.00
24.0800      364.00
24.1000      370.00
24.1200      382.00
24.1400      326.00
24.1600      335.00
24.1800      390.00
24.2000      414.00
24.2200      416.00
24.2400      448.00
24.2600      419.00
24.2800      473.00
24.3000      562.00
24.3200      623.00
24.3400      670.00
24.3600      725.00
24.3800      745.00
24.4000      823.00
24.4200      899.00
24.4400      942.00
24.4600      951.00
24.4800      976.00
24.5000     1011.00
24.5200      979.00
24.5400      983.00
24.5600      893.00
24.5800      873.00
24.6000      873.00
24.6200      780.00
24.6400      709.00
24.6600      631.00
24.6800      582.00
24.7000      535.00
24.7200      491.00
24.7400      430.00
24.7600      440.00
24.7800      403.00
24.8000      383.00
24.8200      354.00
24.8400      350.00
24.8600      395.00
24.8800      352.00
24.9000      374.00
24.9200      352.00
24.9400      383.00
24.9600      345.00
24.9800      413.00
25.0000      403.00
25.0200      424.00
25.0400      413.00
25.0600      425.00
25.0800      445.00
25.1000      419.00
25.1200      418.00
25.1400      399.00
25.1600      439.00
25.1800      426.00
25.2000      454.00
25.2200      456.00
25.2400      461.00
25.2600      462.00
25.2800      449.00
25.3000      517.00
25.3200      522.00
25.3400      565.00
25.3600      565.00
25.3800      600.00
25.4000      636.00
25.4200      734.00
25.4400      853.00
25.4600      859.00
25.4800      933.00
25.5000     1062.00
25.5200     1178.00
25.5400     1245.00
25.5600     1211.00
25.5800     1232.00
25.6000     1342.00
25.6200     1326.00
25.6400     1423.00
25.6600     1400.00
25.6800     1310.00
25.7000     1269.00
25.7200     1232.00
25.7400     1065.00
25.7600     1070.00
25.7800     1001.00
25.8000      933.00
25.8200      834.00
25.8400      750.00
25.8600      714.00
25.8800      740.00
25.9000      640.00
25.9200      641.00
25.9400      643.00
25.9600      682.00
25.9800      657.00
26.0000      658.00
26.0200      632.00
26.0400      696.00
26.0600      694.00
26.0800      676.00
26.1000      628.00
26.1200      637.00
26.1400      596.00
26.1600      636.00
26.1800      613.00
26.2000      573.00
26.2200      587.00
26.2400      625.00
26.2600      570.00
26.2800      563.00
26.3000      508.00
26.3200      534.00
26.3400      527.00
26.3600      439.00
26.3800      454.00
26.4000      400.00
26.4200      421.00
26.4400      395.00
26.4600      361.00
26.4800      349.00
26.5000      357.00
26.5200      330.00
26.5400      365.00
26.5600      342.00
26.5800      307.00
26.6000      299.00
26.6200      278.00
26.6400      272.00
26.6600      296.00
26.6800      295.00
26.7000      255.00
26.7200      250.00
26.7400      283.00
26.7600      287.00
26.7800      256.00
26.8000      282.00
26.8200      310.00
26.8400      283.00
26.8600      278.00
26.8800      301.00
26.9000      311.00
26.9200      327.00
26.9400      339.00
26.9600      328.00
26.9800      359.00
27.0000      381.00
27.0200      392.00
27.0400      369.00
27.0600      441.00
27.0800      375.00
27.1000      413.00
27.1200      496.00
27.1400      452.00
27.1600      465.00
27.1800      451.00
27.2000      535.00
27.2200      528.00
27.2400      532.00
27.2600      501.00
27.2800      551.00
27.3000      531.00
27.3200      514.00
27.3400      457.00
27.3600      480.00
27.3800      476.00
27.4000      426.00
27.4200      442.00
27.4400      436.00
27.4600      421.00
27.4800      439.00
27.5000      385.00
27.5200      408.00
27.5400      391.00
27.5600      420.00
27.5800      410.00
27.6000      460.00
27.6200      402.00
27.6400      443.00
27.6600      412.00
27.6800      388.00
27.7000      420.00
27.7200      376.00
27.7400      384.00
27.7600      362.00
27.7800      333.00
27.8000      325.00
27.8200      354.00
27.8400      353.00
27.8600      336.00
27.8800      343.00
27.9000      315.00
27.9200      311.00
27.9400      348.00
27.9600      332.00
27.9800      303.00
28.0000      312.00
28.0200      295.00
28.0400      323.00
28.0600      316.00
28.0800      324.00
28.1000      341.00
28.1200      315.00
28.1400      345.00
28.1600      301.00
28.1800      312.00
28.2000      327.00
28.2200      300.00
28.2400      320.00
28.2600      351.00
28.2800      337.00
28.3000      339.00
28.3200      334.00
28.3400      312.00
28.3600      294.00
28.3800      339.00
28.4000      280.00
28.4200      341.00
28.4400      324.00
28.4600      320.00
28.4800      317.00
28.5000      306.00
28.5200      302.00
28.5400      299.00
28.5600      312.00
28.5800      319.00
28.6000      361.00
28.6200      306.00
28.6400      320.00
28.6600      315.00
28.6800      336.00
28.7000      378.00
28.7200      359.00
28.7400      403.00
28.7600      395.00
28.7800      386.00
28.8000      404.00
28.8200      378.00
28.8400      403.00
28.8600      413.00
28.8800      401.00
28.9000      373.00
28.9200      379.00
28.9400      370.00
28.9600      368.00
28.9800      297.00
29.0000      317.00
29.0200      303.00
29.0400      313.00
29.0600      314.00
29.0800      289.00
29.1000      266.00
29.1200      256.00
29.1400      250.00
29.1600      248.00
29.1800      241.00
29.2000      246.00
29.2200      264.00
29.2400      266.00
29.2600      242.00
29.2800      257.00
29.3000      258.00
29.3200      281.00
29.3400      269.00
29.3600      260.00
29.3800      227.00
29.4000      260.00
29.4200      218.00
29.4400      280.00
29.4600      259.00
29.4800      230.00
29.5000      282.00
29.5200      262.00
29.5400      226.00
29.5600      252.00
29.5800      235.00
29.6000      252.00
29.6200      267.00
29.6400      232.00
29.6600      235.00
29.6800      259.00
29.7000      274.00
29.7200      261.00
29.7400      269.00
29.7600      283.00
29.7800      298.00
29.8000      286.00
29.8200      269.00
29.8400      290.00
29.8600      280.00
29.8800      306.00
29.9000      264.00
29.9200      274.00
29.9400      271.00
29.9600      251.00
29.9800      290.00
30.0000      253.00
30.0200      252.00
30.0400      249.00
30.0600      239.00
30.0800      204.00
30.1000      220.00
30.1200      232.00
30.1400      246.00
30.1600      251.00
30.1800      252.00
30.2000      236.00
30.2200      211.00
30.2400      262.00
30.2600      221.00
30.2800      256.00
30.3000      243.00
30.3200      256.00
30.3400      270.00
30.3600      280.00
30.3800      260.00
30.4000      272.00
30.4200      281.00
30.4400      301.00
30.4600      286.00
30.4800      330.00
30.5000      297.00
30.5200      349.00
30.5400      325.00
30.5600      338.00
30.5800      369.00
30.6000      312.00
30.6200      320.00
30.6400      328.00
30.6600      356.00
30.6800      348.00
30.7000      380.00
30.7200      326.00
30.7400      407.00
30.7600      351.00
30.7800      376.00
30.8000      339.00
30.8200      362.00
30.8400      380.00
30.8600      361.00
30.8800      387.00
30.9000      358.00
30.9200      402.00
30.9400      355.00
30.9600      376.00
30.9800      340.00
31.0000      354.00
31.0200      330.00
31.0400      301.00
31.0600      283.00
31.0800      322.00
31.1000      285.00
31.1200      275.00
31.1400      257.00
31.1600      292.00
31.1800      240.00
31.2000      261.00
31.2200      259.00
31.2400      256.00
31.2600      245.00
31.2800      248.00
31.3000      243.00
31.3200      237.00
31.3400      265.00
31.3600      229.00
31.3800      248.00
31.4000      254.00
31.4200      221.00
31.4400      236.00
31.4600      251.00
31.4800      240.00
31.5000      249.00
31.5200      249.00
31.5400      224.00
31.5600      238.00
31.5800      247.00
31.6000      282.00
31.6200      224.00
31.6400      248.00
31.6600      225.00
31.6800      234.00
31.7000      242.00
31.7200      255.00
31.7400      235.00
31.7600      263.00
31.7800      203.00
31.8000      243.00
31.8200      253.00
31.8400      259.00
31.8600      254.00
31.8800      270.00
31.9000      270.00
31.9200      244.00
31.9400      260.00
31.9600      304.00
31.9800      278.00
32.0000      282.00
32.0200      288.00
32.0400      266.00
32.0600      281.00
32.0800      298.00
32.1000      300.00
32.1200      274.00
32.1400      294.00
32.1600      265.00
32.1800      281.00
32.2000      275.00
32.2200      292.00
32.2400      282.00
32.2600      311.00
32.2800      283.00
32.3000      312.00
32.3200      297.00
32.3400      311.00
32.3600      268.00
32.3800      252.00
32.4000      278.00
32.4200      274.00
32.4400      308.00
32.4600      308.00
32.4800      298.00
32.5000      261.00
32.5200      260.00
32.5400      277.00
32.5600      306.00
32.5800      282.00
32.6000      327.00
32.6200      330.00
32.6400      309.00
32.6600      318.00
32.6800      308.00
32.7000      323.00
32.7200      323.00
32.7400      320.00
32.7600      330.00
32.7800      292.00
32.8000      299.00
32.8200      306.00
32.8400      273.00
32.8600      257.00
32.8800      296.00
32.9000      293.00
32.9200      265.00
32.9400      269.00
32.9600      254.00
32.9800      263.00
33.0000      257.00
33.0200      245.00
33.0400      252.00
33.0600      293.00
33.0800      294.00
33.1000      269.00
33.1200      244.00
33.1400      296.00
33.1600      292.00
33.1800      279.00
33.2000      265.00
33.2200      244.00
33.2400      264.00
33.2600      256.00
33.2800      255.00
33.3000      259.00
33.3200      202.00
33.3400      215.00
33.3600      208.00
33.3800      234.00
33.4000      221.00
33.4200      228.00
33.4400      202.00
33.4600      219.00
33.4800      192.00
33.5000      223.00
33.5200      200.00
33.5400      186.00
33.5600      214.00
33.5800      201.00
33.6000      189.00
33.6200      219.00
33.6400      238.00
33.6600      221.00
33.6800      214.00
33.7000      201.00
33.7200      238.00
33.7400      224.00
33.7600      231.00
33.7800      243.00
33.8000      242.00
33.8200      243.00
33.8400      267.00
33.8600      262.00
33.8800      224.00
33.9000      263.00
33.9200      270.00
33.9400      259.00
33.9600      274.00
33.9800      243.00
34.0000      272.00
34.0200      250.00
34.0400      270.00
34.0600      244.00
34.0800      260.00
34.1000      247.00
34.1200      268.00
34.1400      273.00
34.1600      259.00
34.1800      268.00
34.2000      292.00
34.2200      271.00
34.2400      296.00
34.2600      285.00
34.2800      308.00
34.3000      318.00
34.3200      295.00
34.3400      323.00
34.3600      312.00
34.3800      313.00
34.4000      311.00
34.4200      318.00
34.4400      295.00
34.4600      293.00
34.4800      289.00
34.5000      275.00
34.5200      325.00
34.5400      259.00
34.5600      276.00
34.5800      213.00
34.6000      228.00
34.6200      247.00
34.6400      241.00
34.6600      236.00
34.6800      217.00
34.7000      215.00
34.7200      226.00
34.7400      243.00
34.7600      227.00
34.7800      222.00
34.8000      202.00
34.8200      227.00
34.8400      238.00
34.8600      215.00
34.8800      243.00
34.9000      234.00
34.9200      241.00
34.9400      219.00
34.9600      239.00
34.9800      240.00
35.0000      188.00
