 2.2000      281.00
 2.2200      303.00
 2.2400      307.00
 2.2600      288.00
 2.2800      324.00
 2.3000      287.00
 2.3200      270.00
 2.3400      280.00
 2.3600      288.00
 2.3800      279.00
 2.4000      291.00
 2.4200      298.00
 2.4400      268.00
 2.4600      264.00
 2.4800      247.00
 2.5000      301.00
 2.5200      246.00
 2.5400      255.00
 2.5600      264.00
 2.5800      257.00
 2.6000      312.00
 2.6200      285.00
 2.6400      243.00
 2.6600      284.00
 2.6800      280.00
 2.7000      247.00
 2.7200      274.00
 2.7400      270.00
 2.7600      268.00
 2.7800      261.00
 2.8000      258.00
 2.8200      241.00
 2.8400      260.00
 2.8600      266.00
 2.8800      279.00
 2.9000      268.00
 2.9200      269.00
 2.9400      230.00
 2.9600      251.00
 2.9800      250.00
 3.0000      253.00
 3.0200      243.00
 3.0400      220.00
 3.0600      235.00
 3.0800      240.00
 3.1000      239.00
 3.1200      244.00
 3.1400      262.00
 3.1600      248.00
 3.1800      263.00
 3.2000      258.00
 3.2200      223.00
 3.2400      240.00
 3.2600      208.00
 3.2800      248.00
 3.3000      233.00
 3.3200      221.00
 3.3400      226.00
 3.3600      232.00
 3.3800      206.00
 3.4000      215.00
 3.4200      212.00
 3.4400      212.00
 3.4600      184.00
 3.4800      181.00
 3.5000      203.00
 3.5200      193.00
 3.5400      214.00
 3.5600      213.00
 3.5800      219.00
 3.6000      204.00
 3.6200      203.00
 3.6400      209.00
 3.6600      239.00
 3.6800      229.00
 3.7000      224.00
 3.7200      204.00
 3.7400      217.00
 3.7600      205.00
 3.7800      207.00
 3.8000      205.00
 3.8200      223.00
 3.8400      201.00
 3.8600      192.00
 3.8800      204.00
 3.9000      189.00
 3.9200      204.00
 3.9400      204.00
 3.9600      212.00
 3.9800      213.00
 4.0000      226.00
 4.0200      208.00
 4.0400      256.00
 4.0600      233.00
 4.0800      221.00
 4.1000      270.00
 4.1200      243.00
 4.1400      245.00
 4.1600      260.00
 4.1800      244.00
 4.2000      243.00
 4.2200      282.00
 4.2400      284.00
 4.2600      276.00
 4.2800      296.00
 4.3000      237.00
 4.3200      263.00
 4.3400      229.00
 4.3600      223.00
 4.3800      215.00
 4.4000      207.00
 4.4200      192.00
 4.4400      182.00
 4.4600      172.00
 4.4800      158.00
 4.5000      145.00
 4.5200      179.00
 4.5400      174.00
 4.5600      175.00
 4.5800      150.00
 4.6000      189.00
 4.6200      154.00
 4.6400      149.00
 4.6600      171.00
 4.6800      144.00
 4.7000      166.00
 4.7200      162.00
 4.7400      138.00
 4.7600      167.00
 4.7800      132.00
 4.8000      139.00
 4.8200      155.00
 4.8400      187.00
 4.8600      157.00
 4.8800      153.00
 4.9000      153.00
 4.9200      154.00
 4.9400      147.00
 4.9600      167.00
 4.9800      149.00
 5.0000      150.00
 5.0200      141.00
 5.0400      166.00
 5.0600      126.00
 5.0800      165.00
 5.1000      133.00
 5.1200      167.00
 5.1400      139.00
 5.1600      180.00
 5.1800      149.00
 5.2000      154.00
 5.2200      153.00
 5.2400      159.00
 5.2600      140.00
 5.2800      156.00
 5.3000      153.00
 5.3200      141.00
 5.3400      133.00
 5.3600      162.00
 5.3800      162.00
 5.4000      132.00
 5.4200      153.00
 5.4400      155.00
 5.4600      135.00
 5.4800      148.00
 5.5000      175.00
 5.5200      161.00
 5.5400      153.00
 5.5600      148.00
 5.5800      144.00
 5.6000      155.00
 5.6200      158.00
 5.6400      143.00
 5.6600      144.00
 5.6800      149.00
 5.7000      182.00
 5.7200      154.00
 5.7400      141.00
 5.7600      153.00
 5.7800      143.00
 5.8000      138.00
 5.8200      167.00
 5.8400      148.00
 5.8600      159.00
 5.8800      153.00
 5.9000      133.00
 5.9200      141.00
 5.9400      150.00
 5.9600      161.00
 5.9800      156.00
 6.0000      136.00
 6.0200      149.00
 6.0400      173.00
 6.0600      145.00
 6.0800      162.00
 6.1000      182.00
 6.1200      173.00
 6.1400      160.00
 6.1600      132.00
 6.1800      149.00
 6.2000      152.00
 6.2200      150.00
 6.2400      150.00
 6.2600      140.00
 6.2800      139.00
 6.3000      143.00
 6.3200      155.00
 6.3400      169.00
 6.3600      152.00
 6.3800      158.00
 6.4000      147.00
 6.4200      157.00
 6.4400      155.00
 6.4600      183.00
 6.4800      150.00
 6.5000      178.00
 6.5200      166.00
 6.5400      173.00
 6.5600      175.00
 6.5800      152.00
 6.6000      154.00
 6.6200      154.00
 6.6400      175.00
 6.6600      156.00
 6.6800      147.00
 6.7000      193.00
 6.7200      150.00
 6.7400      152.00
 6.7600      176.00
 6.7800      160.00
 6.8000      165.00
 6.8200      155.00
 6.8400      166.00
 6.8600      168.00
 6.8800      173.00
 6.9000      157.00
 6.9200      159.00
 6.9400      156.00
 6.9600      185.00
 6.9800      171.00
 7.0000      170.00
 7.0200      172.00
 7.0400      167.00
 7.0600      174.00
 7.0800      161.00
 7.1000      166.00
 7.1200      191.00
 7.1400      193.00
 7.1600      202.00
 7.1800      199.00
 7.2000      169.00
 7.2200      200.00
 7.2400      173.00
 7.2600      211.00
 7.2800      201.00
 7.3000      199.00
 7.3200      232.00
 7.3400      200.00
 7.3600      213.00
 7.3800      212.00
 7.4000      204.00
 7.4200      231.00
 7.4400      212.00
 7.4600      258.00
 7.4800      266.00
 7.5000      273.00
 7.5200      286.00
 7.5400      269.00
 7.5600      324.00
 7.5800      316.00
 7.6000      323.00
 7.6200      348.00
 7.6400      339.00
 7.6600      412.00
 7.6800      411.00
 7.7000      455.00
 7.7200      472.00
 7.7400      453.00
 7.7600      492.00
 7.7800      495.00
 7.8000      588.00
 7.8200      650.00
 7.8400      675.00
 7.8600      697.00
 7.8800      860.00
 7.9000      878.00
 7.9200      913.00
 7.9400      950.00
 7.9600     1017.00
 7.9800      991.00
 8.0000     1077.00
 8.0200     1038.00
 8.0400     1022.00
 8.0600      915.00
 8.0800      893.00
 8.1000      773.00
 8.1200      644.00
 8.1400      540.00
 8.1600      415.00
 8.1800      338.00
 8.2000      315.00
 8.2200      257.00
 8.2400      223.00
 8.2600      217.00
 8.2800      251.00
 8.3000      233.00
 8.3200      269.00
 8.3400      225.00
 8.3600      269.00
 8.3800      280.00
 8.4000      223.00
 8.4200      269.00
 8.4400      273.00
 8.4600      252.00
 8.4800      241.00
 8.5000      228.00
 8.5200      234.00
 8.5400      242.00
 8.5600      259.00
 8.5800      233.00
 8.6000      205.00
 8.6200      229.00
 8.6400      245.00
 8.6600      237.00
 8.6800      238.00
 8.7000      215.00
 8.7200      226.00
 8.7400      243.00
 8.7600      232.00
 8.7800      228.00
 8.8000      234.00
 8.8200      231.00
 8.8400      231.00
 8.8600      206.00
 8.8800      207.00
 8.9000      254.00
 8.9200      219.00
 8.9400      220.00
 8.9600      213.00
 8.9800      184.00
 9.0000      237.00
 9.0200      217.00
 9.0400      212.00
 9.0600      203.00
 9.0800      233.00
 9.1000      198.00
 9.1200      226.00
 9.1400      220.00
 9.1600      208.00
 9.1800      206.00
 9.2000      229.00
 9.2200      196.00
 9.2400      211.00
 9.2600      229.00
 9.2800      221.00
 9.3000      201.00
 9.3200      240.00
 9.3400      193.00
 9.3600      194.00
 9.3800      245.00
 9.4000      242.00
 9.4200      207.00
 9.4400      226.00
 9.4600      174.00
 9.4800      228.00
 9.5000      201.00
 9.5200      219.00
 9.5400      237.00
 9.5600      222.00
 9.5800      218.00
 9.6000      211.00
 9.6200      223.00
 9.6400      246.00
 9.6600      233.00
 9.6800      221.00
 9.7000      221.00
 9.7200      216.00
 9.7400      227.00
 9.7600      182.00
 9.7800      200.00
 9.8000      208.00
 9.8200      179.00
 9.8400      215.00
 9.8600      211.00
 9.8800      181.00
 9.9000      228.00
 9.9200      252.00
 9.9400      225.00
 9.9600      244.00
 9.9800      234.00
10.0000      220.00
10.0200      204.00
10.0400      200.00
10.0600      198.00
10.0800      212.00
10.1000      230.00
10.1200      248.00
10.1400      269.00
10.1600      229.00
10.1800      204.00
10.2000      227.00
10.2200      222.00
10.2400      228.00
10.2600      241.00
10.2800      216.00
10.3000      242.00
10.3200      247.00
10.3400      253.00
10.3600      250.00
10.3800      251.00
10.4000      253.00
10.4200      264.00
10.4400      243.00
10.4600      250.00
10.4800      261.00
10.5000      239.00
10.5200      279.00
10.5400      287.00
10.5600      303.00
10.5800      287.00
10.6000      303.00
10.6200      313.00
10.6400      317.00
10.6600      350.00
10.6800      322.00
10.7000      317.00
10.7200      336.00
10.7400      324.00
10.7600      265.00
10.7800      286.00
10.8000      248.00
10.8200      248.00
10.8400      226.00
10.8600      235.00
10.8800      222.00
10.9000      253.00
10.9200      261.00
10.9400      236.00
10.9600      240.00
10.9800      255.00
11.0000      253.00
11.0200      237.00
11.0400      233.00
11.0600      253.00
11.0800      223.00
11.1000      231.00
11.1200      238.00
11.1400      274.00
11.1600      249.00
11.1800      263.00
11.2000      223.00
11.2200      218.00
11.2400      250.00
11.2600      240.00
11.2800      257.00
11.3000      227.00
11.3200      235.00
11.3400      222.00
11.3600      215.00
11.3800      231.00
11.4000      210.00
11.4200      221.00
11.4400      212.00
11.4600      201.00
11.4800      223.00
11.5000      203.00
11.5200      209.00
11.5400      222.00
11.5600      209.00
11.5800      241.00
11.6000      240.00
11.6200      227.00
11.6400      215.00
11.6600      227.00
11.6800      210.00
11.7000      233.00
11.7200      192.00
11.7400      239.00
11.7600      212.00
11.7800      240.00
11.8000      243.00
11.8200      227.00
11.8400      255.00
11.8600      228.00
11.8800      249.00
11.9000      242.00
11.9200      245.00
11.9400      256.00
11.9600      237.00
11.9800      254.00
12.0000      254.00
12.0200      257.00
12.0400      258.00
12.0600      280.00
12.0800      264.00
12.1000      278.00
12.1200      263.00
12.1400      284.00
12.1600      296.00
12.1800      283.00
12.2000      295.00
12.2200      276.00
12.2400      289.00
12.2600      332.00
12.2800      361.00
12.3000      361.00
12.3200      382.00
12.3400      364.00
12.3600      440.00
12.3800      413.00
12.4000      387.00
12.4200      420.00
12.4400      393.00
12.4600      402.00
12.4800      398.00
12.5000      398.00
12.5200      386.00
12.5400      446.00
12.5600      396.00
12.5800      419.00
12.6000      412.00
12.6200      443.00
12.6400      438.00
12.6600      421.00
12.6800      446.00
12.7000      388.00
12.7200      398.00
12.7400      425.00
12.7600      397.00
12.7800      454.00
12.8000      436.00
12.8200      422.00
12.8400      338.00
12.8600      371.00
12.8800      381.00
12.9000      395.00
12.9200      382.00
12.9400      394.00
12.9600      390.00
12.9800      374.00
13.0000      392.00
13.0200      446.00
13.0400      500.00
13.0600      544.00
13.0800      532.00
13.1000      638.00
13.1200      645.00
13.1400      793.00
13.1600      795.00
13.1800      817.00
13.2000      863.00
13.2200      875.00
13.2400      840.00
13.2600      873.00
13.2800      812.00
13.3000      830.00
13.3200      780.00
13.3400      721.00
13.3600      645.00
13.3800      582.00
13.4000      502.00
13.4200      454.00
13.4400      378.00
13.4600      333.00
13.4800      338.00
13.5000      284.00
13.5200      265.00
13.5400      273.00
13.5600      278.00
13.5800      281.00
13.6000      276.00
13.6200      315.00
13.6400      297.00
13.6600      325.00
13.6800      311.00
13.7000      300.00
13.7200      286.00
13.7400      300.00
13.7600      308.00
13.7800      279.00
13.8000      291.00
13.8200      326.00
13.8400      319.00
13.8600      357.00
13.8800      389.00
13.9000      363.00
13.9200      411.00
13.9400      435.00
13.9600      508.00
13.9800      504.00
14.0000      502.00
14.0200      575.00
14.0400      569.00
14.0600      585.00
14.0800      604.00
14.1000      621.00
14.1200      650.00
14.1400      655.00
14.1600      664.00
14.1800      703.00
14.2000      738.00
14.2200      786.00
14.2400      926.00
14.2600     1015.00
14.2800     1251.00
14.3000     1533.00
14.3200     1823.00
14.3400     2213.00
14.3600     2690.00
14.3800     3183.00
14.4000     3662.00
14.4200     4209.00
14.4400     4729.00
14.4600     5080.00
14.4800     5281.00
14.5000     5577.00
14.5200     5607.00
14.5400     5424.00
14.5600     5043.00
14.5800     4510.00
14.6000     3922.00
14.6200     3217.00
14.6400     2614.00
14.6600     1853.00
14.6800     1333.00
14.7000      913.00
14.7200      696.00
14.7400      559.00
14.7600      524.00
14.7800      468.00
14.8000      434.00
14.8200      492.00
14.8400      432.00
14.8600      491.00
14.8800      459.00
14.9000      461.00
14.9200      496.00
14.9400      476.00
14.9600      452.00
14.9800      463.00
15.0000      450.00
15.0200      472.00
15.0400      425.00
15.0600      435.00
15.0800      384.00
15.1000      396.00
15.1200      413.00
15.1400      422.00
15.1600      425.00
15.1800      462.00
15.2000      519.00
15.2200      524.00
15.2400      564.00
15.2600      598.00
15.2800      689.00
15.3000      696.00
15.3200      687.00
15.3400      792.00
15.3600      841.00
15.3800      789.00
15.4000      836.00
15.4200      841.00
15.4400      776.00
15.4600      802.00
15.4800      764.00
15.5000      699.00
15.5200      680.00
15.5400      589.00
15.5600      527.00
15.5800      516.00
15.6000      497.00
15.6200      475.00
15.6400      468.00
15.6600      477.00
15.6800      466.00
15.7000      503.00
15.7200      512.00
15.7400      603.00
15.7600      729.00
15.7800      757.00
15.8000      878.00
15.8200     1021.00
15.8400     1187.00
15.8600     1363.00
15.8800     1557.00
15.9000     1699.00
15.9200     1959.00
15.9400     2107.00
15.9600     2215.00
15.9800     2243.00
16.0000     2177.00
16.0200     2119.00
16.0400     2024.00
16.0600     1699.00
16.0800     1541.00
16.1000     1288.00
16.1200     1041.00
16.1400      811.00
16.1600      678.00
16.1800      541.00
16.2000      426.00
16.2200      429.00
16.2400      392.00
16.2600      408.00
16.2800      378.00
16.3000      393.00
16.3200      418.00
16.3400      397.00
16.3600      443.00
16.3800      400.00
16.4000      430.00
16.4200      433.00
16.4400      524.00
16.4600      547.00
16.4800      554.00
16.5000      616.00
16.5200      642.00
16.5400      692.00
16.5600      811.00
16.5800      929.00
16.6000     1129.00
16.6200     1315.00
16.6400     1522.00
16.6600     1812.00
16.6800     2170.00
16.7000     2864.00
16.7200     3454.00
16.7400     3898.00
16.7600     4323.00
16.7800     4843.00
16.8000     5214.00
16.8200     5443.00
16.8400     5369.00
16.8600     5443.00
16.8800     5189.00
16.9000     4804.00
16.9200     4231.00
16.9400     3656.00
16.9600     2950.00
16.9800     2412.00
17.0000     1775.00
17.0200     1239.00
17.0400      976.00
17.0600      706.00
17.0800      592.00
17.1000      540.00
17.1200      492.00
17.1400      456.00
17.1600      496.00
17.1800      431.00
17.2000      482.00
17.2200      433.00
17.2400      477.00
17.2600      470.00
17.2800      448.00
17.3000      416.00
17.3200      449.00
17.3400      450.00
17.3600      426.00
17.3800      406.00
17.4000      394.00
17.4200      417.00
17.4400      412.00
17.4600      363.00
17.4800      361.00
17.5000      392.00
17.5200      343.00
17.5400      348.00
17.5600      370.00
17.5800      387.00
17.6000      359.00
17.6200      328.00
17.6400      349.00
17.6600      323.00
17.6800      319.00
17.7000      331.00
17.7200      318.00
17.7400      302.00
17.7600      325.00
17.7800      333.00
17.8000      356.00
17.8200      324.00
17.8400      363.00
17.8600      335.00
17.8800      303.00
17.9000      339.00
17.9200      385.00
17.9400      333.00
17.9600      355.00
17.9800      342.00
18.0000      349.00
18.0200      387.00
18.0400      373.00
18.0600      370.00
18.0800      395.00
18.1000      411.00
18.1200      381.00
18.1400      380.00
18.1600      370.00
18.1800      394.00
18.2000      360.00
18.2200      419.00
18.2400      424.00
18.2600      374.00
18.2800      444.00
18.3000      377.00
18.3200      422.00
18.3400      413.00
18.3600      426.00
18.3800      452.00
18.4000      444.00
18.4200      422.00
18.4400      525.00
18.4600      484.00
18.4800      494.00
18.5000      537.00
18.5200      545.00
18.5400      600.00
18.5600      634.00
18.5800      721.00
18.6000      708.00
18.6200      746.00
18.6400      763.00
18.6600      776.00
18.6800      815.00
18.7000      810.00
18.7200      797.00
18.7400      742.00
18.7600      738.00
18.7800      637.00
18.8000      596.00
18.8200      518.00
18.8400      479.00
18.8600      407.00
18.8800      383.00
18.9000      354.00
18.9200      338.00
18.9400      365.00
18.9600      291.00
18.9800      282.00
19.0000      277.00
19.0200      303.00
19.0400      268.00
19.0600      279.00
19.0800      263.00
19.1000      295.00
19.1200      237.00
19.1400      284.00
19.1600      286.00
19.1800      255.00
19.2000      244.00
19.2200      244.00
19.2400      242.00
19.2600      216.00
19.2800      241.00
19.3000      237.00
19.3200      254.00
19.3400      270.00
19.3600      241.00
19.3800      262.00
19.4000      243.00
19.4200      230.00
19.4400      261.00
19.4600      251.00
19.4800      246.00
19.5000      254.00
19.5200      269.00
19.5400      252.00
19.5600      258.00
19.5800      286.00
19.6000      259.00
19.6200      256.00
19.6400      281.00
19.6600      299.00
19.6800      295.00
19.7000      303.00
19.7200      301.00
19.7400      299.00
19.7600      326.00
19.7800      305.00
19.8000      308.00
19.8200      305.00
19.8400      320.00
19.8600      312.00
19.8800      305.00
19.9000      306.00
19.9200      322.00
19.9400      326.00
19.9600      269.00
19.9800      271.00
20.0000      296.00
20.0200      301.00
20.0400      294.00
20.0600      300.00
20.0800      327.00
20.1000      316.00
20.1200      300.00
20.1400      300.00
20.1600      313.00
20.1800      314.00
20.2000      308.00
20.2200      322.00
20.2400      308.00
20.2600      308.00
20.2800      338.00
20.3000      340.00
20.3200      318.00
20.3400      352.00
20.3600      370.00
20.3800      404.00
20.4000      405.00
20.4200      494.00
20.4400      546.00
20.4600      604.00
20.4800      589.00
20.5000      628.00
20.5200      721.00
20.5400      751.00
20.5600      757.00
20.5800      775.00
20.6000      726.00
20.6200      691.00
20.6400      636.00
20.6600      592.00
20.6800      533.00
20.7000      495.00
20.7200      404.00
20.7400      423.00
20.7600      364.00
20.7800      405.00
20.8000      412.00
20.8200      466.00
20.8400      476.00
20.8600      584.00
20.8800      613.00
20.9000      748.00
20.9200      744.00
20.9400      813.00
20.9600      837.00
20.9800      843.00
21.0000      935.00
21.0200      837.00
21.0400      786.00
21.0600      751.00
21.0800      733.00
21.1000      625.00
21.1200      586.00
21.1400      495.00
21.1600      457.00
21.1800      468.00
21.2000      433.00
21.2200      430.00
21.2400      417.00
21.2600      435.00
21.2800      467.00
21.3000      485.00
21.3200      548.00
21.3400      598.00
21.3600      605.00
21.3800      666.00
21.4000      709.00
21.4200      831.00
21.4400      801.00
21.4600      837.00
21.4800      857.00
21.5000      862.00
21.5200      990.00
21.5400      941.00
21.5600     1009.00
21.5800     1060.00
21.6000     1096.00
21.6200     1219.00
21.6400     1289.00
21.6600     1500.00
21.6800     1786.00
21.7000     1982.00
21.7200     2434.00
21.7400     2773.00
21.7600     3340.00
21.7800     3858.00
21.8000     4303.00
21.8200     4793.00
21.8400     5322.00
21.8600     5483.00
21.8800     5811.00
21.9000     5754.00
21.9200     5550.00
21.9400     5243.00
21.9600     4842.00
21.9800     4281.00
22.0000     3615.00
22.0200     2989.00
22.0400     2448.00
22.0600     1996.00
22.0800     1542.00
22.1000     1245.00
22.1200      968.00
22.1400      848.00
22.1600      739.00
22.1800      802.00
22.2000      741.00
22.2200      859.00
22.2400      836.00
22.2600      944.00
22.2800      968.00
22.3000      991.00
22.3200     1064.00
22.3400      988.00
22.3600     1029.00
22.3800     1069.00
22.4000      968.00
22.4200      919.00
22.4400      933.00
22.4600      814.00
22.4800      831.00
22.5000      747.00
22.5200      674.00
22.5400      707.00
22.5600      609.00
22.5800      621.00
22.6000      554.00
22.6200      574.00
22.6400      461.00
22.6600      396.00
22.6800      450.00
22.7000      383.00
22.7200      379.00
22.7400      351.00
22.7600      343.00
22.7800      333.00
22.8000      336.00
22.8200      317.00
22.8400      332.00
22.8600      315.00
22.8800      355.00
22.9000      371.00
22.9200      352.00
22.9400      335.00
22.9600      419.00
22.9800      372.00
23.0000      394.00
23.0200      416.00
23.0400      470.00
23.0600      390.00
23.0800      383.00
23.1000      383.00
23.1200      397.00
23.1400      361.00
23.1600      365.00
23.1800      316.00
23.2000      334.00
23.2200      318.00
23.2400      286.00
23.2600      280.00
23.2800      261.00
23.3000      278.00
23.3200      244.00
23.3400      255.00
23.3600      285.00
23.3800      208.00
23.4000      263.00
23.4200      310.00
23.4400      255.00
23.4600      257.00
23.4800      282.00
23.5000      297.00
23.5200      294.00
23.5400      324.00
23.5600      305.00
23.5800      343.00
23.6000      346.00
23.6200      382.00
23.6400      369.00
23.6600      369.00
23.6800      417.00
23.7000      362.00
23.7200      367.00
23.7400      372.00
23.7600      373.00
23.7800      327.00
23.8000      317.00
23.8200      347.00
23.8400      343.00
23.8600      322.00
23.8800      377.00
23.9000      351.00
23.9200      353.00
23.9400      420.00
23.9600      396.00
23.9800      486.00
24.0000      451.00
24.0200      513.00
24.0400      496.00
24.0600      543.00
24.0800      514.00
24.1000      553.00
24.1200      527.00
24.1400      569.00
24.1600      588.00
24.1800      514.00
24.2000      556.00
24.2200      503.00
24.2400      549.00
24.2600      528.00
24.2800      450.00
24.3000      457.00
24.3200      413.00
24.3400      379.00
24.3600      378.00
24.3800      368.00
24.4000      348.00
24.4200      324.00
24.4400      313.00
24.4600      318.00
24.4800      320.00
24.5000      322.00
24.5200      357.00
24.5400      366.00
24.5600      410.00
24.5800      397.00
24.6000      456.00
24.6200      462.00
24.6400      484.00
24.6600      533.00
24.6800      532.00
24.7000      515.00
24.7200      548.00
24.7400      537.00
24.7600      467.00
24.7800      487.00
24.8000      499.00
24.8200      475.00
24.8400      422.00
24.8600      380.00
24.8800      400.00
24.9000      351.00
24.9200      355.00
24.9400      369.00
24.9600      387.00
24.9800      368.00
25.0000      332.00
25.0200      327.00
25.0400      325.00
25.0600      310.00
25.0800      332.00
25.1000      364.00
25.1200      380.00
25.1400      366.00
25.1600      472.00
25.1800      535.00
25.2000      579.00
25.2200      676.00
25.2400      805.00
25.2600      923.00
25.2800     1040.00
25.3000     1162.00
25.3200     1212.00
25.3400     1339.00
25.3600     1499.00
25.3800     1392.00
25.4000     1472.00
25.4200     1420.00
25.4400     1280.00
25.4600     1289.00
25.4800     1144.00
25.5000     1039.00
25.5200      920.00
25.5400      792.00
25.5600      617.00
25.5800      583.00
25.6000      476.00
25.6200      420.00
25.6400      380.00
25.6600      363.00
25.6800      330.00
25.7000      279.00
25.7200      263.00
25.7400      248.00
25.7600      270.00
25.7800      297.00
25.8000      293.00
25.8200      266.00
25.8400      253.00
25.8600      246.00
25.8800      247.00
25.9000      245.00
25.9200      241.00
25.9400      232.00
25.9600      208.00
25.9800      252.00
26.0000      261.00
26.0200      224.00
26.0400      248.00
26.0600      281.00
26.0800      250.00
26.1000      262.00
26.1200      247.00
26.1400      246.00
26.1600      249.00
26.1800      205.00
26.2000      272.00
26.2200      286.00
26.2400      278.00
26.2600      316.00
26.2800      322.00
26.3000      321.00
26.3200      379.00
26.3400      391.00
26.3600      412.00
26.3800      413.00
26.4000      459.00
26.4200      490.00
26.4400      534.00
26.4600      597.00
26.4800      532.00
26.5000      545.00
26.5200      525.00
26.5400      526.00
26.5600      448.00
26.5800      433.00
26.6000      419.00
26.6200      379.00
26.6400      362.00
26.6600      320.00
26.6800      367.00
26.7000      315.00
26.7200      370.00
26.7400      333.00
26.7600      334.00
26.7800      347.00
26.8000      310.00
26.8200      318.00
26.8400      337.00
26.8600      344.00
26.8800      369.00
26.9000      352.00
26.9200      388.00
26.9400      358.00
26.9600      405.00
26.9800      433.00
27.0000      450.00
27.0200      446.00
27.0400      416.00
27.0600      408.00
27.0800      404.00
27.1000      364.00
27.1200      364.00
27.1400      305.00
27.1600      294.00
27.1800      259.00
27.2000      257.00
27.2200      250.00
27.2400      263.00
27.2600      281.00
27.2800      259.00
27.3000      249.00
27.3200      291.00
27.3400      222.00
27.3600      255.00
27.3800      267.00
27.4000      263.00
27.4200      280.00
27.4400      301.00
27.4600      292.00
27.4800      322.00
27.5000      293.00
27.5200      311.00
27.5400      342.00
27.5600      319.00
27.5800      305.00
27.6000      303.00
27.6200      331.00
27.6400      348.00
27.6600      317.00
27.6800      351.00
27.7000      314.00
27.7200      349.00
27.7400      347.00
27.7600      342.00
27.7800      287.00
27.8000      336.00
27.8200      307.00
27.8400      297.00
27.8600      340.00
27.8800      279.00
27.9000      342.00
27.9200      318.00
27.9400      298.00
27.9600      272.00
27.9800      263.00
28.0000      253.00
28.0200      245.00
28.0400      258.00
28.0600      260.00
28.0800      223.00
28.1000      233.00
28.1200      249.00
28.1400      258.00
28.1600      290.00
28.1800      326.00
28.2000      348.00
28.2200      304.00
28.2400      323.00
28.2600      315.00
28.2800      361.00
28.3000      357.00
28.3200      349.00
28.3400      339.00
28.3600      337.00
28.3800      334.00
28.4000      330.00
28.4200      317.00
28.4400      292.00
28.4600      316.00
28.4800      330.00
28.5000      282.00
28.5200      325.00
28.5400      350.00
28.5600      338.00
28.5800      353.00
28.6000      334.00
28.6200      368.00
28.6400      391.00
28.6600      387.00
28.6800      379.00
28.7000      333.00
28.7200      317.00
28.7400      341.00
28.7600      345.00
28.7800      318.00
28.8000      263.00
28.8200      293.00
28.8400      259.00
28.8600      261.00
28.8800      282.00
28.9000      298.00
28.9200      301.00
28.9400      336.00
28.9600      379.00
28.9800      420.00
29.0000      465.00
29.0200      536.00
29.0400      561.00
29.0600      685.00
29.0800      725.00
29.1000      807.00
29.1200      865.00
29.1400      863.00
29.1600      881.00
29.1800      915.00
29.2000      917.00
29.2200      829.00
29.2400      727.00
29.2600      650.00
29.2800      582.00
29.3000      502.00
29.3200      465.00
29.3400      364.00
29.3600      359.00
29.3800      301.00
29.4000      317.00
29.4200      303.00
29.4400      282.00
29.4600      280.00
29.4800      277.00
29.5000      331.00
29.5200      319.00
29.5400      342.00
29.5600      364.00
29.5800      377.00
29.6000      380.00
29.6200      475.00
29.6400      410.00
29.6600      427.00
29.6800      424.00
29.7000      420.00
29.7200      347.00
29.7400      368.00
29.7600      385.00
29.7800      352.00
29.8000      350.00
29.8200      304.00
29.8400      313.00
29.8600      320.00
29.8800      309.00
29.9000      285.00
29.9200      247.00
29.9400      313.00
29.9600      316.00
29.9800      335.00
30.0000      344.00
30.0200      388.00
30.0400      382.00
30.0600      389.00
30.0800      417.00
30.1000      438.00
30.1200      450.00
30.1400      432.00
30.1600      428.00
30.1800      389.00
30.2000      379.00
30.2200      378.00
30.2400      326.00
30.2600      282.00
30.2800      283.00
30.3000      258.00
30.3200      259.00
30.3400      209.00
30.3600      217.00
30.3800      263.00
30.4000      225.00
30.4200      272.00
30.4400      296.00
30.4600      293.00
30.4800      275.00
30.5000      324.00
30.5200      345.00
30.5400      328.00
30.5600      381.00
30.5800      393.00
30.6000      409.00
30.6200      419.00
30.6400      477.00
30.6600      467.00
30.6800      502.00
30.7000      442.00
30.7200      512.00
30.7400      456.00
30.7600      446.00
30.7800      415.00
30.8000      395.00
30.8200      355.00
30.8400      364.00
30.8600      304.00
30.8800      318.00
30.9000      281.00
30.9200      220.00
30.9400      240.00
30.9600      228.00
30.9800      216.00
31.0000      218.00
31.0200      229.00
31.0400      229.00
31.0600      226.00
31.0800      223.00
31.1000      243.00
31.1200      244.00
31.1400      269.00
31.1600      249.00
31.1800      261.00
31.2000      237.00
31.2200      241.00
31.2400      244.00
31.2600      231.00
31.2800      231.00
31.3000      197.00
31.3200      215.00
31.3400      222.00
31.3600      196.00
31.3800      190.00
31.4000      222.00
31.4200      245.00
31.4400      187.00
31.4600      221.00
31.4800      190.00
31.5000      217.00
31.5200      202.00
31.5400      199.00
31.5600      190.00
31.5800      194.00
31.6000      180.00
31.6200      186.00
31.6400      190.00
31.6600      185.00
31.6800      176.00
31.7000      181.00
31.7200      190.00
31.7400      177.00
31.7600      181.00
31.7800      180.00
31.8000      161.00
31.8200      171.00
31.8400      163.00
31.8600      196.00
31.8800      187.00
31.9000      188.00
31.9200      194.00
31.9400      192.00
31.9600      185.00
31.9800      179.00
32.0000      217.00
32.0200      198.00
32.0400      200.00
32.0600      216.00
32.0800      182.00
32.1000      181.00
32.1200      228.00
32.1400      225.00
32.1600      240.00
32.1800      246.00
32.2000      240.00
32.2200      250.00
32.2400      246.00
32.2600      225.00
32.2800      215.00
32.3000      243.00
32.3200      224.00
32.3400      238.00
32.3600      246.00
32.3800      219.00
32.4000      259.00
32.4200      252.00
32.4400      243.00
32.4600      248.00
32.4800      239.00
32.5000      255.00
32.5200      239.00
32.5400      260.00
32.5600      298.00
32.5800      266.00
32.6000      278.00
32.6200      255.00
32.6400      251.00
32.6600      258.00
32.6800      274.00
32.7000      245.00
32.7200      296.00
32.7400      307.00
32.7600      309.00
32.7800      270.00
32.8000      302.00
32.8200      307.00
32.8400      318.00
32.8600      321.00
32.8800      282.00
32.9000      309.00
32.9200      307.00
32.9400      286.00
32.9600      309.00
32.9800      300.00
33.0000      313.00
33.0200      327.00
33.0400      312.00
33.0600      296.00
33.0800      314.00
33.1000      401.00
33.1200      380.00
33.1400      362.00
33.1600      407.00
33.1800      360.00
33.2000      351.00
33.2200      349.00
33.2400      335.00
33.2600      293.00
33.2800      276.00
33.3000      253.00
33.3200      257.00
33.3400      279.00
33.3600      250.00
33.3800      231.00
33.4000      216.00
33.4200      219.00
33.4400      196.00
33.4600      201.00
33.4800      191.00
33.5000      201.00
33.5200      190.00
33.5400      181.00
33.5600      198.00
33.5800      188.00
33.6000      213.00
33.6200      209.00
33.6400      207.00
33.6600      218.00
33.6800      208.00
33.7000      272.00
33.7200      281.00
33.7400      287.00
33.7600      268.00
33.7800      301.00
33.8000      306.00
33.8200      289.00
33.8400      279.00
33.8600      311.00
33.8800      322.00
33.9000      283.00
33.9200      273.00
33.9400      256.00
33.9600      246.00
33.9800      261.00
34.0000      252.00
34.0200      223.00
34.0400      229.00
34.0600      235.00
34.0800      249.00
34.1000      236.00
34.1200      269.00
34.1400      284.00
34.1600      239.00
34.1800      299.00
34.2000      291.00
34.2200      288.00
34.2400      347.00
34.2600      303.00
34.2800      319.00
34.3000      299.00
34.3200      298.00
34.3400      325.00
34.3600      325.00
34.3800      321.00
34.4000      274.00
34.4200      289.00
34.4400      281.00
34.4600      284.00
34.4800      253.00
34.5000      250.00
34.5200      239.00
34.5400      216.00
34.5600      227.00
34.5800      221.00
34.6000      219.00
34.6200      209.00
34.6400      230.00
34.6600      201.00
34.6800      201.00
34.7000      215.00
34.7200      198.00
34.7400      218.00
34.7600      192.00
34.7800      211.00
34.8000      205.00
34.8200      237.00
34.8400      213.00
34.8600      223.00
34.8800      247.00
34.9000      252.00
34.9200      236.00
34.9400      235.00
34.9600      258.00
34.9800      262.00
35.0000      260.00
