 2.0000     1761.00
 2.0251     1578.00
 2.0502     1395.00
 2.0753     1410.00
 2.1004     1425.00
 2.1255     1351.50
 2.1506     1278.00
 2.1757     1185.00
 2.2008     1092.00
 2.2259      987.00
 2.2510      882.00
 2.2760      862.50
 2.3011      843.00
 2.3262      847.00
 2.3513      851.00
 2.3764      781.50
 2.4015      712.00
 2.4266      651.50
 2.4517      591.00
 2.4768      612.00
 2.5019      633.00
 2.5270      617.50
 2.5521      602.00
 2.5772      553.00
 2.6023      504.00
 2.6274      486.00
 2.6525      468.00
 2.6776      481.50
 2.7027      495.00
 2.7278      489.50
 2.7529      484.00
 2.7779      451.00
 2.8030      418.00
 2.8281      387.50
 2.8532      357.00
 2.8783      375.50
 2.9034      394.00
 2.9285      393.00
 2.9536      392.00
 2.9787      360.00
 3.0038      328.00
 3.0289      322.50
 3.0540      317.00
 3.0791      297.00
 3.1042      277.00
 3.1293      285.50
 3.1544      294.00
 3.1795      287.50
 3.2046      281.00
 3.2297      283.00
 3.2548      285.00
 3.2798      267.00
 3.3049      249.00
 3.3300      265.50
 3.3551      282.00
 3.3802      257.00
 3.4053      232.00
 3.4304      243.50
 3.4555      255.00
 3.4806      236.50
 3.5057      218.00
 3.5308      226.50
 3.5559      235.00
 3.5810      218.50
 3.6061      202.00
 3.6312      218.00
 3.6563      234.00
 3.6814      218.00
 3.7065      202.00
 3.7316      215.50
 3.7567      229.00
 3.7817      208.00
 3.8068      187.00
 3.8319      194.00
 3.8570      201.00
 3.8821      202.50
 3.9072      204.00
 3.9323      207.00
 3.9574      210.00
 3.9825      208.00
 4.0076      206.00
 4.0327      194.50
 4.0578      183.00
 4.0829      200.00
 4.1080      217.00
 4.1331      198.50
 4.1582      180.00
 4.1833      168.50
 4.2084      157.00
 4.2335      165.00
 4.2585      173.00
 4.2836      163.00
 4.3087      153.00
 4.3338      155.50
 4.3589      158.00
 4.3840      160.00
 4.4091      162.00
 4.4342      158.00
 4.4593      154.00
 4.4844      154.00
 4.5095      154.00
 4.5346      160.00
 4.5597      166.00
 4.5848      170.50
 4.6099      175.00
 4.6350      159.50
 4.6601      144.00
 4.6852      148.00
 4.7103      152.00
 4.7354      150.00
 4.7605      148.00
 4.7855      145.50
 4.8106      143.00
 4.8357      135.50
 4.8608      128.00
 4.8859      138.00
 4.9110      148.00
 4.9361      147.50
 4.9612      147.00
 4.9863      132.50
 5.0114      118.00
 5.0365      117.00
 5.0616      116.00
 5.0867      125.00
 5.1118      134.00
 5.1369      137.00
 5.1620      140.00
 5.1871      140.00
 5.2122      140.00
 5.2373      140.00
 5.2623      140.00
 5.2874      140.50
 5.3125      141.00
 5.3376      135.00
 5.3627      129.00
 5.3878      121.00
 5.4129      113.00
 5.4380      126.50
 5.4631      140.00
 5.4882      125.50
 5.5133      111.00
 5.5384      117.50
 5.5635      124.00
 5.5886      123.50
 5.6137      123.00
 5.6388      135.00
 5.6639      147.00
 5.6890      143.00
 5.7141      139.00
 5.7392      141.50
 5.7643      144.00
 5.7893      129.50
 5.8144      115.00
 5.8395      115.00
 5.8646      115.00
 5.8897      115.50
 5.9148      116.00
 5.9399      119.00
 5.9650      122.00
 5.9901      118.00
 6.0152      114.00
 6.0403      116.00
 6.0654      118.00
 6.0905      119.50
 6.1156      121.00
 6.1407      125.00
 6.1658      129.00
 6.1909      117.50
 6.2160      106.00
 6.2411      104.00
 6.2661      102.00
 6.2912      104.00
 6.3163      106.00
 6.3414      106.50
 6.3665      107.00
 6.3916      110.50
 6.4167      114.00
 6.4418      111.50
 6.4669      109.00
 6.4920      107.00
 6.5171      105.00
 6.5422      111.50
 6.5673      118.00
 6.5924      120.00
 6.6175      122.00
 6.6426      111.00
 6.6677      100.00
 6.6928      111.00
 6.7179      122.00
 6.7430      105.50
 6.7680       89.00
 6.7931      110.50
 6.8182      132.00
 6.8433      123.50
 6.8684      115.00
 6.8935      118.00
 6.9186      121.00
 6.9437      102.00
 6.9688       83.00
 6.9939       94.50
 7.0190      106.00
 7.0441      106.00
 7.0692      106.00
 7.0943      103.00
 7.1194      100.00
 7.1445      114.50
 7.1696      129.00
 7.1947      118.00
 7.2198      107.00
 7.2449      106.00
 7.2699      105.00
 7.2950      113.50
 7.3201      122.00
 7.3452      100.50
 7.3703       79.00
 7.3954       96.50
 7.4205      114.00
 7.4456      105.50
 7.4707       97.00
 7.4958       95.00
 7.5209       93.00
 7.5460       94.50
 7.5711       96.00
 7.5962      100.50
 7.6213      105.00
 7.6464      107.50
 7.6715      110.00
 7.6966      107.00
 7.7217      104.00
 7.7468      102.00
 7.7718      100.00
 7.7969       95.00
 7.8220       90.00
 7.8471       93.50
 7.8722       97.00
 7.8973       98.00
 7.9224       99.00
 7.9475       97.50
 7.9726       96.00
 7.9977       94.00
 8.0228       92.00
 8.0479      100.00
 8.0730      108.00
 8.0981      105.00
 8.1232      102.00
 8.1483      101.00
 8.1734      100.00
 8.1985      102.50
 8.2236      105.00
 8.2487      101.50
 8.2737       98.00
 8.2988       92.50
 8.3239       87.00
 8.3490       88.50
 8.3741       90.00
 8.3992       99.00
 8.4243      108.00
 8.4494      102.50
 8.4745       97.00
 8.4996       96.00
 8.5247       95.00
 8.5498       98.50
 8.5749      102.00
 8.6000      110.00
 8.6251      118.00
 8.6502      109.00
 8.6753      100.00
 8.7004       84.00
 8.7255       68.00
 8.7506       86.00
 8.7756      104.00
 8.8007      101.00
 8.8258       98.00
 8.8509       86.50
 8.8760       75.00
 8.9011       80.50
 8.9262       86.00
 8.9513       98.00
 8.9764      110.00
 9.0015      102.50
 9.0266       95.00
 9.0517       99.50
 9.0768      104.00
 9.1019       94.00
 9.1270       84.00
 9.1521       89.00
 9.1772       94.00
 9.2023       94.00
 9.2274       94.00
 9.2525       94.00
 9.2775       94.00
 9.3026       86.50
 9.3277       79.00
 9.3528       80.50
 9.3779       82.00
 9.4030       75.00
 9.4281       68.00
 9.4532       72.50
 9.4783       77.00
 9.5034       92.50
 9.5285      108.00
 9.5536       99.50
 9.5787       91.00
 9.6038       97.50
 9.6289      104.00
 9.6540       97.50
 9.6791       91.00
 9.7042       89.50
 9.7293       88.00
 9.7544       99.50
 9.7795      111.00
 9.8045      107.00
 9.8296      103.00
 9.8547      103.50
 9.8798      104.00
 9.9049      108.50
 9.9300      113.00
 9.9551      100.50
 9.9802       88.00
10.0053       97.00
10.0304      106.00
10.0555      101.00
10.0806       96.00
10.1057       93.50
10.1308       91.00
10.1559      102.00
10.1810      113.00
10.2061      103.00
10.2312       93.00
10.2563       91.00
10.2813       89.00
10.3064       85.50
10.3315       82.00
10.3566       85.00
10.3817       88.00
10.4068       87.50
10.4319       87.00
10.4570       85.50
10.4821       84.00
10.5072       87.50
10.5323       91.00
10.5574      100.50
10.5825      110.00
10.6076      105.00
10.6327      100.00
10.6578       89.50
10.6829       79.00
10.7080       85.00
10.7331       91.00
10.7582      111.50
10.7832      132.00
10.8083      143.50
10.8334      155.00
10.8585      193.50
10.8836      232.00
10.9087      187.00
10.9338      142.00
10.9589      123.50
10.9840      105.00
11.0091      130.50
11.0342      156.00
11.0593      173.00
11.0844      190.00
11.1095      187.00
11.1346      184.00
11.1597      151.00
11.1848      118.00
11.2099      106.00
11.2350       94.00
11.2601       95.00
11.2851       96.00
11.3102       88.50
11.3353       81.00
11.3604       82.00
11.3855       83.00
11.4106       87.50
11.4357       92.00
11.4608       96.50
11.4859      101.00
11.5110       94.50
11.5361       88.00
11.5612       89.00
11.5863       90.00
11.6114       91.50
11.6365       93.00
11.6616       95.50
11.6867       98.00
11.7118      101.50
11.7369      105.00
11.7620      112.00
11.7870      119.00
11.8121      131.00
11.8372      143.00
11.8623      152.50
11.8874      162.00
11.9125      178.00
11.9376      194.00
11.9627      204.50
11.9878      215.00
12.0129      170.00
12.0380      125.00
12.0631      104.50
12.0882       84.00
12.1133       85.50
12.1384       87.00
12.1635       87.00
12.1886       87.00
12.2137      108.50
12.2388      130.00
12.2639      161.00
12.2889      192.00
12.3140      251.00
12.3391      310.00
12.3642      295.50
12.3893      281.00
12.4144      205.50
12.4395      130.00
12.4646      110.50
12.4897       91.00
12.5148       88.00
12.5399       85.00
12.5650       95.00
12.5901      105.00
12.6152       95.00
12.6403       85.00
12.6654       77.50
12.6905       70.00
12.7156       78.50
12.7407       87.00
12.7658       78.50
12.7908       70.00
12.8159       78.50
12.8410       87.00
12.8661       89.50
12.8912       92.00
12.9163       87.00
12.9414       82.00
12.9665       88.00
12.9916       94.00
13.0167       93.00
13.0418       92.00
13.0669       87.50
13.0920       83.00
13.1171       80.00
13.1422       77.00
13.1673       87.00
13.1924       97.00
13.2175       92.50
13.2426       88.00
13.2677       90.00
13.2927       92.00
13.3178       96.00
13.3429      100.00
13.3680       96.50
13.3931       93.00
13.4182       86.50
13.4433       80.00
13.4684       76.00
13.4935       72.00
13.5186       78.00
13.5437       84.00
13.5688       75.50
13.5939       67.00
13.6190       78.50
13.6441       90.00
13.6692       89.00
13.6943       88.00
13.7194       85.50
13.7445       83.00
13.7696       86.50
13.7946       90.00
13.8197       83.00
13.8448       76.00
13.8699       86.00
13.8950       96.00
13.9201      141.00
13.9452      186.00
13.9703      273.00
13.9954      360.00
14.0205      392.00
14.0456      424.00
14.0707      319.00
14.0958      214.00
14.1209      188.00
14.1460      162.00
14.1711      178.00
14.1962      194.00
14.2213      183.50
14.2464      173.00
14.2715      129.50
14.2965       86.00
14.3216       82.00
14.3467       78.00
14.3718       64.50
14.3969       51.00
14.4220       65.50
14.4471       80.00
14.4722       78.00
14.4973       76.00
14.5224       72.50
14.5475       69.00
14.5726       77.50
14.5977       86.00
14.6228       78.00
14.6479       70.00
14.6730       71.50
14.6981       73.00
14.7232       74.00
14.7483       75.00
14.7734       81.00
14.7984       87.00
14.8235       82.00
14.8486       77.00
14.8737       75.50
14.8988       74.00
14.9239       72.50
14.9490       71.00
14.9741       71.00
14.9992       71.00
15.0243       68.00
15.0494       65.00
15.0745       66.00
15.0996       67.00
15.1247       65.00
15.1498       63.00
15.1749       64.50
15.2000       66.00
15.2251       63.50
15.2502       61.00
15.2753       68.50
15.3003       76.00
15.3254       71.50
15.3505       67.00
15.3756       71.00
15.4007       75.00
15.4258       65.50
15.4509       56.00
15.4760       57.50
15.5011       59.00
15.5262       68.50
15.5513       78.00
15.5764       81.50
15.6015       85.00
15.6266       91.50
15.6517       98.00
15.6768      134.50
15.7019      171.00
15.7270      204.00
15.7521      237.00
15.7772      202.50
15.8022      168.00
15.8273      148.00
15.8524      128.00
15.8775      112.50
15.9026       97.00
15.9277      127.50
15.9528      158.00
15.9779      183.00
16.0030      208.00
16.0281      178.50
16.0532      149.00
16.0783      122.00
16.1034       95.00
16.1285       88.00
16.1536       81.00
16.1787      109.00
16.2038      137.00
16.2289      177.00
16.2540      217.00
16.2791      259.00
16.3041      301.00
16.3292      248.00
16.3543      195.00
16.3794      159.00
16.4045      123.00
16.4296       98.50
16.4547       74.00
16.4798       76.50
16.5049       79.00
16.5300       76.00
16.5551       73.00
16.5802       71.50
16.6053       70.00
16.6304       74.00
16.6555       78.00
16.6806       82.00
16.7057       86.00
16.7308       98.00
16.7559      110.00
16.7810      138.00
16.8060      166.00
16.8311      226.50
16.8562      287.00
16.8813      267.50
16.9064      248.00
16.9315      198.50
16.9566      149.00
16.9817      121.50
17.0068       94.00
17.0319      101.50
17.0570      109.00
17.0821      124.00
17.1072      139.00
17.1323      152.50
17.1574      166.00
17.1825      271.50
17.2076      377.00
17.2327      571.00
17.2578      765.00
17.2829      876.50
17.3079      988.00
17.3330     1202.00
17.3581     1416.00
17.3832     1661.00
17.4083     1906.00
17.4334     1631.00
17.4585     1356.00
17.4836      914.00
17.5087      472.00
17.5338      325.50
17.5589      179.00
17.5840      179.50
17.6091      180.00
17.6342      178.00
17.6593      176.00
17.6844      164.00
17.7095      152.00
17.7346      135.00
17.7597      118.00
17.7848      103.00
17.8098       88.00
17.8349       94.00
17.8600      100.00
17.8851       90.50
17.9102       81.00
17.9353       80.00
17.9604       79.00
17.9855       94.00
18.0106      109.00
18.0357      105.50
18.0608      102.00
18.0859      135.50
18.1110      169.00
18.1361      220.00
18.1612      271.00
18.1863      363.00
18.2114      455.00
18.2365      430.50
18.2616      406.00
18.2867      309.50
18.3117      213.00
18.3368      168.50
18.3619      124.00
18.3870      118.50
18.4121      113.00
18.4372      105.00
18.4623       97.00
18.4874      127.00
18.5125      157.00
18.5376      158.00
18.5627      159.00
18.5878      167.50
18.6129      176.00
18.6380      152.50
18.6631      129.00
18.6882      122.00
18.7133      115.00
18.7384      105.50
18.7635       96.00
18.7886       95.00
18.8136       94.00
18.8387      102.00
18.8638      110.00
18.8889      114.50
18.9140      119.00
18.9391      136.50
18.9642      154.00
18.9893      151.50
19.0144      149.00
19.0395      133.50
19.0646      118.00
19.0897      105.00
19.1148       92.00
19.1399       96.00
19.1650      100.00
19.1901       98.50
19.2152       97.00
19.2403      107.50
19.2654      118.00
19.2905      162.00
19.3155      206.00
19.3406      327.00
19.3657      448.00
19.3908      626.00
19.4159      804.00
19.4410      920.00
19.4661     1036.00
19.4912      902.50
19.5163      769.00
19.5414      711.50
19.5665      654.00
19.5916      518.50
19.6167      383.00
19.6418      292.50
19.6669      202.00
19.6920      184.50
19.7171      167.00
19.7422      148.00
19.7673      129.00
19.7924      131.00
19.8175      133.00
19.8425      106.50
19.8676       80.00
19.8927       85.00
19.9178       90.00
19.9429       92.00
19.9680       94.00
19.9931       92.00
20.0182       90.00
20.0433       95.50
20.0684      101.00
20.0935       98.50
20.1186       96.00
20.1437       99.50
20.1688      103.00
20.1939       98.50
20.2190       94.00
20.2441      103.50
20.2692      113.00
20.2943      114.50
20.3194      116.00
20.3444      144.50
20.3695      173.00
20.3946      239.50
20.4197      306.00
20.4448      376.50
20.4699      447.00
20.4950      439.50
20.5201      432.00
20.5452      370.50
20.5703      309.00
20.5954      320.00
20.6205      331.00
20.6456      444.50
20.6707      558.00
20.6958      685.00
20.7209      812.00
20.7460     1079.00
20.7711     1346.00
20.7962     1712.00
20.8212     2078.00
20.8463     2228.00
20.8714     2378.00
20.8965     1888.00
20.9216     1398.00
20.9467      959.50
20.9718      521.00
20.9969      389.50
21.0220      258.00
21.0471      206.50
21.0722      155.00
21.0973      150.00
21.1224      145.00
21.1475      129.50
21.1726      114.00
21.1977      106.50
21.2228       99.00
21.2479       97.00
21.2730       95.00
21.2981       96.00
21.3231       97.00
21.3482       96.50
21.3733       96.00
21.3984       93.50
21.4235       91.00
21.4486       93.50
21.4737       96.00
21.4988       97.00
21.5239       98.00
21.5490       97.50
21.5741       97.00
21.5992       97.00
21.6243       97.00
21.6494       96.00
21.6745       95.00
21.6996       98.50
21.7247      102.00
21.7498      113.50
21.7749      125.00
21.8000      123.50
21.8251      122.00
21.8501      135.50
21.8752      149.00
21.9003      161.00
21.9254      173.00
21.9505      185.50
21.9756      198.00
22.0007      219.50
22.0258      241.00
22.0509      284.00
22.0760      327.00
22.1011      320.00
22.1262      313.00
22.1513      264.00
22.1764      215.00
22.2015      199.50
22.2266      184.00
22.2517      193.00
22.2768      202.00
22.3019      324.00
22.3270      446.00
22.3520      570.50
22.3771      695.00
22.4022      720.00
22.4273      745.00
22.4524      646.00
22.4775      547.00
22.5026      412.00
22.5277      277.00
22.5528      221.00
22.5779      165.00
22.6030      170.00
22.6281      175.00
22.6532      207.00
22.6783      239.00
22.7034      254.00
22.7285      269.00
22.7536      273.50
22.7787      278.00
22.8038      290.50
22.8288      303.00
22.8539      367.00
22.8790      431.00
22.9041      438.50
22.9292      446.00
22.9543      399.00
22.9794      352.00
23.0045      294.50
23.0296      237.00
23.0547      244.50
23.0798      252.00
23.1049      304.50
23.1300      357.00
23.1551      415.50
23.1802      474.00
23.2053      485.50
23.2304      497.00
23.2555      396.50
23.2806      296.00
23.3057      233.50
23.3307      171.00
23.3558      153.00
23.3809      135.00
23.4060      132.00
23.4311      129.00
23.4562      126.00
23.4813      123.00
23.5064      124.00
23.5315      125.00
23.5566      132.00
23.5817      139.00
23.6068      154.50
23.6319      170.00
23.6570      187.50
23.6821      205.00
23.7072      194.50
23.7323      184.00
23.7574      229.00
23.7825      274.00
23.8076      368.50
23.8327      463.00
23.8577      479.00
23.8828      495.00
23.9079      453.50
23.9330      412.00
23.9581      352.50
23.9832      293.00
24.0083      279.00
24.0334      265.00
24.0585      391.50
24.0836      518.00
24.1087      653.00
24.1338      788.00
24.1589      844.00
24.1840      900.00
24.2091      787.50
24.2342      675.00
24.2593      520.50
24.2844      366.00
24.3095      271.00
24.3346      176.00
24.3596      163.00
24.3847      150.00
24.4098      154.00
24.4349      158.00
24.4600      166.00
24.4851      174.00
24.5102      166.50
24.5353      159.00
24.5604      173.00
24.5855      187.00
24.6106      267.50
24.6357      348.00
24.6608      509.00
24.6859      670.00
24.7110      779.00
24.7361      888.00
24.7612      803.00
24.7863      718.00
24.8114      555.50
24.8364      393.00
24.8615      285.50
24.8866      178.00
24.9117      164.00
24.9368      150.00
24.9619      144.50
24.9870      139.00
25.0121      127.50
25.0372      116.00
25.0623      115.00
25.0874      114.00
25.1125      104.50
25.1376       95.00
25.1627       97.50
25.1878      100.00
25.2129      107.00
25.2380      114.00
25.2631       99.50
25.2882       85.00
25.3133       93.00
25.3383      101.00
25.3634       94.00
25.3885       87.00
25.4136       98.00
25.4387      109.00
25.4638      102.50
25.4889       96.00
25.5140       96.00
25.5391       96.00
25.5642       93.50
25.5893       91.00
25.6144       96.00
25.6395      101.00
25.6646      109.00
25.6897      117.00
25.7148      159.50
25.7399      202.00
25.7650      216.00
25.7901      230.00
25.8152      236.50
25.8403      243.00
25.8653      224.50
25.8904      206.00
25.9155      262.50
25.9406      319.00
25.9657      345.50
25.9908      372.00
26.0159      391.00
26.0410      410.00
26.0661      363.50
26.0912      317.00
26.1163      286.00
26.1414      255.00
26.1665      259.50
26.1916      264.00
26.2167      283.00
26.2418      302.00
26.2669      328.00
26.2920      354.00
26.3171      364.50
26.3422      375.00
26.3672      313.00
26.3923      251.00
26.4174      209.50
26.4425      168.00
26.4676      136.00
26.4927      104.00
26.5178      103.50
26.5429      103.00
26.5680      100.00
26.5931       97.00
26.6182      100.00
26.6433      103.00
26.6684      108.50
26.6935      114.00
26.7186      124.00
26.7437      134.00
26.7688      137.50
26.7939      141.00
26.8190      135.50
26.8440      130.00
26.8691      127.50
26.8942      125.00
26.9193      132.00
26.9444      139.00
26.9695      153.50
26.9946      168.00
27.0197      205.50
27.0448      243.00
27.0699      247.50
27.0950      252.00
27.1201      233.50
27.1452      215.00
27.1703      200.50
27.1954      186.00
27.2205      177.00
27.2456      168.00
27.2707      182.00
27.2958      196.00
27.3209      213.50
27.3459      231.00
27.3710      248.00
27.3961      265.00
27.4212      321.00
27.4463      377.00
27.4714      389.00
27.4965      401.00
27.5216      344.00
27.5467      287.00
27.5718      254.50
27.5969      222.00
27.6220      207.00
27.6471      192.00
27.6722      194.50
27.6973      197.00
27.7224      174.00
27.7475      151.00
27.7726      169.50
27.7977      188.00
27.8228      187.50
27.8478      187.00
27.8729      174.00
27.8980      161.00
27.9231      153.00
27.9482      145.00
27.9733      151.00
27.9984      157.00
28.0235      141.50
28.0486      126.00
28.0737      154.00
28.0988      182.00
28.1239      245.00
28.1490      308.00
28.1741      392.50
28.1992      477.00
28.2243      600.00
28.2494      723.00
28.2745      807.50
28.2996      892.00
28.3247      852.00
28.3498      812.00
28.3748      680.00
28.3999      548.00
28.4250      459.50
28.4501      371.00
28.4752      352.50
28.5003      334.00
28.5254      317.00
28.5505      300.00
28.5756      258.50
28.6007      217.00
28.6258      204.50
28.6509      192.00
28.6760      175.50
28.7011      159.00
28.7262      171.50
28.7513      184.00
28.7764      187.50
28.8015      191.00
28.8266      198.50
28.8516      206.00
28.8767      212.50
28.9018      219.00
28.9269      239.50
28.9520      260.00
28.9771      270.50
29.0022      281.00
29.0273      264.50
29.0524      248.00
29.0775      233.50
29.1026      219.00
29.1277      227.00
29.1528      235.00
29.1779      296.50
29.2030      358.00
29.2281      409.50
29.2532      461.00
29.2783      421.00
29.3034      381.00
29.3285      346.00
29.3535      311.00
29.3786      238.00
29.4037      165.00
29.4288      140.50
29.4539      116.00
29.4790      114.00
29.5041      112.00
29.5292      105.00
29.5543       98.00
29.5794       90.50
29.6045       83.00
29.6296       84.00
29.6547       85.00
29.6798      100.50
29.7049      116.00
29.7300      110.50
29.7551      105.00
29.7802      128.00
29.8053      151.00
29.8304      171.00
29.8554      191.00
29.8805      201.00
29.9056      211.00
29.9307      225.00
29.9558      239.00
29.9809      235.00
30.0060      231.00
30.0311      224.50
30.0562      218.00
30.0813      204.50
30.1064      191.00
30.1315      168.00
30.1566      145.00
30.1817      136.50
30.2068      128.00
30.2319      113.50
30.2570       99.00
30.2821       98.00
30.3072       97.00
30.3323      113.00
30.3574      129.00
30.3824      125.50
30.4075      122.00
30.4326      127.00
30.4577      132.00
30.4828      135.50
30.5079      139.00
30.5330      133.50
30.5581      128.00
30.5832      110.50
30.6083       93.00
30.6334      107.00
30.6585      121.00
30.6836      106.50
30.7087       92.00
30.7338      107.00
30.7589      122.00
30.7840      117.50
30.8091      113.00
30.8342      121.50
30.8592      130.00
30.8843      114.50
30.9094       99.00
30.9345       97.00
30.9596       95.00
30.9847       88.50
31.0098       82.00
31.0349       89.50
31.0600       97.00
31.0851       88.50
31.1102       80.00
31.1353       81.00
31.1604       82.00
31.1855       79.00
31.2106       76.00
31.2357       89.00
31.2608      102.00
31.2859      113.00
31.3110      124.00
31.3361      126.50
31.3611      129.00
31.3862      121.00
31.4113      113.00
31.4364      112.50
31.4615      112.00
31.4866       99.00
31.5117       86.00
31.5368       93.00
31.5619      100.00
31.5870      104.50
31.6121      109.00
31.6372      105.00
31.6623      101.00
31.6874      119.00
31.7125      137.00
31.7376      145.50
31.7627      154.00
31.7878      156.50
31.8129      159.00
31.8380      170.50
31.8630      182.00
31.8881      188.00
31.9132      194.00
31.9383      187.00
31.9634      180.00
31.9885      178.50
32.0136      177.00
32.0387      186.00
32.0638      195.00
32.0889      200.00
32.1140      205.00
32.1391      200.00
32.1642      195.00
32.1893      198.50
32.2144      202.00
32.2395      182.50
32.2646      163.00
32.2897      188.50
32.3148      214.00
32.3399      211.00
32.3650      208.00
32.3900      215.00
32.4151      222.00
32.4402      209.00
32.4653      196.00
32.4904      206.50
32.5155      217.00
32.5406      202.50
32.5657      188.00
32.5908      182.50
32.6159      177.00
32.6410      158.50
32.6661      140.00
32.6912      144.50
32.7163      149.00
32.7414      156.50
32.7665      164.00
32.7916      172.50
32.8167      181.00
32.8418      169.50
32.8668      158.00
32.8919      152.50
32.9170      147.00
32.9421      168.00
32.9672      189.00
32.9923      207.50
33.0174      226.00
33.0425      244.50
33.0676      263.00
33.0927      267.50
33.1178      272.00
33.1429      245.00
33.1680      218.00
33.1931      192.50
33.2182      167.00
33.2433      172.00
33.2684      177.00
33.2935      152.00
33.3186      127.00
33.3437      119.00
33.3687      111.00
33.3938      121.00
33.4189      131.00
33.4440      100.50
33.4691       70.00
33.4942       92.00
33.5193      114.00
33.5444      104.00
33.5695       94.00
33.5946       97.50
33.6197      101.00
33.6448      104.00
33.6699      107.00
33.6950       94.00
33.7201       81.00
33.7452       90.50
33.7703      100.00
33.7954       87.00
33.8205       74.00
33.8456       82.50
33.8706       91.00
33.8957      107.50
33.9208      124.00
33.9459      148.00
33.9710      172.00
33.9961      177.50
34.0212      183.00
34.0463      169.00
34.0714      155.00
34.0965      131.00
34.1216      107.00
34.1467       95.50
34.1718       84.00
34.1969       79.00
34.2220       74.00
34.2471       75.50
34.2722       77.00
34.2973       84.50
34.3224       92.00
34.3475       87.50
34.3725       83.00
34.3976       76.50
34.4227       70.00
34.4478       79.50
34.4729       89.00
34.4980       85.50
34.5231       82.00
34.5482       88.00
34.5733       94.00
34.5984      101.50
34.6235      109.00
34.6486      100.00
34.6737       91.00
34.6988       97.00
34.7239      103.00
34.7490      115.00
34.7741      127.00
34.7992      121.00
34.8243      115.00
34.8494      117.00
34.8744      119.00
34.8995      112.00
34.9246      105.00
34.9497      104.00
34.9748      103.00
34.9999      102.50
35.0250      102.00
