 2.2000      302.00
 2.2200      286.00
 2.2400      265.00
 2.2600      303.00
 2.2800      300.00
 2.3000      308.00
 2.3200      303.00
 2.3400      292.00
 2.3600      292.00
 2.3800      305.00
 2.4000      285.00
 2.4200      278.00
 2.4400      301.00
 2.4600      254.00
 2.4800      274.00
 2.5000      284.00
 2.5200      280.00
 2.5400      296.00
 2.5600      277.00
 2.5800      236.00
 2.6000      271.00
 2.6200      239.00
 2.6400      285.00
 2.6600      283.00
 2.6800      239.00
 2.7000      268.00
 2.7200      263.00
 2.7400      239.00
 2.7600      285.00
 2.7800      271.00
 2.8000      253.00
 2.8200      276.00
 2.8400      257.00
 2.8600      251.00
 2.8800      256.00
 2.9000      264.00
 2.9200      264.00
 2.9400      282.00
 2.9600      253.00
 2.9800      259.00
 3.0000      275.00
 3.0200      230.00
 3.0400      227.00
 3.0600      231.00
 3.0800      245.00
 3.1000      241.00
 3.1200      250.00
 3.1400      203.00
 3.1600      251.00
 3.1800      239.00
 3.2000      245.00
 3.2200      219.00
 3.2400      223.00
 3.2600      225.00
 3.2800      221.00
 3.3000      241.00
 3.3200      202.00
 3.3400      202.00
 3.3600      221.00
 3.3800      223.00
 3.4000      203.00
 3.4200      232.00
 3.4400      201.00
 3.4600      232.00
 3.4800      209.00
 3.5000      208.00
 3.5200      225.00
 3.5400      230.00
 3.5600      208.00
 3.5800      212.00
 3.6000      224.00
 3.6200      194.00
 3.6400      230.00
 3.6600      214.00
 3.6800      192.00
 3.7000      209.00
 3.7200      230.00
 3.7400      198.00
 3.7600      196.00
 3.7800      187.00
 3.8000      212.00
 3.8200      198.00
 3.8400      184.00
 3.8600      177.00
 3.8800      215.00
 3.9000      195.00
 3.9200      177.00
 3.9400      197.00
 3.9600      167.00
 3.9800      172.00
 4.0000      170.00
 4.0200      195.00
 4.0400      178.00
 4.0600      174.00
 4.0800      183.00
 4.1000      171.00
 4.1200      174.00
 4.1400      167.00
 4.1600      166.00
 4.1800      163.00
 4.2000      160.00
 4.2200      163.00
 4.2400      160.00
 4.2600      167.00
 4.2800      155.00
 4.3000      183.00
 4.3200      148.00
 4.3400      152.00
 4.3600      147.00
 4.3800      168.00
 4.4000      157.00
 4.4200      128.00
 4.4400      153.00
 4.4600      139.00
 4.4800      145.00
 4.5000      162.00
 4.5200      134.00
 4.5400      170.00
 4.5600      139.00
 4.5800      155.00
 4.6000      168.00
 4.6200      120.00
 4.6400      126.00
 4.6600      144.00
 4.6800      134.00
 4.7000      124.00
 4.7200      142.00
 4.7400      150.00
 4.7600      127.00
 4.7800      158.00
 4.8000      144.00
 4.8200      137.00
 4.8400      117.00
 4.8600      153.00
 4.8800      130.00
 4.9000      113.00
 4.9200      130.00
 4.9400      161.00
 4.9600      124.00
 4.9800      135.00
 5.0000      137.00
 5.0200      164.00
 5.0400      134.00
 5.0600      145.00
 5.0800      116.00
 5.1000      150.00
 5.1200      124.00
 5.1400      141.00
 5.1600      161.00
 5.1800      130.00
 5.2000      155.00
 5.2200      119.00
 5.2400      127.00
 5.2600      142.00
 5.2800      146.00
 5.3000      147.00
 5.3200      147.00
 5.3400      132.00
 5.3600      144.00
 5.3800      140.00
 5.4000      154.00
 5.4200      143.00
 5.4400      119.00
 5.4600      151.00
 5.4800      134.00
 5.5000      134.00
 5.5200      122.00
 5.5400      114.00
 5.5600      131.00
 5.5800      133.00
 5.6000      151.00
 5.6200      143.00
 5.6400      146.00
 5.6600      125.00
 5.6800      150.00
 5.7000      124.00
 5.7200      125.00
 5.7400      152.00
 5.7600      133.00
 5.7800      139.00
 5.8000      151.00
 5.8200      132.00
 5.8400      144.00
 5.8600      119.00
 5.8800      125.00
 5.9000      130.00
 5.9200      123.00
 5.9400      149.00
 5.9600      144.00
 5.9800      156.00
 6.0000      135.00
 6.0200      134.00
 6.0400      131.00
 6.0600      163.00
 6.0800      137.00
 6.1000      154.00
 6.1200      119.00
 6.1400      136.00
 6.1600      126.00
 6.1800      128.00
 6.2000      133.00
 6.2200      105.00
 6.2400      137.00
 6.2600      137.00
 6.2800      146.00
 6.3000      137.00
 6.3200      131.00
 6.3400      150.00
 6.3600      149.00
 6.3800      119.00
 6.4000      128.00
 6.4200      148.00
 6.4400      131.00
 6.4600      111.00
 6.4800      120.00
 6.5000      125.00
 6.5200      162.00
 6.5400      134.00
 6.5600      133.00
 6.5800      151.00
 6.6000      129.00
 6.6200      136.00
 6.6400      143.00
 6.6600      116.00
 6.6800      139.00
 6.7000      121.00
 6.7200      144.00
 6.7400      139.00
 6.7600      140.00
 6.7800      137.00
 6.8000      130.00
 6.8200      148.00
 6.8400      143.00
 6.8600      143.00
 6.8800      139.00
 6.9000      170.00
 6.9200      155.00
 6.9400      152.00
 6.9600      136.00
 6.9800      154.00
 7.0000      156.00
 7.0200      155.00
 7.0400      137.00
 7.0600      130.00
 7.0800      173.00
 7.1000      137.00
 7.1200      149.00
 7.1400      129.00
 7.1600      120.00
 7.1800      127.00
 7.2000      138.00
 7.2200      155.00
 7.2400      135.00
 7.2600      131.00
 7.2800      137.00
 7.3000      145.00
 7.3200      121.00
 7.3400      138.00
 7.3600      157.00
 7.3800      123.00
 7.4000      128.00
 7.4200      140.00
 7.4400      136.00
 7.4600      120.00
 7.4800      134.00
 7.5000      139.00
 7.5200      129.00
 7.5400      145.00
 7.5600      128.00
 7.5800      126.00
 7.6000      128.00
 7.6200      146.00
 7.6400      102.00
 7.6600      141.00
 7.6800      139.00
 7.7000      126.00
 7.7200      135.00
 7.7400      137.00
 7.7600      125.00
 7.7800      131.00
 7.8000      111.00
 7.8200      104.00
 7.8400      137.00
 7.8600      125.00
 7.8800      105.00
 7.9000      133.00
 7.9200      145.00
 7.9400      133.00
 7.9600      121.00
 7.9800      138.00
 8.0000      146.00
 8.0200      116.00
 8.0400      131.00
 8.0600      141.00
 8.0800      135.00
 8.1000      128.00
 8.1200      125.00
 8.1400      118.00
 8.1600      137.00
 8.1800      134.00
 8.2000      125.00
 8.2200      126.00
 8.2400      149.00
 8.2600      130.00
 8.2800      134.00
 8.3000      109.00
 8.3200      142.00
 8.3400      114.00
 8.3600      144.00
 8.3800      128.00
 8.4000      122.00
 8.4200      130.00
 8.4400      143.00
 8.4600      138.00
 8.4800      109.00
 8.5000      129.00
 8.5200      112.00
 8.5400      125.00
 8.5600      147.00
 8.5800      129.00
 8.6000      145.00
 8.6200      153.00
 8.6400      159.00
 8.6600      149.00
 8.6800      146.00
 8.7000      144.00
 8.7200      153.00
 8.7400      137.00
 8.7600      137.00
 8.7800      139.00
 8.8000      151.00
 8.8200      129.00
 8.8400      118.00
 8.8600      134.00
 8.8800      161.00
 8.9000      141.00
 8.9200      120.00
 8.9400      143.00
 8.9600      152.00
 8.9800      130.00
 9.0000      129.00
 9.0200      142.00
 9.0400      121.00
 9.0600      128.00
 9.0800      125.00
 9.1000      142.00
 9.1200      140.00
 9.1400      112.00
 9.1600      140.00
 9.1800      141.00
 9.2000      124.00
 9.2200      123.00
 9.2400      121.00
 9.2600      144.00
 9.2800      143.00
 9.3000      121.00
 9.3200      154.00
 9.3400      129.00
 9.3600      112.00
 9.3800      128.00
 9.4000      133.00
 9.4200      115.00
 9.4400      126.00
 9.4600      144.00
 9.4800      135.00
 9.5000      134.00
 9.5200      124.00
 9.5400      121.00
 9.5600      118.00
 9.5800      142.00
 9.6000      118.00
 9.6200      144.00
 9.6400      130.00
 9.6600      132.00
 9.6800      143.00
 9.7000      131.00
 9.7200      152.00
 9.7400      139.00
 9.7600      139.00
 9.7800      133.00
 9.8000      139.00
 9.8200      136.00
 9.8400      148.00
 9.8600      137.00
 9.8800      126.00
 9.9000      120.00
 9.9200      144.00
 9.9400      120.00
 9.9600      154.00
 9.9800      129.00
10.0000      146.00
10.0200      137.00
10.0400      134.00
10.0600      124.00
10.0800      116.00
10.1000      149.00
10.1200      152.00
10.1400      149.00
10.1600      133.00
10.1800      138.00
10.2000      143.00
10.2200      138.00
10.2400      114.00
10.2600      133.00
10.2800      125.00
10.3000      128.00
10.3200      116.00
10.3400      116.00
10.3600      123.00
10.3800      154.00
10.4000      145.00
10.4200      126.00
10.4400      144.00
10.4600      127.00
10.4800      139.00
10.5000      127.00
10.5200      152.00
10.5400      141.00
10.5600      127.00
10.5800      124.00
10.6000      125.00
10.6200      135.00
10.6400      149.00
10.6600      152.00
10.6800      128.00
10.7000      148.00
10.7200      144.00
10.7400      183.00
10.7600      173.00
10.7800      179.00
10.8000      153.00
10.8200      166.00
10.8400      165.00
10.8600      166.00
10.8800      197.00
10.9000      191.00
10.9200      209.00
10.9400      234.00
10.9600      254.00
10.9800      262.00
11.0000      293.00
11.0200      304.00
11.0400      304.00
11.0600      288.00
11.0800      333.00
11.1000      341.00
11.1200      306.00
11.1400      297.00
11.1600      297.00
11.1800      294.00
11.2000      275.00
11.2200      283.00
11.2400      249.00
11.2600      256.00
11.2800      268.00
11.3000      256.00
11.3200      259.00
11.3400      233.00
11.3600      234.00
11.3800      208.00
11.4000      228.00
11.4200      252.00
11.4400      236.00
11.4600      194.00
11.4800      176.00
11.5000      198.00
11.5200      176.00
11.5400      158.00
11.5600      170.00
11.5800      156.00
11.6000      158.00
11.6200      150.00
11.6400      154.00
11.6600      141.00
11.6800      133.00
11.7000      118.00
11.7200      124.00
11.7400      153.00
11.7600      189.00
11.7800      145.00
11.8000      148.00
11.8200      153.00
11.8400      151.00
11.8600      154.00
11.8800      180.00
11.9000      169.00
11.9200      186.00
11.9400      186.00
11.9600      186.00
11.9800      209.00
12.0000      189.00
12.0200      214.00
12.0400      231.00
12.0600      222.00
12.0800      273.00
12.1000      250.00
12.1200      244.00
12.1400      273.00
12.1600      288.00
12.1800      271.00
12.2000      249.00
12.2200      261.00
12.2400      253.00
12.2600      260.00
12.2800      279.00
12.3000      244.00
12.3200      239.00
12.3400      225.00
12.3600      225.00
12.3800      235.00
12.4000      214.00
12.4200      265.00
12.4400      249.00
12.4600      235.00
12.4800      259.00
12.5000      266.00
12.5200      293.00
12.5400      295.00
12.5600      280.00
12.5800      271.00
12.6000      287.00
12.6200      263.00
12.6400      249.00
12.6600      266.00
12.6800      241.00
12.7000      219.00
12.7200      224.00
12.7400      214.00
12.7600      175.00
12.7800      161.00
12.8000      133.00
12.8200      148.00
12.8400      128.00
12.8600      141.00
12.8800      142.00
12.9000      156.00
12.9200      118.00
12.9400      116.00
12.9600      141.00
12.9800      138.00
13.0000      147.00
13.0200      144.00
13.0400      138.00
13.0600      133.00
13.0800      143.00
13.1000      148.00
13.1200      145.00
13.1400      156.00
13.1600      142.00
13.1800      144.00
13.2000      139.00
13.2200      149.00
13.2400      150.00
13.2600      128.00
13.2800      140.00
13.3000      120.00
13.3200      124.00
13.3400      152.00
13.3600      136.00
13.3800      126.00
13.4000      136.00
13.4200      140.00
13.4400      137.00
13.4600      144.00
13.4800      116.00
13.5000      157.00
13.5200      159.00
13.5400      131.00
13.5600      128.00
13.5800      125.00
13.6000      133.00
13.6200      120.00
13.6400      118.00
13.6600      144.00
13.6800      148.00
13.7000      126.00
13.7200      145.00
13.7400      136.00
13.7600      142.00
13.7800      126.00
13.8000      131.00
13.8200      154.00
13.8400      156.00
13.8600      150.00
13.8800      149.00
13.9000      138.00
13.9200      162.00
13.9400      169.00
13.9600      145.00
13.9800      176.00
14.0000      173.00
14.0200      185.00
14.0400      209.00
14.0600      224.00
14.0800      223.00
14.1000      265.00
14.1200      261.00
14.1400      306.00
14.1600      323.00
14.1800      339.00
14.2000      353.00
14.2200      352.00
14.2400      362.00
14.2600      356.00
14.2800      361.00
14.3000      371.00
14.3200      359.00
14.3400      356.00
14.3600      334.00
14.3800      331.00
14.4000      320.00
14.4200      281.00
14.4400      250.00
14.4600      275.00
14.4800      241.00
14.5000      191.00
14.5200      181.00
14.5400      191.00
14.5600      202.00
14.5800      152.00
14.6000      185.00
14.6200      172.00
14.6400      158.00
14.6600      155.00
14.6800      132.00
14.7000      146.00
14.7200      156.00
14.7400      174.00
14.7600      132.00
14.7800      128.00
14.8000      123.00
14.8200      128.00
14.8400      151.00
14.8600      133.00
14.8800      148.00
14.9000      154.00
14.9200      134.00
14.9400      139.00
14.9600      139.00
14.9800      125.00
15.0000      141.00
15.0200      146.00
15.0400      149.00
15.0600      139.00
15.0800      135.00
15.1000      129.00
15.1200      128.00
15.1400      136.00
15.1600      140.00
15.1800      139.00
15.2000      133.00
15.2200      165.00
15.2400      141.00
15.2600      131.00
15.2800      142.00
15.3000      112.00
15.3200      139.00
15.3400      139.00
15.3600      122.00
15.3800      126.00
15.4000      144.00
15.4200      125.00
15.4400      135.00
15.4600      147.00
15.4800      112.00
15.5000      125.00
15.5200      118.00
15.5400      142.00
15.5600      133.00
15.5800      140.00
15.6000      137.00
15.6200      114.00
15.6400      138.00
15.6600      141.00
15.6800      110.00
15.7000      157.00
15.7200      158.00
15.7400      132.00
15.7600      157.00
15.7800      131.00
15.8000      155.00
15.8200      180.00
15.8400      170.00
15.8600      178.00
15.8800      163.00
15.9000      145.00
15.9200      173.00
15.9400      202.00
15.9600      196.00
15.9800      192.00
16.0000      180.00
16.0200      200.00
16.0400      182.00
16.0600      229.00
16.0800      186.00
16.1000      233.00
16.1200      243.00
16.1400      242.00
16.1600      238.00
16.1800      256.00
16.2000      252.00
16.2200      229.00
16.2400      247.00
16.2600      219.00
16.2800      242.00
16.3000      235.00
16.3200      236.00
16.3400      189.00
16.3600      208.00
16.3800      220.00
16.4000      194.00
16.4200      200.00
16.4400      232.00
16.4600      235.00
16.4800      232.00
16.5000      239.00
16.5200      224.00
16.5400      212.00
16.5600      250.00
16.5800      251.00
16.6000      243.00
16.6200      223.00
16.6400      210.00
16.6600      187.00
16.6800      196.00
16.7000      218.00
16.7200      160.00
16.7400      154.00
16.7600      179.00
16.7800      159.00
16.8000      143.00
16.8200      147.00
16.8400      153.00
16.8600      150.00
16.8800      175.00
16.9000      176.00
16.9200      168.00
16.9400      142.00
16.9600      165.00
16.9800      190.00
17.0000      194.00
17.0200      223.00
17.0400      210.00
17.0600      221.00
17.0800      245.00
17.1000      254.00
17.1200      262.00
17.1400      266.00
17.1600      247.00
17.1800      258.00
17.2000      258.00
17.2200      254.00
17.2400      231.00
17.2600      225.00
17.2800      260.00
17.3000      235.00
17.3200      245.00
17.3400      238.00
17.3600      271.00
17.3800      256.00
17.4000      285.00
17.4200      338.00
17.4400      370.00
17.4600      405.00
17.4800      471.00
17.5000      475.00
17.5200      542.00
17.5400      539.00
17.5600      628.00
17.5800      616.00
17.6000      624.00
17.6200      629.00
17.6400      668.00
17.6600      620.00
17.6800      601.00
17.7000      560.00
17.7200      496.00
17.7400      451.00
17.7600      462.00
17.7800      396.00
17.8000      367.00
17.8200      282.00
17.8400      284.00
17.8600      265.00
17.8800      228.00
17.9000      193.00
17.9200      204.00
17.9400      160.00
17.9600      186.00
17.9800      185.00
18.0000      162.00
18.0200      186.00
18.0400      156.00
18.0600      173.00
18.0800      167.00
18.1000      157.00
18.1200      172.00
18.1400      148.00
18.1600      171.00
18.1800      174.00
18.2000      176.00
18.2200      189.00
18.2400      189.00
18.2600      162.00
18.2800      166.00
18.3000      177.00
18.3200      220.00
18.3400      228.00
18.3600      233.00
18.3800      248.00
18.4000      275.00
18.4200      287.00
18.4400      284.00
18.4600      275.00
18.4800      284.00
18.5000      282.00
18.5200      277.00
18.5400      248.00
18.5600      259.00
18.5800      242.00
18.6000      219.00
18.6200      219.00
18.6400      232.00
18.6600      180.00
18.6800      206.00
18.7000      159.00
18.7200      183.00
18.7400      180.00
18.7600      174.00
18.7800      188.00
18.8000      216.00
18.8200      187.00
18.8400      177.00
18.8600      178.00
18.8800      196.00
18.9000      177.00
18.9200      150.00
18.9400      172.00
18.9600      169.00
18.9800      167.00
19.0000      155.00
19.0200      181.00
19.0400      182.00
19.0600      172.00
19.0800      165.00
19.1000      160.00
19.1200      168.00
19.1400      184.00
19.1600      176.00
19.1800      177.00
19.2000      181.00
19.2200      185.00
19.2400      176.00
19.2600      166.00
19.2800      183.00
19.3000      175.00
19.3200      157.00
19.3400      192.00
19.3600      167.00
19.3800      151.00
19.4000      168.00
19.4200      196.00
19.4400      162.00
19.4600      195.00
19.4800      222.00
19.5000      241.00
19.5200      275.00
19.5400      297.00
19.5600      323.00
19.5800      345.00
19.6000      397.00
19.6200      384.00
19.6400      441.00
19.6600      496.00
19.6800      494.00
19.7000      505.00
19.7200      483.00
19.7400      479.00
19.7600      488.00
19.7800      431.00
19.8000      478.00
19.8200      414.00
19.8400      408.00
19.8600      364.00
19.8800      330.00
19.9000      313.00
19.9200      279.00
19.9400      264.00
19.9600      230.00
19.9800      229.00
20.0000      184.00
20.0200      184.00
20.0400      192.00
20.0600      165.00
20.0800      160.00
20.1000      174.00
20.1200      169.00
20.1400      175.00
20.1600      185.00
20.1800      136.00
20.2000      148.00
20.2200      148.00
20.2400      146.00
20.2600      127.00
20.2800      130.00
20.3000      136.00
20.3200      158.00
20.3400      144.00
20.3600      158.00
20.3800      149.00
20.4000      138.00
20.4200      155.00
20.4400      170.00
20.4600      155.00
20.4800      157.00
20.5000      167.00
20.5200      171.00
20.5400      164.00
20.5600      197.00
20.5800      204.00
20.6000      247.00
20.6200      277.00
20.6400      266.00
20.6600      272.00
20.6800      329.00
20.7000      329.00
20.7200      343.00
20.7400      397.00
20.7600      388.00
20.7800      434.00
20.8000      408.00
20.8200      427.00
20.8400      458.00
20.8600      474.00
20.8800      497.00
20.9000      518.00
20.9200      549.00
20.9400      572.00
20.9600      617.00
20.9800      704.00
21.0000      699.00
21.0200      730.00
21.0400      766.00
21.0600      733.00
21.0800      766.00
21.1000      776.00
21.1200      754.00
21.1400      713.00
21.1600      763.00
21.1800      695.00
21.2000      630.00
21.2200      545.00
21.2400      523.00
21.2600      497.00
21.2800      404.00
21.3000      360.00
21.3200      326.00
21.3400      266.00
21.3600      249.00
21.3800      224.00
21.4000      186.00
21.4200      179.00
21.4400      170.00
21.4600      138.00
21.4800      184.00
21.5000      160.00
21.5200      159.00
21.5400      145.00
21.5600      141.00
21.5800      148.00
21.6000      137.00
21.6200      147.00
21.6400      133.00
21.6600      150.00
21.6800      125.00
21.7000      118.00
21.7200      127.00
21.7400      144.00
21.7600      131.00
21.7800      145.00
21.8000      132.00
21.8200      115.00
21.8400      139.00
21.8600      131.00
21.8800      134.00
21.9000      129.00
21.9200      157.00
21.9400      142.00
21.9600      147.00
21.9800      135.00
22.0000      138.00
22.0200      159.00
22.0400      189.00
22.0600      153.00
22.0800      153.00
22.1000      167.00
22.1200      167.00
22.1400      172.00
22.1600      206.00
22.1800      199.00
22.2000      197.00
22.2200      192.00
22.2400      195.00
22.2600      231.00
22.2800      243.00
22.3000      250.00
22.3200      257.00
22.3400      225.00
22.3600      239.00
22.3800      249.00
22.4000      267.00
22.4200      264.00
22.4400      250.00
22.4600      271.00
22.4800      257.00
22.5000      261.00
22.5200      321.00
22.5400      307.00
22.5600      319.00
22.5800      322.00
22.6000      366.00
22.6200      361.00
22.6400      408.00
22.6600      372.00
22.6800      361.00
22.7000      417.00
22.7200      347.00
22.7400      388.00
22.7600      342.00
22.7800      340.00
22.8000      316.00
22.8200      294.00
22.8400      280.00
22.8600      269.00
22.8800      253.00
22.9000      266.00
22.9200      254.00
22.9400      222.00
22.9600      266.00
22.9800      261.00
23.0000      270.00
23.0200      237.00
23.0400      243.00
23.0600      255.00
23.0800      276.00
23.1000      282.00
23.1200      282.00
23.1400      304.00
23.1600      287.00
23.1800      283.00
23.2000      259.00
23.2200      270.00
23.2400      286.00
23.2600      283.00
23.2800      244.00
23.3000      231.00
23.3200      258.00
23.3400      234.00
23.3600      243.00
23.3800      257.00
23.4000      257.00
23.4200      240.00
23.4400      265.00
23.4600      227.00
23.4800      252.00
23.5000      229.00
23.5200      223.00
23.5400      237.00
23.5600      184.00
23.5800      211.00
23.6000      200.00
23.6200      184.00
23.6400      184.00
23.6600      173.00
23.6800      172.00
23.7000      147.00
23.7200      166.00
23.7400      133.00
23.7600      143.00
23.7800      157.00
23.8000      169.00
23.8200      149.00
23.8400      137.00
23.8600      152.00
23.8800      143.00
23.9000      174.00
23.9200      215.00
23.9400      199.00
23.9600      201.00
23.9800      206.00
24.0000      246.00
24.0200      264.00
24.0400      280.00
24.0600      282.00
24.0800      293.00
24.1000      322.00
24.1200      318.00
24.1400      288.00
24.1600      297.00
24.1800      319.00
24.2000      274.00
24.2200      284.00
24.2400      287.00
24.2600      297.00
24.2800      273.00
24.3000      278.00
24.3200      276.00
24.3400      280.00
24.3600      295.00
24.3800      334.00
24.4000      309.00
24.4200      347.00
24.4400      329.00
24.4600      366.00
24.4800      317.00
24.5000      282.00
24.5200      326.00
24.5400      298.00
24.5600      317.00
24.5800      276.00
24.6000      268.00
24.6200      224.00
24.6400      227.00
24.6600      211.00
24.6800      213.00
24.7000      179.00
24.7200      159.00
24.7400      157.00
24.7600      149.00
24.7800      149.00
24.8000      172.00
24.8200      149.00
24.8400      190.00
24.8600      204.00
24.8800      228.00
24.9000      210.00
24.9200      248.00
24.9400      242.00
24.9600      265.00
24.9800      264.00
25.0000      275.00
25.0200      238.00
25.0400      277.00
25.0600      255.00
25.0800      217.00
25.1000      227.00
25.1200      224.00
25.1400      206.00
25.1600      202.00
25.1800      171.00
25.2000      164.00
25.2200      165.00
25.2400      148.00
25.2600      157.00
25.2800      134.00
25.3000      123.00
25.3200      124.00
25.3400      116.00
25.3600      112.00
25.3800      113.00
25.4000      145.00
25.4200      145.00
25.4400      122.00
25.4600      107.00
25.4800      105.00
25.5000      121.00
25.5200      103.00
25.5400      132.00
25.5600      117.00
25.5800      117.00
25.6000      111.00
25.6200      129.00
25.6400      115.00
25.6600      107.00
25.6800      116.00
25.7000      112.00
25.7200      122.00
25.7400      127.00
25.7600       96.00
25.7800      127.00
25.8000      106.00
25.8200      137.00
25.8400      119.00
25.8600      122.00
25.8800      111.00
25.9000      110.00
25.9200      127.00
25.9400      141.00
25.9600      150.00
25.9800      158.00
26.0000      161.00
26.0200      153.00
26.0400      186.00
26.0600      150.00
26.0800      161.00
26.1000      170.00
26.1200      170.00
26.1400      192.00
26.1600      200.00
26.1800      207.00
26.2000      185.00
26.2200      184.00
26.2400      196.00
26.2600      224.00
26.2800      207.00
26.3000      196.00
26.3200      190.00
26.3400      183.00
26.3600      195.00
26.3800      189.00
26.4000      210.00
26.4200      177.00
26.4400      191.00
26.4600      213.00
26.4800      191.00
26.5000      208.00
26.5200      178.00
26.5400      199.00
26.5600      187.00
26.5800      185.00
26.6000      182.00
26.6200      176.00
26.6400      157.00
26.6600      156.00
26.6800      140.00
26.7000      143.00
26.7200      148.00
26.7400      147.00
26.7600      110.00
26.7800      119.00
26.8000      125.00
26.8200      110.00
26.8400      114.00
26.8600      132.00
26.8800      124.00
26.9000      128.00
26.9200      122.00
26.9400      124.00
26.9600      142.00
26.9800      128.00
27.0000      130.00
27.0200      143.00
27.0400      152.00
27.0600      121.00
27.0800      113.00
27.1000      150.00
27.1200      127.00
27.1400      130.00
27.1600      159.00
27.1800      128.00
27.2000      129.00
27.2200      151.00
27.2400      155.00
27.2600      133.00
27.2800      152.00
27.3000      159.00
27.3200      148.00
27.3400      136.00
27.3600      149.00
27.3800      161.00
27.4000      161.00
27.4200      170.00
27.4400      154.00
27.4600      144.00
27.4800      191.00
27.5000      150.00
27.5200      175.00
27.5400      177.00
27.5600      184.00
27.5800      160.00
27.6000      191.00
27.6200      205.00
27.6400      201.00
27.6600      225.00
27.6800      237.00
27.7000      248.00
27.7200      238.00
27.7400      251.00
27.7600      270.00
27.7800      290.00
27.8000      250.00
27.8200      225.00
27.8400      242.00
27.8600      234.00
27.8800      194.00
27.9000      219.00
27.9200      214.00
27.9400      195.00
27.9600      189.00
27.9800      176.00
28.0000      146.00
28.0200      157.00
28.0400      160.00
28.0600      154.00
28.0800      156.00
28.1000      143.00
28.1200      147.00
28.1400      141.00
28.1600      141.00
28.1800      130.00
28.2000      155.00
28.2200      149.00
28.2400      151.00
28.2600      158.00
28.2800      175.00
28.3000      149.00
28.3200      183.00
28.3400      202.00
28.3600      212.00
28.3800      212.00
28.4000      282.00
28.4200      287.00
28.4400      267.00
28.4600      312.00
28.4800      300.00
28.5000      333.00
28.5200      319.00
28.5400      324.00
28.5600      319.00
28.5800      338.00
28.6000      372.00
28.6200      313.00
28.6400      315.00
28.6600      309.00
28.6800      288.00
28.7000      269.00
28.7200      294.00
28.7400      275.00
28.7600      259.00
28.7800      222.00
28.8000      219.00
28.8200      239.00
28.8400      217.00
28.8600      171.00
28.8800      190.00
28.9000      151.00
28.9200      193.00
28.9400      181.00
28.9600      158.00
28.9800      161.00
29.0000      201.00
29.0200      154.00
29.0400      151.00
29.0600      173.00
29.0800      148.00
29.1000      154.00
29.1200      153.00
29.1400      178.00
29.1600      171.00
29.1800      171.00
29.2000      176.00
29.2200      169.00
29.2400      188.00
29.2600      194.00
29.2800      175.00
29.3000      180.00
29.3200      201.00
29.3400      200.00
29.3600      177.00
29.3800      199.00
29.4000      197.00
29.4200      213.00
29.4400      179.00
29.4600      176.00
29.4800      176.00
29.5000      193.00
29.5200      179.00
29.5400      170.00
29.5600      183.00
29.5800      180.00
29.6000      159.00
29.6200      197.00
29.6400      147.00
29.6600      160.00
29.6800      143.00
29.7000      124.00
29.7200      122.00
29.7400      117.00
29.7600      133.00
29.7800       85.00
29.8000      130.00
29.8200      114.00
29.8400       95.00
29.8600       99.00
29.8800       92.00
29.9000      102.00
29.9200      116.00
29.9400       96.00
29.9600      106.00
29.9800       87.00
30.0000      125.00
30.0200      124.00
30.0400      116.00
30.0600      110.00
30.0800      121.00
30.1000      131.00
30.1200      130.00
30.1400      126.00
30.1600      130.00
30.1800      122.00
30.2000      130.00
30.2200      148.00
30.2400      140.00
30.2600      149.00
30.2800      122.00
30.3000      133.00
30.3200      158.00
30.3400      160.00
30.3600      168.00
30.3800      134.00
30.4000      120.00
30.4200      149.00
30.4400      124.00
30.4600      158.00
30.4800      140.00
30.5000      134.00
30.5200       98.00
30.5400      102.00
30.5600      112.00
30.5800      105.00
30.6000      115.00
30.6200      108.00
30.6400      110.00
30.6600      111.00
30.6800      100.00
30.7000      111.00
30.7200      108.00
30.7400      119.00
30.7600      126.00
30.7800      127.00
30.8000       95.00
30.8200      107.00
30.8400      106.00
30.8600      125.00
30.8800       96.00
30.9000      112.00
30.9200      103.00
30.9400      113.00
30.9600      102.00
30.9800      118.00
31.0000      104.00
31.0200       99.00
31.0400       94.00
31.0600       99.00
31.0800       88.00
31.1000      101.00
31.1200       99.00
31.1400       81.00
31.1600       95.00
31.1800      104.00
31.2000      106.00
31.2200       88.00
31.2400       96.00
31.2600      102.00
31.2800      100.00
31.3000      108.00
31.3200       94.00
31.3400       80.00
31.3600      102.00
31.3800      101.00
31.4000      100.00
31.4200       98.00
31.4400      103.00
31.4600       72.00
31.4800      101.00
31.5000      115.00
31.5200      105.00
31.5400       95.00
31.5600      109.00
31.5800       86.00
31.6000      109.00
31.6200      106.00
31.6400       95.00
31.6600      118.00
31.6800      104.00
31.7000      115.00
31.7200      101.00
31.7400       99.00
31.7600      116.00
31.7800      103.00
31.8000      120.00
31.8200      102.00
31.8400      116.00
31.8600      116.00
31.8800      112.00
31.9000       95.00
31.9200      110.00
31.9400      100.00
31.9600      119.00
31.9800       94.00
32.0000      106.00
32.0200      136.00
32.0400      125.00
32.0600      118.00
32.0800      139.00
32.1000      125.00
32.1200      130.00
32.1400      137.00
32.1600      115.00
32.1800      119.00
32.2000      138.00
32.2200      123.00
32.2400      140.00
32.2600      121.00
32.2800      130.00
32.3000      131.00
32.3200      126.00
32.3400      144.00
32.3600      146.00
32.3800      139.00
32.4000      134.00
32.4200      129.00
32.4400      140.00
32.4600      161.00
32.4800      144.00
32.5000      165.00
32.5200      149.00
32.5400      151.00
32.5600      153.00
32.5800      179.00
32.6000      150.00
32.6200      160.00
32.6400      165.00
32.6600      191.00
32.6800      179.00
32.7000      174.00
32.7200      161.00
32.7400      161.00
32.7600      163.00
32.7800      158.00
32.8000      135.00
32.8200      156.00
32.8400      134.00
32.8600      153.00
32.8800      124.00
32.9000      128.00
32.9200      102.00
32.9400      123.00
32.9600      113.00
32.9800      109.00
33.0000      104.00
33.0200      122.00
33.0400      115.00
33.0600      107.00
33.0800      123.00
33.1000      102.00
33.1200      126.00
33.1400      107.00
33.1600      118.00
33.1800      149.00
33.2000      132.00
33.2200      111.00
33.2400      117.00
33.2600      118.00
33.2800      136.00
33.3000      123.00
33.3200      142.00
33.3400      120.00
33.3600      119.00
33.3800      127.00
33.4000      124.00
33.4200      128.00
33.4400      142.00
33.4600      115.00
33.4800      133.00
33.5000      139.00
33.5200      130.00
33.5400      134.00
33.5600      139.00
33.5800      127.00
33.6000      124.00
33.6200      135.00
33.6400      132.00
33.6600       93.00
33.6800      103.00
33.7000      118.00
33.7200       96.00
33.7400      109.00
33.7600      106.00
33.7800       95.00
33.8000       83.00
33.8200       93.00
33.8400       96.00
33.8600       97.00
33.8800       88.00
33.9000      117.00
33.9200      113.00
33.9400      115.00
33.9600      103.00
33.9800      101.00
34.0000       92.00
34.0200       96.00
34.0400      124.00
34.0600      108.00
34.0800      103.00
34.1000      106.00
34.1200      114.00
34.1400      114.00
34.1600       98.00
34.1800      137.00
34.2000      140.00
34.2200      144.00
34.2400      138.00
34.2600      145.00
34.2800      144.00
34.3000      125.00
34.3200      140.00
34.3400      124.00
34.3600      109.00
34.3800      124.00
34.4000      129.00
34.4200      109.00
34.4400      130.00
34.4600      125.00
34.4800       88.00
34.5000      104.00
34.5200      100.00
34.5400       87.00
34.5600       89.00
34.5800       93.00
34.6000       91.00
34.6200      111.00
34.6400       88.00
34.6600       94.00
34.6800       84.00
34.7000       76.00
34.7200      100.00
34.7400       82.00
34.7600       91.00
34.7800       89.00
34.8000      101.00
34.8200      102.00
34.8400       95.00
34.8600      105.00
34.8800      126.00
34.9000      107.00
34.9200       84.00
34.9400       84.00
34.9600       96.00
34.9800       99.00
35.0000       99.00
