 2.2000      289.00
 2.2200      287.00
 2.2400      294.00
 2.2600      303.00
 2.2800      288.00
 2.3000      296.00
 2.3200      323.00
 2.3400      290.00
 2.3600      247.00
 2.3800      274.00
 2.4000      320.00
 2.4200      253.00
 2.4400      300.00
 2.4600      241.00
 2.4800      246.00
 2.5000      272.00
 2.5200      275.00
 2.5400      274.00
 2.5600      265.00
 2.5800      272.00
 2.6000      266.00
 2.6200      257.00
 2.6400      245.00
 2.6600      246.00
 2.6800      249.00
 2.7000      239.00
 2.7200      248.00
 2.7400      282.00
 2.7600      272.00
 2.7800      223.00
 2.8000      234.00
 2.8200      257.00
 2.8400      259.00
 2.8600      236.00
 2.8800      268.00
 2.9000      266.00
 2.9200      245.00
 2.9400      254.00
 2.9600      255.00
 2.9800      248.00
 3.0000      252.00
 3.0200      219.00
 3.0400      229.00
 3.0600      210.00
 3.0800      231.00
 3.1000      227.00
 3.1200      228.00
 3.1400      232.00
 3.1600      236.00
 3.1800      252.00
 3.2000      207.00
 3.2200      213.00
 3.2400      210.00
 3.2600      232.00
 3.2800      215.00
 3.3000      239.00
 3.3200      213.00
 3.3400      209.00
 3.3600      200.00
 3.3800      213.00
 3.4000      206.00
 3.4200      198.00
 3.4400      212.00
 3.4600      209.00
 3.4800      223.00
 3.5000      183.00
 3.5200      183.00
 3.5400      224.00
 3.5600      196.00
 3.5800      215.00
 3.6000      204.00
 3.6200      189.00
 3.6400      198.00
 3.6600      192.00
 3.6800      221.00
 3.7000      181.00
 3.7200      194.00
 3.7400      178.00
 3.7600      176.00
 3.7800      189.00
 3.8000      187.00
 3.8200      177.00
 3.8400      190.00
 3.8600      195.00
 3.8800      183.00
 3.9000      150.00
 3.9200      200.00
 3.9400      177.00
 3.9600      182.00
 3.9800      175.00
 4.0000      172.00
 4.0200      168.00
 4.0400      189.00
 4.0600      159.00
 4.0800      177.00
 4.1000      171.00
 4.1200      155.00
 4.1400      169.00
 4.1600      161.00
 4.1800      158.00
 4.2000      147.00
 4.2200      148.00
 4.2400      143.00
 4.2600      143.00
 4.2800      148.00
 4.3000      152.00
 4.3200      161.00
 4.3400      135.00
 4.3600      163.00
 4.3800      156.00
 4.4000      136.00
 4.4200      133.00
 4.4400      129.00
 4.4600      133.00
 4.4800      152.00
 4.5000      166.00
 4.5200      139.00
 4.5400      137.00
 4.5600      114.00
 4.5800      156.00
 4.6000      151.00
 4.6200      127.00
 4.6400      144.00
 4.6600      131.00
 4.6800      145.00
 4.7000      134.00
 4.7200      131.00
 4.7400      133.00
 4.7600      113.00
 4.7800      146.00
 4.8000      136.00
 4.8200      137.00
 4.8400      136.00
 4.8600      110.00
 4.8800      116.00
 4.9000      148.00
 4.9200      149.00
 4.9400      120.00
 4.9600      137.00
 4.9800      135.00
 5.0000      131.00
 5.0200      116.00
 5.0400      112.00
 5.0600      130.00
 5.0800      127.00
 5.1000      117.00
 5.1200      133.00
 5.1400      125.00
 5.1600      142.00
 5.1800      123.00
 5.2000      111.00
 5.2200      129.00
 5.2400      132.00
 5.2600      135.00
 5.2800      139.00
 5.3000      124.00
 5.3200      149.00
 5.3400      143.00
 5.3600      130.00
 5.3800      123.00
 5.4000      110.00
 5.4200      130.00
 5.4400      111.00
 5.4600      144.00
 5.4800      117.00
 5.5000      110.00
 5.5200      150.00
 5.5400      129.00
 5.5600      127.00
 5.5800      120.00
 5.6000      131.00
 5.6200      114.00
 5.6400      118.00
 5.6600      127.00
 5.6800      112.00
 5.7000      143.00
 5.7200      133.00
 5.7400      121.00
 5.7600      123.00
 5.7800      132.00
 5.8000      142.00
 5.8200      138.00
 5.8400      138.00
 5.8600      149.00
 5.8800      132.00
 5.9000      122.00
 5.9200      119.00
 5.9400      129.00
 5.9600      115.00
 5.9800      136.00
 6.0000      121.00
 6.0200      131.00
 6.0400      137.00
 6.0600      113.00
 6.0800      116.00
 6.1000      113.00
 6.1200      105.00
 6.1400      126.00
 6.1600      143.00
 6.1800      114.00
 6.2000      117.00
 6.2200      110.00
 6.2400      137.00
 6.2600      136.00
 6.2800      136.00
 6.3000      137.00
 6.3200      118.00
 6.3400      126.00
 6.3600      130.00
 6.3800      151.00
 6.4000      132.00
 6.4200      123.00
 6.4400      128.00
 6.4600      151.00
 6.4800      116.00
 6.5000      131.00
 6.5200      138.00
 6.5400      132.00
 6.5600      128.00
 6.5800      138.00
 6.6000      132.00
 6.6200      124.00
 6.6400      147.00
 6.6600      120.00
 6.6800      127.00
 6.7000      136.00
 6.7200      124.00
 6.7400      136.00
 6.7600      128.00
 6.7800      158.00
 6.8000      140.00
 6.8200      129.00
 6.8400      144.00
 6.8600      165.00
 6.8800      162.00
 6.9000      145.00
 6.9200      155.00
 6.9400      149.00
 6.9600      142.00
 6.9800      170.00
 7.0000      154.00
 7.0200      134.00
 7.0400      146.00
 7.0600      157.00
 7.0800      126.00
 7.1000      142.00
 7.1200      114.00
 7.1400      126.00
 7.1600      110.00
 7.1800      118.00
 7.2000      148.00
 7.2200      116.00
 7.2400      124.00
 7.2600      124.00
 7.2800      146.00
 7.3000      131.00
 7.3200      132.00
 7.3400      134.00
 7.3600      135.00
 7.3800      136.00
 7.4000      141.00
 7.4200      111.00
 7.4400      123.00
 7.4600      129.00
 7.4800      121.00
 7.5000      139.00
 7.5200      135.00
 7.5400      132.00
 7.5600      111.00
 7.5800      140.00
 7.6000      140.00
 7.6200      154.00
 7.6400      139.00
 7.6600      131.00
 7.6800      126.00
 7.7000      137.00
 7.7200      139.00
 7.7400      130.00
 7.7600      143.00
 7.7800      118.00
 7.8000      141.00
 7.8200      128.00
 7.8400      115.00
 7.8600      133.00
 7.8800      132.00
 7.9000      130.00
 7.9200      147.00
 7.9400      132.00
 7.9600      140.00
 7.9800      137.00
 8.0000      114.00
 8.0200      128.00
 8.0400      150.00
 8.0600      141.00
 8.0800      142.00
 8.1000      122.00
 8.1200      106.00
 8.1400      119.00
 8.1600      139.00
 8.1800      125.00
 8.2000      150.00
 8.2200      137.00
 8.2400      132.00
 8.2600      142.00
 8.2800      134.00
 8.3000      137.00
 8.3200      130.00
 8.3400      133.00
 8.3600      140.00
 8.3800      134.00
 8.4000      140.00
 8.4200      123.00
 8.4400      134.00
 8.4600      140.00
 8.4800      129.00
 8.5000      151.00
 8.5200      146.00
 8.5400      121.00
 8.5600      121.00
 8.5800      159.00
 8.6000      140.00
 8.6200      172.00
 8.6400      133.00
 8.6600      139.00
 8.6800      148.00
 8.7000      137.00
 8.7200      150.00
 8.7400      147.00
 8.7600      160.00
 8.7800      155.00
 8.8000      177.00
 8.8200      154.00
 8.8400      157.00
 8.8600      173.00
 8.8800      147.00
 8.9000      170.00
 8.9200      192.00
 8.9400      168.00
 8.9600      146.00
 8.9800      147.00
 9.0000      158.00
 9.0200      150.00
 9.0400      154.00
 9.0600      168.00
 9.0800      143.00
 9.1000      124.00
 9.1200      153.00
 9.1400      140.00
 9.1600      136.00
 9.1800      132.00
 9.2000      129.00
 9.2200      129.00
 9.2400      131.00
 9.2600      133.00
 9.2800      144.00
 9.3000      155.00
 9.3200      148.00
 9.3400      130.00
 9.3600      134.00
 9.3800      143.00
 9.4000      148.00
 9.4200      138.00
 9.4400      140.00
 9.4600      163.00
 9.4800      139.00
 9.5000      139.00
 9.5200      154.00
 9.5400      138.00
 9.5600      133.00
 9.5800      132.00
 9.6000      140.00
 9.6200      150.00
 9.6400      163.00
 9.6600      122.00
 9.6800      164.00
 9.7000      141.00
 9.7200      145.00
 9.7400      129.00
 9.7600      130.00
 9.7800      145.00
 9.8000      160.00
 9.8200      154.00
 9.8400      165.00
 9.8600      156.00
 9.8800      137.00
 9.9000      160.00
 9.9200      162.00
 9.9400      155.00
 9.9600      169.00
 9.9800      151.00
10.0000      187.00
10.0200      172.00
10.0400      178.00
10.0600      154.00
10.0800      152.00
10.1000      166.00
10.1200      143.00
10.1400      165.00
10.1600      160.00
10.1800      156.00
10.2000      160.00
10.2200      151.00
10.2400      157.00
10.2600      154.00
10.2800      173.00
10.3000      172.00
10.3200      138.00
10.3400      137.00
10.3600      138.00
10.3800      155.00
10.4000      158.00
10.4200      149.00
10.4400      132.00
10.4600      148.00
10.4800      113.00
10.5000      172.00
10.5200      147.00
10.5400      119.00
10.5600      122.00
10.5800      149.00
10.6000      116.00
10.6200      154.00
10.6400      156.00
10.6600      148.00
10.6800      155.00
10.7000      160.00
10.7200      116.00
10.7400      128.00
10.7600      151.00
10.7800      192.00
10.8000      174.00
10.8200      184.00
10.8400      182.00
10.8600      189.00
10.8800      166.00
10.9000      161.00
10.9200      192.00
10.9400      222.00
10.9600      223.00
10.9800      259.00
11.0000      230.00
11.0200      309.00
11.0400      310.00
11.0600      334.00
11.0800      362.00
11.1000      360.00
11.1200      415.00
11.1400      413.00
11.1600      408.00
11.1800      401.00
11.2000      435.00
11.2200      375.00
11.2400      339.00
11.2600      348.00
11.2800      324.00
11.3000      359.00
11.3200      341.00
11.3400      342.00
11.3600      419.00
11.3800      398.00
11.4000      363.00
11.4200      313.00
11.4400      311.00
11.4600      289.00
11.4800      234.00
11.5000      212.00
11.5200      203.00
11.5400      171.00
11.5600      192.00
11.5800      158.00
11.6000      161.00
11.6200      144.00
11.6400      164.00
11.6600      175.00
11.6800      183.00
11.7000      161.00
11.7200      181.00
11.7400      163.00
11.7600      164.00
11.7800      165.00
11.8000      164.00
11.8200      184.00
11.8400      191.00
11.8600      180.00
11.8800      197.00
11.9000      201.00
11.9200      208.00
11.9400      217.00
11.9600      207.00
11.9800      221.00
12.0000      224.00
12.0200      229.00
12.0400      269.00
12.0600      309.00
12.0800      323.00
12.1000      343.00
12.1200      357.00
12.1400      367.00
12.1600      369.00
12.1800      433.00
12.2000      382.00
12.2200      396.00
12.2400      382.00
12.2600      455.00
12.2800      395.00
12.3000      378.00
12.3200      322.00
12.3400      344.00
12.3600      257.00
12.3800      285.00
12.4000      244.00
12.4200      268.00
12.4400      261.00
12.4600      273.00
12.4800      309.00
12.5000      321.00
12.5200      365.00
12.5400      393.00
12.5600      419.00
12.5800      478.00
12.6000      500.00
12.6200      523.00
12.6400      554.00
12.6600      473.00
12.6800      483.00
12.7000      392.00
12.7200      384.00
12.7400      364.00
12.7600      299.00
12.7800      274.00
12.8000      241.00
12.8200      204.00
12.8400      216.00
12.8600      167.00
12.8800      151.00
12.9000      166.00
12.9200      168.00
12.9400      168.00
12.9600      187.00
12.9800      161.00
13.0000      153.00
13.0200      160.00
13.0400      155.00
13.0600      176.00
13.0800      141.00
13.1000      173.00
13.1200      162.00
13.1400      151.00
13.1600      161.00
13.1800      163.00
13.2000      152.00
13.2200      146.00
13.2400      166.00
13.2600      181.00
13.2800      188.00
13.3000      162.00
13.3200      167.00
13.3400      165.00
13.3600      164.00
13.3800      144.00
13.4000      175.00
13.4200      155.00
13.4400      129.00
13.4600      170.00
13.4800      179.00
13.5000      160.00
13.5200      169.00
13.5400      160.00
13.5600      142.00
13.5800      182.00
13.6000      140.00
13.6200      160.00
13.6400      136.00
13.6600      142.00
13.6800      128.00
13.7000      140.00
13.7200      158.00
13.7400      179.00
13.7600      152.00
13.7800      156.00
13.8000      161.00
13.8200      162.00
13.8400      168.00
13.8600      186.00
13.8800      184.00
13.9000      168.00
13.9200      183.00
13.9400      192.00
13.9600      208.00
13.9800      192.00
14.0000      195.00
14.0200      193.00
14.0400      201.00
14.0600      238.00
14.0800      245.00
14.1000      258.00
14.1200      263.00
14.1400      309.00
14.1600      311.00
14.1800      346.00
14.2000      400.00
14.2200      437.00
14.2400      452.00
14.2600      501.00
14.2800      520.00
14.3000      471.00
14.3200      519.00
14.3400      540.00
14.3600      504.00
14.3800      467.00
14.4000      450.00
14.4200      386.00
14.4400      409.00
14.4600      361.00
14.4800      348.00
14.5000      318.00
14.5200      312.00
14.5400      282.00
14.5600      273.00
14.5800      253.00
14.6000      224.00
14.6200      226.00
14.6400      215.00
14.6600      191.00
14.6800      169.00
14.7000      168.00
14.7200      167.00
14.7400      174.00
14.7600      151.00
14.7800      144.00
14.8000      160.00
14.8200      143.00
14.8400      152.00
14.8600      143.00
14.8800      164.00
14.9000      195.00
14.9200      147.00
14.9400      157.00
14.9600      164.00
14.9800      156.00
15.0000      151.00
15.0200      157.00
15.0400      154.00
15.0600      148.00
15.0800      177.00
15.1000      168.00
15.1200      159.00
15.1400      168.00
15.1600      158.00
15.1800      141.00
15.2000      160.00
15.2200      145.00
15.2400      144.00
15.2600      163.00
15.2800      155.00
15.3000      169.00
15.3200      128.00
15.3400      158.00
15.3600      169.00
15.3800      154.00
15.4000      144.00
15.4200      142.00
15.4400      155.00
15.4600      145.00
15.4800      158.00
15.5000      158.00
15.5200      165.00
15.5400      156.00
15.5600      127.00
15.5800      155.00
15.6000      160.00
15.6200      172.00
15.6400      138.00
15.6600      150.00
15.6800      179.00
15.7000      163.00
15.7200      163.00
15.7400      143.00
15.7600      164.00
15.7800      168.00
15.8000      194.00
15.8200      193.00
15.8400      206.00
15.8600      190.00
15.8800      193.00
15.9000      189.00
15.9200      248.00
15.9400      288.00
15.9600      270.00
15.9800      308.00
16.0000      316.00
16.0200      363.00
16.0400      338.00
16.0600      311.00
16.0800      304.00
16.1000      263.00
16.1200      285.00
16.1400      260.00
16.1600      272.00
16.1800      244.00
16.2000      265.00
16.2200      253.00
16.2400      255.00
16.2600      259.00
16.2800      273.00
16.3000      275.00
16.3200      278.00
16.3400      277.00
16.3600      305.00
16.3800      240.00
16.4000      250.00
16.4200      271.00
16.4400      282.00
16.4600      308.00
16.4800      335.00
16.5000      374.00
16.5200      384.00
16.5400      369.00
16.5600      376.00
16.5800      383.00
16.6000      407.00
16.6200      384.00
16.6400      329.00
16.6600      332.00
16.6800      303.00
16.7000      275.00
16.7200      240.00
16.7400      222.00
16.7600      187.00
16.7800      208.00
16.8000      185.00
16.8200      185.00
16.8400      207.00
16.8600      184.00
16.8800      172.00
16.9000      164.00
16.9200      176.00
16.9400      203.00
16.9600      204.00
16.9800      209.00
17.0000      242.00
17.0200      255.00
17.0400      234.00
17.0600      298.00
17.0800      361.00
17.1000      327.00
17.1200      362.00
17.1400      370.00
17.1600      375.00
17.1800      389.00
17.2000      353.00
17.2200      347.00
17.2400      334.00
17.2600      297.00
17.2800      307.00
17.3000      283.00
17.3200      321.00
17.3400      282.00
17.3600      339.00
17.3800      359.00
17.4000      388.00
17.4200      404.00
17.4400      441.00
17.4600      535.00
17.4800      619.00
17.5000      701.00
17.5200      779.00
17.5400      949.00
17.5600      997.00
17.5800     1090.00
17.6000     1204.00
17.6200     1245.00
17.6400     1271.00
17.6600     1313.00
17.6800     1328.00
17.7000     1322.00
17.7200     1218.00
17.7400     1119.00
17.7600      964.00
17.7800      793.00
17.8000      658.00
17.8200      529.00
17.8400      445.00
17.8600      351.00
17.8800      300.00
17.9000      273.00
17.9200      270.00
17.9400      239.00
17.9600      254.00
17.9800      245.00
18.0000      274.00
18.0200      233.00
18.0400      245.00
18.0600      205.00
18.0800      237.00
18.1000      213.00
18.1200      204.00
18.1400      199.00
18.1600      203.00
18.1800      172.00
18.2000      185.00
18.2200      240.00
18.2400      193.00
18.2600      177.00
18.2800      194.00
18.3000      220.00
18.3200      222.00
18.3400      253.00
18.3600      278.00
18.3800      285.00
18.4000      376.00
18.4200      425.00
18.4400      472.00
18.4600      504.00
18.4800      548.00
18.5000      572.00
18.5200      555.00
18.5400      544.00
18.5600      601.00
18.5800      524.00
18.6000      454.00
18.6200      424.00
18.6400      372.00
18.6600      352.00
18.6800      269.00
18.7000      254.00
18.7200      231.00
18.7400      225.00
18.7600      218.00
18.7800      224.00
18.8000      248.00
18.8200      215.00
18.8400      243.00
18.8600      234.00
18.8800      241.00
18.9000      214.00
18.9200      247.00
18.9400      237.00
18.9600      213.00
18.9800      214.00
19.0000      246.00
19.0200      216.00
19.0400      219.00
19.0600      224.00
19.0800      213.00
19.1000      215.00
19.1200      209.00
19.1400      195.00
19.1600      208.00
19.1800      231.00
19.2000      238.00
19.2200      226.00
19.2400      241.00
19.2600      264.00
19.2800      254.00
19.3000      279.00
19.3200      263.00
19.3400      241.00
19.3600      250.00
19.3800      252.00
19.4000      225.00
19.4200      269.00
19.4400      228.00
19.4600      224.00
19.4800      227.00
19.5000      241.00
19.5200      271.00
19.5400      287.00
19.5600      341.00
19.5800      381.00
19.6000      454.00
19.6200      533.00
19.6400      556.00
19.6600      712.00
19.6800      788.00
19.7000      919.00
19.7200      933.00
19.7400      971.00
19.7600     1036.00
19.7800     1150.00
19.8000     1108.00
19.8200     1018.00
19.8400      946.00
19.8600      808.00
19.8800      693.00
19.9000      607.00
19.9200      558.00
19.9400      450.00
19.9600      433.00
19.9800      376.00
20.0000      280.00
20.0200      307.00
20.0400      279.00
20.0600      290.00
20.0800      261.00
20.1000      256.00
20.1200      219.00
20.1400      198.00
20.1600      182.00
20.1800      209.00
20.2000      198.00
20.2200      197.00
20.2400      180.00
20.2600      185.00
20.2800      179.00
20.3000      184.00
20.3200      211.00
20.3400      183.00
20.3600      199.00
20.3800      181.00
20.4000      207.00
20.4200      192.00
20.4400      210.00
20.4600      202.00
20.4800      196.00
20.5000      213.00
20.5200      206.00
20.5400      231.00
20.5600      224.00
20.5800      238.00
20.6000      280.00
20.6200      337.00
20.6400      333.00
20.6600      418.00
20.6800      432.00
20.7000      496.00
20.7200      484.00
20.7400      535.00
20.7600      527.00
20.7800      588.00
20.8000      608.00
20.8200      679.00
20.8400      641.00
20.8600      587.00
20.8800      646.00
20.9000      632.00
20.9200      659.00
20.9400      706.00
20.9600      778.00
20.9800      833.00
21.0000     1012.00
21.0200     1052.00
21.0400     1203.00
21.0600     1262.00
21.0800     1497.00
21.1000     1619.00
21.1200     1711.00
21.1400     1729.00
21.1600     1699.00
21.1800     1587.00
21.2000     1480.00
21.2200     1395.00
21.2400     1194.00
21.2600     1027.00
21.2800      886.00
21.3000      672.00
21.3200      547.00
21.3400      464.00
21.3600      371.00
21.3800      316.00
21.4000      241.00
21.4200      264.00
21.4400      196.00
21.4600      225.00
21.4800      213.00
21.5000      186.00
21.5200      216.00
21.5400      185.00
21.5600      175.00
21.5800      174.00
21.6000      206.00
21.6200      170.00
21.6400      170.00
21.6600      189.00
21.6800      162.00
21.7000      161.00
21.7200      168.00
21.7400      172.00
21.7600      187.00
21.7800      164.00
21.8000      157.00
21.8200      164.00
21.8400      174.00
21.8600      194.00
21.8800      163.00
21.9000      147.00
21.9200      153.00
21.9400      165.00
21.9600      192.00
21.9800      177.00
22.0000      194.00
22.0200      180.00
22.0400      188.00
22.0600      202.00
22.0800      177.00
22.1000      228.00
22.1200      184.00
22.1400      216.00
22.1600      222.00
22.1800      198.00
22.2000      224.00
22.2200      258.00
22.2400      269.00
22.2600      291.00
22.2800      267.00
22.3000      262.00
22.3200      297.00
22.3400      319.00
22.3600      335.00
22.3800      319.00
22.4000      357.00
22.4200      389.00
22.4400      384.00
22.4600      343.00
22.4800      395.00
22.5000      349.00
22.5200      357.00
22.5400      405.00
22.5600      421.00
22.5800      434.00
22.6000      511.00
22.6200      533.00
22.6400      600.00
22.6600      695.00
22.6800      723.00
22.7000      698.00
22.7200      704.00
22.7400      665.00
22.7600      645.00
22.7800      631.00
22.8000      567.00
22.8200      517.00
22.8400      435.00
22.8600      412.00
22.8800      403.00
22.9000      367.00
22.9200      330.00
22.9400      301.00
22.9600      332.00
22.9800      338.00
23.0000      339.00
23.0200      350.00
23.0400      387.00
23.0600      397.00
23.0800      354.00
23.1000      449.00
23.1200      457.00
23.1400      441.00
23.1600      486.00
23.1800      541.00
23.2000      498.00
23.2200      488.00
23.2400      514.00
23.2600      434.00
23.2800      478.00
23.3000      429.00
23.3200      418.00
23.3400      394.00
23.3600      370.00
23.3800      356.00
23.4000      400.00
23.4200      397.00
23.4400      435.00
23.4600      468.00
23.4800      481.00
23.5000      496.00
23.5200      442.00
23.5400      453.00
23.5600      401.00
23.5800      364.00
23.6000      345.00
23.6200      287.00
23.6400      262.00
23.6600      247.00
23.6800      204.00
23.7000      196.00
23.7200      222.00
23.7400      193.00
23.7600      201.00
23.7800      176.00
23.8000      222.00
23.8200      216.00
23.8400      208.00
23.8600      203.00
23.8800      228.00
23.9000      216.00
23.9200      250.00
23.9400      229.00
23.9600      272.00
23.9800      248.00
24.0000      278.00
24.0200      316.00
24.0400      306.00
24.0600      371.00
24.0800      392.00
24.1000      398.00
24.1200      421.00
24.1400      451.00
24.1600      510.00
24.1800      564.00
24.2000      569.00
24.2200      540.00
24.2400      525.00
24.2600      503.00
24.2800      456.00
24.3000      510.00
24.3200      532.00
24.3400      483.00
24.3600      568.00
24.3800      566.00
24.4000      689.00
24.4200      734.00
24.4400      695.00
24.4600      727.00
24.4800      699.00
24.5000      805.00
24.5200      681.00
24.5400      683.00
24.5600      599.00
24.5800      581.00
24.6000      491.00
24.6200      385.00
24.6400      339.00
24.6600      283.00
24.6800      235.00
24.7000      235.00
24.7200      191.00
24.7400      196.00
24.7600      223.00
24.7800      232.00
24.8000      241.00
24.8200      233.00
24.8400      265.00
24.8600      281.00
24.8800      325.00
24.9000      371.00
24.9200      381.00
24.9400      457.00
24.9600      499.00
24.9800      540.00
25.0000      564.00
25.0200      560.00
25.0400      589.00
25.0600      583.00
25.0800      559.00
25.1000      513.00
25.1200      478.00
25.1400      484.00
25.1600      426.00
25.1800      350.00
25.2000      324.00
25.2200      274.00
25.2400      253.00
25.2600      224.00
25.2800      204.00
25.3000      185.00
25.3200      174.00
25.3400      159.00
25.3600      182.00
25.3800      194.00
25.4000      165.00
25.4200      153.00
25.4400      143.00
25.4600      151.00
25.4800      151.00
25.5000      158.00
25.5200      158.00
25.5400      160.00
25.5600      152.00
25.5800      157.00
25.6000      158.00
25.6200      161.00
25.6400      158.00
25.6600      159.00
25.6800      158.00
25.7000      154.00
25.7200      158.00
25.7400      162.00
25.7600      175.00
25.7800      129.00
25.8000      145.00
25.8200      147.00
25.8400      134.00
25.8600      175.00
25.8800      174.00
25.9000      160.00
25.9200      153.00
25.9400      165.00
25.9600      183.00
25.9800      206.00
26.0000      202.00
26.0200      190.00
26.0400      204.00
26.0600      240.00
26.0800      244.00
26.1000      276.00
26.1200      266.00
26.1400      277.00
26.1600      311.00
26.1800      321.00
26.2000      345.00
26.2200      336.00
26.2400      364.00
26.2600      399.00
26.2800      396.00
26.3000      401.00
26.3200      414.00
26.3400      443.00
26.3600      343.00
26.3800      399.00
26.4000      356.00
26.4200      328.00
26.4400      332.00
26.4600      348.00
26.4800      295.00
26.5000      321.00
26.5200      339.00
26.5400      301.00
26.5600      326.00
26.5800      288.00
26.6000      301.00
26.6200      304.00
26.6400      295.00
26.6600      237.00
26.6800      235.00
26.7000      212.00
26.7200      208.00
26.7400      199.00
26.7600      160.00
26.7800      185.00
26.8000      161.00
26.8200      146.00
26.8400      163.00
26.8600      161.00
26.8800      169.00
26.9000      122.00
26.9200      152.00
26.9400      164.00
26.9600      154.00
26.9800      157.00
27.0000      184.00
27.0200      162.00
27.0400      169.00
27.0600      170.00
27.0800      169.00
27.1000      163.00
27.1200      152.00
27.1400      215.00
27.1600      192.00
27.1800      171.00
27.2000      160.00
27.2200      193.00
27.2400      198.00
27.2600      187.00
27.2800      216.00
27.3000      232.00
27.3200      219.00
27.3400      235.00
27.3600      247.00
27.3800      222.00
27.4000      240.00
27.4200      268.00
27.4400      276.00
27.4600      251.00
27.4800      278.00
27.5000      253.00
27.5200      261.00
27.5400      238.00
27.5600      250.00
27.5800      269.00
27.6000      287.00
27.6200      310.00
27.6400      359.00
27.6600      350.00
27.6800      355.00
27.7000      385.00
27.7200      406.00
27.7400      485.00
27.7600      484.00
27.7800      418.00
27.8000      381.00
27.8200      446.00
27.8400      427.00
27.8600      393.00
27.8800      376.00
27.9000      309.00
27.9200      295.00
27.9400      286.00
27.9600      243.00
27.9800      238.00
28.0000      212.00
28.0200      207.00
28.0400      195.00
28.0600      219.00
28.0800      198.00
28.1000      219.00
28.1200      245.00
28.1400      199.00
28.1600      228.00
28.1800      197.00
28.2000      208.00
28.2200      167.00
28.2400      205.00
28.2600      188.00
28.2800      201.00
28.3000      190.00
28.3200      214.00
28.3400      217.00
28.3600      246.00
28.3800      258.00
28.4000      277.00
28.4200      308.00
28.4400      372.00
28.4600      441.00
28.4800      474.00
28.5000      549.00
28.5200      633.00
28.5400      694.00
28.5600      738.00
28.5800      790.00
28.6000      751.00
28.6200      746.00
28.6400      744.00
28.6600      648.00
28.6800      675.00
28.7000      554.00
28.7200      558.00
28.7400      499.00
28.7600      445.00
28.7800      412.00
28.8000      379.00
28.8200      352.00
28.8400      321.00
28.8600      307.00
28.8800      291.00
28.9000      296.00
28.9200      268.00
28.9400      256.00
28.9600      246.00
28.9800      264.00
29.0000      238.00
29.0200      236.00
29.0400      251.00
29.0600      245.00
29.0800      239.00
29.1000      270.00
29.1200      223.00
29.1400      260.00
29.1600      257.00
29.1800      296.00
29.2000      294.00
29.2200      284.00
29.2400      313.00
29.2600      299.00
29.2800      344.00
29.3000      306.00
29.3200      289.00
29.3400      308.00
29.3600      304.00
29.3800      332.00
29.4000      315.00
29.4200      334.00
29.4400      297.00
29.4600      315.00
29.4800      308.00
29.5000      371.00
29.5200      381.00
29.5400      343.00
29.5600      396.00
29.5800      393.00
29.6000      398.00
29.6200      409.00
29.6400      363.00
29.6600      333.00
29.6800      280.00
29.7000      233.00
29.7200      266.00
29.7400      201.00
29.7600      206.00
29.7800      166.00
29.8000      157.00
29.8200      136.00
29.8400      167.00
29.8600      137.00
29.8800      127.00
29.9000      140.00
29.9200      157.00
29.9400      145.00
29.9600      161.00
29.9800      159.00
30.0000      150.00
30.0200      157.00
30.0400      151.00
30.0600      171.00
30.0800      202.00
30.1000      223.00
30.1200      208.00
30.1400      262.00
30.1600      254.00
30.1800      279.00
30.2000      256.00
30.2200      299.00
30.2400      289.00
30.2600      295.00
30.2800      265.00
30.3000      268.00
30.3200      291.00
30.3400      266.00
30.3600      245.00
30.3800      245.00
30.4000      202.00
30.4200      219.00
30.4400      208.00
30.4600      203.00
30.4800      170.00
30.5000      190.00
30.5200      206.00
30.5400      198.00
30.5600      166.00
30.5800      171.00
30.6000      143.00
30.6200      165.00
30.6400      171.00
30.6600      162.00
30.6800      167.00
30.7000      158.00
30.7200      194.00
30.7400      168.00
30.7600      178.00
30.7800      184.00
30.8000      184.00
30.8200      165.00
30.8400      171.00
30.8600      153.00
30.8800      142.00
30.9000      191.00
30.9200      154.00
30.9400      141.00
30.9600      162.00
30.9800      130.00
31.0000      136.00
31.0200      127.00
31.0400      166.00
31.0600      142.00
31.0800      166.00
31.1000      169.00
31.1200      174.00
31.1400      170.00
31.1600      150.00
31.1800      147.00
31.2000      148.00
31.2200      144.00
31.2400      132.00
31.2600      129.00
31.2800      144.00
31.3000      112.00
31.3200      121.00
31.3400      131.00
31.3600      136.00
31.3800      126.00
31.4000      126.00
31.4200      125.00
31.4400      136.00
31.4600      119.00
31.4800      150.00
31.5000      110.00
31.5200      141.00
31.5400      119.00
31.5600      167.00
31.5800      173.00
31.6000      158.00
31.6200      186.00
31.6400      149.00
31.6600      190.00
31.6800      151.00
31.7000      171.00
31.7200      160.00
31.7400      156.00
31.7600      171.00
31.7800      136.00
31.8000      126.00
31.8200      147.00
31.8400      149.00
31.8600      130.00
31.8800      160.00
31.9000      143.00
31.9200      138.00
31.9400      141.00
31.9600      163.00
31.9800      166.00
32.0000      147.00
32.0200      167.00
32.0400      183.00
32.0600      161.00
32.0800      197.00
32.1000      197.00
32.1200      206.00
32.1400      225.00
32.1600      241.00
32.1800      207.00
32.2000      233.00
32.2200      235.00
32.2400      250.00
32.2600      223.00
32.2800      278.00
32.3000      230.00
32.3200      197.00
32.3400      232.00
32.3600      218.00
32.3800      234.00
32.4000      217.00
32.4200      199.00
32.4400      227.00
32.4600      231.00
32.4800      230.00
32.5000      211.00
32.5200      204.00
32.5400      209.00
32.5600      263.00
32.5800      243.00
32.6000      266.00
32.6200      252.00
32.6400      264.00
32.6600      238.00
32.6800      241.00
32.7000      265.00
32.7200      248.00
32.7400      224.00
32.7600      212.00
32.7800      244.00
32.8000      232.00
32.8200      204.00
32.8400      186.00
32.8600      221.00
32.8800      187.00
32.9000      187.00
32.9200      195.00
32.9400      155.00
32.9600      172.00
32.9800      172.00
33.0000      196.00
33.0200      183.00
33.0400      151.00
33.0600      209.00
33.0800      180.00
33.1000      197.00
33.1200      185.00
33.1400      191.00
33.1600      167.00
33.1800      194.00
33.2000      186.00
33.2200      190.00
33.2400      189.00
33.2600      195.00
33.2800      232.00
33.3000      236.00
33.3200      244.00
33.3400      265.00
33.3600      274.00
33.3800      251.00
33.4000      276.00
33.4200      289.00
33.4400      267.00
33.4600      260.00
33.4800      233.00
33.5000      218.00
33.5200      234.00
33.5400      212.00
33.5600      196.00
33.5800      208.00
33.6000      201.00
33.6200      190.00
33.6400      196.00
33.6600      170.00
33.6800      181.00
33.7000      163.00
33.7200      124.00
33.7400      148.00
33.7600      138.00
33.7800      155.00
33.8000      101.00
33.8200      145.00
33.8400      122.00
33.8600      117.00
33.8800      115.00
33.9000      130.00
33.9200      122.00
33.9400      138.00
33.9600      131.00
33.9800      132.00
34.0000      153.00
34.0200      136.00
34.0400      138.00
34.0600      150.00
34.0800      145.00
34.1000      150.00
34.1200      127.00
34.1400      151.00
34.1600      141.00
34.1800      169.00
34.2000      179.00
34.2200      216.00
34.2400      239.00
34.2600      216.00
34.2800      239.00
34.3000      219.00
34.3200      213.00
34.3400      237.00
34.3600      246.00
34.3800      233.00
34.4000      174.00
34.4200      173.00
34.4400      170.00
34.4600      161.00
34.4800      144.00
34.5000      128.00
34.5200      129.00
34.5400      139.00
34.5600      148.00
34.5800      159.00
34.6000      138.00
34.6200      135.00
34.6400      135.00
34.6600      136.00
34.6800      129.00
34.7000      127.00
34.7200      117.00
34.7400      125.00
34.7600      143.00
34.7800      118.00
34.8000      134.00
34.8200      133.00
34.8400      129.00
34.8600      137.00
34.8800      140.00
34.9000      132.00
34.9200      167.00
34.9400      144.00
34.9600      144.00
34.9800      141.00
35.0000      153.00
