 3.0000      132.00
 3.0200      141.00
 3.0400      145.00
 3.0600      134.00
 3.0800      138.00
 3.1000      136.00
 3.1200      136.00
 3.1400      121.00
 3.1600      141.00
 3.1800      139.00
 3.2000      134.00
 3.2200      117.00
 3.2400      144.00
 3.2600      144.00
 3.2800      111.00
 3.3000      144.00
 3.3200      125.00
 3.3400      126.00
 3.3600      131.00
 3.3800      128.00
 3.4000      134.00
 3.4200      100.00
 3.4400      121.00
 3.4600      122.00
 3.4800      119.00
 3.5000      125.00
 3.5200      102.00
 3.5400       99.00
 3.5600      114.00
 3.5800      116.00
 3.6000      128.00
 3.6200      127.00
 3.6400      159.00
 3.6600       99.00
 3.6800      115.00
 3.7000      136.00
 3.7200      129.00
 3.7400      108.00
 3.7600      127.00
 3.7800       94.00
 3.8000      130.00
 3.8200      113.00
 3.8400      120.00
 3.8600      113.00
 3.8800      124.00
 3.9000      119.00
 3.9200      105.00
 3.9400      111.00
 3.9600      112.00
 3.9800      106.00
 4.0000      114.00
 4.0200       98.00
 4.0400      118.00
 4.0600       90.00
 4.0800      116.00
 4.1000       94.00
 4.1200      111.00
 4.1400       92.00
 4.1600       86.00
 4.1800       97.00
 4.2000       90.00
 4.2200       93.00
 4.2400      103.00
 4.2600       92.00
 4.2800      101.00
 4.3000      123.00
 4.3200       98.00
 4.3400      119.00
 4.3600      104.00
 4.3800       88.00
 4.4000       93.00
 4.4200       87.00
 4.4400      107.00
 4.4600       98.00
 4.4800       95.00
 4.5000       89.00
 4.5200       99.00
 4.5400       94.00
 4.5600       98.00
 4.5800       87.00
 4.6000       93.00
 4.6200       89.00
 4.6400       86.00
 4.6600       82.00
 4.6800       79.00
 4.7000       83.00
 4.7200       88.00
 4.7400       84.00
 4.7600       87.00
 4.7800      107.00
 4.8000       93.00
 4.8200      103.00
 4.8400       96.00
 4.8600       82.00
 4.8800       80.00
 4.9000       89.00
 4.9200       90.00
 4.9400       93.00
 4.9600       88.00
 4.9800       88.00
 5.0000       87.00
 5.0200       80.00
 5.0400       91.00
 5.0600       73.00
 5.0800       63.00
 5.1000       79.00
 5.1200       88.00
 5.1400       84.00
 5.1600       81.00
 5.1800       95.00
 5.2000       84.00
 5.2200       72.00
 5.2400      106.00
 5.2600       95.00
 5.2800       96.00
 5.3000       76.00
 5.3200       76.00
 5.3400       93.00
 5.3600       81.00
 5.3800       80.00
 5.4000       83.00
 5.4200       94.00
 5.4400       97.00
 5.4600       88.00
 5.4800       99.00
 5.5000       93.00
 5.5200       83.00
 5.5400       96.00
 5.5600       90.00
 5.5800      104.00
 5.6000       95.00
 5.6200       94.00
 5.6400       98.00
 5.6600       80.00
 5.6800       85.00
 5.7000       88.00
 5.7200       87.00
 5.7400      100.00
 5.7600       92.00
 5.7800       94.00
 5.8000       99.00
 5.8200      115.00
 5.8400       97.00
 5.8600       96.00
 5.8800      101.00
 5.9000      109.00
 5.9200      103.00
 5.9400      104.00
 5.9600      116.00
 5.9800      114.00
 6.0000       99.00
 6.0200       98.00
 6.0400       87.00
 6.0600      113.00
 6.0800       97.00
 6.1000       91.00
 6.1200      116.00
 6.1400      104.00
 6.1600       95.00
 6.1800      112.00
 6.2000      103.00
 6.2200      125.00
 6.2400      105.00
 6.2600      108.00
 6.2800      135.00
 6.3000      106.00
 6.3200      112.00
 6.3400      132.00
 6.3600      113.00
 6.3800      137.00
 6.4000      119.00
 6.4200      112.00
 6.4400      156.00
 6.4600      169.00
 6.4800      148.00
 6.5000      146.00
 6.5200      182.00
 6.5400      167.00
 6.5600      163.00
 6.5800      172.00
 6.6000      184.00
 6.6200      192.00
 6.6400      185.00
 6.6600      180.00
 6.6800      205.00
 6.7000      201.00
 6.7200      209.00
 6.7400      216.00
 6.7600      222.00
 6.7800      219.00
 6.8000      229.00
 6.8200      235.00
 6.8400      229.00
 6.8600      266.00
 6.8800      229.00
 6.9000      197.00
 6.9200      194.00
 6.9400      217.00
 6.9600      193.00
 6.9800      166.00
 7.0000      155.00
 7.0200      160.00
 7.0400      149.00
 7.0600      135.00
 7.0800      137.00
 7.1000      123.00
 7.1200      124.00
 7.1400      124.00
 7.1600      116.00
 7.1800      123.00
 7.2000      106.00
 7.2200      142.00
 7.2400       84.00
 7.2600      109.00
 7.2800      119.00
 7.3000      111.00
 7.3200      115.00
 7.3400      102.00
 7.3600      107.00
 7.3800      134.00
 7.4000      110.00
 7.4200       99.00
 7.4400      111.00
 7.4600      120.00
 7.4800      103.00
 7.5000      122.00
 7.5200      130.00
 7.5400      129.00
 7.5600      132.00
 7.5800      130.00
 7.6000      120.00
 7.6200      141.00
 7.6400      145.00
 7.6600      127.00
 7.6800      132.00
 7.7000      137.00
 7.7200      130.00
 7.7400      145.00
 7.7600      121.00
 7.7800      113.00
 7.8000      116.00
 7.8200      121.00
 7.8400      123.00
 7.8600      114.00
 7.8800      117.00
 7.9000      113.00
 7.9200      127.00
 7.9400      116.00
 7.9600      120.00
 7.9800      108.00
 8.0000      129.00
 8.0200      113.00
 8.0400      106.00
 8.0600      123.00
 8.0800      123.00
 8.1000      100.00
 8.1200      115.00
 8.1400       93.00
 8.1600      121.00
 8.1800      118.00
 8.2000      120.00
 8.2200      101.00
 8.2400      116.00
 8.2600      106.00
 8.2800      108.00
 8.3000      126.00
 8.3200      103.00
 8.3400      136.00
 8.3600      112.00
 8.3800      119.00
 8.4000      109.00
 8.4200      115.00
 8.4400      104.00
 8.4600      131.00
 8.4800      123.00
 8.5000      116.00
 8.5200      120.00
 8.5400      120.00
 8.5600      118.00
 8.5800      122.00
 8.6000      116.00
 8.6200      121.00
 8.6400       99.00
 8.6600      125.00
 8.6800      124.00
 8.7000      128.00
 8.7200      124.00
 8.7400      139.00
 8.7600      137.00
 8.7800      129.00
 8.8000      138.00
 8.8200      108.00
 8.8400      140.00
 8.8600      169.00
 8.8800      141.00
 8.9000      129.00
 8.9200      159.00
 8.9400      156.00
 8.9600      141.00
 8.9800      134.00
 9.0000      148.00
 9.0200      134.00
 9.0400      141.00
 9.0600      155.00
 9.0800      142.00
 9.1000      159.00
 9.1200      172.00
 9.1400      151.00
 9.1600      169.00
 9.1800      152.00
 9.2000      157.00
 9.2200      143.00
 9.2400      142.00
 9.2600      156.00
 9.2800      135.00
 9.3000      150.00
 9.3200      124.00
 9.3400      132.00
 9.3600      132.00
 9.3800      137.00
 9.4000      145.00
 9.4200      129.00
 9.4400      153.00
 9.4600      145.00
 9.4800      141.00
 9.5000      124.00
 9.5200      136.00
 9.5400      130.00
 9.5600      140.00
 9.5800      152.00
 9.6000      116.00
 9.6200      137.00
 9.6400      149.00
 9.6600      155.00
 9.6800      155.00
 9.7000      165.00
 9.7200      143.00
 9.7400      168.00
 9.7600      151.00
 9.7800      184.00
 9.8000      160.00
 9.8200      188.00
 9.8400      178.00
 9.8600      166.00
 9.8800      171.00
 9.9000      218.00
 9.9200      192.00
 9.9400      182.00
 9.9600      213.00
 9.9800      211.00
10.0000      243.00
10.0200      221.00
10.0400      225.00
10.0600      241.00
10.0800      232.00
10.1000      238.00
10.1200      248.00
10.1400      206.00
10.1600      240.00
10.1800      233.00
10.2000      246.00
10.2200      245.00
10.2400      209.00
10.2600      240.00
10.2800      183.00
10.3000      216.00
10.3200      187.00
10.3400      212.00
10.3600      176.00
10.3800      182.00
10.4000      166.00
10.4200      160.00
10.4400      152.00
10.4600      137.00
10.4800      150.00
10.5000      148.00
10.5200      166.00
10.5400      158.00
10.5600      175.00
10.5800      148.00
10.6000      155.00
10.6200      180.00
10.6400      158.00
10.6600      153.00
10.6800      164.00
10.7000      163.00
10.7200      172.00
10.7400      175.00
10.7600      172.00
10.7800      172.00
10.8000      176.00
10.8200      179.00
10.8400      178.00
10.8600      181.00
10.8800      207.00
10.9000      208.00
10.9200      221.00
10.9400      224.00
10.9600      262.00
10.9800      265.00
11.0000      273.00
11.0200      322.00
11.0400      300.00
11.0600      332.00
11.0800      324.00
11.1000      361.00
11.1200      327.00
11.1400      351.00
11.1600      366.00
11.1800      357.00
11.2000      405.00
11.2200      411.00
11.2400      385.00
11.2600      402.00
11.2800      433.00
11.3000      424.00
11.3200      408.00
11.3400      422.00
11.3600      406.00
11.3800      394.00
11.4000      372.00
11.4200      383.00
11.4400      361.00
11.4600      318.00
11.4800      344.00
11.5000      332.00
11.5200      306.00
11.5400      331.00
11.5600      314.00
11.5800      316.00
11.6000      281.00
11.6200      324.00
11.6400      268.00
11.6600      262.00
11.6800      257.00
11.7000      206.00
11.7200      247.00
11.7400      215.00
11.7600      202.00
11.7800      188.00
11.8000      197.00
11.8200      189.00
11.8400      186.00
11.8600      172.00
11.8800      170.00
11.9000      156.00
11.9200      160.00
11.9400      177.00
11.9600      185.00
11.9800      209.00
12.0000      184.00
12.0200      205.00
12.0400      169.00
12.0600      216.00
12.0800      209.00
12.1000      243.00
12.1200      230.00
12.1400      232.00
12.1600      248.00
12.1800      260.00
12.2000      295.00
12.2200      314.00
12.2400      304.00
12.2600      301.00
12.2800      317.00
12.3000      340.00
12.3200      328.00
12.3400      317.00
12.3600      375.00
12.3800      388.00
12.4000      395.00
12.4200      388.00
12.4400      359.00
12.4600      386.00
12.4800      410.00
12.5000      410.00
12.5200      390.00
12.5400      362.00
12.5600      386.00
12.5800      373.00
12.6000      345.00
12.6200      332.00
12.6400      314.00
12.6600      301.00
12.6800      300.00
12.7000      314.00
12.7200      293.00
12.7400      285.00
12.7600      343.00
12.7800      298.00
12.8000      323.00
12.8200      362.00
12.8400      330.00
12.8600      329.00
12.8800      355.00
12.9000      358.00
12.9200      350.00
12.9400      343.00
12.9600      379.00
12.9800      365.00
13.0000      364.00
13.0200      357.00
13.0400      398.00
13.0600      393.00
13.0800      386.00
13.1000      428.00
13.1200      421.00
13.1400      387.00
13.1600      385.00
13.1800      380.00
13.2000      420.00
13.2200      402.00
13.2400      405.00
13.2600      401.00
13.2800      404.00
13.3000      333.00
13.3200      375.00
13.3400      357.00
13.3600      358.00
13.3800      384.00
13.4000      359.00
13.4200      375.00
13.4400      347.00
13.4600      316.00
13.4800      266.00
13.5000      272.00
13.5200      240.00
13.5400      244.00
13.5600      202.00
13.5800      178.00
13.6000      177.00
13.6200      187.00
13.6400      164.00
13.6600      170.00
13.6800      187.00
13.7000      176.00
13.7200      197.00
13.7400      182.00
13.7600      179.00
13.7800      166.00
13.8000      163.00
13.8200      164.00
13.8400      178.00
13.8600      168.00
13.8800      157.00
13.9000      187.00
13.9200      162.00
13.9400      156.00
13.9600      166.00
13.9800      156.00
14.0000      192.00
14.0200      198.00
14.0400      197.00
14.0600      193.00
14.0800      209.00
14.1000      212.00
14.1200      197.00
14.1400      206.00
14.1600      226.00
14.1800      288.00
14.2000      274.00
14.2200      305.00
14.2400      309.00
14.2600      338.00
14.2800      326.00
14.3000      350.00
14.3200      357.00
14.3400      352.00
14.3600      395.00
14.3800      392.00
14.4000      389.00
14.4200      377.00
14.4400      385.00
14.4600      404.00
14.4800      397.00
14.5000      448.00
14.5200      410.00
14.5400      432.00
14.5600      397.00
14.5800      376.00
14.6000      366.00
14.6200      375.00
14.6400      311.00
14.6600      336.00
14.6800      312.00
14.7000      289.00
14.7200      253.00
14.7400      270.00
14.7600      243.00
14.7800      251.00
14.8000      290.00
14.8200      236.00
14.8400      257.00
14.8600      248.00
14.8800      265.00
14.9000      269.00
14.9200      280.00
14.9400      311.00
14.9600      313.00
14.9800      342.00
15.0000      380.00
15.0200      361.00
15.0400      346.00
15.0600      388.00
15.0800      392.00
15.1000      390.00
15.1200      397.00
15.1400      438.00
15.1600      409.00
15.1800      421.00
15.2000      337.00
15.2200      420.00
15.2400      382.00
15.2600      402.00
15.2800      353.00
15.3000      374.00
15.3200      393.00
15.3400      356.00
15.3600      346.00
15.3800      343.00
15.4000      306.00
15.4200      286.00
15.4400      245.00
15.4600      262.00
15.4800      213.00
15.5000      213.00
15.5200      177.00
15.5400      172.00
15.5600      177.00
15.5800      162.00
15.6000      159.00
15.6200      162.00
15.6400      181.00
15.6600      157.00
15.6800      163.00
15.7000      145.00
15.7200      153.00
15.7400      167.00
15.7600      179.00
15.7800      178.00
15.8000      154.00
15.8200      174.00
15.8400      184.00
15.8600      187.00
15.8800      188.00
15.9000      186.00
15.9200      203.00
15.9400      194.00
15.9600      198.00
15.9800      195.00
16.0000      207.00
16.0200      251.00
16.0400      221.00
16.0600      215.00
16.0800      264.00
16.1000      261.00
16.1200      223.00
16.1400      286.00
16.1600      269.00
16.1800      330.00
16.2000      305.00
16.2200      302.00
16.2400      331.00
16.2600      362.00
16.2800      343.00
16.3000      355.00
16.3200      354.00
16.3400      394.00
16.3600      370.00
16.3800      402.00
16.4000      337.00
16.4200      389.00
16.4400      377.00
16.4600      409.00
16.4800      415.00
16.5000      446.00
16.5200      452.00
16.5400      440.00
16.5600      468.00
16.5800      431.00
16.6000      474.00
16.6200      477.00
16.6400      453.00
16.6600      435.00
16.6800      448.00
16.7000      422.00
16.7200      425.00
16.7400      436.00
16.7600      411.00
16.7800      409.00
16.8000      452.00
16.8200      408.00
16.8400      393.00
16.8600      414.00
16.8800      413.00
16.9000      376.00
16.9200      386.00
16.9400      388.00
16.9600      373.00
16.9800      403.00
17.0000      438.00
17.0200      424.00
17.0400      405.00
17.0600      440.00
17.0800      479.00
17.1000      519.00
17.1200      496.00
17.1400      539.00
17.1600      546.00
17.1800      518.00
17.2000      593.00
17.2200      579.00
17.2400      568.00
17.2600      614.00
17.2800      584.00
17.3000      574.00
17.3200      638.00
17.3400      581.00
17.3600      670.00
17.3800      616.00
17.4000      626.00
17.4200      671.00
17.4400      715.00
17.4600      734.00
17.4800      769.00
17.5000      782.00
17.5200      817.00
17.5400      826.00
17.5600      906.00
17.5800      974.00
17.6000      995.00
17.6200     1020.00
17.6400     1151.00
17.6600     1154.00
17.6800     1193.00
17.7000     1229.00
17.7200     1247.00
17.7400     1376.00
17.7600     1338.00
17.7800     1355.00
17.8000     1329.00
17.8200     1338.00
17.8400     1384.00
17.8600     1399.00
17.8800     1427.00
17.9000     1357.00
17.9200     1384.00
17.9400     1341.00
17.9600     1221.00
17.9800     1135.00
18.0000     1012.00
18.0200      928.00
18.0400      921.00
18.0600      787.00
18.0800      738.00
18.1000      722.00
18.1200      627.00
18.1400      611.00
18.1600      621.00
18.1800      644.00
18.2000      601.00
18.2200      639.00
18.2400      619.00
18.2600      666.00
18.2800      676.00
18.3000      769.00
18.3200      772.00
18.3400      780.00
18.3600      849.00
18.3800      845.00
18.4000      810.00
18.4200      870.00
18.4400      825.00
18.4600      817.00
18.4800      864.00
18.5000      804.00
18.5200      715.00
18.5400      756.00
18.5600      713.00
18.5800      722.00
18.6000      659.00
18.6200      650.00
18.6400      595.00
18.6600      598.00
18.6800      512.00
18.7000      499.00
18.7200      447.00
18.7400      427.00
18.7600      384.00
18.7800      325.00
18.8000      297.00
18.8200      292.00
18.8400      255.00
18.8600      243.00
18.8800      259.00
18.9000      270.00
18.9200      234.00
18.9400      258.00
18.9600      251.00
18.9800      232.00
19.0000      231.00
19.0200      256.00
19.0400      249.00
19.0600      275.00
19.0800      291.00
19.1000      294.00
19.1200      283.00
19.1400      278.00
19.1600      325.00
19.1800      330.00
19.2000      355.00
19.2200      426.00
19.2400      431.00
19.2600      454.00
19.2800      484.00
19.3000      509.00
19.3200      537.00
19.3400      544.00
19.3600      620.00
19.3800      565.00
19.4000      613.00
19.4200      584.00
19.4400      579.00
19.4600      621.00
19.4800      609.00
19.5000      667.00
19.5200      642.00
19.5400      639.00
19.5600      730.00
19.5800      809.00
19.6000      813.00
19.6200      844.00
19.6400      881.00
19.6600      879.00
19.6800      917.00
19.7000      926.00
19.7200      918.00
19.7400      895.00
19.7600      903.00
19.7800      857.00
19.8000      896.00
19.8200      923.00
19.8400      985.00
19.8600      927.00
19.8800      949.00
19.9000      986.00
19.9200     1006.00
19.9400     1054.00
19.9600      962.00
19.9800      941.00
20.0000      936.00
20.0200      882.00
20.0400      859.00
20.0600      844.00
20.0800      720.00
20.1000      687.00
20.1200      638.00
20.1400      629.00
20.1600      568.00
20.1800      517.00
20.2000      488.00
20.2200      461.00
20.2400      458.00
20.2600      408.00
20.2800      352.00
20.3000      325.00
20.3200      324.00
20.3400      273.00
20.3600      272.00
20.3800      254.00
20.4000      253.00
20.4200      270.00
20.4400      226.00
20.4600      250.00
20.4800      224.00
20.5000      231.00
20.5200      224.00
20.5400      222.00
20.5600      253.00
20.5800      240.00
20.6000      240.00
20.6200      228.00
20.6400      285.00
20.6600      279.00
20.6800      259.00
20.7000      271.00
20.7200      334.00
20.7400      333.00
20.7600      344.00
20.7800      366.00
20.8000      389.00
20.8200      396.00
20.8400      454.00
20.8600      480.00
20.8800      526.00
20.9000      542.00
20.9200      630.00
20.9400      692.00
20.9600      710.00
20.9800      733.00
21.0000      820.00
21.0200      868.00
21.0400      938.00
21.0600      914.00
21.0800      930.00
21.1000     1069.00
21.1200     1037.00
21.1400      989.00
21.1600     1019.00
21.1800     1059.00
21.2000     1132.00
21.2200     1061.00
21.2400     1054.00
21.2600     1024.00
21.2800     1056.00
21.3000     1087.00
21.3200     1063.00
21.3400      983.00
21.3600      992.00
21.3800      888.00
21.4000      846.00
21.4200      765.00
21.4400      718.00
21.4600      631.00
21.4800      638.00
21.5000      533.00
21.5200      471.00
21.5400      436.00
21.5600      386.00
21.5800      384.00
21.6000      375.00
21.6200      377.00
21.6400      382.00
21.6600      414.00
21.6800      397.00
21.7000      404.00
21.7200      485.00
21.7400      424.00
21.7600      456.00
21.7800      537.00
21.8000      495.00
21.8200      551.00
21.8400      614.00
21.8600      611.00
21.8800      681.00
21.9000      699.00
21.9200      778.00
21.9400      866.00
21.9600      887.00
21.9800      972.00
22.0000      994.00
22.0200     1081.00
22.0400     1023.00
22.0600     1055.00
22.0800     1072.00
22.1000     1115.00
22.1200     1140.00
22.1400     1080.00
22.1600     1174.00
22.1800     1143.00
22.2000     1142.00
22.2200     1174.00
22.2400     1263.00
22.2600     1271.00
22.2800     1269.00
22.3000     1250.00
22.3200     1238.00
22.3400     1315.00
22.3600     1279.00
22.3800     1233.00
22.4000     1247.00
22.4200     1140.00
22.4400     1129.00
22.4600     1177.00
22.4800     1145.00
22.5000     1102.00
22.5200     1130.00
22.5400     1185.00
22.5600     1148.00
22.5800     1106.00
22.6000     1084.00
22.6200     1071.00
22.6400     1071.00
22.6600     1028.00
22.6800      976.00
22.7000      944.00
22.7200      896.00
22.7400      971.00
22.7600      917.00
22.7800      843.00
22.8000      832.00
22.8200      729.00
22.8400      745.00
22.8600      681.00
22.8800      715.00
22.9000      599.00
22.9200      569.00
22.9400      533.00
22.9600      506.00
22.9800      503.00
23.0000      472.00
23.0200      464.00
23.0400      433.00
23.0600      385.00
23.0800      382.00
23.1000      386.00
23.1200      364.00
23.1400      391.00
23.1600      386.00
23.1800      378.00
23.2000      336.00
23.2200      355.00
23.2400      351.00
23.2600      386.00
23.2800      379.00
23.3000      380.00
23.3200      393.00
23.3400      370.00
23.3600      433.00
23.3800      431.00
23.4000      425.00
23.4200      434.00
23.4400      460.00
23.4600      429.00
23.4800      480.00
23.5000      481.00
23.5200      468.00
23.5400      497.00
23.5600      494.00
23.5800      471.00
23.6000      487.00
23.6200      529.00
23.6400      515.00
23.6600      461.00
23.6800      465.00
23.7000      452.00
23.7200      461.00
23.7400      459.00
23.7600      444.00
23.7800      398.00
23.8000      436.00
23.8200      400.00
23.8400      370.00
23.8600      316.00
23.8800      329.00
23.9000      312.00
23.9200      316.00
23.9400      298.00
23.9600      274.00
23.9800      268.00
24.0000      328.00
24.0200      303.00
24.0400      275.00
24.0600      291.00
24.0800      291.00
24.1000      315.00
24.1200      309.00
24.1400      332.00
24.1600      345.00
24.1800      340.00
24.2000      328.00
24.2200      346.00
24.2400      331.00
24.2600      346.00
24.2800      385.00
24.3000      365.00
24.3200      394.00
24.3400      414.00
24.3600      424.00
24.3800      439.00
24.4000      479.00
24.4200      510.00
24.4400      508.00
24.4600      542.00
24.4800      553.00
24.5000      581.00
24.5200      536.00
24.5400      580.00
24.5600      552.00
24.5800      607.00
24.6000      692.00
24.6200      691.00
24.6400      689.00
24.6600      745.00
24.6800      696.00
24.7000      719.00
24.7200      711.00
24.7400      670.00
24.7600      694.00
24.7800      713.00
24.8000      657.00
24.8200      691.00
24.8400      690.00
24.8600      666.00
24.8800      691.00
24.9000      723.00
24.9200      684.00
24.9400      717.00
24.9600      703.00
24.9800      708.00
25.0000      696.00
25.0200      742.00
25.0400      674.00
25.0600      676.00
25.0800      706.00
25.1000      665.00
25.1200      689.00
25.1400      684.00
25.1600      686.00
25.1800      621.00
25.2000      670.00
25.2200      644.00
25.2400      614.00
25.2600      615.00
25.2800      586.00
25.3000      574.00
25.3200      525.00
25.3400      490.00
25.3600      452.00
25.3800      411.00
25.4000      418.00
25.4200      384.00
25.4400      379.00
25.4600      377.00
25.4800      350.00
25.5000      342.00
25.5200      347.00
25.5400      326.00
25.5600      347.00
25.5800      358.00
25.6000      359.00
25.6200      380.00
25.6400      401.00
25.6600      381.00
25.6800      417.00
25.7000      438.00
25.7200      461.00
25.7400      461.00
25.7600      429.00
25.7800      437.00
25.8000      395.00
25.8200      432.00
25.8400      463.00
25.8600      437.00
25.8800      420.00
25.9000      420.00
25.9200      420.00
25.9400      385.00
25.9600      403.00
25.9800      371.00
26.0000      380.00
26.0200      355.00
26.0400      414.00
26.0600      382.00
26.0800      363.00
26.1000      376.00
26.1200      322.00
26.1400      328.00
26.1600      307.00
26.1800      323.00
26.2000      323.00
26.2200      332.00
26.2400      356.00
26.2600      344.00
26.2800      342.00
26.3000      374.00
26.3200      438.00
26.3400      405.00
26.3600      436.00
26.3800      436.00
26.4000      456.00
26.4200      483.00
26.4400      473.00
26.4600      489.00
26.4800      538.00
26.5000      530.00
26.5200      547.00
26.5400      565.00
26.5600      549.00
26.5800      606.00
26.6000      575.00
26.6200      587.00
26.6400      511.00
26.6600      552.00
26.6800      538.00
26.7000      548.00
26.7200      499.00
26.7400      522.00
26.7600      513.00
26.7800      451.00
26.8000      470.00
26.8200      445.00
26.8400      450.00
26.8600      383.00
26.8800      413.00
26.9000      384.00
26.9200      355.00
26.9400      313.00
26.9600      334.00
26.9800      341.00
27.0000      303.00
27.0200      328.00
27.0400      297.00
27.0600      311.00
27.0800      317.00
27.1000      332.00
27.1200      354.00
27.1400      431.00
27.1600      405.00
27.1800      436.00
27.2000      452.00
27.2200      548.00
27.2400      592.00
27.2600      689.00
27.2800      703.00
27.3000      780.00
27.3200      823.00
27.3400      859.00
27.3600      874.00
27.3800      929.00
27.4000      948.00
27.4200      931.00
27.4400      962.00
27.4600      884.00
27.4800      934.00
27.5000      955.00
27.5200      912.00
27.5400      795.00
27.5600      920.00
27.5800      847.00
27.6000      891.00
27.6200      843.00
27.6400      810.00
27.6600      768.00
27.6800      725.00
27.7000      655.00
27.7200      617.00
27.7400      563.00
27.7600      550.00
27.7800      570.00
27.8000      483.00
27.8200      460.00
27.8400      454.00
27.8600      471.00
27.8800      426.00
27.9000      428.00
27.9200      431.00
27.9400      474.00
27.9600      504.00
27.9800      474.00
28.0000      473.00
28.0200      464.00
28.0400      525.00
28.0600      456.00
28.0800      451.00
28.1000      489.00
28.1200      447.00
28.1400      495.00
28.1600      508.00
28.1800      481.00
28.2000      472.00
28.2200      511.00
28.2400      492.00
28.2600      467.00
28.2800      484.00
28.3000      431.00
28.3200      515.00
28.3400      498.00
28.3600      523.00
28.3800      509.00
28.4000      510.00
28.4200      487.00
28.4400      509.00
28.4600      511.00
28.4800      497.00
28.5000      569.00
28.5200      570.00
28.5400      630.00
28.5600      616.00
28.5800      619.00
28.6000      686.00
28.6200      705.00
28.6400      682.00
28.6600      719.00
28.6800      700.00
28.7000      755.00
28.7200      767.00
28.7400      780.00
28.7600      806.00
28.7800      791.00
28.8000      858.00
28.8200      804.00
28.8400      771.00
28.8600      821.00
28.8800      811.00
28.9000      795.00
28.9200      751.00
28.9400      783.00
28.9600      746.00
28.9800      623.00
29.0000      657.00
29.0200      675.00
29.0400      631.00
29.0600      593.00
29.0800      538.00
29.1000      564.00
29.1200      529.00
29.1400      481.00
29.1600      476.00
29.1800      441.00
29.2000      394.00
29.2200      357.00
29.2400      408.00
29.2600      370.00
29.2800      358.00
29.3000      346.00
29.3200      340.00
29.3400      335.00
29.3600      311.00
29.3800      346.00
29.4000      317.00
29.4200      293.00
29.4400      290.00
29.4600      307.00
29.4800      308.00
29.5000      288.00
29.5200      295.00
29.5400      340.00
29.5600      311.00
29.5800      317.00
29.6000      300.00
29.6200      308.00
29.6400      281.00
29.6600      332.00
29.6800      345.00
29.7000      307.00
29.7200      282.00
29.7400      282.00
29.7600      274.00
29.7800      273.00
29.8000      252.00
29.8200      279.00
29.8400      257.00
29.8600      261.00
29.8800      271.00
29.9000      278.00
29.9200      288.00
29.9400      234.00
29.9600      281.00
29.9800      270.00
30.0000      231.00
30.0200      254.00
30.0400      255.00
30.0600      265.00
30.0800      260.00
30.1000      256.00
30.1200      274.00
30.1400      302.00
30.1600      266.00
30.1800      287.00
30.2000      311.00
30.2200      287.00
30.2400      320.00
30.2600      351.00
30.2800      324.00
30.3000      314.00
30.3200      345.00
30.3400      374.00
30.3600      377.00
30.3800      348.00
30.4000      365.00
30.4200      379.00
30.4400      400.00
30.4600      349.00
30.4800      411.00
30.5000      398.00
30.5200      431.00
30.5400      423.00
30.5600      450.00
30.5800      381.00
30.6000      383.00
30.6200      360.00
30.6400      347.00
30.6600      415.00
30.6800      366.00
30.7000      358.00
30.7200      352.00
30.7400      353.00
30.7600      316.00
30.7800      356.00
30.8000      311.00
30.8200      286.00
30.8400      320.00
30.8600      307.00
30.8800      326.00
30.9000      337.00
30.9200      341.00
30.9400      342.00
30.9600      324.00
30.9800      344.00
31.0000      359.00
31.0200      366.00
31.0400      357.00
31.0600      337.00
31.0800      351.00
31.1000      352.00
31.1200      383.00
31.1400      319.00
31.1600      382.00
31.1800      326.00
31.2000      346.00
31.2200      336.00
31.2400      329.00
31.2600      356.00
31.2800      316.00
31.3000      300.00
31.3200      303.00
31.3400      318.00
31.3600      293.00
31.3800      273.00
31.4000      285.00
31.4200      272.00
31.4400      264.00
31.4600      261.00
31.4800      251.00
31.5000      248.00
31.5200      236.00
31.5400      247.00
31.5600      227.00
31.5800      249.00
31.6000      215.00
31.6200      230.00
31.6400      238.00
31.6600      257.00
31.6800      259.00
31.7000      259.00
31.7200      241.00
31.7400      226.00
31.7600      226.00
31.7800      232.00
31.8000      229.00
31.8200      239.00
31.8400      252.00
31.8600      237.00
31.8800      238.00
31.9000      220.00
31.9200      243.00
31.9400      223.00
31.9600      234.00
31.9800      269.00
32.0000      279.00
32.0200      256.00
32.0400      267.00
32.0600      265.00
32.0800      260.00
32.1000      327.00
32.1200      284.00
32.1400      314.00
32.1600      301.00
32.1800      349.00
32.2000      316.00
32.2200      336.00
32.2400      348.00
32.2600      379.00
32.2800      345.00
32.3000      341.00
32.3200      402.00
32.3400      370.00
32.3600      397.00
32.3800      387.00
32.4000      391.00
32.4200      365.00
32.4400      378.00
32.4600      361.00
32.4800      369.00
32.5000      378.00
32.5200      373.00
32.5400      353.00
32.5600      336.00
32.5800      345.00
32.6000      351.00
32.6200      339.00
32.6400      333.00
32.6600      323.00
32.6800      313.00
32.7000      292.00
32.7200      283.00
32.7400      281.00
32.7600      292.00
32.7800      329.00
32.8000      291.00
32.8200      314.00
32.8400      306.00
32.8600      278.00
32.8800      284.00
32.9000      300.00
32.9200      278.00
32.9400      238.00
32.9600      274.00
32.9800      289.00
33.0000      260.00
33.0200      270.00
33.0400      291.00
33.0600      298.00
33.0800      268.00
33.1000      325.00
33.1200      293.00
33.1400      276.00
33.1600      249.00
33.1800      257.00
33.2000      278.00
33.2200      294.00
33.2400      273.00
33.2600      270.00
33.2800      246.00
33.3000      278.00
33.3200      279.00
33.3400      289.00
33.3600      291.00
33.3800      283.00
33.4000      277.00
33.4200      263.00
33.4400      289.00
33.4600      292.00
33.4800      271.00
33.5000      297.00
33.5200      240.00
33.5400      268.00
33.5600      265.00
33.5800      249.00
33.6000      237.00
33.6200      276.00
33.6400      228.00
33.6600      221.00
33.6800      225.00
33.7000      217.00
33.7200      249.00
33.7400      224.00
33.7600      204.00
33.7800      211.00
33.8000      204.00
33.8200      184.00
33.8400      184.00
33.8600      192.00
33.8800      187.00
33.9000      210.00
33.9200      220.00
33.9400      199.00
33.9600      213.00
33.9800      196.00
34.0000      181.00
34.0200      197.00
34.0400      197.00
34.0600      198.00
34.0800      215.00
34.1000      223.00
34.1200      188.00
34.1400      198.00
34.1600      201.00
34.1800      165.00
34.2000      192.00
34.2200      202.00
34.2400      204.00
34.2600      185.00
34.2800      183.00
34.3000      195.00
34.3200      205.00
34.3400      225.00
34.3600      229.00
34.3800      220.00
34.4000      239.00
34.4200      239.00
34.4400      252.00
34.4600      190.00
34.4800      226.00
34.5000      213.00
34.5200      231.00
34.5400      211.00
34.5600      251.00
34.5800      228.00
34.6000      231.00
34.6200      244.00
34.6400      228.00
34.6600      187.00
34.6800      222.00
34.7000      236.00
34.7200      225.00
34.7400      235.00
34.7600      228.00
34.7800      234.00
34.8000      266.00
34.8200      231.00
34.8400      266.00
34.8600      281.00
34.8800      276.00
34.9000      288.00
34.9200      293.00
34.9400      324.00
34.9600      332.00
34.9800      319.00
35.0000      356.00
