 2.2000      276.00
 2.2200      304.00
 2.2400      304.00
 2.2600      267.00
 2.2800      280.00
 2.3000      296.00
 2.3200      271.00
 2.3400      270.00
 2.3600      304.00
 2.3800      305.00
 2.4000      302.00
 2.4200      295.00
 2.4400      276.00
 2.4600      261.00
 2.4800      296.00
 2.5000      320.00
 2.5200      255.00
 2.5400      267.00
 2.5600      271.00
 2.5800      277.00
 2.6000      264.00
 2.6200      273.00
 2.6400      266.00
 2.6600      286.00
 2.6800      263.00
 2.7000      257.00
 2.7200      259.00
 2.7400      259.00
 2.7600      219.00
 2.7800      262.00
 2.8000      267.00
 2.8200      255.00
 2.8400      244.00
 2.8600      281.00
 2.8800      202.00
 2.9000      229.00
 2.9200      269.00
 2.9400      228.00
 2.9600      245.00
 2.9800      243.00
 3.0000      235.00
 3.0200      237.00
 3.0400      234.00
 3.0600      247.00
 3.0800      257.00
 3.1000      276.00
 3.1200      237.00
 3.1400      230.00
 3.1600      199.00
 3.1800      237.00
 3.2000      230.00
 3.2200      218.00
 3.2400      240.00
 3.2600      241.00
 3.2800      238.00
 3.3000      199.00
 3.3200      226.00
 3.3400      234.00
 3.3600      212.00
 3.3800      233.00
 3.4000      208.00
 3.4200      215.00
 3.4400      228.00
 3.4600      196.00
 3.4800      204.00
 3.5000      174.00
 3.5200      222.00
 3.5400      216.00
 3.5600      211.00
 3.5800      212.00
 3.6000      195.00
 3.6200      184.00
 3.6400      218.00
 3.6600      214.00
 3.6800      186.00
 3.7000      211.00
 3.7200      202.00
 3.7400      174.00
 3.7600      199.00
 3.7800      234.00
 3.8000      194.00
 3.8200      185.00
 3.8400      189.00
 3.8600      164.00
 3.8800      170.00
 3.9000      180.00
 3.9200      180.00
 3.9400      180.00
 3.9600      181.00
 3.9800      173.00
 4.0000      185.00
 4.0200      173.00
 4.0400      173.00
 4.0600      180.00
 4.0800      157.00
 4.1000      170.00
 4.1200      166.00
 4.1400      182.00
 4.1600      122.00
 4.1800      166.00
 4.2000      166.00
 4.2200      147.00
 4.2400      180.00
 4.2600      152.00
 4.2800      126.00
 4.3000      148.00
 4.3200      156.00
 4.3400      173.00
 4.3600      145.00
 4.3800      157.00
 4.4000      164.00
 4.4200      162.00
 4.4400      133.00
 4.4600      170.00
 4.4800      150.00
 4.5000      160.00
 4.5200      115.00
 4.5400      137.00
 4.5600      129.00
 4.5800      127.00
 4.6000      151.00
 4.6200      142.00
 4.6400      148.00
 4.6600      135.00
 4.6800      149.00
 4.7000      131.00
 4.7200      151.00
 4.7400      133.00
 4.7600      114.00
 4.7800      133.00
 4.8000      131.00
 4.8200      127.00
 4.8400      125.00
 4.8600      145.00
 4.8800      128.00
 4.9000      113.00
 4.9200      132.00
 4.9400      143.00
 4.9600      134.00
 4.9800      156.00
 5.0000      130.00
 5.0200      126.00
 5.0400      113.00
 5.0600      138.00
 5.0800      116.00
 5.1000      148.00
 5.1200      127.00
 5.1400      120.00
 5.1600      114.00
 5.1800      137.00
 5.2000      119.00
 5.2200      106.00
 5.2400      126.00
 5.2600      132.00
 5.2800      136.00
 5.3000      127.00
 5.3200      120.00
 5.3400      139.00
 5.3600      135.00
 5.3800      112.00
 5.4000      146.00
 5.4200      116.00
 5.4400      122.00
 5.4600      139.00
 5.4800      147.00
 5.5000      151.00
 5.5200      142.00
 5.5400      119.00
 5.5600      137.00
 5.5800      127.00
 5.6000      117.00
 5.6200      127.00
 5.6400      118.00
 5.6600      127.00
 5.6800      144.00
 5.7000      137.00
 5.7200      137.00
 5.7400      131.00
 5.7600      128.00
 5.7800      136.00
 5.8000      130.00
 5.8200      128.00
 5.8400      129.00
 5.8600      127.00
 5.8800      140.00
 5.9000      133.00
 5.9200      108.00
 5.9400      123.00
 5.9600      118.00
 5.9800      119.00
 6.0000      134.00
 6.0200      137.00
 6.0400      145.00
 6.0600      132.00
 6.0800      150.00
 6.1000      113.00
 6.1200      139.00
 6.1400      153.00
 6.1600      143.00
 6.1800      121.00
 6.2000      134.00
 6.2200      119.00
 6.2400      152.00
 6.2600      143.00
 6.2800      138.00
 6.3000      125.00
 6.3200      152.00
 6.3400      150.00
 6.3600      137.00
 6.3800      148.00
 6.4000      122.00
 6.4200      148.00
 6.4400      151.00
 6.4600      151.00
 6.4800      126.00
 6.5000      135.00
 6.5200      131.00
 6.5400      140.00
 6.5600      124.00
 6.5800      150.00
 6.6000      135.00
 6.6200      130.00
 6.6400      130.00
 6.6600      129.00
 6.6800      118.00
 6.7000      141.00
 6.7200      122.00
 6.7400      106.00
 6.7600      134.00
 6.7800      136.00
 6.8000      155.00
 6.8200      148.00
 6.8400      149.00
 6.8600      134.00
 6.8800      140.00
 6.9000      143.00
 6.9200      121.00
 6.9400      127.00
 6.9600      143.00
 6.9800      146.00
 7.0000      143.00
 7.0200      139.00
 7.0400      127.00
 7.0600      135.00
 7.0800      127.00
 7.1000      128.00
 7.1200      118.00
 7.1400      134.00
 7.1600      114.00
 7.1800      140.00
 7.2000      144.00
 7.2200      125.00
 7.2400      110.00
 7.2600      128.00
 7.2800      119.00
 7.3000      151.00
 7.3200      125.00
 7.3400      137.00
 7.3600      122.00
 7.3800      132.00
 7.4000      137.00
 7.4200      129.00
 7.4400      114.00
 7.4600      113.00
 7.4800      109.00
 7.5000      136.00
 7.5200      131.00
 7.5400      117.00
 7.5600      139.00
 7.5800      134.00
 7.6000      118.00
 7.6200      109.00
 7.6400      142.00
 7.6600      142.00
 7.6800      125.00
 7.7000      112.00
 7.7200      136.00
 7.7400      149.00
 7.7600      112.00
 7.7800      124.00
 7.8000      153.00
 7.8200      135.00
 7.8400      107.00
 7.8600      102.00
 7.8800      121.00
 7.9000      105.00
 7.9200      123.00
 7.9400      127.00
 7.9600      159.00
 7.9800      137.00
 8.0000      128.00
 8.0200      132.00
 8.0400      150.00
 8.0600      129.00
 8.0800      121.00
 8.1000      133.00
 8.1200      127.00
 8.1400      109.00
 8.1600      151.00
 8.1800      119.00
 8.2000      146.00
 8.2200      146.00
 8.2400      135.00
 8.2600      130.00
 8.2800      134.00
 8.3000      139.00
 8.3200      121.00
 8.3400      121.00
 8.3600      111.00
 8.3800      136.00
 8.4000      128.00
 8.4200      120.00
 8.4400      132.00
 8.4600      137.00
 8.4800      131.00
 8.5000      143.00
 8.5200      140.00
 8.5400      158.00
 8.5600      121.00
 8.5800      142.00
 8.6000      141.00
 8.6200      139.00
 8.6400      137.00
 8.6600      165.00
 8.6800      148.00
 8.7000      145.00
 8.7200      144.00
 8.7400      121.00
 8.7600      131.00
 8.7800      165.00
 8.8000      142.00
 8.8200      167.00
 8.8400      159.00
 8.8600      165.00
 8.8800      136.00
 8.9000      141.00
 8.9200      192.00
 8.9400      153.00
 8.9600      133.00
 8.9800      163.00
 9.0000      126.00
 9.0200      132.00
 9.0400      117.00
 9.0600      137.00
 9.0800      146.00
 9.1000      129.00
 9.1200      137.00
 9.1400      136.00
 9.1600      120.00
 9.1800      147.00
 9.2000      114.00
 9.2200      125.00
 9.2400      116.00
 9.2600      133.00
 9.2800      144.00
 9.3000      139.00
 9.3200      129.00
 9.3400      132.00
 9.3600      119.00
 9.3800      162.00
 9.4000      127.00
 9.4200      140.00
 9.4400      135.00
 9.4600      139.00
 9.4800      116.00
 9.5000      133.00
 9.5200      119.00
 9.5400      131.00
 9.5600      124.00
 9.5800      145.00
 9.6000      117.00
 9.6200      132.00
 9.6400      149.00
 9.6600      146.00
 9.6800      143.00
 9.7000      150.00
 9.7200      133.00
 9.7400      138.00
 9.7600      142.00
 9.7800      136.00
 9.8000      160.00
 9.8200      153.00
 9.8400      137.00
 9.8600      168.00
 9.8800      147.00
 9.9000      157.00
 9.9200      129.00
 9.9400      171.00
 9.9600      141.00
 9.9800      153.00
10.0000      151.00
10.0200      130.00
10.0400      173.00
10.0600      133.00
10.0800      155.00
10.1000      149.00
10.1200      175.00
10.1400      141.00
10.1600      129.00
10.1800      131.00
10.2000      134.00
10.2200      142.00
10.2400      151.00
10.2600      124.00
10.2800      143.00
10.3000      141.00
10.3200      131.00
10.3400      152.00
10.3600      139.00
10.3800      142.00
10.4000      132.00
10.4200      142.00
10.4400      155.00
10.4600      146.00
10.4800      135.00
10.5000      152.00
10.5200      128.00
10.5400      148.00
10.5600      149.00
10.5800      142.00
10.6000      143.00
10.6200      152.00
10.6400      147.00
10.6600      149.00
10.6800      134.00
10.7000      168.00
10.7200      145.00
10.7400      148.00
10.7600      146.00
10.7800      174.00
10.8000      172.00
10.8200      153.00
10.8400      172.00
10.8600      149.00
10.8800      185.00
10.9000      203.00
10.9200      195.00
10.9400      223.00
10.9600      237.00
10.9800      300.00
11.0000      265.00
11.0200      300.00
11.0400      317.00
11.0600      275.00
11.0800      320.00
11.1000      270.00
11.1200      281.00
11.1400      315.00
11.1600      328.00
11.1800      347.00
11.2000      318.00
11.2200      339.00
11.2400      369.00
11.2600      375.00
11.2800      327.00
11.3000      326.00
11.3200      343.00
11.3400      304.00
11.3600      321.00
11.3800      326.00
11.4000      275.00
11.4200      281.00
11.4400      290.00
11.4600      236.00
11.4800      196.00
11.5000      185.00
11.5200      167.00
11.5400      174.00
11.5600      160.00
11.5800      165.00
11.6000      140.00
11.6200      152.00
11.6400      151.00
11.6600      154.00
11.6800      171.00
11.7000      152.00
11.7200      167.00
11.7400      158.00
11.7600      158.00
11.7800      155.00
11.8000      158.00
11.8200      143.00
11.8400      165.00
11.8600      172.00
11.8800      176.00
11.9000      190.00
11.9200      203.00
11.9400      214.00
11.9600      204.00
11.9800      220.00
12.0000      228.00
12.0200      264.00
12.0400      264.00
12.0600      276.00
12.0800      274.00
12.1000      294.00
12.1200      315.00
12.1400      286.00
12.1600      328.00
12.1800      368.00
12.2000      330.00
12.2200      334.00
12.2400      337.00
12.2600      305.00
12.2800      285.00
12.3000      281.00
12.3200      260.00
12.3400      235.00
12.3600      250.00
12.3800      230.00
12.4000      267.00
12.4200      275.00
12.4400      264.00
12.4600      307.00
12.4800      327.00
12.5000      364.00
12.5200      345.00
12.5400      399.00
12.5600      370.00
12.5800      376.00
12.6000      355.00
12.6200      379.00
12.6400      344.00
12.6600      305.00
12.6800      337.00
12.7000      271.00
12.7200      289.00
12.7400      232.00
12.7600      201.00
12.7800      201.00
12.8000      179.00
12.8200      177.00
12.8400      182.00
12.8600      159.00
12.8800      138.00
12.9000      159.00
12.9200      146.00
12.9400      158.00
12.9600      151.00
12.9800      129.00
13.0000      142.00
13.0200      140.00
13.0400      157.00
13.0600      168.00
13.0800      168.00
13.1000      150.00
13.1200      122.00
13.1400      139.00
13.1600      156.00
13.1800      158.00
13.2000      141.00
13.2200      139.00
13.2400      131.00
13.2600      165.00
13.2800      153.00
13.3000      131.00
13.3200      149.00
13.3400      123.00
13.3600      153.00
13.3800      140.00
13.4000      151.00
13.4200      136.00
13.4400      143.00
13.4600      131.00
13.4800      132.00
13.5000      145.00
13.5200      127.00
13.5400      155.00
13.5600      139.00
13.5800      134.00
13.6000      157.00
13.6200      165.00
13.6400      130.00
13.6600      134.00
13.6800      170.00
13.7000      160.00
13.7200      150.00
13.7400      137.00
13.7600      151.00
13.7800      170.00
13.8000      160.00
13.8200      137.00
13.8400      155.00
13.8600      177.00
13.8800      160.00
13.9000      196.00
13.9200      158.00
13.9400      177.00
13.9600      171.00
13.9800      223.00
14.0000      194.00
14.0200      188.00
14.0400      214.00
14.0600      244.00
14.0800      266.00
14.1000      255.00
14.1200      297.00
14.1400      334.00
14.1600      379.00
14.1800      372.00
14.2000      433.00
14.2200      420.00
14.2400      464.00
14.2600      484.00
14.2800      446.00
14.3000      482.00
14.3200      480.00
14.3400      492.00
14.3600      470.00
14.3800      480.00
14.4000      474.00
14.4200      443.00
14.4400      378.00
14.4600      292.00
14.4800      277.00
14.5000      260.00
14.5200      265.00
14.5400      218.00
14.5600      238.00
14.5800      198.00
14.6000      204.00
14.6200      199.00
14.6400      169.00
14.6600      164.00
14.6800      158.00
14.7000      179.00
14.7200      139.00
14.7400      166.00
14.7600      150.00
14.7800      154.00
14.8000      147.00
14.8200      137.00
14.8400      145.00
14.8600      177.00
14.8800      151.00
14.9000      154.00
14.9200      156.00
14.9400      138.00
14.9600      149.00
14.9800      160.00
15.0000      145.00
15.0200      140.00
15.0400      158.00
15.0600      155.00
15.0800      146.00
15.1000      141.00
15.1200      153.00
15.1400      135.00
15.1600      142.00
15.1800      148.00
15.2000      150.00
15.2200      125.00
15.2400      146.00
15.2600      132.00
15.2800      153.00
15.3000      128.00
15.3200      176.00
15.3400      141.00
15.3600      145.00
15.3800      132.00
15.4000      146.00
15.4200      127.00
15.4400      142.00
15.4600      130.00
15.4800      132.00
15.5000      152.00
15.5200      122.00
15.5400      152.00
15.5600      121.00
15.5800      145.00
15.6000      135.00
15.6200      146.00
15.6400      155.00
15.6600      152.00
15.6800      157.00
15.7000      146.00
15.7200      147.00
15.7400      140.00
15.7600      167.00
15.7800      174.00
15.8000      167.00
15.8200      197.00
15.8400      188.00
15.8600      194.00
15.8800      188.00
15.9000      206.00
15.9200      241.00
15.9400      242.00
15.9600      244.00
15.9800      288.00
16.0000      260.00
16.0200      273.00
16.0400      279.00
16.0600      284.00
16.0800      259.00
16.1000      291.00
16.1200      281.00
16.1400      285.00
16.1600      291.00
16.1800      280.00
16.2000      288.00
16.2200      279.00
16.2400      271.00
16.2600      245.00
16.2800      243.00
16.3000      230.00
16.3200      234.00
16.3400      235.00
16.3600      222.00
16.3800      237.00
16.4000      284.00
16.4200      257.00
16.4400      277.00
16.4600      313.00
16.4800      310.00
16.5000      310.00
16.5200      305.00
16.5400      297.00
16.5600      326.00
16.5800      280.00
16.6000      260.00
16.6200      251.00
16.6400      232.00
16.6600      269.00
16.6800      263.00
16.7000      247.00
16.7200      215.00
16.7400      221.00
16.7600      193.00
16.7800      187.00
16.8000      169.00
16.8200      155.00
16.8400      175.00
16.8600      158.00
16.8800      201.00
16.9000      164.00
16.9200      170.00
16.9400      215.00
16.9600      192.00
16.9800      217.00
17.0000      223.00
17.0200      226.00
17.0400      241.00
17.0600      304.00
17.0800      250.00
17.1000      325.00
17.1200      291.00
17.1400      308.00
17.1600      290.00
17.1800      278.00
17.2000      328.00
17.2200      289.00
17.2400      320.00
17.2600      283.00
17.2800      299.00
17.3000      303.00
17.3200      309.00
17.3400      383.00
17.3600      359.00
17.3800      356.00
17.4000      419.00
17.4200      539.00
17.4400      560.00
17.4600      588.00
17.4800      695.00
17.5000      771.00
17.5200      785.00
17.5400      889.00
17.5600      908.00
17.5800      965.00
17.6000     1050.00
17.6200      971.00
17.6400      995.00
17.6600      976.00
17.6800      952.00
17.7000      953.00
17.7200      871.00
17.7400      812.00
17.7600      716.00
17.7800      597.00
17.8000      507.00
17.8200      464.00
17.8400      393.00
17.8600      359.00
17.8800      306.00
17.9000      267.00
17.9200      248.00
17.9400      250.00
17.9600      252.00
17.9800      232.00
18.0000      225.00
18.0200      211.00
18.0400      198.00
18.0600      220.00
18.0800      207.00
18.1000      215.00
18.1200      203.00
18.1400      187.00
18.1600      202.00
18.1800      176.00
18.2000      210.00
18.2200      197.00
18.2400      210.00
18.2600      229.00
18.2800      238.00
18.3000      228.00
18.3200      256.00
18.3400      249.00
18.3600      306.00
18.3800      349.00
18.4000      351.00
18.4200      370.00
18.4400      423.00
18.4600      443.00
18.4800      416.00
18.5000      438.00
18.5200      448.00
18.5400      401.00
18.5600      364.00
18.5800      351.00
18.6000      321.00
18.6200      279.00
18.6400      223.00
18.6600      226.00
18.6800      254.00
18.7000      223.00
18.7200      203.00
18.7400      211.00
18.7600      216.00
18.7800      200.00
18.8000      192.00
18.8200      218.00
18.8400      196.00
18.8600      225.00
18.8800      207.00
18.9000      198.00
18.9200      194.00
18.9400      213.00
18.9600      206.00
18.9800      217.00
19.0000      170.00
19.0200      179.00
19.0400      191.00
19.0600      192.00
19.0800      204.00
19.1000      184.00
19.1200      205.00
19.1400      218.00
19.1600      216.00
19.1800      247.00
19.2000      209.00
19.2200      239.00
19.2400      252.00
19.2600      203.00
19.2800      206.00
19.3000      188.00
19.3200      192.00
19.3400      214.00
19.3600      221.00
19.3800      217.00
19.4000      232.00
19.4200      218.00
19.4400      216.00
19.4600      246.00
19.4800      224.00
19.5000      273.00
19.5200      270.00
19.5400      329.00
19.5600      346.00
19.5800      452.00
19.6000      448.00
19.6200      511.00
19.6400      614.00
19.6600      653.00
19.6800      704.00
19.7000      807.00
19.7200      810.00
19.7400      836.00
19.7600      879.00
19.7800      847.00
19.8000      805.00
19.8200      725.00
19.8400      624.00
19.8600      560.00
19.8800      520.00
19.9000      484.00
19.9200      403.00
19.9400      387.00
19.9600      295.00
19.9800      291.00
20.0000      275.00
20.0200      246.00
20.0400      221.00
20.0600      234.00
20.0800      194.00
20.1000      189.00
20.1200      163.00
20.1400      168.00
20.1600      185.00
20.1800      183.00
20.2000      167.00
20.2200      168.00
20.2400      184.00
20.2600      151.00
20.2800      179.00
20.3000      181.00
20.3200      157.00
20.3400      194.00
20.3600      161.00
20.3800      164.00
20.4000      178.00
20.4200      186.00
20.4400      174.00
20.4600      178.00
20.4800      215.00
20.5000      203.00
20.5200      202.00
20.5400      223.00
20.5600      185.00
20.5800      246.00
20.6000      285.00
20.6200      325.00
20.6400      315.00
20.6600      368.00
20.6800      398.00
20.7000      411.00
20.7200      435.00
20.7400      446.00
20.7600      468.00
20.7800      463.00
20.8000      484.00
20.8200      448.00
20.8400      520.00
20.8600      541.00
20.8800      512.00
20.9000      605.00
20.9200      650.00
20.9400      802.00
20.9600      881.00
20.9800      955.00
21.0000     1101.00
21.0200     1187.00
21.0400     1280.00
21.0600     1306.00
21.0800     1424.00
21.1000     1462.00
21.1200     1338.00
21.1400     1324.00
21.1600     1279.00
21.1800     1185.00
21.2000     1099.00
21.2200     1034.00
21.2400      880.00
21.2600      737.00
21.2800      589.00
21.3000      486.00
21.3200      421.00
21.3400      394.00
21.3600      301.00
21.3800      252.00
21.4000      231.00
21.4200      196.00
21.4400      185.00
21.4600      183.00
21.4800      178.00
21.5000      173.00
21.5200      140.00
21.5400      181.00
21.5600      136.00
21.5800      151.00
21.6000      137.00
21.6200      156.00
21.6400      166.00
21.6600      174.00
21.6800      141.00
21.7000      166.00
21.7200      172.00
21.7400      145.00
21.7600      153.00
21.7800      146.00
21.8000      143.00
21.8200      167.00
21.8400      160.00
21.8600      162.00
21.8800      142.00
21.9000      144.00
21.9200      167.00
21.9400      164.00
21.9600      156.00
21.9800      167.00
22.0000      159.00
22.0200      166.00
22.0400      195.00
22.0600      190.00
22.0800      196.00
22.1000      176.00
22.1200      204.00
22.1400      196.00
22.1600      216.00
22.1800      232.00
22.2000      209.00
22.2200      256.00
22.2400      235.00
22.2600      241.00
22.2800      276.00
22.3000      256.00
22.3200      303.00
22.3400      328.00
22.3600      295.00
22.3800      272.00
22.4000      281.00
22.4200      325.00
22.4400      336.00
22.4600      365.00
22.4800      346.00
22.5000      351.00
22.5200      385.00
22.5400      407.00
22.5600      390.00
22.5800      471.00
22.6000      468.00
22.6200      512.00
22.6400      545.00
22.6600      537.00
22.6800      577.00
22.7000      571.00
22.7200      535.00
22.7400      545.00
22.7600      496.00
22.7800      503.00
22.8000      437.00
22.8200      401.00
22.8400      347.00
22.8600      347.00
22.8800      308.00
22.9000      309.00
22.9200      289.00
22.9400      273.00
22.9600      310.00
22.9800      310.00
23.0000      307.00
23.0200      326.00
23.0400      406.00
23.0600      374.00
23.0800      384.00
23.1000      369.00
23.1200      399.00
23.1400      405.00
23.1600      395.00
23.1800      390.00
23.2000      390.00
23.2200      394.00
23.2400      348.00
23.2600      410.00
23.2800      366.00
23.3000      352.00
23.3200      351.00
23.3400      326.00
23.3600      368.00
23.3800      386.00
23.4000      350.00
23.4200      398.00
23.4400      348.00
23.4600      386.00
23.4800      354.00
23.5000      343.00
23.5200      321.00
23.5400      296.00
23.5600      276.00
23.5800      309.00
23.6000      221.00
23.6200      213.00
23.6400      223.00
23.6600      208.00
23.6800      212.00
23.7000      171.00
23.7200      183.00
23.7400      168.00
23.7600      171.00
23.7800      186.00
23.8000      171.00
23.8200      164.00
23.8400      180.00
23.8600      200.00
23.8800      201.00
23.9000      194.00
23.9200      215.00
23.9400      211.00
23.9600      243.00
23.9800      262.00
24.0000      274.00
24.0200      281.00
24.0400      307.00
24.0600      302.00
24.0800      318.00
24.1000      322.00
24.1200      363.00
24.1400      348.00
24.1600      364.00
24.1800      411.00
24.2000      405.00
24.2200      365.00
24.2400      387.00
24.2600      413.00
24.2800      421.00
24.3000      411.00
24.3200      463.00
24.3400      461.00
24.3600      500.00
24.3800      503.00
24.4000      523.00
24.4200      551.00
24.4400      549.00
24.4600      558.00
24.4800      580.00
24.5000      494.00
24.5200      467.00
24.5400      415.00
24.5600      376.00
24.5800      342.00
24.6000      282.00
24.6200      238.00
24.6400      244.00
24.6600      221.00
24.6800      200.00
24.7000      214.00
24.7200      192.00
24.7400      185.00
24.7600      213.00
24.7800      191.00
24.8000      183.00
24.8200      253.00
24.8400      236.00
24.8600      291.00
24.8800      320.00
24.9000      338.00
24.9200      382.00
24.9400      382.00
24.9600      424.00
24.9800      411.00
25.0000      454.00
25.0200      416.00
25.0400      445.00
25.0600      414.00
25.0800      382.00
25.1000      307.00
25.1200      366.00
25.1400      309.00
25.1600      308.00
25.1800      262.00
25.2000      217.00
25.2200      203.00
25.2400      203.00
25.2600      187.00
25.2800      177.00
25.3000      172.00
25.3200      152.00
25.3400      150.00
25.3600      144.00
25.3800      149.00
25.4000      144.00
25.4200      131.00
25.4400      143.00
25.4600      133.00
25.4800      123.00
25.5000      142.00
25.5200      112.00
25.5400      124.00
25.5600      154.00
25.5800      126.00
25.6000      133.00
25.6200      120.00
25.6400      145.00
25.6600      116.00
25.6800      139.00
25.7000      132.00
25.7200      134.00
25.7400      133.00
25.7600      137.00
25.7800      147.00
25.8000      138.00
25.8200      129.00
25.8400      147.00
25.8600      161.00
25.8800      151.00
25.9000      182.00
25.9200      151.00
25.9400      178.00
25.9600      170.00
25.9800      161.00
26.0000      188.00
26.0200      189.00
26.0400      175.00
26.0600      211.00
26.0800      232.00
26.1000      245.00
26.1200      259.00
26.1400      249.00
26.1600      264.00
26.1800      263.00
26.2000      308.00
26.2200      312.00
26.2400      318.00
26.2600      354.00
26.2800      325.00
26.3000      326.00
26.3200      310.00
26.3400      291.00
26.3600      310.00
26.3800      302.00
26.4000      276.00
26.4200      279.00
26.4400      275.00
26.4600      303.00
26.4800      274.00
26.5000      272.00
26.5200      273.00
26.5400      248.00
26.5600      260.00
26.5800      268.00
26.6000      277.00
26.6200      250.00
26.6400      255.00
26.6600      230.00
26.6800      216.00
26.7000      204.00
26.7200      177.00
26.7400      167.00
26.7600      149.00
26.7800      150.00
26.8000      156.00
26.8200      116.00
26.8400      140.00
26.8600      120.00
26.8800      135.00
26.9000      128.00
26.9200      145.00
26.9400      122.00
26.9600      113.00
26.9800      134.00
27.0000      144.00
27.0200      159.00
27.0400      159.00
27.0600      159.00
27.0800      169.00
27.1000      167.00
27.1200      129.00
27.1400      155.00
27.1600      141.00
27.1800      144.00
27.2000      163.00
27.2200      145.00
27.2400      169.00
27.2600      199.00
27.2800      161.00
27.3000      176.00
27.3200      197.00
27.3400      200.00
27.3600      208.00
27.3800      177.00
27.4000      233.00
27.4200      216.00
27.4400      214.00
27.4600      226.00
27.4800      222.00
27.5000      234.00
27.5200      222.00
27.5400      222.00
27.5600      231.00
27.5800      244.00
27.6000      231.00
27.6200      263.00
27.6400      282.00
27.6600      289.00
27.6800      317.00
27.7000      344.00
27.7200      319.00
27.7400      333.00
27.7600      295.00
27.7800      319.00
27.8000      308.00
27.8200      302.00
27.8400      291.00
27.8600      253.00
27.8800      255.00
27.9000      216.00
27.9200      214.00
27.9400      210.00
27.9600      218.00
27.9800      204.00
28.0000      192.00
28.0200      196.00
28.0400      193.00
28.0600      172.00
28.0800      193.00
28.1000      191.00
28.1200      188.00
28.1400      189.00
28.1600      189.00
28.1800      187.00
28.2000      182.00
28.2200      171.00
28.2400      159.00
28.2600      184.00
28.2800      160.00
28.3000      197.00
28.3200      194.00
28.3400      235.00
28.3600      244.00
28.3800      251.00
28.4000      308.00
28.4200      361.00
28.4400      404.00
28.4600      416.00
28.4800      489.00
28.5000      543.00
28.5200      554.00
28.5400      585.00
28.5600      607.00
28.5800      594.00
28.6000      598.00
28.6200      583.00
28.6400      481.00
28.6600      479.00
28.6800      438.00
28.7000      420.00
28.7200      388.00
28.7400      334.00
28.7600      362.00
28.7800      335.00
28.8000      309.00
28.8200      279.00
28.8400      300.00
28.8600      247.00
28.8800      267.00
28.9000      277.00
28.9200      253.00
28.9400      232.00
28.9600      233.00
28.9800      234.00
29.0000      232.00
29.0200      226.00
29.0400      184.00
29.0600      187.00
29.0800      200.00
29.1000      234.00
29.1200      221.00
29.1400      274.00
29.1600      230.00
29.1800      262.00
29.2000      244.00
29.2200      250.00
29.2400      234.00
29.2600      237.00
29.2800      256.00
29.3000      238.00
29.3200      257.00
29.3400      245.00
29.3600      273.00
29.3800      243.00
29.4000      295.00
29.4200      280.00
29.4400      281.00
29.4600      304.00
29.4800      294.00
29.5000      305.00
29.5200      320.00
29.5400      316.00
29.5600      325.00
29.5800      282.00
29.6000      289.00
29.6200      300.00
29.6400      268.00
29.6600      245.00
29.6800      239.00
29.7000      195.00
29.7200      164.00
29.7400      202.00
29.7600      179.00
29.7800      127.00
29.8000      134.00
29.8200      149.00
29.8400      114.00
29.8600      131.00
29.8800      125.00
29.9000      161.00
29.9200      112.00
29.9400      123.00
29.9600      150.00
29.9800      119.00
30.0000      155.00
30.0200      147.00
30.0400      173.00
30.0600      161.00
30.0800      158.00
30.1000      190.00
30.1200      196.00
30.1400      205.00
30.1600      211.00
30.1800      227.00
30.2000      216.00
30.2200      218.00
30.2400      212.00
30.2600      218.00
30.2800      212.00
30.3000      219.00
30.3200      213.00
30.3400      179.00
30.3600      199.00
30.3800      183.00
30.4000      178.00
30.4200      163.00
30.4400      194.00
30.4600      177.00
30.4800      169.00
30.5000      127.00
30.5200      151.00
30.5400      133.00
30.5600      140.00
30.5800      155.00
30.6000      159.00
30.6200      132.00
30.6400      136.00
30.6600      139.00
30.6800      140.00
30.7000      151.00
30.7200      144.00
30.7400      137.00
30.7600      139.00
30.7800      151.00
30.8000      123.00
30.8200      137.00
30.8400      133.00
30.8600      135.00
30.8800      127.00
30.9000      144.00
30.9200      163.00
30.9400      130.00
30.9600      150.00
30.9800      141.00
31.0000      126.00
31.0200      127.00
31.0400      157.00
31.0600      135.00
31.0800      114.00
31.1000      135.00
31.1200      136.00
31.1400      140.00
31.1600      111.00
31.1800      128.00
31.2000      112.00
31.2200      116.00
31.2400      115.00
31.2600      122.00
31.2800      104.00
31.3000      107.00
31.3200      102.00
31.3400      118.00
31.3600       90.00
31.3800      109.00
31.4000      118.00
31.4200      109.00
31.4400      131.00
31.4600      129.00
31.4800      121.00
31.5000      130.00
31.5200      123.00
31.5400      139.00
31.5600      138.00
31.5800      117.00
31.6000      153.00
31.6200      150.00
31.6400      145.00
31.6600      158.00
31.6800      130.00
31.7000      160.00
31.7200      141.00
31.7400      153.00
31.7600      141.00
31.7800      122.00
31.8000      133.00
31.8200      132.00
31.8400      125.00
31.8600      135.00
31.8800      122.00
31.9000      137.00
31.9200      137.00
31.9400      137.00
31.9600      125.00
31.9800      153.00
32.0000      151.00
32.0200      159.00
32.0400      170.00
32.0600      168.00
32.0800      155.00
32.1000      159.00
32.1200      189.00
32.1400      192.00
32.1600      210.00
32.1800      214.00
32.2000      189.00
32.2200      227.00
32.2400      180.00
32.2600      225.00
32.2800      173.00
32.3000      201.00
32.3200      190.00
32.3400      198.00
32.3600      184.00
32.3800      182.00
32.4000      178.00
32.4200      175.00
32.4400      188.00
32.4600      162.00
32.4800      203.00
32.5000      197.00
32.5200      192.00
32.5400      172.00
32.5600      195.00
32.5800      187.00
32.6000      218.00
32.6200      204.00
32.6400      204.00
32.6600      221.00
32.6800      223.00
32.7000      205.00
32.7200      239.00
32.7400      218.00
32.7600      195.00
32.7800      187.00
32.8000      204.00
32.8200      179.00
32.8400      208.00
32.8600      214.00
32.8800      164.00
32.9000      162.00
32.9200      167.00
32.9400      162.00
32.9600      168.00
32.9800      161.00
33.0000      158.00
33.0200      159.00
33.0400      169.00
33.0600      155.00
33.0800      141.00
33.1000      182.00
33.1200      169.00
33.1400      178.00
33.1600      150.00
33.1800      163.00
33.2000      185.00
33.2200      192.00
33.2400      208.00
33.2600      204.00
33.2800      202.00
33.3000      192.00
33.3200      221.00
33.3400      244.00
33.3600      245.00
33.3800      252.00
33.4000      213.00
33.4200      234.00
33.4400      192.00
33.4600      208.00
33.4800      207.00
33.5000      180.00
33.5200      192.00
33.5400      190.00
33.5600      169.00
33.5800      174.00
33.6000      142.00
33.6200      144.00
33.6400      133.00
33.6600      137.00
33.6800      134.00
33.7000      125.00
33.7200      114.00
33.7400      112.00
33.7600      122.00
33.7800      112.00
33.8000      111.00
33.8200      120.00
33.8400      117.00
33.8600      125.00
33.8800      118.00
33.9000      121.00
33.9200      122.00
33.9400      125.00
33.9600      105.00
33.9800      127.00
34.0000      129.00
34.0200      116.00
34.0400      128.00
34.0600      118.00
34.0800      110.00
34.1000      127.00
34.1200      142.00
34.1400      167.00
34.1600      164.00
34.1800      182.00
34.2000      156.00
34.2200      202.00
34.2400      170.00
34.2600      153.00
34.2800      166.00
34.3000      193.00
34.3200      167.00
34.3400      210.00
34.3600      144.00
34.3800      162.00
34.4000      146.00
34.4200      138.00
34.4400      148.00
34.4600      132.00
34.4800      109.00
34.5000      109.00
34.5200      104.00
34.5400      108.00
34.5600      109.00
34.5800      141.00
34.6000      113.00
34.6200      108.00
34.6400      122.00
34.6600      102.00
34.6800      103.00
34.7000      105.00
34.7200      103.00
34.7400      111.00
34.7600      127.00
34.7800      135.00
34.8000      130.00
34.8200      113.00
34.8400      124.00
34.8600      105.00
34.8800      117.00
34.9000      104.00
34.9200      104.00
34.9400      123.00
34.9600      129.00
34.9800      130.00
35.0000      145.00
