 2.2000      318.00
 2.2200      303.00
 2.2400      290.00
 2.2600      302.00
 2.2800      298.00
 2.3000      287.00
 2.3200      283.00
 2.3400      279.00
 2.3600      307.00
 2.3800      312.00
 2.4000      261.00
 2.4200      264.00
 2.4400      260.00
 2.4600      258.00
 2.4800      252.00
 2.5000      282.00
 2.5200      275.00
 2.5400      245.00
 2.5600      262.00
 2.5800      279.00
 2.6000      251.00
 2.6200      257.00
 2.6400      271.00
 2.6600      255.00
 2.6800      277.00
 2.7000      244.00
 2.7200      252.00
 2.7400      280.00
 2.7600      265.00
 2.7800      255.00
 2.8000      246.00
 2.8200      255.00
 2.8400      260.00
 2.8600      273.00
 2.8800      267.00
 2.9000      262.00
 2.9200      233.00
 2.9400      270.00
 2.9600      248.00
 2.9800      242.00
 3.0000      256.00
 3.0200      237.00
 3.0400      214.00
 3.0600      244.00
 3.0800      247.00
 3.1000      240.00
 3.1200      240.00
 3.1400      240.00
 3.1600      239.00
 3.1800      210.00
 3.2000      236.00
 3.2200      216.00
 3.2400      217.00
 3.2600      215.00
 3.2800      219.00
 3.3000      208.00
 3.3200      220.00
 3.3400      234.00
 3.3600      233.00
 3.3800      224.00
 3.4000      211.00
 3.4200      215.00
 3.4400      212.00
 3.4600      192.00
 3.4800      198.00
 3.5000      213.00
 3.5200      198.00
 3.5400      176.00
 3.5600      191.00
 3.5800      184.00
 3.6000      195.00
 3.6200      178.00
 3.6400      182.00
 3.6600      192.00
 3.6800      206.00
 3.7000      193.00
 3.7200      176.00
 3.7400      184.00
 3.7600      183.00
 3.7800      201.00
 3.8000      153.00
 3.8200      196.00
 3.8400      179.00
 3.8600      209.00
 3.8800      197.00
 3.9000      181.00
 3.9200      175.00
 3.9400      173.00
 3.9600      160.00
 3.9800      169.00
 4.0000      193.00
 4.0200      155.00
 4.0400      182.00
 4.0600      164.00
 4.0800      194.00
 4.1000      162.00
 4.1200      175.00
 4.1400      166.00
 4.1600      171.00
 4.1800      147.00
 4.2000      162.00
 4.2200      172.00
 4.2400      155.00
 4.2600      180.00
 4.2800      172.00
 4.3000      156.00
 4.3200      144.00
 4.3400      143.00
 4.3600      147.00
 4.3800      161.00
 4.4000      153.00
 4.4200      144.00
 4.4400      145.00
 4.4600      129.00
 4.4800      138.00
 4.5000      165.00
 4.5200      124.00
 4.5400      145.00
 4.5600      150.00
 4.5800      148.00
 4.6000      115.00
 4.6200      147.00
 4.6400      140.00
 4.6600      139.00
 4.6800      147.00
 4.7000      126.00
 4.7200      130.00
 4.7400      123.00
 4.7600      144.00
 4.7800      116.00
 4.8000      134.00
 4.8200      127.00
 4.8400      135.00
 4.8600      122.00
 4.8800      134.00
 4.9000      132.00
 4.9200      121.00
 4.9400      130.00
 4.9600      150.00
 4.9800      152.00
 5.0000      113.00
 5.0200      124.00
 5.0400      157.00
 5.0600      121.00
 5.0800      143.00
 5.1000      145.00
 5.1200      140.00
 5.1400      139.00
 5.1600      143.00
 5.1800      133.00
 5.2000      122.00
 5.2200      141.00
 5.2400      129.00
 5.2600      139.00
 5.2800      150.00
 5.3000      137.00
 5.3200      136.00
 5.3400      137.00
 5.3600      115.00
 5.3800      127.00
 5.4000      144.00
 5.4200      133.00
 5.4400      148.00
 5.4600      127.00
 5.4800      130.00
 5.5000      133.00
 5.5200      147.00
 5.5400      140.00
 5.5600      128.00
 5.5800      130.00
 5.6000      156.00
 5.6200      121.00
 5.6400      136.00
 5.6600      149.00
 5.6800      128.00
 5.7000      125.00
 5.7200      136.00
 5.7400      120.00
 5.7600      124.00
 5.7800      143.00
 5.8000      136.00
 5.8200      130.00
 5.8400      129.00
 5.8600      123.00
 5.8800      149.00
 5.9000      142.00
 5.9200      152.00
 5.9400      136.00
 5.9600      155.00
 5.9800      142.00
 6.0000      140.00
 6.0200      133.00
 6.0400      149.00
 6.0600      149.00
 6.0800      170.00
 6.1000      144.00
 6.1200      134.00
 6.1400      137.00
 6.1600      139.00
 6.1800      145.00
 6.2000      125.00
 6.2200      134.00
 6.2400      154.00
 6.2600      136.00
 6.2800      141.00
 6.3000      152.00
 6.3200      127.00
 6.3400      138.00
 6.3600      158.00
 6.3800      158.00
 6.4000      151.00
 6.4200      150.00
 6.4400      138.00
 6.4600      116.00
 6.4800      164.00
 6.5000      158.00
 6.5200      130.00
 6.5400      153.00
 6.5600      133.00
 6.5800      135.00
 6.6000      137.00
 6.6200      151.00
 6.6400      147.00
 6.6600      149.00
 6.6800      155.00
 6.7000      150.00
 6.7200      135.00
 6.7400      151.00
 6.7600      127.00
 6.7800      162.00
 6.8000      152.00
 6.8200      166.00
 6.8400      175.00
 6.8600      171.00
 6.8800      129.00
 6.9000      140.00
 6.9200      153.00
 6.9400      139.00
 6.9600      157.00
 6.9800      134.00
 7.0000      153.00
 7.0200      162.00
 7.0400      173.00
 7.0600      170.00
 7.0800      156.00
 7.1000      164.00
 7.1200      176.00
 7.1400      132.00
 7.1600      151.00
 7.1800      143.00
 7.2000      127.00
 7.2200      152.00
 7.2400      138.00
 7.2600      145.00
 7.2800      168.00
 7.3000      148.00
 7.3200      142.00
 7.3400      137.00
 7.3600      128.00
 7.3800      130.00
 7.4000      154.00
 7.4200      133.00
 7.4400      136.00
 7.4600      128.00
 7.4800      139.00
 7.5000      138.00
 7.5200      138.00
 7.5400      141.00
 7.5600      140.00
 7.5800      154.00
 7.6000      158.00
 7.6200      133.00
 7.6400      145.00
 7.6600      156.00
 7.6800      145.00
 7.7000      136.00
 7.7200      127.00
 7.7400      141.00
 7.7600      126.00
 7.7800      156.00
 7.8000      138.00
 7.8200      130.00
 7.8400      142.00
 7.8600      150.00
 7.8800      148.00
 7.9000      156.00
 7.9200      160.00
 7.9400      147.00
 7.9600      138.00
 7.9800      147.00
 8.0000      153.00
 8.0200      143.00
 8.0400      136.00
 8.0600      149.00
 8.0800      152.00
 8.1000      136.00
 8.1200      132.00
 8.1400      157.00
 8.1600      129.00
 8.1800      142.00
 8.2000      134.00
 8.2200      166.00
 8.2400      126.00
 8.2600      145.00
 8.2800      125.00
 8.3000      143.00
 8.3200      145.00
 8.3400      158.00
 8.3600      165.00
 8.3800      138.00
 8.4000      137.00
 8.4200      143.00
 8.4400      151.00
 8.4600      145.00
 8.4800      122.00
 8.5000      154.00
 8.5200      173.00
 8.5400      139.00
 8.5600      155.00
 8.5800      154.00
 8.6000      166.00
 8.6200      147.00
 8.6400      171.00
 8.6600      158.00
 8.6800      138.00
 8.7000      145.00
 8.7200      183.00
 8.7400      155.00
 8.7600      138.00
 8.7800      145.00
 8.8000      150.00
 8.8200      181.00
 8.8400      186.00
 8.8600      139.00
 8.8800      179.00
 8.9000      171.00
 8.9200      163.00
 8.9400      152.00
 8.9600      168.00
 8.9800      157.00
 9.0000      169.00
 9.0200      184.00
 9.0400      183.00
 9.0600      154.00
 9.0800      178.00
 9.1000      163.00
 9.1200      147.00
 9.1400      152.00
 9.1600      169.00
 9.1800      158.00
 9.2000      156.00
 9.2200      151.00
 9.2400      155.00
 9.2600      157.00
 9.2800      145.00
 9.3000      168.00
 9.3200      141.00
 9.3400      170.00
 9.3600      159.00
 9.3800      167.00
 9.4000      164.00
 9.4200      155.00
 9.4400      144.00
 9.4600      177.00
 9.4800      170.00
 9.5000      138.00
 9.5200      148.00
 9.5400      170.00
 9.5600      153.00
 9.5800      147.00
 9.6000      186.00
 9.6200      170.00
 9.6400      143.00
 9.6600      154.00
 9.6800      150.00
 9.7000      176.00
 9.7200      135.00
 9.7400      151.00
 9.7600      152.00
 9.7800      175.00
 9.8000      151.00
 9.8200      155.00
 9.8400      156.00
 9.8600      155.00
 9.8800      177.00
 9.9000      163.00
 9.9200      186.00
 9.9400      147.00
 9.9600      175.00
 9.9800      172.00
10.0000      178.00
10.0200      155.00
10.0400      169.00
10.0600      174.00
10.0800      183.00
10.1000      164.00
10.1200      178.00
10.1400      178.00
10.1600      167.00
10.1800      195.00
10.2000      176.00
10.2200      178.00
10.2400      152.00
10.2600      167.00
10.2800      199.00
10.3000      167.00
10.3200      194.00
10.3400      174.00
10.3600      149.00
10.3800      176.00
10.4000      148.00
10.4200      166.00
10.4400      172.00
10.4600      157.00
10.4800      181.00
10.5000      168.00
10.5200      175.00
10.5400      168.00
10.5600      145.00
10.5800      171.00
10.6000      162.00
10.6200      174.00
10.6400      193.00
10.6600      176.00
10.6800      188.00
10.7000      177.00
10.7200      189.00
10.7400      200.00
10.7600      196.00
10.7800      200.00
10.8000      181.00
10.8200      205.00
10.8400      190.00
10.8600      205.00
10.8800      218.00
10.9000      181.00
10.9200      212.00
10.9400      245.00
10.9600      278.00
10.9800      257.00
11.0000      259.00
11.0200      268.00
11.0400      235.00
11.0600      278.00
11.0800      322.00
11.1000      318.00
11.1200      333.00
11.1400      325.00
11.1600      392.00
11.1800      340.00
11.2000      343.00
11.2200      373.00
11.2400      386.00
11.2600      395.00
11.2800      345.00
11.3000      361.00
11.3200      374.00
11.3400      365.00
11.3600      397.00
11.3800      347.00
11.4000      340.00
11.4200      369.00
11.4400      321.00
11.4600      330.00
11.4800      384.00
11.5000      336.00
11.5200      322.00
11.5400      311.00
11.5600      306.00
11.5800      255.00
11.6000      266.00
11.6200      255.00
11.6400      203.00
11.6600      205.00
11.6800      214.00
11.7000      183.00
11.7200      193.00
11.7400      200.00
11.7600      187.00
11.7800      197.00
11.8000      192.00
11.8200      206.00
11.8400      226.00
11.8600      193.00
11.8800      225.00
11.9000      210.00
11.9200      217.00
11.9400      220.00
11.9600      228.00
11.9800      240.00
12.0000      199.00
12.0200      245.00
12.0400      270.00
12.0600      275.00
12.0800      256.00
12.1000      254.00
12.1200      302.00
12.1400      298.00
12.1600      303.00
12.1800      322.00
12.2000      336.00
12.2200      327.00
12.2400      289.00
12.2600      330.00
12.2800      335.00
12.3000      311.00
12.3200      389.00
12.3400      348.00
12.3600      340.00
12.3800      334.00
12.4000      353.00
12.4200      356.00
12.4400      323.00
12.4600      326.00
12.4800      305.00
12.5000      311.00
12.5200      328.00
12.5400      303.00
12.5600      296.00
12.5800      317.00
12.6000      320.00
12.6200      309.00
12.6400      337.00
12.6600      373.00
12.6800      350.00
12.7000      333.00
12.7200      346.00
12.7400      334.00
12.7600      332.00
12.7800      342.00
12.8000      290.00
12.8200      301.00
12.8400      288.00
12.8600      265.00
12.8800      252.00
12.9000      216.00
12.9200      204.00
12.9400      222.00
12.9600      204.00
12.9800      205.00
13.0000      198.00
13.0200      179.00
13.0400      189.00
13.0600      185.00
13.0800      188.00
13.1000      189.00
13.1200      216.00
13.1400      173.00
13.1600      177.00
13.1800      180.00
13.2000      219.00
13.2200      203.00
13.2400      188.00
13.2600      183.00
13.2800      198.00
13.3000      204.00
13.3200      171.00
13.3400      185.00
13.3600      214.00
13.3800      207.00
13.4000      178.00
13.4200      175.00
13.4400      160.00
13.4600      166.00
13.4800      169.00
13.5000      168.00
13.5200      185.00
13.5400      207.00
13.5600      204.00
13.5800      186.00
13.6000      191.00
13.6200      172.00
13.6400      188.00
13.6600      194.00
13.6800      178.00
13.7000      177.00
13.7200      162.00
13.7400      199.00
13.7600      217.00
13.7800      202.00
13.8000      183.00
13.8200      202.00
13.8400      184.00
13.8600      185.00
13.8800      190.00
13.9000      206.00
13.9200      203.00
13.9400      232.00
13.9600      225.00
13.9800      197.00
14.0000      203.00
14.0200      217.00
14.0400      250.00
14.0600      257.00
14.0800      245.00
14.1000      266.00
14.1200      224.00
14.1400      302.00
14.1600      326.00
14.1800      352.00
14.2000      326.00
14.2200      388.00
14.2400      371.00
14.2600      374.00
14.2800      390.00
14.3000      388.00
14.3200      428.00
14.3400      436.00
14.3600      468.00
14.3800      439.00
14.4000      475.00
14.4200      457.00
14.4400      485.00
14.4600      462.00
14.4800      431.00
14.5000      409.00
14.5200      396.00
14.5400      395.00
14.5600      343.00
14.5800      342.00
14.6000      334.00
14.6200      304.00
14.6400      253.00
14.6600      261.00
14.6800      262.00
14.7000      229.00
14.7200      254.00
14.7400      217.00
14.7600      242.00
14.7800      220.00
14.8000      210.00
14.8200      219.00
14.8400      207.00
14.8600      212.00
14.8800      198.00
14.9000      189.00
14.9200      193.00
14.9400      209.00
14.9600      188.00
14.9800      207.00
15.0000      211.00
15.0200      191.00
15.0400      201.00
15.0600      197.00
15.0800      194.00
15.1000      222.00
15.1200      195.00
15.1400      226.00
15.1600      206.00
15.1800      198.00
15.2000      197.00
15.2200      196.00
15.2400      182.00
15.2600      181.00
15.2800      202.00
15.3000      185.00
15.3200      203.00
15.3400      197.00
15.3600      195.00
15.3800      207.00
15.4000      175.00
15.4200      211.00
15.4400      173.00
15.4600      174.00
15.4800      186.00
15.5000      188.00
15.5200      201.00
15.5400      192.00
15.5600      172.00
15.5800      176.00
15.6000      192.00
15.6200      202.00
15.6400      176.00
15.6600      210.00
15.6800      200.00
15.7000      203.00
15.7200      213.00
15.7400      220.00
15.7600      209.00
15.7800      205.00
15.8000      183.00
15.8200      229.00
15.8400      238.00
15.8600      233.00
15.8800      219.00
15.9000      243.00
15.9200      246.00
15.9400      250.00
15.9600      284.00
15.9800      281.00
16.0000      251.00
16.0200      304.00
16.0400      287.00
16.0600      306.00
16.0800      286.00
16.1000      326.00
16.1200      306.00
16.1400      349.00
16.1600      330.00
16.1800      353.00
16.2000      340.00
16.2200      392.00
16.2400      346.00
16.2600      357.00
16.2800      382.00
16.3000      368.00
16.3200      388.00
16.3400      408.00
16.3600      377.00
16.3800      406.00
16.4000      380.00
16.4200      408.00
16.4400      458.00
16.4600      435.00
16.4800      435.00
16.5000      393.00
16.5200      416.00
16.5400      413.00
16.5600      426.00
16.5800      405.00
16.6000      469.00
16.6200      468.00
16.6400      492.00
16.6600      419.00
16.6800      480.00
16.7000      417.00
16.7200      495.00
16.7400      429.00
16.7600      414.00
16.7800      409.00
16.8000      368.00
16.8200      319.00
16.8400      326.00
16.8600      316.00
16.8800      259.00
16.9000      296.00
16.9200      274.00
16.9400      248.00
16.9600      292.00
16.9800      288.00
17.0000      255.00
17.0200      303.00
17.0400      337.00
17.0600      309.00
17.0800      351.00
17.1000      338.00
17.1200      384.00
17.1400      406.00
17.1600      400.00
17.1800      405.00
17.2000      396.00
17.2200      444.00
17.2400      447.00
17.2600      456.00
17.2800      467.00
17.3000      483.00
17.3200      446.00
17.3400      476.00
17.3600      476.00
17.3800      428.00
17.4000      465.00
17.4200      491.00
17.4400      545.00
17.4600      529.00
17.4800      573.00
17.5000      570.00
17.5200      618.00
17.5400      708.00
17.5600      747.00
17.5800      849.00
17.6000      893.00
17.6200      936.00
17.6400      941.00
17.6600     1021.00
17.6800     1055.00
17.7000     1095.00
17.7200     1156.00
17.7400     1130.00
17.7600     1141.00
17.7800     1088.00
17.8000     1031.00
17.8200     1001.00
17.8400      956.00
17.8600      905.00
17.8800      774.00
17.9000      719.00
17.9200      612.00
17.9400      532.00
17.9600      483.00
17.9800      428.00
18.0000      385.00
18.0200      337.00
18.0400      319.00
18.0600      290.00
18.0800      275.00
18.1000      301.00
18.1200      264.00
18.1400      278.00
18.1600      279.00
18.1800      257.00
18.2000      261.00
18.2200      263.00
18.2400      242.00
18.2600      265.00
18.2800      268.00
18.3000      298.00
18.3200      278.00
18.3400      264.00
18.3600      291.00
18.3800      288.00
18.4000      298.00
18.4200      331.00
18.4400      350.00
18.4600      355.00
18.4800      338.00
18.5000      362.00
18.5200      363.00
18.5400      367.00
18.5600      378.00
18.5800      351.00
18.6000      406.00
18.6200      364.00
18.6400      348.00
18.6600      383.00
18.6800      370.00
18.7000      361.00
18.7200      343.00
18.7400      352.00
18.7600      285.00
18.7800      296.00
18.8000      291.00
18.8200      283.00
18.8400      257.00
18.8600      289.00
18.8800      255.00
18.9000      297.00
18.9200      304.00
18.9400      262.00
18.9600      295.00
18.9800      284.00
19.0000      273.00
19.0200      256.00
19.0400      257.00
19.0600      280.00
19.0800      260.00
19.1000      247.00
19.1200      292.00
19.1400      249.00
19.1600      254.00
19.1800      261.00
19.2000      258.00
19.2200      233.00
19.2400      260.00
19.2600      243.00
19.2800      270.00
19.3000      262.00
19.3200      284.00
19.3400      245.00
19.3600      230.00
19.3800      245.00
19.4000      272.00
19.4200      266.00
19.4400      266.00
19.4600      289.00
19.4800      288.00
19.5000      284.00
19.5200      305.00
19.5400      336.00
19.5600      348.00
19.5800      375.00
19.6000      401.00
19.6200      424.00
19.6400      465.00
19.6600      481.00
19.6800      545.00
19.7000      577.00
19.7200      609.00
19.7400      597.00
19.7600      625.00
19.7800      726.00
19.8000      613.00
19.8200      651.00
19.8400      704.00
19.8600      617.00
19.8800      656.00
19.9000      622.00
19.9200      643.00
19.9400      559.00
19.9600      526.00
19.9800      534.00
20.0000      427.00
20.0200      395.00
20.0400      383.00
20.0600      348.00
20.0800      303.00
20.1000      296.00
20.1200      298.00
20.1400      272.00
20.1600      263.00
20.1800      245.00
20.2000      249.00
20.2200      220.00
20.2400      226.00
20.2600      222.00
20.2800      230.00
20.3000      243.00
20.3200      210.00
20.3400      234.00
20.3600      250.00
20.3800      241.00
20.4000      269.00
20.4200      245.00
20.4400      265.00
20.4600      264.00
20.4800      254.00
20.5000      259.00
20.5200      279.00
20.5400      312.00
20.5600      290.00
20.5800      282.00
20.6000      374.00
20.6200      423.00
20.6400      415.00
20.6600      476.00
20.6800      558.00
20.7000      614.00
20.7200      624.00
20.7400      671.00
20.7600      714.00
20.7800      788.00
20.8000      820.00
20.8200      888.00
20.8400      934.00
20.8600      906.00
20.8800     1096.00
20.9000     1054.00
20.9200     1100.00
20.9400     1173.00
20.9600     1156.00
20.9800     1096.00
21.0000     1119.00
21.0200     1245.00
21.0400     1196.00
21.0600     1218.00
21.0800     1233.00
21.1000     1266.00
21.1200     1219.00
21.1400     1258.00
21.1600     1287.00
21.1800     1334.00
21.2000     1314.00
21.2200     1249.00
21.2400     1226.00
21.2600     1177.00
21.2800     1127.00
21.3000     1020.00
21.3200      892.00
21.3400      782.00
21.3600      749.00
21.3800      634.00
21.4000      558.00
21.4200      451.00
21.4400      407.00
21.4600      371.00
21.4800      310.00
21.5000      252.00
21.5200      252.00
21.5400      235.00
21.5600      224.00
21.5800      214.00
21.6000      228.00
21.6200      219.00
21.6400      259.00
21.6600      222.00
21.6800      228.00
21.7000      233.00
21.7200      185.00
21.7400      207.00
21.7600      215.00
21.7800      179.00
21.8000      209.00
21.8200      196.00
21.8400      172.00
21.8600      195.00
21.8800      186.00
21.9000      213.00
21.9200      204.00
21.9400      192.00
21.9600      213.00
21.9800      211.00
22.0000      212.00
22.0200      238.00
22.0400      214.00
22.0600      209.00
22.0800      219.00
22.1000      241.00
22.1200      263.00
22.1400      275.00
22.1600      266.00
22.1800      257.00
22.2000      293.00
22.2200      285.00
22.2400      319.00
22.2600      337.00
22.2800      356.00
22.3000      336.00
22.3200      375.00
22.3400      373.00
22.3600      433.00
22.3800      432.00
22.4000      434.00
22.4200      463.00
22.4400      470.00
22.4600      538.00
22.4800      530.00
22.5000      552.00
22.5200      595.00
22.5400      620.00
22.5600      648.00
22.5800      689.00
22.6000      648.00
22.6200      662.00
22.6400      677.00
22.6600      673.00
22.6800      671.00
22.7000      698.00
22.7200      718.00
22.7400      713.00
22.7600      717.00
22.7800      674.00
22.8000      711.00
22.8200      681.00
22.8400      685.00
22.8600      666.00
22.8800      625.00
22.9000      604.00
22.9200      576.00
22.9400      573.00
22.9600      490.00
22.9800      493.00
23.0000      514.00
23.0200      515.00
23.0400      444.00
23.0600      474.00
23.0800      496.00
23.1000      537.00
23.1200      521.00
23.1400      515.00
23.1600      542.00
23.1800      493.00
23.2000      534.00
23.2200      519.00
23.2400      473.00
23.2600      464.00
23.2800      523.00
23.3000      513.00
23.3200      458.00
23.3400      471.00
23.3600      448.00
23.3800      441.00
23.4000      440.00
23.4200      452.00
23.4400      414.00
23.4600      443.00
23.4800      427.00
23.5000      423.00
23.5200      445.00
23.5400      403.00
23.5600      419.00
23.5800      393.00
23.6000      414.00
23.6200      364.00
23.6400      391.00
23.6600      314.00
23.6800      370.00
23.7000      296.00
23.7200      297.00
23.7400      298.00
23.7600      254.00
23.7800      272.00
23.8000      264.00
23.8200      289.00
23.8400      268.00
23.8600      255.00
23.8800      248.00
23.9000      286.00
23.9200      287.00
23.9400      289.00
23.9600      313.00
23.9800      311.00
24.0000      360.00
24.0200      390.00
24.0400      385.00
24.0600      420.00
24.0800      467.00
24.1000      509.00
24.1200      525.00
24.1400      571.00
24.1600      578.00
24.1800      580.00
24.2000      629.00
24.2200      711.00
24.2400      700.00
24.2600      727.00
24.2800      716.00
24.3000      733.00
24.3200      742.00
24.3400      722.00
24.3600      751.00
24.3800      724.00
24.4000      709.00
24.4200      684.00
24.4400      722.00
24.4600      651.00
24.4800      704.00
24.5000      685.00
24.5200      744.00
24.5400      713.00
24.5600      651.00
24.5800      693.00
24.6000      681.00
24.6200      656.00
24.6400      558.00
24.6600      576.00
24.6800      524.00
24.7000      473.00
24.7200      424.00
24.7400      377.00
24.7600      355.00
24.7800      344.00
24.8000      327.00
24.8200      326.00
24.8400      346.00
24.8600      309.00
24.8800      357.00
24.9000      383.00
24.9200      376.00
24.9400      400.00
24.9600      429.00
24.9800      413.00
25.0000      425.00
25.0200      461.00
25.0400      472.00
25.0600      461.00
25.0800      430.00
25.1000      450.00
25.1200      448.00
25.1400      473.00
25.1600      431.00
25.1800      458.00
25.2000      434.00
25.2200      430.00
25.2400      391.00
25.2600      324.00
25.2800      288.00
25.3000      316.00
25.3200      277.00
25.3400      271.00
25.3600      239.00
25.3800      232.00
25.4000      196.00
25.4200      226.00
25.4400      232.00
25.4600      173.00
25.4800      182.00
25.5000      162.00
25.5200      174.00
25.5400      184.00
25.5600      197.00
25.5800      185.00
25.6000      199.00
25.6200      195.00
25.6400      180.00
25.6600      189.00
25.6800      168.00
25.7000      196.00
25.7200      189.00
25.7400      179.00
25.7600      198.00
25.7800      182.00
25.8000      186.00
25.8200      197.00
25.8400      178.00
25.8600      211.00
25.8800      184.00
25.9000      224.00
25.9200      197.00
25.9400      199.00
25.9600      210.00
25.9800      233.00
26.0000      223.00
26.0200      246.00
26.0400      233.00
26.0600      249.00
26.0800      275.00
26.1000      301.00
26.1200      280.00
26.1400      318.00
26.1600      297.00
26.1800      311.00
26.2000      321.00
26.2200      391.00
26.2400      369.00
26.2600      357.00
26.2800      383.00
26.3000      364.00
26.3200      354.00
26.3400      376.00
26.3600      366.00
26.3800      370.00
26.4000      372.00
26.4200      380.00
26.4400      378.00
26.4600      394.00
26.4800      406.00
26.5000      328.00
26.5200      368.00
26.5400      356.00
26.5600      376.00
26.5800      329.00
26.6000      343.00
26.6200      341.00
26.6400      301.00
26.6600      298.00
26.6800      306.00
26.7000      321.00
26.7200      312.00
26.7400      271.00
26.7600      284.00
26.7800      258.00
26.8000      272.00
26.8200      246.00
26.8400      230.00
26.8600      206.00
26.8800      212.00
26.9000      195.00
26.9200      216.00
26.9400      193.00
26.9600      233.00
26.9800      240.00
27.0000      221.00
27.0200      226.00
27.0400      213.00
27.0600      253.00
27.0800      245.00
27.1000      237.00
27.1200      229.00
27.1400      222.00
27.1600      241.00
27.1800      240.00
27.2000      234.00
27.2200      246.00
27.2400      244.00
27.2600      249.00
27.2800      262.00
27.3000      246.00
27.3200      279.00
27.3400      269.00
27.3600      245.00
27.3800      282.00
27.4000      287.00
27.4200      266.00
27.4400      332.00
27.4600      303.00
27.4800      280.00
27.5000      290.00
27.5200      310.00
27.5400      341.00
27.5600      362.00
27.5800      368.00
27.6000      393.00
27.6200      479.00
27.6400      472.00
27.6600      480.00
27.6800      545.00
27.7000      565.00
27.7200      575.00
27.7400      623.00
27.7600      670.00
27.7800      676.00
27.8000      743.00
27.8200      717.00
27.8400      746.00
27.8600      752.00
27.8800      751.00
27.9000      689.00
27.9200      731.00
27.9400      716.00
27.9600      605.00
27.9800      606.00
28.0000      520.00
28.0200      482.00
28.0400      456.00
28.0600      404.00
28.0800      336.00
28.1000      331.00
28.1200      297.00
28.1400      275.00
28.1600      256.00
28.1800      265.00
28.2000      255.00
28.2200      262.00
28.2400      272.00
28.2600      238.00
28.2800      292.00
28.3000      279.00
28.3200      277.00
28.3400      317.00
28.3600      303.00
28.3800      335.00
28.4000      358.00
28.4200      378.00
28.4400      412.00
28.4600      419.00
28.4800      543.00
28.5000      493.00
28.5200      580.00
28.5400      601.00
28.5600      609.00
28.5800      611.00
28.6000      649.00
28.6200      641.00
28.6400      647.00
28.6600      615.00
28.6800      652.00
28.7000      655.00
28.7200      636.00
28.7400      603.00
28.7600      570.00
28.7800      566.00
28.8000      525.00
28.8200      463.00
28.8400      461.00
28.8600      415.00
28.8800      394.00
28.9000      402.00
28.9200      375.00
28.9400      377.00
28.9600      389.00
28.9800      325.00
29.0000      327.00
29.0200      301.00
29.0400      322.00
29.0600      337.00
29.0800      313.00
29.1000      291.00
29.1200      312.00
29.1400      300.00
29.1600      313.00
29.1800      321.00
29.2000      312.00
29.2200      291.00
29.2400      329.00
29.2600      311.00
29.2800      335.00
29.3000      317.00
29.3200      340.00
29.3400      319.00
29.3600      326.00
29.3800      358.00
29.4000      364.00
29.4200      395.00
29.4400      384.00
29.4600      377.00
29.4800      363.00
29.5000      379.00
29.5200      362.00
29.5400      365.00
29.5600      370.00
29.5800      385.00
29.6000      341.00
29.6200      359.00
29.6400      360.00
29.6600      376.00
29.6800      337.00
29.7000      330.00
29.7200      279.00
29.7400      291.00
29.7600      272.00
29.7800      279.00
29.8000      253.00
29.8200      221.00
29.8400      206.00
29.8600      212.00
29.8800      222.00
29.9000      176.00
29.9200      193.00
29.9400      207.00
29.9600      184.00
29.9800      185.00
30.0000      209.00
30.0200      197.00
30.0400      221.00
30.0600      220.00
30.0800      207.00
30.1000      252.00
30.1200      200.00
30.1400      228.00
30.1600      245.00
30.1800      239.00
30.2000      227.00
30.2200      233.00
30.2400      250.00
30.2600      262.00
30.2800      278.00
30.3000      246.00
30.3200      256.00
30.3400      294.00
30.3600      303.00
30.3800      269.00
30.4000      248.00
30.4200      289.00
30.4400      295.00
30.4600      266.00
30.4800      233.00
30.5000      272.00
30.5200      254.00
30.5400      248.00
30.5600      222.00
30.5800      233.00
30.6000      253.00
30.6200      234.00
30.6400      207.00
30.6600      193.00
30.6800      195.00
30.7000      218.00
30.7200      231.00
30.7400      217.00
30.7600      232.00
30.7800      224.00
30.8000      235.00
30.8200      227.00
30.8400      246.00
30.8600      242.00
30.8800      225.00
30.9000      206.00
30.9200      203.00
30.9400      204.00
30.9600      218.00
30.9800      188.00
31.0000      190.00
31.0200      213.00
31.0400      170.00
31.0600      199.00
31.0800      197.00
31.1000      197.00
31.1200      197.00
31.1400      170.00
31.1600      187.00
31.1800      191.00
31.2000      166.00
31.2200      193.00
31.2400      173.00
31.2600      188.00
31.2800      156.00
31.3000      164.00
31.3200      173.00
31.3400      176.00
31.3600      166.00
31.3800      190.00
31.4000      156.00
31.4200      170.00
31.4400      154.00
31.4600      201.00
31.4800      168.00
31.5000      167.00
31.5200      143.00
31.5400      183.00
31.5600      167.00
31.5800      168.00
31.6000      194.00
31.6200      179.00
31.6400      181.00
31.6600      180.00
31.6800      162.00
31.7000      171.00
31.7200      205.00
31.7400      211.00
31.7600      186.00
31.7800      215.00
31.8000      193.00
31.8200      179.00
31.8400      195.00
31.8600      203.00
31.8800      187.00
31.9000      185.00
31.9200      167.00
31.9400      181.00
31.9600      174.00
31.9800      161.00
32.0000      195.00
