 3.0000      143.00
 3.0200      157.00
 3.0400      163.00
 3.0600      160.00
 3.0800      145.00
 3.1000      131.00
 3.1200      138.00
 3.1400      149.00
 3.1600      133.00
 3.1800      158.00
 3.2000      157.00
 3.2200      138.00
 3.2400      135.00
 3.2600      145.00
 3.2800      167.00
 3.3000      135.00
 3.3200      140.00
 3.3400      142.00
 3.3600      115.00
 3.3800      123.00
 3.4000      122.00
 3.4200      141.00
 3.4400      136.00
 3.4600      122.00
 3.4800      117.00
 3.5000      150.00
 3.5200      123.00
 3.5400      138.00
 3.5600      131.00
 3.5800      132.00
 3.6000      131.00
 3.6200      141.00
 3.6400      130.00
 3.6600      130.00
 3.6800      133.00
 3.7000      119.00
 3.7200      126.00
 3.7400      121.00
 3.7600      107.00
 3.7800      123.00
 3.8000      133.00
 3.8200      117.00
 3.8400      127.00
 3.8600      120.00
 3.8800      109.00
 3.9000       94.00
 3.9200      136.00
 3.9400      134.00
 3.9600      129.00
 3.9800      120.00
 4.0000      119.00
 4.0200       98.00
 4.0400      125.00
 4.0600      115.00
 4.0800      111.00
 4.1000      109.00
 4.1200      102.00
 4.1400      116.00
 4.1600      119.00
 4.1800      116.00
 4.2000      114.00
 4.2200      108.00
 4.2400      116.00
 4.2600      113.00
 4.2800      122.00
 4.3000       99.00
 4.3200      113.00
 4.3400       96.00
 4.3600      114.00
 4.3800       94.00
 4.4000      109.00
 4.4200       97.00
 4.4400       91.00
 4.4600       96.00
 4.4800      123.00
 4.5000       85.00
 4.5200       86.00
 4.5400       93.00
 4.5600      106.00
 4.5800      100.00
 4.6000       94.00
 4.6200       98.00
 4.6400       84.00
 4.6600       94.00
 4.6800       91.00
 4.7000       96.00
 4.7200       78.00
 4.7400       90.00
 4.7600       96.00
 4.7800       79.00
 4.8000       81.00
 4.8200       89.00
 4.8400       91.00
 4.8600       80.00
 4.8800      105.00
 4.9000       89.00
 4.9200       99.00
 4.9400       82.00
 4.9600      103.00
 4.9800      110.00
 5.0000       80.00
 5.0200      106.00
 5.0400       83.00
 5.0600       90.00
 5.0800      100.00
 5.1000       95.00
 5.1200       95.00
 5.1400       89.00
 5.1600       89.00
 5.1800      100.00
 5.2000       97.00
 5.2200       90.00
 5.2400       93.00
 5.2600      104.00
 5.2800       89.00
 5.3000       96.00
 5.3200       87.00
 5.3400       85.00
 5.3600       93.00
 5.3800      103.00
 5.4000       88.00
 5.4200       90.00
 5.4400       85.00
 5.4600       91.00
 5.4800       83.00
 5.5000       90.00
 5.5200       99.00
 5.5400       95.00
 5.5600       88.00
 5.5800       91.00
 5.6000       94.00
 5.6200       94.00
 5.6400       97.00
 5.6600       82.00
 5.6800       81.00
 5.7000       94.00
 5.7200       93.00
 5.7400       96.00
 5.7600       90.00
 5.7800      103.00
 5.8000       91.00
 5.8200      100.00
 5.8400       93.00
 5.8600      117.00
 5.8800      101.00
 5.9000      103.00
 5.9200       87.00
 5.9400      103.00
 5.9600      116.00
 5.9800       90.00
 6.0000      106.00
 6.0200      109.00
 6.0400       96.00
 6.0600      121.00
 6.0800      108.00
 6.1000      110.00
 6.1200      119.00
 6.1400      115.00
 6.1600       95.00
 6.1800      117.00
 6.2000      119.00
 6.2200       97.00
 6.2400      113.00
 6.2600      141.00
 6.2800      115.00
 6.3000      120.00
 6.3200      145.00
 6.3400      148.00
 6.3600      137.00
 6.3800      161.00
 6.4000      153.00
 6.4200      184.00
 6.4400      172.00
 6.4600      189.00
 6.4800      213.00
 6.5000      226.00
 6.5200      233.00
 6.5400      239.00
 6.5600      288.00
 6.5800      289.00
 6.6000      302.00
 6.6200      325.00
 6.6400      329.00
 6.6600      349.00
 6.6800      301.00
 6.7000      339.00
 6.7200      335.00
 6.7400      309.00
 6.7600      306.00
 6.7800      268.00
 6.8000      229.00
 6.8200      210.00
 6.8400      185.00
 6.8600      163.00
 6.8800      132.00
 6.9000      115.00
 6.9200       87.00
 6.9400       98.00
 6.9600      106.00
 6.9800      109.00
 7.0000      102.00
 7.0200       89.00
 7.0400      103.00
 7.0600      102.00
 7.0800      101.00
 7.1000       95.00
 7.1200      111.00
 7.1400      111.00
 7.1600      104.00
 7.1800      119.00
 7.2000      111.00
 7.2200      112.00
 7.2400      100.00
 7.2600      110.00
 7.2800      109.00
 7.3000       95.00
 7.3200      111.00
 7.3400      106.00
 7.3600      123.00
 7.3800      141.00
 7.4000      137.00
 7.4200      151.00
 7.4400      136.00
 7.4600      130.00
 7.4800      138.00
 7.5000      143.00
 7.5200      140.00
 7.5400      146.00
 7.5600      144.00
 7.5800      144.00
 7.6000      158.00
 7.6200      126.00
 7.6400      158.00
 7.6600      149.00
 7.6800      139.00
 7.7000      121.00
 7.7200      140.00
 7.7400      111.00
 7.7600      134.00
 7.7800       98.00
 7.8000      113.00
 7.8200      119.00
 7.8400       88.00
 7.8600      105.00
 7.8800      101.00
 7.9000       96.00
 7.9200       91.00
 7.9400      110.00
 7.9600       85.00
 7.9800      104.00
 8.0000      113.00
 8.0200      111.00
 8.0400       91.00
 8.0600       84.00
 8.0800      102.00
 8.1000      102.00
 8.1200      100.00
 8.1400       93.00
 8.1600      105.00
 8.1800      100.00
 8.2000       84.00
 8.2200      100.00
 8.2400      101.00
 8.2600       97.00
 8.2800      103.00
 8.3000       97.00
 8.3200      111.00
 8.3400      101.00
 8.3600      110.00
 8.3800      104.00
 8.4000       97.00
 8.4200       97.00
 8.4400      125.00
 8.4600      124.00
 8.4800      101.00
 8.5000      111.00
 8.5200      109.00
 8.5400       93.00
 8.5600       96.00
 8.5800      103.00
 8.6000      112.00
 8.6200      110.00
 8.6400      103.00
 8.6600      105.00
 8.6800      110.00
 8.7000      101.00
 8.7200      105.00
 8.7400       97.00
 8.7600      103.00
 8.7800      110.00
 8.8000      100.00
 8.8200       95.00
 8.8400       95.00
 8.8600      101.00
 8.8800      111.00
 8.9000       91.00
 8.9200       91.00
 8.9400      134.00
 8.9600      114.00
 8.9800      119.00
 9.0000      120.00
 9.0200      111.00
 9.0400      111.00
 9.0600      120.00
 9.0800      112.00
 9.1000       93.00
 9.1200      107.00
 9.1400      106.00
 9.1600      109.00
 9.1800      104.00
 9.2000      117.00
 9.2200      109.00
 9.2400      121.00
 9.2600       85.00
 9.2800      105.00
 9.3000      111.00
 9.3200      108.00
 9.3400      106.00
 9.3600      102.00
 9.3800      116.00
 9.4000      108.00
 9.4200      115.00
 9.4400       96.00
 9.4600      107.00
 9.4800      111.00
 9.5000      121.00
 9.5200      133.00
 9.5400      121.00
 9.5600      134.00
 9.5800      131.00
 9.6000      123.00
 9.6200      133.00
 9.6400      140.00
 9.6600      128.00
 9.6800      132.00
 9.7000      144.00
 9.7200      149.00
 9.7400      119.00
 9.7600      169.00
 9.7800      172.00
 9.8000      193.00
 9.8200      192.00
 9.8400      199.00
 9.8600      235.00
 9.8800      259.00
 9.9000      267.00
 9.9200      254.00
 9.9400      276.00
 9.9600      288.00
 9.9800      292.00
10.0000      307.00
10.0200      289.00
10.0400      320.00
10.0600      278.00
10.0800      279.00
10.1000      272.00
10.1200      237.00
10.1400      221.00
10.1600      195.00
10.1800      177.00
10.2000      167.00
10.2200      150.00
10.2400      143.00
10.2600      122.00
10.2800      118.00
10.3000      114.00
10.3200      115.00
10.3400      124.00
10.3600      121.00
10.3800      112.00
10.4000      137.00
10.4200      136.00
10.4400      130.00
10.4600      138.00
10.4800      115.00
10.5000      107.00
10.5200      120.00
10.5400      110.00
10.5600      121.00
10.5800      112.00
10.6000      130.00
10.6200      134.00
10.6400      119.00
10.6600      133.00
10.6800      152.00
10.7000      137.00
10.7200      147.00
10.7400      138.00
10.7600      155.00
10.7800      176.00
10.8000      155.00
10.8200      187.00
10.8400      185.00
10.8600      168.00
10.8800      209.00
10.9000      201.00
10.9200      222.00
10.9400      280.00
10.9600      254.00
10.9800      270.00
11.0000      283.00
11.0200      336.00
11.0400      344.00
11.0600      327.00
11.0800      316.00
11.1000      345.00
11.1200      332.00
11.1400      310.00
11.1600      303.00
11.1800      286.00
11.2000      258.00
11.2200      225.00
11.2400      204.00
11.2600      143.00
11.2800      154.00
11.3000      129.00
11.3200       97.00
11.3400      123.00
11.3600      127.00
11.3800      138.00
11.4000      120.00
11.4200      131.00
11.4400      124.00
11.4600      123.00
11.4800      146.00
11.5000      117.00
11.5200      134.00
11.5400      141.00
11.5600      125.00
11.5800      131.00
11.6000      132.00
11.6200      119.00
11.6400      120.00
11.6600      128.00
11.6800      125.00
11.7000      149.00
11.7200      140.00
11.7400      108.00
11.7600      139.00
11.7800      150.00
11.8000      129.00
11.8200      109.00
11.8400      168.00
11.8600      122.00
11.8800      144.00
11.9000      157.00
11.9200      134.00
11.9400      161.00
11.9600      173.00
11.9800      178.00
12.0000      160.00
12.0200      187.00
12.0400      185.00
12.0600      182.00
12.0800      215.00
12.1000      214.00
12.1200      261.00
12.1400      262.00
12.1600      298.00
12.1800      291.00
12.2000      343.00
12.2200      399.00
12.2400      384.00
12.2600      439.00
12.2800      447.00
12.3000      427.00
12.3200      408.00
12.3400      469.00
12.3600      425.00
12.3800      402.00
12.4000      402.00
12.4200      363.00
12.4400      329.00
12.4600      286.00
12.4800      258.00
12.5000      225.00
12.5200      218.00
12.5400      174.00
12.5600      179.00
12.5800      177.00
12.6000      192.00
12.6200      173.00
12.6400      192.00
12.6600      214.00
12.6800      240.00
12.7000      239.00
12.7200      268.00
12.7400      273.00
12.7600      286.00
12.7800      338.00
12.8000      384.00
12.8200      317.00
12.8400      377.00
12.8600      382.00
12.8800      356.00
12.9000      391.00
12.9200      390.00
12.9400      429.00
12.9600      424.00
12.9800      441.00
13.0000      405.00
13.0200      381.00
13.0400      435.00
13.0600      442.00
13.0800      460.00
13.1000      472.00
13.1200      537.00
13.1400      546.00
13.1600      572.00
13.1800      600.00
13.2000      585.00
13.2200      522.00
13.2400      565.00
13.2600      541.00
13.2800      470.00
13.3000      430.00
13.3200      368.00
13.3400      303.00
13.3600      258.00
13.3800      211.00
13.4000      175.00
13.4200      161.00
13.4400      163.00
13.4600      150.00
13.4800      151.00
13.5000      131.00
13.5200      164.00
13.5400      141.00
13.5600      139.00
13.5800      128.00
13.6000      126.00
13.6200      130.00
13.6400      153.00
13.6600      133.00
13.6800      128.00
13.7000      147.00
13.7200      132.00
13.7400      123.00
13.7600      147.00
13.7800      128.00
13.8000      135.00
13.8200      140.00
13.8400      124.00
13.8600      144.00
13.8800      137.00
13.9000      129.00
13.9200      141.00
13.9400      138.00
13.9600      153.00
13.9800      157.00
14.0000      160.00
14.0200      135.00
14.0400      159.00
14.0600      187.00
14.0800      166.00
14.1000      183.00
14.1200      164.00
14.1400      164.00
14.1600      196.00
14.1800      202.00
14.2000      211.00
14.2200      249.00
14.2400      242.00
14.2600      293.00
14.2800      306.00
14.3000      322.00
14.3200      340.00
14.3400      344.00
14.3600      382.00
14.3800      356.00
14.4000      418.00
14.4200      384.00
14.4400      345.00
14.4600      363.00
14.4800      342.00
14.5000      343.00
14.5200      321.00
14.5400      254.00
14.5600      223.00
14.5800      252.00
14.6000      206.00
14.6200      155.00
14.6400      163.00
14.6600      170.00
14.6800      170.00
14.7000      178.00
14.7200      162.00
14.7400      168.00
14.7600      183.00
14.7800      188.00
14.8000      223.00
14.8200      209.00
14.8400      213.00
14.8600      212.00
14.8800      258.00
14.9000      297.00
14.9200      294.00
14.9400      356.00
14.9600      377.00
14.9800      440.00
15.0000      478.00
15.0200      523.00
15.0400      573.00
15.0600      631.00
15.0800      603.00
15.1000      607.00
15.1200      589.00
15.1400      574.00
15.1600      587.00
15.1800      517.00
15.2000      471.00
15.2200      420.00
15.2400      373.00
15.2600      313.00
15.2800      275.00
15.3000      204.00
15.3200      180.00
15.3400      174.00
15.3600      156.00
15.3800      161.00
15.4000      162.00
15.4200      151.00
15.4400      170.00
15.4600      137.00
15.4800      133.00
15.5000      152.00
15.5200      168.00
15.5400      143.00
15.5600      137.00
15.5800      129.00
15.6000      128.00
15.6200      126.00
15.6400      130.00
15.6600      132.00
15.6800      139.00
15.7000      133.00
15.7200      142.00
15.7400      140.00
15.7600      116.00
15.7800      163.00
15.8000      127.00
15.8200      144.00
15.8400      144.00
15.8600      143.00
15.8800      141.00
15.9000      134.00
15.9200      124.00
15.9400      155.00
15.9600      130.00
15.9800      148.00
16.0000      140.00
16.0200      161.00
16.0400      158.00
16.0600      169.00
16.0800      164.00
16.1000      158.00
16.1200      181.00
16.1400      190.00
16.1600      200.00
16.1800      194.00
16.2000      245.00
16.2200      239.00
16.2400      236.00
16.2600      295.00
16.2800      322.00
16.3000      305.00
16.3200      372.00
16.3400      345.00
16.3600      358.00
16.3800      395.00
16.4000      375.00
16.4200      419.00
16.4400      394.00
16.4600      351.00
16.4800      367.00
16.5000      337.00
16.5200      325.00
16.5400      343.00
16.5600      332.00
16.5800      284.00
16.6000      325.00
16.6200      363.00
16.6400      356.00
16.6600      371.00
16.6800      400.00
16.7000      373.00
16.7200      364.00
16.7400      396.00
16.7600      410.00
16.7800      385.00
16.8000      380.00
16.8200      353.00
16.8400      363.00
16.8600      349.00
16.8800      326.00
16.9000      291.00
16.9200      295.00
16.9400      318.00
16.9600      293.00
16.9800      340.00
17.0000      336.00
17.0200      374.00
17.0400      433.00
17.0600      475.00
17.0800      533.00
17.1000      563.00
17.1200      632.00
17.1400      719.00
17.1600      744.00
17.1800      760.00
17.2000      806.00
17.2200      772.00
17.2400      750.00
17.2600      748.00
17.2800      675.00
17.3000      596.00
17.3200      527.00
17.3400      490.00
17.3600      403.00
17.3800      326.00
17.4000      292.00
17.4200      244.00
17.4400      211.00
17.4600      203.00
17.4800      165.00
17.5000      169.00
17.5200      188.00
17.5400      142.00
17.5600      183.00
17.5800      170.00
17.6000      179.00
17.6200      167.00
17.6400      167.00
17.6600      160.00
17.6800      167.00
17.7000      170.00
17.7200      183.00
17.7400      169.00
17.7600      167.00
17.7800      210.00
17.8000      186.00
17.8200      175.00
17.8400      204.00
17.8600      205.00
17.8800      197.00
17.9000      207.00
17.9200      206.00
17.9400      229.00
17.9600      253.00
17.9800      243.00
18.0000      268.00
18.0200      331.00
18.0400      318.00
18.0600      408.00
18.0800      450.00
18.1000      519.00
18.1200      568.00
18.1400      633.00
18.1600      687.00
18.1800      751.00
18.2000      759.00
18.2200      822.00
18.2400      935.00
18.2600      965.00
18.2800     1029.00
18.3000     1066.00
18.3200     1084.00
18.3400     1096.00
18.3600     1095.00
18.3800     1083.00
18.4000     1057.00
18.4200     1016.00
18.4400     1027.00
18.4600      912.00
18.4800      899.00
18.5000      782.00
18.5200      683.00
18.5400      578.00
18.5600      493.00
18.5800      410.00
18.6000      353.00
18.6200      301.00
18.6400      249.00
18.6600      173.00
18.6800      175.00
18.7000      168.00
18.7200      177.00
18.7400      176.00
18.7600      143.00
18.7800      161.00
18.8000      183.00
18.8200      179.00
18.8400      176.00
18.8600      160.00
18.8800      178.00
18.9000      169.00
18.9200      171.00
18.9400      184.00
18.9600      180.00
18.9800      171.00
19.0000      177.00
19.0200      156.00
19.0400      180.00
19.0600      198.00
19.0800      199.00
19.1000      207.00
19.1200      223.00
19.1400      240.00
19.1600      285.00
19.1800      317.00
19.2000      326.00
19.2200      393.00
19.2400      479.00
19.2600      503.00
19.2800      591.00
19.3000      674.00
19.3200      710.00
19.3400      816.00
19.3600      814.00
19.3800      832.00
19.4000      895.00
19.4200      847.00
19.4400      890.00
19.4600      802.00
19.4800      816.00
19.5000      795.00
19.5200      752.00
19.5400      678.00
19.5600      643.00
19.5800      642.00
19.6000      621.00
19.6200      642.00
19.6400      674.00
19.6600      783.00
19.6800      803.00
19.7000      822.00
19.7200      917.00
19.7400     1006.00
19.7600      984.00
19.7800     1011.00
19.8000      972.00
19.8200     1044.00
19.8400     1014.00
19.8600      915.00
19.8800      929.00
19.9000      809.00
19.9200      794.00
19.9400      716.00
19.9600      680.00
19.9800      664.00
20.0000      611.00
20.0200      567.00
20.0400      524.00
20.0600      490.00
20.0800      481.00
20.1000      475.00
20.1200      439.00
20.1400      402.00
20.1600      375.00
20.1800      320.00
20.2000      284.00
20.2200      285.00
20.2400      241.00
20.2600      224.00
20.2800      231.00
20.3000      214.00
20.3200      212.00
20.3400      195.00
20.3600      216.00
20.3800      192.00
20.4000      168.00
20.4200      187.00
20.4400      202.00
20.4600      175.00
20.4800      174.00
20.5000      178.00
20.5200      182.00
20.5400      182.00
20.5600      182.00
20.5800      190.00
20.6000      201.00
20.6200      189.00
20.6400      167.00
20.6600      189.00
20.6800      206.00
20.7000      231.00
20.7200      227.00
20.7400      198.00
20.7600      243.00
20.7800      220.00
20.8000      266.00
20.8200      262.00
20.8400      256.00
20.8600      285.00
20.8800      322.00
20.9000      369.00
20.9200      356.00
20.9400      407.00
20.9600      474.00
20.9800      586.00
21.0000      575.00
21.0200      627.00
21.0400      710.00
21.0600      765.00
21.0800      740.00
21.1000      731.00
21.1200      724.00
21.1400      685.00
21.1600      648.00
21.1800      650.00
21.2000      543.00
21.2200      545.00
21.2400      448.00
21.2600      456.00
21.2800      316.00
21.3000      308.00
21.3200      256.00
21.3400      235.00
21.3600      205.00
21.3800      219.00
21.4000      213.00
21.4200      211.00
21.4400      219.00
21.4600      221.00
21.4800      185.00
21.5000      231.00
21.5200      240.00
21.5400      261.00
21.5600      258.00
21.5800      285.00
21.6000      276.00
21.6200      320.00
21.6400      399.00
21.6600      451.00
21.6800      486.00
21.7000      519.00
21.7200      540.00
21.7400      604.00
21.7600      604.00
21.7800      636.00
21.8000      675.00
21.8200      740.00
21.8400      714.00
21.8600      742.00
21.8800      799.00
21.9000      822.00
21.9200      893.00
21.9400      985.00
21.9600     1030.00
21.9800     1114.00
22.0000     1223.00
22.0200     1312.00
22.0400     1392.00
22.0600     1472.00
22.0800     1501.00
22.1000     1391.00
22.1200     1471.00
22.1400     1474.00
22.1600     1378.00
22.1800     1309.00
22.2000     1223.00
22.2200     1192.00
22.2400     1102.00
22.2600      994.00
22.2800     1040.00
22.3000     1026.00
22.3200     1044.00
22.3400     1032.00
22.3600     1052.00
22.3800     1078.00
22.4000     1143.00
22.4200     1147.00
22.4400     1158.00
22.4600     1210.00
22.4800     1146.00
22.5000     1178.00
22.5200     1106.00
22.5400     1110.00
22.5600     1111.00
22.5800     1036.00
22.6000     1024.00
22.6200      921.00
22.6400      956.00
22.6600      885.00
22.6800      868.00
22.7000      737.00
22.7200      677.00
22.7400      600.00
22.7600      500.00
22.7800      459.00
22.8000      415.00
22.8200      362.00
22.8400      315.00
22.8600      246.00
22.8800      274.00
22.9000      236.00
22.9200      251.00
22.9400      269.00
22.9600      273.00
22.9800      258.00
23.0000      248.00
23.0200      247.00
23.0400      278.00
23.0600      266.00
23.0800      258.00
23.1000      262.00
23.1200      248.00
23.1400      242.00
23.1600      227.00
23.1800      230.00
23.2000      233.00
23.2200      250.00
23.2400      247.00
23.2600      234.00
23.2800      243.00
23.3000      244.00
23.3200      265.00
23.3400      295.00
23.3600      321.00
23.3800      327.00
23.4000      333.00
23.4200      357.00
23.4400      365.00
23.4600      397.00
23.4800      415.00
23.5000      481.00
23.5200      478.00
23.5400      520.00
23.5600      560.00
23.5800      518.00
23.6000      515.00
23.6200      530.00
23.6400      478.00
23.6600      493.00
23.6800      454.00
23.7000      420.00
23.7200      413.00
23.7400      354.00
23.7600      303.00
23.7800      296.00
23.8000      266.00
23.8200      238.00
23.8400      225.00
23.8600      175.00
23.8800      174.00
23.9000      175.00
23.9200      196.00
23.9400      155.00
23.9600      162.00
23.9800      176.00
24.0000      161.00
24.0200      181.00
24.0400      158.00
24.0600      157.00
24.0800      154.00
24.1000      164.00
24.1200      168.00
24.1400      173.00
24.1600      172.00
24.1800      159.00
24.2000      164.00
24.2200      175.00
24.2400      175.00
24.2600      193.00
24.2800      188.00
24.3000      199.00
24.3200      205.00
24.3400      194.00
24.3600      193.00
24.3800      234.00
24.4000      246.00
24.4200      284.00
24.4400      264.00
24.4600      277.00
24.4800      334.00
24.5000      344.00
24.5200      382.00
24.5400      418.00
24.5600      422.00
24.5800      489.00
24.6000      517.00
24.6200      538.00
24.6400      640.00
24.6600      623.00
24.6800      650.00
24.7000      666.00
24.7200      654.00
24.7400      727.00
24.7600      646.00
24.7800      617.00
24.8000      602.00
24.8200      557.00
24.8400      515.00
24.8600      522.00
24.8800      476.00
24.9000      420.00
24.9200      435.00
24.9400      431.00
24.9600      467.00
24.9800      401.00
25.0000      425.00
25.0200      460.00
25.0400      449.00
25.0600      439.00
25.0800      437.00
25.1000      462.00
25.1200      387.00
25.1400      429.00
25.1600      375.00
25.1800      392.00
25.2000      341.00
25.2200      318.00
25.2400      306.00
25.2600      284.00
25.2800      247.00
25.3000      236.00
25.3200      228.00
25.3400      204.00
25.3600      222.00
25.3800      225.00
25.4000      254.00
25.4200      239.00
25.4400      248.00
25.4600      281.00
25.4800      273.00
25.5000      316.00
25.5200      346.00
25.5400      355.00
25.5600      349.00
25.5800      382.00
25.6000      378.00
25.6200      430.00
25.6400      455.00
25.6600      453.00
25.6800      480.00
25.7000      457.00
25.7200      486.00
25.7400      478.00
25.7600      451.00
25.7800      499.00
25.8000      437.00
25.8200      428.00
25.8400      414.00
25.8600      379.00
25.8800      453.00
25.9000      385.00
25.9200      356.00
25.9400      319.00
25.9600      282.00
25.9800      297.00
26.0000      277.00
26.0200      280.00
26.0400      276.00
26.0600      276.00
26.0800      236.00
26.1000      251.00
26.1200      229.00
26.1400      241.00
26.1600      225.00
26.1800      191.00
26.2000      198.00
26.2200      220.00
26.2400      205.00
26.2600      212.00
26.2800      248.00
26.3000      283.00
26.3200      277.00
26.3400      304.00
26.3600      309.00
26.3800      381.00
26.4000      343.00
26.4200      406.00
26.4400      442.00
26.4600      395.00
26.4800      426.00
26.5000      480.00
26.5200      438.00
26.5400      425.00
26.5600      442.00
26.5800      350.00
26.6000      319.00
26.6200      339.00
26.6400      289.00
26.6600      254.00
26.6800      232.00
26.7000      214.00
26.7200      230.00
26.7400      198.00
26.7600      205.00
26.7800      198.00
26.8000      198.00
26.8200      192.00
26.8400      202.00
26.8600      178.00
26.8800      218.00
26.9000      205.00
26.9200      216.00
26.9400      220.00
26.9600      228.00
26.9800      261.00
27.0000      243.00
27.0200      222.00
27.0400      275.00
27.0600      295.00
27.0800      281.00
27.1000      280.00
27.1200      329.00
27.1400      334.00
27.1600      363.00
27.1800      424.00
27.2000      472.00
27.2200      516.00
27.2400      617.00
27.2600      763.00
27.2800      803.00
27.3000      968.00
27.3200     1021.00
27.3400     1096.00
27.3600     1123.00
27.3800     1208.00
27.4000     1172.00
27.4200     1207.00
27.4400     1100.00
27.4600     1020.00
27.4800     1024.00
27.5000      920.00
27.5200      776.00
27.5400      660.00
27.5600      614.00
27.5800      484.00
27.6000      427.00
27.6200      333.00
27.6400      281.00
27.6600      249.00
27.6800      218.00
27.7000      199.00
27.7200      219.00
27.7400      207.00
27.7600      195.00
27.7800      193.00
27.8000      216.00
27.8200      211.00
27.8400      257.00
27.8600      240.00
27.8800      267.00
27.9000      312.00
27.9200      304.00
27.9400      334.00
27.9600      391.00
27.9800      337.00
28.0000      367.00
28.0200      442.00
28.0400      404.00
28.0600      413.00
28.0800      385.00
28.1000      426.00
28.1200      412.00
28.1400      377.00
28.1600      381.00
28.1800      418.00
28.2000      459.00
28.2200      376.00
28.2400      414.00
28.2600      433.00
28.2800      444.00
28.3000      400.00
28.3200      415.00
28.3400      412.00
28.3600      371.00
28.3800      405.00
28.4000      409.00
28.4200      357.00
28.4400      432.00
28.4600      390.00
28.4800      387.00
28.5000      401.00
28.5200      369.00
28.5400      396.00
28.5600      369.00
28.5800      408.00
28.6000      416.00
28.6200      450.00
28.6400      446.00
28.6600      478.00
28.6800      522.00
28.7000      579.00
28.7200      546.00
28.7400      604.00
28.7600      578.00
28.7800      671.00
28.8000      667.00
28.8200      689.00
28.8400      659.00
28.8600      706.00
28.8800      703.00
28.9000      659.00
28.9200      644.00
28.9400      604.00
28.9600      570.00
28.9800      560.00
29.0000      503.00
29.0200      431.00
29.0400      422.00
29.0600      394.00
29.0800      350.00
29.1000      330.00
29.1200      299.00
29.1400      289.00
29.1600      299.00
29.1800      259.00
29.2000      263.00
29.2200      235.00
29.2400      236.00
29.2600      242.00
29.2800      224.00
29.3000      209.00
29.3200      226.00
29.3400      198.00
29.3600      195.00
29.3800      214.00
29.4000      180.00
29.4200      193.00
29.4400      187.00
29.4600      178.00
29.4800      179.00
29.5000      183.00
29.5200      196.00
29.5400      147.00
29.5600      155.00
29.5800      153.00
29.6000      193.00
29.6200      154.00
29.6400      195.00
29.6600      180.00
29.6800      179.00
29.7000      181.00
29.7200      163.00
29.7400      200.00
29.7600      184.00
29.7800      184.00
29.8000      203.00
29.8200      198.00
29.8400      154.00
29.8600      184.00
29.8800      182.00
29.9000      196.00
29.9200      205.00
29.9400      203.00
29.9600      208.00
29.9800      203.00
30.0000      218.00
30.0200      217.00
30.0400      225.00
30.0600      209.00
30.0800      252.00
30.1000      241.00
30.1200      205.00
30.1400      225.00
30.1600      215.00
30.1800      244.00
30.2000      266.00
30.2200      242.00
30.2400      253.00
30.2600      269.00
30.2800      261.00
30.3000      273.00
30.3200      250.00
30.3400      261.00
30.3600      266.00
30.3800      299.00
30.4000      303.00
30.4200      306.00
30.4400      272.00
30.4600      315.00
30.4800      320.00
30.5000      324.00
30.5200      330.00
30.5400      311.00
30.5600      282.00
30.5800      327.00
30.6000      313.00
30.6200      306.00
30.6400      326.00
30.6600      301.00
30.6800      306.00
30.7000      314.00
30.7200      311.00
30.7400      320.00
30.7600      259.00
30.7800      255.00
30.8000      267.00
30.8200      262.00
30.8400      243.00
30.8600      268.00
30.8800      245.00
30.9000      262.00
30.9200      267.00
30.9400      255.00
30.9600      280.00
30.9800      297.00
31.0000      323.00
31.0200      318.00
31.0400      386.00
31.0600      348.00
31.0800      379.00
31.1000      399.00
31.1200      389.00
31.1400      369.00
31.1600      345.00
31.1800      356.00
31.2000      329.00
31.2200      307.00
31.2400      261.00
31.2600      235.00
31.2800      230.00
31.3000      210.00
31.3200      192.00
31.3400      190.00
31.3600      204.00
31.3800      196.00
31.4000      189.00
31.4200      181.00
31.4400      201.00
31.4600      206.00
31.4800      213.00
31.5000      193.00
31.5200      201.00
31.5400      214.00
31.5600      207.00
31.5800      186.00
31.6000      204.00
31.6200      188.00
31.6400      201.00
31.6600      201.00
31.6800      193.00
31.7000      200.00
31.7200      190.00
31.7400      182.00
31.7600      177.00
31.7800      179.00
31.8000      174.00
31.8200      157.00
31.8400      167.00
31.8600      180.00
31.8800      166.00
31.9000      178.00
31.9200      211.00
31.9400      192.00
31.9600      206.00
31.9800      211.00
32.0000      226.00
32.0200      229.00
32.0400      197.00
32.0600      214.00
32.0800      256.00
32.1000      249.00
32.1200      268.00
32.1400      281.00
32.1600      261.00
32.1800      289.00
32.2000      331.00
32.2200      274.00
32.2400      299.00
32.2600      316.00
32.2800      287.00
32.3000      285.00
32.3200      260.00
32.3400      272.00
32.3600      250.00
32.3800      255.00
32.4000      265.00
32.4200      256.00
32.4400      259.00
32.4600      249.00
32.4800      243.00
32.5000      232.00
32.5200      215.00
32.5400      237.00
32.5600      183.00
32.5800      195.00
32.6000      192.00
32.6200      184.00
32.6400      172.00
32.6600      161.00
32.6800      175.00
32.7000      162.00
32.7200      161.00
32.7400      170.00
32.7600      186.00
32.7800      170.00
32.8000      201.00
32.8200      188.00
32.8400      183.00
32.8600      198.00
32.8800      208.00
32.9000      205.00
32.9200      216.00
32.9400      222.00
32.9600      228.00
32.9800      190.00
33.0000      203.00
33.0200      207.00
33.0400      207.00
33.0600      196.00
33.0800      168.00
33.1000      215.00
33.1200      177.00
33.1400      172.00
33.1600      160.00
33.1800      194.00
33.2000      198.00
33.2200      166.00
33.2400      179.00
33.2600      140.00
33.2800      187.00
33.3000      159.00
33.3200      193.00
33.3400      170.00
33.3600      147.00
33.3800      147.00
33.4000      164.00
33.4200      154.00
33.4400      137.00
33.4600      153.00
33.4800      156.00
33.5000      140.00
33.5200      155.00
33.5400      130.00
33.5600      138.00
33.5800      143.00
33.6000      104.00
33.6200      137.00
33.6400      128.00
33.6600      147.00
33.6800      125.00
33.7000      127.00
33.7200      127.00
33.7400      115.00
33.7600      148.00
33.7800      141.00
33.8000      147.00
33.8200      153.00
33.8400      158.00
33.8600      175.00
33.8800      167.00
33.9000      170.00
33.9200      162.00
33.9400      167.00
33.9600      204.00
33.9800      209.00
34.0000      192.00
34.0200      171.00
34.0400      154.00
34.0600      174.00
34.0800      172.00
34.1000      180.00
34.1200      160.00
34.1400      154.00
34.1600      134.00
34.1800      150.00
34.2000      161.00
34.2200      150.00
34.2400      154.00
34.2600      167.00
34.2800      134.00
34.3000      183.00
34.3200      162.00
34.3400      166.00
34.3600      178.00
34.3800      174.00
34.4000      191.00
34.4200      199.00
34.4400      156.00
34.4600      178.00
34.4800      211.00
34.5000      186.00
34.5200      188.00
34.5400      201.00
34.5600      195.00
34.5800      185.00
34.6000      175.00
34.6200      193.00
34.6400      182.00
34.6600      181.00
34.6800      208.00
34.7000      195.00
34.7200      191.00
34.7400      188.00
34.7600      231.00
34.7800      221.00
34.8000      232.00
34.8200      263.00
34.8400      250.00
34.8600      280.00
34.8800      304.00
34.9000      329.00
34.9200      328.00
34.9400      325.00
34.9600      400.00
34.9800      395.00
35.0000      400.00
