 2.2000      327.00
 2.2200      314.00
 2.2400      307.00
 2.2600      335.00
 2.2800      294.00
 2.3000      295.00
 2.3200      263.00
 2.3400      293.00
 2.3600      310.00
 2.3800      296.00
 2.4000      306.00
 2.4200      292.00
 2.4400      288.00
 2.4600      286.00
 2.4800      328.00
 2.5000      251.00
 2.5200      278.00
 2.5400      294.00
 2.5600      298.00
 2.5800      307.00
 2.6000      295.00
 2.6200      280.00
 2.6400      275.00
 2.6600      273.00
 2.6800      273.00
 2.7000      302.00
 2.7200      287.00
 2.7400      277.00
 2.7600      267.00
 2.7800      258.00
 2.8000      265.00
 2.8200      260.00
 2.8400      276.00
 2.8600      296.00
 2.8800      280.00
 2.9000      297.00
 2.9200      267.00
 2.9400      276.00
 2.9600      276.00
 2.9800      272.00
 3.0000      270.00
 3.0200      291.00
 3.0400      294.00
 3.0600      281.00
 3.0800      258.00
 3.1000      255.00
 3.1200      258.00
 3.1400      271.00
 3.1600      245.00
 3.1800      263.00
 3.2000      239.00
 3.2200      258.00
 3.2400      273.00
 3.2600      276.00
 3.2800      249.00
 3.3000      243.00
 3.3200      240.00
 3.3400      237.00
 3.3600      242.00
 3.3800      245.00
 3.4000      268.00
 3.4200      231.00
 3.4400      251.00
 3.4600      248.00
 3.4800      259.00
 3.5000      236.00
 3.5200      242.00
 3.5400      236.00
 3.5600      236.00
 3.5800      203.00
 3.6000      247.00
 3.6200      225.00
 3.6400      212.00
 3.6600      217.00
 3.6800      240.00
 3.7000      248.00
 3.7200      245.00
 3.7400      230.00
 3.7600      241.00
 3.7800      218.00
 3.8000      221.00
 3.8200      231.00
 3.8400      204.00
 3.8600      216.00
 3.8800      248.00
 3.9000      206.00
 3.9200      216.00
 3.9400      222.00
 3.9600      190.00
 3.9800      220.00
 4.0000      223.00
 4.0200      205.00
 4.0400      201.00
 4.0600      190.00
 4.0800      226.00
 4.1000      198.00
 4.1200      194.00
 4.1400      195.00
 4.1600      195.00
 4.1800      195.00
 4.2000      213.00
 4.2200      205.00
 4.2400      199.00
 4.2600      177.00
 4.2800      187.00
 4.3000      207.00
 4.3200      213.00
 4.3400      186.00
 4.3600      192.00
 4.3800      201.00
 4.4000      189.00
 4.4200      214.00
 4.4400      191.00
 4.4600      175.00
 4.4800      207.00
 4.5000      205.00
 4.5200      224.00
 4.5400      197.00
 4.5600      196.00
 4.5800      168.00
 4.6000      191.00
 4.6200      152.00
 4.6400      196.00
 4.6600      191.00
 4.6800      195.00
 4.7000      187.00
 4.7200      188.00
 4.7400      179.00
 4.7600      206.00
 4.7800      179.00
 4.8000      173.00
 4.8200      156.00
 4.8400      195.00
 4.8600      170.00
 4.8800      191.00
 4.9000      179.00
 4.9200      218.00
 4.9400      192.00
 4.9600      164.00
 4.9800      190.00
 5.0000      186.00
 5.0200      193.00
 5.0400      220.00
 5.0600      196.00
 5.0800      183.00
 5.1000      196.00
 5.1200      186.00
 5.1400      181.00
 5.1600      194.00
 5.1800      152.00
 5.2000      196.00
 5.2200      170.00
 5.2400      173.00
 5.2600      188.00
 5.2800      202.00
 5.3000      197.00
 5.3200      182.00
 5.3400      201.00
 5.3600      180.00
 5.3800      181.00
 5.4000      182.00
 5.4200      196.00
 5.4400      198.00
 5.4600      179.00
 5.4800      178.00
 5.5000      180.00
 5.5200      186.00
 5.5400      195.00
 5.5600      193.00
 5.5800      181.00
 5.6000      162.00
 5.6200      212.00
 5.6400      173.00
 5.6600      208.00
 5.6800      186.00
 5.7000      210.00
 5.7200      200.00
 5.7400      153.00
 5.7600      186.00
 5.7800      169.00
 5.8000      210.00
 5.8200      203.00
 5.8400      202.00
 5.8600      196.00
 5.8800      176.00
 5.9000      193.00
 5.9200      194.00
 5.9400      218.00
 5.9600      198.00
 5.9800      188.00
 6.0000      185.00
 6.0200      191.00
 6.0400      184.00
 6.0600      188.00
 6.0800      185.00
 6.1000      180.00
 6.1200      211.00
 6.1400      179.00
 6.1600      199.00
 6.1800      200.00
 6.2000      178.00
 6.2200      185.00
 6.2400      203.00
 6.2600      167.00
 6.2800      188.00
 6.3000      196.00
 6.3200      195.00
 6.3400      199.00
 6.3600      184.00
 6.3800      205.00
 6.4000      212.00
 6.4200      198.00
 6.4400      184.00
 6.4600      186.00
 6.4800      196.00
 6.5000      223.00
 6.5200      181.00
 6.5400      216.00
 6.5600      184.00
 6.5800      214.00
 6.6000      162.00
 6.6200      186.00
 6.6400      197.00
 6.6600      209.00
 6.6800      199.00
 6.7000      181.00
 6.7200      200.00
 6.7400      204.00
 6.7600      220.00
 6.7800      190.00
 6.8000      191.00
 6.8200      204.00
 6.8400      205.00
 6.8600      206.00
 6.8800      213.00
 6.9000      189.00
 6.9200      211.00
 6.9400      210.00
 6.9600      213.00
 6.9800      187.00
 7.0000      201.00
 7.0200      198.00
 7.0400      183.00
 7.0600      232.00
 7.0800      229.00
 7.1000      217.00
 7.1200      193.00
 7.1400      199.00
 7.1600      219.00
 7.1800      211.00
 7.2000      183.00
 7.2200      222.00
 7.2400      213.00
 7.2600      212.00
 7.2800      219.00
 7.3000      193.00
 7.3200      246.00
 7.3400      185.00
 7.3600      206.00
 7.3800      207.00
 7.4000      220.00
 7.4200      205.00
 7.4400      207.00
 7.4600      227.00
 7.4800      208.00
 7.5000      205.00
 7.5200      209.00
 7.5400      195.00
 7.5600      207.00
 7.5800      197.00
 7.6000      202.00
 7.6200      250.00
 7.6400      219.00
 7.6600      233.00
 7.6800      205.00
 7.7000      223.00
 7.7200      240.00
 7.7400      214.00
 7.7600      192.00
 7.7800      220.00
 7.8000      218.00
 7.8200      232.00
 7.8400      214.00
 7.8600      196.00
 7.8800      231.00
 7.9000      242.00
 7.9200      216.00
 7.9400      186.00
 7.9600      243.00
 7.9800      226.00
 8.0000      225.00
 8.0200      217.00
 8.0400      241.00
 8.0600      227.00
 8.0800      212.00
 8.1000      218.00
 8.1200      252.00
 8.1400      259.00
 8.1600      237.00
 8.1800      206.00
 8.2000      236.00
 8.2200      225.00
 8.2400      237.00
 8.2600      214.00
 8.2800      241.00
 8.3000      233.00
 8.3200      229.00
 8.3400      221.00
 8.3600      216.00
 8.3800      241.00
 8.4000      228.00
 8.4200      233.00
 8.4400      241.00
 8.4600      255.00
 8.4800      235.00
 8.5000      223.00
 8.5200      228.00
 8.5400      231.00
 8.5600      239.00
 8.5800      248.00
 8.6000      245.00
 8.6200      238.00
 8.6400      237.00
 8.6600      213.00
 8.6800      220.00
 8.7000      235.00
 8.7200      261.00
 8.7400      242.00
 8.7600      246.00
 8.7800      226.00
 8.8000      237.00
 8.8200      257.00
 8.8400      234.00
 8.8600      245.00
 8.8800      233.00
 8.9000      235.00
 8.9200      243.00
 8.9400      260.00
 8.9600      259.00
 8.9800      221.00
 9.0000      268.00
 9.0200      222.00
 9.0400      242.00
 9.0600      237.00
 9.0800      252.00
 9.1000      262.00
 9.1200      210.00
 9.1400      256.00
 9.1600      268.00
 9.1800      237.00
 9.2000      269.00
 9.2200      232.00
 9.2400      287.00
 9.2600      257.00
 9.2800      244.00
 9.3000      241.00
 9.3200      278.00
 9.3400      272.00
 9.3600      281.00
 9.3800      249.00
 9.4000      253.00
 9.4200      267.00
 9.4400      268.00
 9.4600      316.00
 9.4800      247.00
 9.5000      262.00
 9.5200      259.00
 9.5400      277.00
 9.5600      281.00
 9.5800      269.00
 9.6000      262.00
 9.6200      261.00
 9.6400      287.00
 9.6600      304.00
 9.6800      263.00
 9.7000      277.00
 9.7200      306.00
 9.7400      305.00
 9.7600      250.00
 9.7800      268.00
 9.8000      298.00
 9.8200      294.00
 9.8400      278.00
 9.8600      286.00
 9.8800      276.00
 9.9000      283.00
 9.9200      253.00
 9.9400      321.00
 9.9600      298.00
 9.9800      288.00
10.0000      283.00
10.0200      284.00
10.0400      291.00
10.0600      289.00
10.0800      262.00
10.1000      273.00
10.1200      327.00
10.1400      282.00
10.1600      309.00
10.1800      270.00
10.2000      292.00
10.2200      299.00
10.2400      296.00
10.2600      283.00
10.2800      303.00
10.3000      294.00
10.3200      303.00
10.3400      269.00
10.3600      316.00
10.3800      285.00
10.4000      291.00
10.4200      326.00
10.4400      295.00
10.4600      279.00
10.4800      300.00
10.5000      300.00
10.5200      284.00
10.5400      305.00
10.5600      326.00
10.5800      298.00
10.6000      320.00
10.6200      321.00
10.6400      311.00
10.6600      319.00
10.6800      346.00
10.7000      304.00
10.7200      313.00
10.7400      361.00
10.7600      320.00
10.7800      322.00
10.8000      330.00
10.8200      308.00
10.8400      321.00
10.8600      347.00
10.8800      313.00
10.9000      308.00
10.9200      315.00
10.9400      331.00
10.9600      332.00
10.9800      342.00
11.0000      339.00
11.0200      332.00
11.0400      293.00
11.0600      357.00
11.0800      333.00
11.1000      321.00
11.1200      321.00
11.1400      298.00
11.1600      365.00
11.1800      316.00
11.2000      346.00
11.2200      332.00
11.2400      361.00
11.2600      320.00
11.2800      352.00
11.3000      350.00
11.3200      324.00
11.3400      353.00
11.3600      336.00
11.3800      361.00
11.4000      348.00
11.4200      328.00
11.4400      349.00
11.4600      318.00
11.4800      334.00
11.5000      346.00
11.5200      335.00
11.5400      354.00
11.5600      320.00
11.5800      344.00
11.6000      303.00
11.6200      323.00
11.6400      361.00
11.6600      354.00
11.6800      336.00
11.7000      366.00
11.7200      373.00
11.7400      335.00
11.7600      391.00
11.7800      349.00
11.8000      354.00
11.8200      364.00
11.8400      359.00
11.8600      397.00
11.8800      384.00
11.9000      386.00
11.9200      347.00
11.9400      383.00
11.9600      355.00
11.9800      350.00
12.0000      350.00
12.0200      350.00
12.0400      372.00
12.0600      369.00
12.0800      355.00
12.1000      345.00
12.1200      364.00
12.1400      378.00
12.1600      369.00
12.1800      405.00
12.2000      361.00
12.2200      391.00
12.2400      380.00
12.2600      392.00
12.2800      362.00
12.3000      366.00
12.3200      378.00
12.3400      351.00
12.3600      334.00
12.3800      338.00
12.4000      358.00
12.4200      371.00
12.4400      425.00
12.4600      404.00
12.4800      359.00
12.5000      418.00
12.5200      388.00
12.5400      393.00
12.5600      365.00
12.5800      366.00
12.6000      407.00
12.6200      419.00
12.6400      360.00
12.6600      357.00
12.6800      409.00
12.7000      393.00
12.7200      361.00
12.7400      378.00
12.7600      393.00
12.7800      377.00
12.8000      416.00
12.8200      360.00
12.8400      341.00
12.8600      403.00
12.8800      399.00
12.9000      366.00
12.9200      365.00
12.9400      382.00
12.9600      382.00
12.9800      392.00
13.0000      404.00
13.0200      398.00
13.0400      389.00
13.0600      406.00
13.0800      385.00
13.1000      389.00
13.1200      386.00
13.1400      376.00
13.1600      374.00
13.1800      404.00
13.2000      422.00
13.2200      370.00
13.2400      399.00
13.2600      409.00
13.2800      430.00
13.3000      407.00
13.3200      380.00
13.3400      389.00
13.3600      373.00
13.3800      384.00
13.4000      413.00
13.4200      415.00
13.4400      380.00
13.4600      373.00
13.4800      401.00
13.5000      388.00
13.5200      394.00
13.5400      384.00
13.5600      432.00
13.5800      421.00
13.6000      400.00
13.6200      392.00
13.6400      441.00
13.6600      419.00
13.6800      408.00
13.7000      423.00
13.7200      372.00
13.7400      443.00
13.7600      402.00
13.7800      386.00
13.8000      415.00
13.8200      364.00
13.8400      423.00
13.8600      396.00
13.8800      396.00
13.9000      394.00
13.9200      437.00
13.9400      390.00
13.9600      420.00
13.9800      409.00
14.0000      433.00
14.0200      394.00
14.0400      392.00
14.0600      406.00
14.0800      405.00
14.1000      395.00
14.1200      405.00
14.1400      391.00
14.1600      401.00
14.1800      408.00
14.2000      384.00
14.2200      449.00
14.2400      406.00
14.2600      425.00
14.2800      445.00
14.3000      459.00
14.3200      436.00
14.3400      454.00
14.3600      407.00
14.3800      396.00
14.4000      418.00
14.4200      443.00
14.4400      408.00
14.4600      421.00
14.4800      423.00
14.5000      457.00
14.5200      419.00
14.5400      440.00
14.5600      453.00
14.5800      416.00
14.6000      449.00
14.6200      407.00
14.6400      420.00
14.6600      437.00
14.6800      400.00
14.7000      401.00
14.7200      448.00
14.7400      442.00
14.7600      421.00
14.7800      458.00
14.8000      429.00
14.8200      398.00
14.8400      422.00
14.8600      435.00
14.8800      392.00
14.9000      458.00
14.9200      422.00
14.9400      408.00
14.9600      445.00
14.9800      465.00
15.0000      433.00
15.0200      431.00
15.0400      431.00
15.0600      414.00
15.0800      407.00
15.1000      425.00
15.1200      421.00
15.1400      433.00
15.1600      468.00
15.1800      426.00
15.2000      447.00
15.2200      469.00
15.2400      430.00
15.2600      443.00
15.2800      468.00
15.3000      443.00
15.3200      431.00
15.3400      438.00
15.3600      429.00
15.3800      434.00
15.4000      407.00
15.4200      429.00
15.4400      468.00
15.4600      448.00
15.4800      416.00
15.5000      444.00
15.5200      427.00
15.5400      428.00
15.5600      420.00
15.5800      425.00
15.6000      484.00
15.6200      504.00
15.6400      405.00
15.6600      434.00
15.6800      435.00
15.7000      453.00
15.7200      433.00
15.7400      436.00
15.7600      461.00
15.7800      415.00
15.8000      450.00
15.8200      463.00
15.8400      437.00
15.8600      452.00
15.8800      460.00
15.9000      477.00
15.9200      429.00
15.9400      462.00
15.9600      501.00
15.9800      431.00
16.0000      473.00
16.0200      449.00
16.0400      422.00
16.0600      480.00
16.0800      419.00
16.1000      474.00
16.1200      421.00
16.1400      499.00
16.1600      461.00
16.1800      469.00
16.2000      462.00
16.2200      479.00
16.2400      419.00
16.2600      447.00
16.2800      426.00
16.3000      474.00
16.3200      487.00
16.3400      437.00
16.3600      418.00
16.3800      450.00
16.4000      466.00
16.4200      471.00
16.4400      462.00
16.4600      498.00
16.4800      476.00
16.5000      461.00
16.5200      456.00
16.5400      489.00
16.5600      508.00
16.5800      464.00
16.6000      473.00
16.6200      500.00
16.6400      485.00
16.6600      490.00
16.6800      485.00
16.7000      509.00
16.7200      495.00
16.7400      515.00
16.7600      466.00
16.7800      482.00
16.8000      425.00
16.8200      444.00
16.8400      517.00
16.8600      507.00
16.8800      504.00
16.9000      529.00
16.9200      486.00
16.9400      514.00
16.9600      512.00
16.9800      504.00
17.0000      567.00
17.0200      514.00
17.0400      516.00
17.0600      489.00
17.0800      513.00
17.1000      521.00
17.1200      474.00
17.1400      471.00
17.1600      481.00
17.1800      504.00
17.2000      478.00
17.2200      497.00
17.2400      509.00
17.2600      498.00
17.2800      524.00
17.3000      513.00
17.3200      549.00
17.3400      503.00
17.3600      498.00
17.3800      516.00
17.4000      517.00
17.4200      531.00
17.4400      514.00
17.4600      544.00
17.4800      509.00
17.5000      513.00
17.5200      533.00
17.5400      553.00
17.5600      521.00
17.5800      548.00
17.6000      521.00
17.6200      570.00
17.6400      549.00
17.6600      526.00
17.6800      527.00
17.7000      500.00
17.7200      539.00
17.7400      552.00
17.7600      555.00
17.7800      563.00
17.8000      535.00
17.8200      588.00
17.8400      555.00
17.8600      565.00
17.8800      555.00
17.9000      513.00
17.9200      528.00
17.9400      574.00
17.9600      561.00
17.9800      548.00
18.0000      537.00
18.0200      568.00
18.0400      550.00
18.0600      542.00
18.0800      576.00
18.1000      526.00
18.1200      582.00
18.1400      603.00
18.1600      581.00
18.1800      565.00
18.2000      561.00
18.2200      562.00
18.2400      584.00
18.2600      530.00
18.2800      604.00
18.3000      582.00
18.3200      570.00
18.3400      585.00
18.3600      563.00
18.3800      591.00
18.4000      569.00
18.4200      575.00
18.4400      602.00
18.4600      563.00
18.4800      554.00
18.5000      580.00
18.5200      580.00
18.5400      593.00
18.5600      606.00
18.5800      591.00
18.6000      603.00
18.6200      584.00
18.6400      597.00
18.6600      631.00
18.6800      614.00
18.7000      586.00
18.7200      561.00
18.7400      561.00
18.7600      604.00
18.7800      606.00
18.8000      649.00
18.8200      592.00
18.8400      563.00
18.8600      575.00
18.8800      605.00
18.9000      611.00
18.9200      577.00
18.9400      597.00
18.9600      630.00
18.9800      615.00
19.0000      606.00
19.0200      623.00
19.0400      618.00
19.0600      560.00
19.0800      588.00
19.1000      612.00
19.1200      597.00
19.1400      618.00
19.1600      545.00
19.1800      675.00
19.2000      627.00
19.2200      647.00
19.2400      647.00
19.2600      572.00
19.2800      601.00
19.3000      583.00
19.3200      567.00
19.3400      634.00
19.3600      590.00
19.3800      658.00
19.4000      642.00
19.4200      583.00
19.4400      603.00
19.4600      588.00
19.4800      595.00
19.5000      635.00
19.5200      616.00
19.5400      626.00
19.5600      610.00
19.5800      557.00
19.6000      590.00
19.6200      638.00
19.6400      602.00
19.6600      652.00
19.6800      602.00
19.7000      603.00
19.7200      626.00
19.7400      633.00
19.7600      635.00
19.7800      608.00
19.8000      584.00
19.8200      643.00
19.8400      648.00
19.8600      650.00
19.8800      656.00
19.9000      617.00
19.9200      632.00
19.9400      621.00
19.9600      618.00
19.9800      588.00
20.0000      660.00
20.0200      608.00
20.0400      564.00
20.0600      595.00
20.0800      626.00
20.1000      588.00
20.1200      634.00
20.1400      613.00
20.1600      618.00
20.1800      622.00
20.2000      677.00
20.2200      601.00
20.2400      628.00
20.2600      545.00
20.2800      601.00
20.3000      639.00
20.3200      633.00
20.3400      600.00
20.3600      612.00
20.3800      613.00
20.4000      585.00
20.4200      631.00
20.4400      580.00
20.4600      580.00
20.4800      597.00
20.5000      644.00
20.5200      590.00
20.5400      577.00
20.5600      596.00
20.5800      604.00
20.6000      608.00
20.6200      582.00
20.6400      639.00
20.6600      605.00
20.6800      612.00
20.7000      638.00
20.7200      613.00
20.7400      594.00
20.7600      574.00
20.7800      623.00
20.8000      621.00
20.8200      657.00
20.8400      571.00
20.8600      614.00
20.8800      606.00
20.9000      601.00
20.9200      618.00
20.9400      686.00
20.9600      564.00
20.9800      615.00
21.0000      627.00
21.0200      585.00
21.0400      615.00
21.0600      579.00
21.0800      607.00
21.1000      645.00
21.1200      582.00
21.1400      597.00
21.1600      603.00
21.1800      588.00
21.2000      579.00
21.2200      603.00
21.2400      579.00
21.2600      556.00
21.2800      574.00
21.3000      574.00
21.3200      602.00
21.3400      631.00
21.3600      610.00
21.3800      609.00
21.4000      566.00
21.4200      556.00
21.4400      629.00
21.4600      604.00
21.4800      645.00
21.5000      536.00
21.5200      551.00
21.5400      592.00
21.5600      549.00
21.5800      568.00
21.6000      540.00
21.6200      549.00
21.6400      551.00
21.6600      588.00
21.6800      577.00
21.7000      544.00
21.7200      600.00
21.7400      572.00
21.7600      602.00
21.7800      611.00
21.8000      563.00
21.8200      547.00
21.8400      583.00
21.8600      553.00
21.8800      617.00
21.9000      563.00
21.9200      584.00
21.9400      564.00
21.9600      585.00
21.9800      573.00
22.0000      592.00
22.0200      528.00
22.0400      581.00
22.0600      569.00
22.0800      569.00
22.1000      545.00
22.1200      556.00
22.1400      578.00
22.1600      523.00
22.1800      545.00
22.2000      538.00
22.2200      572.00
22.2400      582.00
22.2600      506.00
22.2800      536.00
22.3000      581.00
22.3200      595.00
22.3400      487.00
22.3600      568.00
22.3800      589.00
22.4000      507.00
22.4200      579.00
22.4400      557.00
22.4600      542.00
22.4800      533.00
22.5000      570.00
22.5200      526.00
22.5400      525.00
22.5600      516.00
22.5800      503.00
22.6000      581.00
22.6200      549.00
22.6400      557.00
22.6600      576.00
22.6800      569.00
22.7000      553.00
22.7200      544.00
22.7400      520.00
22.7600      575.00
22.7800      519.00
22.8000      558.00
22.8200      523.00
22.8400      550.00
22.8600      547.00
22.8800      529.00
22.9000      542.00
22.9200      531.00
22.9400      545.00
22.9600      557.00
22.9800      533.00
23.0000      504.00
23.0200      481.00
23.0400      488.00
23.0600      544.00
23.0800      534.00
23.1000      487.00
23.1200      532.00
23.1400      483.00
23.1600      524.00
23.1800      518.00
23.2000      550.00
23.2200      536.00
23.2400      544.00
23.2600      549.00
23.2800      525.00
23.3000      537.00
23.3200      556.00
23.3400      533.00
23.3600      536.00
23.3800      512.00
23.4000      519.00
23.4200      505.00
23.4400      491.00
23.4600      527.00
23.4800      516.00
23.5000      513.00
23.5200      511.00
23.5400      486.00
23.5600      493.00
23.5800      507.00
23.6000      483.00
23.6200      511.00
23.6400      510.00
23.6600      480.00
23.6800      495.00
23.7000      504.00
23.7200      481.00
23.7400      500.00
23.7600      500.00
23.7800      476.00
23.8000      505.00
23.8200      484.00
23.8400      473.00
23.8600      482.00
23.8800      466.00
23.9000      463.00
23.9200      502.00
23.9400      513.00
23.9600      469.00
23.9800      472.00
24.0000      501.00
24.0200      457.00
24.0400      453.00
24.0600      502.00
24.0800      475.00
24.1000      465.00
24.1200      485.00
24.1400      464.00
24.1600      466.00
24.1800      508.00
24.2000      471.00
24.2200      483.00
24.2400      490.00
24.2600      486.00
24.2800      473.00
24.3000      459.00
24.3200      437.00
24.3400      500.00
24.3600      475.00
24.3800      458.00
24.4000      454.00
24.4200      462.00
24.4400      473.00
24.4600      505.00
24.4800      463.00
24.5000      462.00
24.5200      431.00
24.5400      449.00
24.5600      463.00
24.5800      437.00
24.6000      458.00
24.6200      471.00
24.6400      453.00
24.6600      470.00
24.6800      468.00
24.7000      435.00
24.7200      443.00
24.7400      423.00
24.7600      473.00
24.7800      470.00
24.8000      433.00
24.8200      461.00
24.8400      488.00
24.8600      419.00
24.8800      479.00
24.9000      462.00
24.9200      468.00
24.9400      450.00
24.9600      477.00
24.9800      471.00
25.0000      469.00
25.0200      411.00
25.0400      458.00
25.0600      418.00
25.0800      426.00
25.1000      473.00
25.1200      409.00
25.1400      413.00
25.1600      430.00
25.1800      447.00
25.2000      449.00
25.2200      457.00
25.2400      435.00
25.2600      409.00
25.2800      445.00
25.3000      426.00
25.3200      456.00
25.3400      391.00
25.3600      455.00
25.3800      423.00
25.4000      443.00
25.4200      436.00
25.4400      422.00
25.4600      422.00
25.4800      422.00
25.5000      400.00
25.5200      412.00
25.5400      421.00
25.5600      380.00
25.5800      431.00
25.6000      439.00
25.6200      414.00
25.6400      392.00
25.6600      405.00
25.6800      411.00
25.7000      423.00
25.7200      395.00
25.7400      391.00
25.7600      408.00
25.7800      450.00
25.8000      424.00
25.8200      404.00
25.8400      409.00
25.8600      432.00
25.8800      420.00
25.9000      405.00
25.9200      427.00
25.9400      415.00
25.9600      438.00
25.9800      426.00
26.0000      424.00
26.0200      394.00
26.0400      410.00
26.0600      367.00
26.0800      381.00
26.1000      405.00
26.1200      387.00
26.1400      357.00
26.1600      414.00
26.1800      398.00
26.2000      405.00
26.2200      402.00
26.2400      407.00
26.2600      375.00
26.2800      400.00
26.3000      317.00
26.3200      425.00
26.3400      361.00
26.3600      371.00
26.3800      345.00
26.4000      355.00
26.4200      393.00
26.4400      380.00
26.4600      387.00
26.4800      411.00
26.5000      399.00
26.5200      342.00
26.5400      369.00
26.5600      379.00
26.5800      368.00
26.6000      356.00
26.6200      364.00
26.6400      362.00
26.6600      358.00
26.6800      385.00
26.7000      372.00
26.7200      372.00
26.7400      326.00
26.7600      357.00
26.7800      418.00
26.8000      356.00
26.8200      366.00
26.8400      344.00
26.8600      387.00
26.8800      367.00
26.9000      374.00
26.9200      351.00
26.9400      370.00
26.9600      356.00
26.9800      354.00
27.0000      358.00
27.0200      352.00
27.0400      364.00
27.0600      336.00
27.0800      313.00
27.1000      353.00
27.1200      356.00
27.1400      364.00
27.1600      357.00
27.1800      331.00
27.2000      355.00
27.2200      363.00
27.2400      337.00
27.2600      376.00
27.2800      364.00
27.3000      327.00
27.3200      360.00
27.3400      371.00
27.3600      345.00
27.3800      318.00
27.4000      354.00
27.4200      290.00
27.4400      335.00
27.4600      357.00
27.4800      336.00
27.5000      365.00
27.5200      358.00
27.5400      377.00
27.5600      357.00
27.5800      339.00
27.6000      341.00
27.6200      316.00
27.6400      355.00
27.6600      346.00
27.6800      329.00
27.7000      308.00
27.7200      344.00
27.7400      326.00
27.7600      325.00
27.7800      361.00
27.8000      316.00
27.8200      345.00
27.8400      318.00
27.8600      351.00
27.8800      341.00
27.9000      312.00
27.9200      320.00
27.9400      312.00
27.9600      355.00
27.9800      335.00
28.0000      343.00
28.0200      320.00
28.0400      332.00
28.0600      311.00
28.0800      333.00
28.1000      360.00
28.1200      313.00
28.1400      330.00
28.1600      325.00
28.1800      309.00
28.2000      305.00
28.2200      311.00
28.2400      340.00
28.2600      323.00
28.2800      316.00
28.3000      319.00
28.3200      310.00
28.3400      324.00
28.3600      304.00
28.3800      335.00
28.4000      302.00
28.4200      300.00
28.4400      276.00
28.4600      289.00
28.4800      316.00
28.5000      291.00
28.5200      345.00
28.5400      300.00
28.5600      298.00
28.5800      313.00
28.6000      293.00
28.6200      262.00
28.6400      284.00
28.6600      321.00
28.6800      320.00
28.7000      297.00
28.7200      271.00
28.7400      288.00
28.7600      312.00
28.7800      300.00
28.8000      275.00
28.8200      297.00
28.8400      313.00
28.8600      307.00
28.8800      282.00
28.9000      299.00
28.9200      285.00
28.9400      288.00
28.9600      289.00
28.9800      296.00
29.0000      281.00
29.0200      296.00
29.0400      277.00
29.0600      280.00
29.0800      314.00
29.1000      275.00
29.1200      265.00
29.1400      294.00
29.1600      299.00
29.1800      310.00
29.2000      295.00
29.2200      290.00
29.2400      294.00
29.2600      286.00
29.2800      265.00
29.3000      260.00
29.3200      310.00
29.3400      304.00
29.3600      286.00
29.3800      284.00
29.4000      288.00
29.4200      262.00
29.4400      316.00
29.4600      299.00
29.4800      268.00
29.5000      293.00
29.5200      270.00
29.5400      287.00
29.5600      280.00
29.5800      277.00
29.6000      285.00
29.6200      289.00
29.6400      265.00
29.6600      274.00
29.6800      288.00
29.7000      284.00
29.7200      267.00
29.7400      261.00
29.7600      302.00
29.7800      283.00
29.8000      262.00
29.8200      288.00
29.8400      268.00
29.8600      268.00
29.8800      275.00
29.9000      269.00
29.9200      258.00
29.9400      252.00
29.9600      249.00
29.9800      270.00
30.0000      269.00
30.0200      275.00
30.0400      272.00
30.0600      275.00
30.0800      271.00
30.1000      255.00
30.1200      233.00
30.1400      249.00
30.1600      265.00
30.1800      238.00
30.2000      244.00
30.2200      235.00
30.2400      265.00
30.2600      255.00
30.2800      270.00
30.3000      256.00
30.3200      228.00
30.3400      271.00
30.3600      279.00
30.3800      245.00
30.4000      248.00
30.4200      247.00
30.4400      257.00
30.4600      222.00
30.4800      259.00
30.5000      273.00
30.5200      247.00
30.5400      262.00
30.5600      287.00
30.5800      277.00
30.6000      226.00
30.6200      250.00
30.6400      233.00
30.6600      272.00
30.6800      252.00
30.7000      242.00
30.7200      277.00
30.7400      251.00
30.7600      255.00
30.7800      246.00
30.8000      218.00
30.8200      242.00
30.8400      246.00
30.8600      245.00
30.8800      228.00
30.9000      210.00
30.9200      251.00
30.9400      279.00
30.9600      246.00
30.9800      247.00
31.0000      260.00
31.0200      232.00
31.0400      244.00
31.0600      225.00
31.0800      226.00
31.1000      271.00
31.1200      212.00
31.1400      243.00
31.1600      265.00
31.1800      245.00
31.2000      219.00
31.2200      226.00
31.2400      244.00
31.2600      239.00
31.2800      260.00
31.3000      249.00
31.3200      240.00
31.3400      213.00
31.3600      241.00
31.3800      237.00
31.4000      229.00
31.4200      262.00
31.4400      242.00
31.4600      235.00
31.4800      213.00
31.5000      248.00
31.5200      254.00
31.5400      221.00
31.5600      240.00
31.5800      243.00
31.6000      266.00
31.6200      243.00
31.6400      231.00
31.6600      236.00
31.6800      250.00
31.7000      205.00
31.7200      243.00
31.7400      249.00
31.7600      224.00
31.7800      200.00
31.8000      241.00
31.8200      219.00
31.8400      231.00
31.8600      209.00
31.8800      208.00
31.9000      266.00
31.9200      217.00
31.9400      230.00
31.9600      227.00
31.9800      209.00
32.0000      256.00
32.0200      226.00
32.0400      218.00
32.0600      231.00
32.0800      232.00
32.1000      227.00
32.1200      207.00
32.1400      235.00
32.1600      226.00
32.1800      207.00
32.2000      248.00
32.2200      195.00
32.2400      250.00
32.2600      211.00
32.2800      232.00
32.3000      261.00
32.3200      252.00
32.3400      188.00
32.3600      208.00
32.3800      208.00
32.4000      223.00
32.4200      229.00
32.4400      225.00
32.4600      230.00
32.4800      240.00
32.5000      226.00
32.5200      218.00
32.5400      219.00
32.5600      212.00
32.5800      217.00
32.6000      216.00
32.6200      206.00
32.6400      228.00
32.6600      229.00
32.6800      229.00
32.7000      203.00
32.7200      209.00
32.7400      213.00
32.7600      214.00
32.7800      216.00
32.8000      196.00
32.8200      209.00
32.8400      249.00
32.8600      221.00
32.8800      201.00
32.9000      204.00
32.9200      214.00
32.9400      206.00
32.9600      197.00
32.9800      217.00
33.0000      205.00
33.0200      216.00
33.0400      213.00
33.0600      199.00
33.0800      205.00
33.1000      234.00
33.1200      205.00
33.1400      206.00
33.1600      212.00
33.1800      232.00
33.2000      229.00
33.2200      187.00
33.2400      216.00
33.2600      211.00
33.2800      220.00
33.3000      191.00
33.3200      198.00
33.3400      206.00
33.3600      218.00
33.3800      182.00
33.4000      223.00
33.4200      186.00
33.4400      213.00
33.4600      183.00
33.4800      225.00
33.5000      234.00
33.5200      202.00
33.5400      191.00
33.5600      179.00
33.5800      234.00
33.6000      207.00
33.6200      192.00
33.6400      177.00
33.6600      199.00
33.6800      194.00
33.7000      183.00
33.7200      190.00
33.7400      190.00
33.7600      230.00
33.7800      204.00
33.8000      205.00
33.8200      211.00
33.8400      188.00
33.8600      213.00
33.8800      190.00
33.9000      193.00
33.9200      204.00
33.9400      197.00
33.9600      195.00
33.9800      206.00
34.0000      199.00
34.0200      210.00
34.0400      224.00
34.0600      189.00
34.0800      221.00
34.1000      212.00
34.1200      208.00
34.1400      170.00
34.1600      179.00
34.1800      174.00
34.2000      208.00
34.2200      190.00
34.2400      194.00
34.2600      189.00
34.2800      207.00
34.3000      182.00
34.3200      191.00
34.3400      218.00
34.3600      189.00
34.3800      197.00
34.4000      201.00
34.4200      203.00
34.4400      217.00
34.4600      214.00
34.4800      221.00
34.5000      205.00
34.5200      189.00
34.5400      179.00
34.5600      203.00
34.5800      190.00
34.6000      213.00
34.6200      192.00
34.6400      206.00
34.6600      184.00
34.6800      172.00
34.7000      198.00
34.7200      187.00
34.7400      193.00
34.7600      186.00
34.7800      197.00
34.8000      184.00
34.8200      205.00
34.8400      179.00
34.8600      188.00
34.8800      231.00
34.9000      185.00
34.9200      188.00
34.9400      181.00
34.9600      185.00
34.9800      193.00
35.0000      210.00
