 2.2000      294.00
 2.2200      274.00
 2.2400      291.00
 2.2600      305.00
 2.2800      306.00
 2.3000      297.00
 2.3200      256.00
 2.3400      267.00
 2.3600      298.00
 2.3800      285.00
 2.4000      254.00
 2.4200      291.00
 2.4400      276.00
 2.4600      268.00
 2.4800      264.00
 2.5000      274.00
 2.5200      247.00
 2.5400      271.00
 2.5600      254.00
 2.5800      282.00
 2.6000      287.00
 2.6200      269.00
 2.6400      270.00
 2.6600      260.00
 2.6800      269.00
 2.7000      279.00
 2.7200      269.00
 2.7400      240.00
 2.7600      274.00
 2.7800      237.00
 2.8000      274.00
 2.8200      237.00
 2.8400      250.00
 2.8600      241.00
 2.8800      254.00
 2.9000      256.00
 2.9200      243.00
 2.9400      249.00
 2.9600      240.00
 2.9800      283.00
 3.0000      253.00
 3.0200      265.00
 3.0400      226.00
 3.0600      232.00
 3.0800      223.00
 3.1000      215.00
 3.1200      244.00
 3.1400      216.00
 3.1600      214.00
 3.1800      240.00
 3.2000      213.00
 3.2200      235.00
 3.2400      209.00
 3.2600      236.00
 3.2800      254.00
 3.3000      202.00
 3.3200      215.00
 3.3400      218.00
 3.3600      222.00
 3.3800      262.00
 3.4000      201.00
 3.4200      227.00
 3.4400      206.00
 3.4600      188.00
 3.4800      201.00
 3.5000      229.00
 3.5200      200.00
 3.5400      205.00
 3.5600      218.00
 3.5800      187.00
 3.6000      220.00
 3.6200      224.00
 3.6400      207.00
 3.6600      216.00
 3.6800      214.00
 3.7000      214.00
 3.7200      212.00
 3.7400      192.00
 3.7600      209.00
 3.7800      182.00
 3.8000      189.00
 3.8200      204.00
 3.8400      194.00
 3.8600      171.00
 3.8800      194.00
 3.9000      200.00
 3.9200      173.00
 3.9400      172.00
 3.9600      171.00
 3.9800      203.00
 4.0000      178.00
 4.0200      185.00
 4.0400      154.00
 4.0600      147.00
 4.0800      177.00
 4.1000      145.00
 4.1200      163.00
 4.1400      164.00
 4.1600      135.00
 4.1800      166.00
 4.2000      155.00
 4.2200      154.00
 4.2400      159.00
 4.2600      158.00
 4.2800      158.00
 4.3000      158.00
 4.3200      137.00
 4.3400      165.00
 4.3600      161.00
 4.3800      155.00
 4.4000      154.00
 4.4200      153.00
 4.4400      154.00
 4.4600      128.00
 4.4800      145.00
 4.5000      152.00
 4.5200      170.00
 4.5400      151.00
 4.5600      147.00
 4.5800      132.00
 4.6000      131.00
 4.6200      148.00
 4.6400      136.00
 4.6600      129.00
 4.6800      156.00
 4.7000      156.00
 4.7200      140.00
 4.7400      141.00
 4.7600      151.00
 4.7800      141.00
 4.8000      138.00
 4.8200      130.00
 4.8400      132.00
 4.8600      151.00
 4.8800      119.00
 4.9000      128.00
 4.9200      149.00
 4.9400      120.00
 4.9600      121.00
 4.9800      133.00
 5.0000      159.00
 5.0200      128.00
 5.0400      124.00
 5.0600      156.00
 5.0800      157.00
 5.1000      135.00
 5.1200      135.00
 5.1400      126.00
 5.1600      129.00
 5.1800      135.00
 5.2000      127.00
 5.2200      132.00
 5.2400      152.00
 5.2600      143.00
 5.2800      140.00
 5.3000      134.00
 5.3200      129.00
 5.3400      152.00
 5.3600      127.00
 5.3800      128.00
 5.4000      127.00
 5.4200      126.00
 5.4400      150.00
 5.4600      131.00
 5.4800      154.00
 5.5000      157.00
 5.5200      143.00
 5.5400      140.00
 5.5600      156.00
 5.5800      131.00
 5.6000      126.00
 5.6200      144.00
 5.6400      140.00
 5.6600      148.00
 5.6800      144.00
 5.7000      130.00
 5.7200      130.00
 5.7400      146.00
 5.7600      166.00
 5.7800      136.00
 5.8000      147.00
 5.8200      160.00
 5.8400      139.00
 5.8600      141.00
 5.8800      124.00
 5.9000      128.00
 5.9200      144.00
 5.9400      117.00
 5.9600      154.00
 5.9800      147.00
 6.0000      133.00
 6.0200      135.00
 6.0400      117.00
 6.0600      122.00
 6.0800      157.00
 6.1000      147.00
 6.1200      133.00
 6.1400      126.00
 6.1600      125.00
 6.1800      129.00
 6.2000      127.00
 6.2200      160.00
 6.2400      137.00
 6.2600      148.00
 6.2800      162.00
 6.3000      137.00
 6.3200      145.00
 6.3400      165.00
 6.3600      142.00
 6.3800      128.00
 6.4000      132.00
 6.4200      134.00
 6.4400      131.00
 6.4600      137.00
 6.4800      150.00
 6.5000      130.00
 6.5200      124.00
 6.5400      131.00
 6.5600      144.00
 6.5800      161.00
 6.6000      146.00
 6.6200      139.00
 6.6400      151.00
 6.6600      135.00
 6.6800      138.00
 6.7000      158.00
 6.7200      143.00
 6.7400      140.00
 6.7600      141.00
 6.7800      152.00
 6.8000      165.00
 6.8200      167.00
 6.8400      132.00
 6.8600      152.00
 6.8800      162.00
 6.9000      170.00
 6.9200      150.00
 6.9400      147.00
 6.9600      154.00
 6.9800      147.00
 7.0000      157.00
 7.0200      156.00
 7.0400      154.00
 7.0600      132.00
 7.0800      130.00
 7.1000      148.00
 7.1200      145.00
 7.1400      142.00
 7.1600      141.00
 7.1800      144.00
 7.2000      128.00
 7.2200      147.00
 7.2400      143.00
 7.2600      129.00
 7.2800      138.00
 7.3000      144.00
 7.3200      143.00
 7.3400      162.00
 7.3600      144.00
 7.3800      132.00
 7.4000      132.00
 7.4200      128.00
 7.4400      142.00
 7.4600      144.00
 7.4800      160.00
 7.5000      133.00
 7.5200      150.00
 7.5400      139.00
 7.5600      131.00
 7.5800      129.00
 7.6000      134.00
 7.6200      153.00
 7.6400      129.00
 7.6600      139.00
 7.6800      160.00
 7.7000      151.00
 7.7200      138.00
 7.7400      132.00
 7.7600      151.00
 7.7800      145.00
 7.8000      107.00
 7.8200      148.00
 7.8400      151.00
 7.8600      135.00
 7.8800      124.00
 7.9000      131.00
 7.9200      156.00
 7.9400      132.00
 7.9600      134.00
 7.9800      106.00
 8.0000      155.00
 8.0200      158.00
 8.0400      134.00
 8.0600      136.00
 8.0800      130.00
 8.1000      140.00
 8.1200      130.00
 8.1400      139.00
 8.1600      151.00
 8.1800      168.00
 8.2000      157.00
 8.2200      156.00
 8.2400      143.00
 8.2600      148.00
 8.2800      166.00
 8.3000      180.00
 8.3200      170.00
 8.3400      151.00
 8.3600      143.00
 8.3800      138.00
 8.4000      143.00
 8.4200      164.00
 8.4400      176.00
 8.4600      139.00
 8.4800      144.00
 8.5000      165.00
 8.5200      154.00
 8.5400      150.00
 8.5600      174.00
 8.5800      164.00
 8.6000      161.00
 8.6200      148.00
 8.6400      159.00
 8.6600      156.00
 8.6800      148.00
 8.7000      171.00
 8.7200      166.00
 8.7400      185.00
 8.7600      180.00
 8.7800      196.00
 8.8000      185.00
 8.8200      160.00
 8.8400      186.00
 8.8600      167.00
 8.8800      185.00
 8.9000      167.00
 8.9200      186.00
 8.9400      162.00
 8.9600      162.00
 8.9800      170.00
 9.0000      176.00
 9.0200      148.00
 9.0400      170.00
 9.0600      157.00
 9.0800      169.00
 9.1000      130.00
 9.1200      153.00
 9.1400      133.00
 9.1600      142.00
 9.1800      179.00
 9.2000      157.00
 9.2200      142.00
 9.2400      147.00
 9.2600      150.00
 9.2800      133.00
 9.3000      152.00
 9.3200      146.00
 9.3400      133.00
 9.3600      155.00
 9.3800      138.00
 9.4000      139.00
 9.4200      146.00
 9.4400      158.00
 9.4600      142.00
 9.4800      141.00
 9.5000      159.00
 9.5200      162.00
 9.5400      166.00
 9.5600      179.00
 9.5800      160.00
 9.6000      158.00
 9.6200      164.00
 9.6400      180.00
 9.6600      164.00
 9.6800      170.00
 9.7000      170.00
 9.7200      155.00
 9.7400      158.00
 9.7600      156.00
 9.7800      181.00
 9.8000      165.00
 9.8200      205.00
 9.8400      150.00
 9.8600      174.00
 9.8800      185.00
 9.9000      158.00
 9.9200      167.00
 9.9400      190.00
 9.9600      169.00
 9.9800      169.00
10.0000      173.00
10.0200      176.00
10.0400      173.00
10.0600      179.00
10.0800      148.00
10.1000      198.00
10.1200      173.00
10.1400      163.00
10.1600      168.00
10.1800      173.00
10.2000      187.00
10.2200      186.00
10.2400      136.00
10.2600      175.00
10.2800      169.00
10.3000      157.00
10.3200      170.00
10.3400      177.00
10.3600      172.00
10.3800      166.00
10.4000      173.00
10.4200      169.00
10.4400      183.00
10.4600      173.00
10.4800      155.00
10.5000      134.00
10.5200      162.00
10.5400      153.00
10.5600      172.00
10.5800      147.00
10.6000      170.00
10.6200      172.00
10.6400      172.00
10.6600      184.00
10.6800      158.00
10.7000      176.00
10.7200      185.00
10.7400      202.00
10.7600      203.00
10.7800      196.00
10.8000      226.00
10.8200      241.00
10.8400      232.00
10.8600      275.00
10.8800      248.00
10.9000      270.00
10.9200      263.00
10.9400      331.00
10.9600      343.00
10.9800      369.00
11.0000      358.00
11.0200      401.00
11.0400      402.00
11.0600      428.00
11.0800      447.00
11.1000      453.00
11.1200      451.00
11.1400      410.00
11.1600      430.00
11.1800      457.00
11.2000      454.00
11.2200      445.00
11.2400      424.00
11.2600      411.00
11.2800      409.00
11.3000      393.00
11.3200      419.00
11.3400      387.00
11.3600      428.00
11.3800      398.00
11.4000      343.00
11.4200      337.00
11.4400      282.00
11.4600      257.00
11.4800      223.00
11.5000      198.00
11.5200      194.00
11.5400      177.00
11.5600      184.00
11.5800      209.00
11.6000      183.00
11.6200      178.00
11.6400      177.00
11.6600      181.00
11.6800      190.00
11.7000      174.00
11.7200      197.00
11.7400      213.00
11.7600      184.00
11.7800      202.00
11.8000      215.00
11.8200      211.00
11.8400      233.00
11.8600      254.00
11.8800      250.00
11.9000      241.00
11.9200      236.00
11.9400      291.00
11.9600      282.00
11.9800      282.00
12.0000      317.00
12.0200      350.00
12.0400      339.00
12.0600      419.00
12.0800      427.00
12.1000      489.00
12.1200      467.00
12.1400      516.00
12.1600      486.00
12.1800      465.00
12.2000      478.00
12.2200      478.00
12.2400      462.00
12.2600      446.00
12.2800      410.00
12.3000      397.00
12.3200      367.00
12.3400      321.00
12.3600      336.00
12.3800      354.00
12.4000      330.00
12.4200      389.00
12.4400      400.00
12.4600      468.00
12.4800      524.00
12.5000      545.00
12.5200      572.00
12.5400      588.00
12.5600      633.00
12.5800      673.00
12.6000      617.00
12.6200      598.00
12.6400      553.00
12.6600      481.00
12.6800      408.00
12.7000      358.00
12.7200      319.00
12.7400      245.00
12.7600      209.00
12.7800      233.00
12.8000      201.00
12.8200      187.00
12.8400      189.00
12.8600      195.00
12.8800      203.00
12.9000      192.00
12.9200      210.00
12.9400      180.00
12.9600      187.00
12.9800      168.00
13.0000      186.00
13.0200      175.00
13.0400      172.00
13.0600      182.00
13.0800      177.00
13.1000      164.00
13.1200      181.00
13.1400      175.00
13.1600      189.00
13.1800      174.00
13.2000      192.00
13.2200      159.00
13.2400      175.00
13.2600      206.00
13.2800      179.00
13.3000      199.00
13.3200      193.00
13.3400      188.00
13.3600      162.00
13.3800      173.00
13.4000      168.00
13.4200      189.00
13.4400      186.00
13.4600      174.00
13.4800      168.00
13.5000      183.00
13.5200      148.00
13.5400      164.00
13.5600      184.00
13.5800      189.00
13.6000      168.00
13.6200      177.00
13.6400      168.00
13.6600      189.00
13.6800      150.00
13.7000      204.00
13.7200      208.00
13.7400      198.00
13.7600      198.00
13.7800      198.00
13.8000      199.00
13.8200      191.00
13.8400      212.00
13.8600      185.00
13.8800      235.00
13.9000      233.00
13.9200      219.00
13.9400      199.00
13.9600      225.00
13.9800      249.00
14.0000      240.00
14.0200      294.00
14.0400      306.00
14.0600      360.00
14.0800      374.00
14.1000      425.00
14.1200      453.00
14.1400      529.00
14.1600      507.00
14.1800      572.00
14.2000      694.00
14.2200      639.00
14.2400      661.00
14.2600      667.00
14.2800      668.00
14.3000      634.00
14.3200      595.00
14.3400      591.00
14.3600      517.00
14.3800      475.00
14.4000      442.00
14.4200      386.00
14.4400      400.00
14.4600      344.00
14.4800      375.00
14.5000      358.00
14.5200      304.00
14.5400      324.00
14.5600      254.00
14.5800      249.00
14.6000      237.00
14.6200      225.00
14.6400      244.00
14.6600      193.00
14.6800      210.00
14.7000      228.00
14.7200      194.00
14.7400      195.00
14.7600      195.00
14.7800      161.00
14.8000      185.00
14.8200      194.00
14.8400      184.00
14.8600      199.00
14.8800      184.00
14.9000      184.00
14.9200      171.00
14.9400      197.00
14.9600      159.00
14.9800      188.00
15.0000      174.00
15.0200      163.00
15.0400      172.00
15.0600      163.00
15.0800      180.00
15.1000      179.00
15.1200      175.00
15.1400      145.00
15.1600      191.00
15.1800      158.00
15.2000      159.00
15.2200      192.00
15.2400      159.00
15.2600      165.00
15.2800      153.00
15.3000      148.00
15.3200      168.00
15.3400      163.00
15.3600      159.00
15.3800      146.00
15.4000      145.00
15.4200      149.00
15.4400      174.00
15.4600      200.00
15.4800      186.00
15.5000      197.00
15.5200      191.00
15.5400      188.00
15.5600      201.00
15.5800      192.00
15.6000      176.00
15.6200      170.00
15.6400      189.00
15.6600      188.00
15.6800      190.00
15.7000      188.00
15.7200      204.00
15.7400      198.00
15.7600      199.00
15.7800      209.00
15.8000      214.00
15.8200      253.00
15.8400      227.00
15.8600      258.00
15.8800      317.00
15.9000      319.00
15.9200      296.00
15.9400      327.00
15.9600      358.00
15.9800      362.00
16.0000      327.00
16.0200      300.00
16.0400      373.00
16.0600      355.00
16.0800      334.00
16.1000      325.00
16.1200      324.00
16.1400      335.00
16.1600      352.00
16.1800      321.00
16.2000      328.00
16.2200      334.00
16.2400      339.00
16.2600      340.00
16.2800      336.00
16.3000      338.00
16.3200      326.00
16.3400      302.00
16.3600      331.00
16.3800      307.00
16.4000      295.00
16.4200      331.00
16.4400      345.00
16.4600      353.00
16.4800      399.00
16.5000      437.00
16.5200      430.00
16.5400      407.00
16.5600      403.00
16.5800      359.00
16.6000      316.00
16.6200      313.00
16.6400      280.00
16.6600      283.00
16.6800      255.00
16.7000      239.00
16.7200      234.00
16.7400      232.00
16.7600      198.00
16.7800      214.00
16.8000      212.00
16.8200      213.00
16.8400      229.00
16.8600      249.00
16.8800      233.00
16.9000      282.00
16.9200      256.00
16.9400      322.00
16.9600      284.00
16.9800      326.00
17.0000      354.00
17.0200      367.00
17.0400      389.00
17.0600      442.00
17.0800      486.00
17.1000      513.00
17.1200      456.00
17.1400      458.00
17.1600      471.00
17.1800      455.00
17.2000      447.00
17.2200      438.00
17.2400      378.00
17.2600      402.00
17.2800      379.00
17.3000      401.00
17.3200      463.00
17.3400      514.00
17.3600      564.00
17.3800      689.00
17.4000      732.00
17.4200      920.00
17.4400      994.00
17.4600     1049.00
17.4800     1240.00
17.5000     1315.00
17.5200     1302.00
17.5400     1427.00
17.5600     1468.00
17.5800     1421.00
17.6000     1432.00
17.6200     1411.00
17.6400     1282.00
17.6600     1255.00
17.6800     1126.00
17.7000     1028.00
17.7200      888.00
17.7400      769.00
17.7600      660.00
17.7800      568.00
17.8000      490.00
17.8200      447.00
17.8400      389.00
17.8600      371.00
17.8800      333.00
17.9000      324.00
17.9200      311.00
17.9400      313.00
17.9600      294.00
17.9800      251.00
18.0000      251.00
18.0200      250.00
18.0400      257.00
18.0600      243.00
18.0800      274.00
18.1000      224.00
18.1200      220.00
18.1400      242.00
18.1600      265.00
18.1800      238.00
18.2000      229.00
18.2200      266.00
18.2400      264.00
18.2600      311.00
18.2800      337.00
18.3000      418.00
18.3200      503.00
18.3400      519.00
18.3600      545.00
18.3800      593.00
18.4000      593.00
18.4200      595.00
18.4400      636.00
18.4600      645.00
18.4800      659.00
18.5000      649.00
18.5200      583.00
18.5400      588.00
18.5600      540.00
18.5800      434.00
18.6000      412.00
18.6200      348.00
18.6400      337.00
18.6600      265.00
18.6800      268.00
18.7000      264.00
18.7200      288.00
18.7400      235.00
18.7600      248.00
18.7800      281.00
18.8000      289.00
18.8200      297.00
18.8400      252.00
18.8600      291.00
18.8800      287.00
18.9000      262.00
18.9200      264.00
18.9400      278.00
18.9600      256.00
18.9800      240.00
19.0000      245.00
19.0200      258.00
19.0400      247.00
19.0600      247.00
19.0800      273.00
19.1000      309.00
19.1200      296.00
19.1400      268.00
19.1600      296.00
19.1800      302.00
19.2000      329.00
19.2200      289.00
19.2400      317.00
19.2600      288.00
19.2800      281.00
19.3000      319.00
19.3200      300.00
19.3400      279.00
19.3600      268.00
19.3800      283.00
19.4000      303.00
19.4200      302.00
19.4400      337.00
19.4600      346.00
19.4800      431.00
19.5000      504.00
19.5200      601.00
19.5400      654.00
19.5600      765.00
19.5800      776.00
19.6000      952.00
19.6200      962.00
19.6400      952.00
19.6600     1008.00
19.6800     1024.00
19.7000     1047.00
19.7200      976.00
19.7400      980.00
19.7600      900.00
19.7800      900.00
19.8000      803.00
19.8200      716.00
19.8400      615.00
19.8600      539.00
19.8800      470.00
19.9000      411.00
19.9200      364.00
19.9400      291.00
19.9600      274.00
19.9800      277.00
20.0000      262.00
20.0200      285.00
20.0400      228.00
20.0600      251.00
20.0800      220.00
20.1000      219.00
20.1200      221.00
20.1400      231.00
20.1600      204.00
20.1800      229.00
20.2000      204.00
20.2200      218.00
20.2400      180.00
20.2600      239.00
20.2800      242.00
20.3000      205.00
20.3200      216.00
20.3400      235.00
20.3600      250.00
20.3800      215.00
20.4000      252.00
20.4200      264.00
20.4400      275.00
20.4600      302.00
20.4800      316.00
20.5000      314.00
20.5200      341.00
20.5400      398.00
20.5600      404.00
20.5800      442.00
20.6000      513.00
20.6200      552.00
20.6400      643.00
20.6600      660.00
20.6800      694.00
20.7000      678.00
20.7200      758.00
20.7400      741.00
20.7600      747.00
20.7800      744.00
20.8000      754.00
20.8200      803.00
20.8400      851.00
20.8600      935.00
20.8800     1006.00
20.9000     1133.00
20.9200     1262.00
20.9400     1345.00
20.9600     1521.00
20.9800     1661.00
21.0000     1735.00
21.0200     1898.00
21.0400     1964.00
21.0600     1935.00
21.0800     1871.00
21.1000     1950.00
21.1200     1779.00
21.1400     1693.00
21.1600     1476.00
21.1800     1317.00
21.2000     1103.00
21.2200      945.00
21.2400      777.00
21.2600      585.00
21.2800      519.00
21.3000      442.00
21.3200      403.00
21.3400      311.00
21.3600      286.00
21.3800      257.00
21.4000      219.00
21.4200      227.00
21.4400      211.00
21.4600      243.00
21.4800      217.00
21.5000      179.00
21.5200      213.00
21.5400      216.00
21.5600      225.00
21.5800      191.00
21.6000      218.00
21.6200      176.00
21.6400      191.00
21.6600      190.00
21.6800      209.00
21.7000      216.00
21.7200      194.00
21.7400      196.00
21.7600      179.00
21.7800      209.00
21.8000      179.00
21.8200      196.00
21.8400      206.00
21.8600      220.00
21.8800      241.00
21.9000      216.00
21.9200      209.00
21.9400      208.00
21.9600      216.00
21.9800      226.00
22.0000      226.00
22.0200      229.00
22.0400      263.00
22.0600      230.00
22.0800      247.00
22.1000      268.00
22.1200      276.00
22.1400      292.00
22.1600      318.00
22.1800      308.00
22.2000      332.00
22.2200      349.00
22.2400      357.00
22.2600      408.00
22.2800      403.00
22.3000      407.00
22.3200      412.00
22.3400      452.00
22.3600      467.00
22.3800      423.00
22.4000      461.00
22.4200      433.00
22.4400      465.00
22.4600      476.00
22.4800      512.00
22.5000      537.00
22.5200      627.00
22.5400      666.00
22.5600      759.00
22.5800      770.00
22.6000      862.00
22.6200      887.00
22.6400      925.00
22.6600      953.00
22.6800      933.00
22.7000      836.00
22.7200      816.00
22.7400      735.00
22.7600      678.00
22.7800      618.00
22.8000      558.00
22.8200      474.00
22.8400      411.00
22.8600      402.00
22.8800      406.00
22.9000      397.00
22.9200      435.00
22.9400      430.00
22.9600      461.00
22.9800      470.00
23.0000      525.00
23.0200      567.00
23.0400      545.00
23.0600      600.00
23.0800      639.00
23.1000      674.00
23.1200      654.00
23.1400      645.00
23.1600      665.00
23.1800      658.00
23.2000      618.00
23.2200      614.00
23.2400      592.00
23.2600      565.00
23.2800      579.00
23.3000      546.00
23.3200      575.00
23.3400      567.00
23.3600      572.00
23.3800      576.00
23.4000      628.00
23.4200      624.00
23.4400      616.00
23.4600      613.00
23.4800      577.00
23.5000      540.00
23.5200      485.00
23.5400      469.00
23.5600      374.00
23.5800      384.00
23.6000      291.00
23.6200      286.00
23.6400      276.00
23.6600      225.00
23.6800      242.00
23.7000      241.00
23.7200      226.00
23.7400      213.00
23.7600      253.00
23.7800      243.00
23.8000      246.00
23.8200      270.00
23.8400      253.00
23.8600      303.00
23.8800      285.00
23.9000      344.00
23.9200      328.00
23.9400      362.00
23.9600      387.00
23.9800      422.00
24.0000      444.00
24.0200      453.00
24.0400      518.00
24.0600      496.00
24.0800      554.00
24.1000      549.00
24.1200      596.00
24.1400      625.00
24.1600      600.00
24.1800      594.00
24.2000      602.00
24.2200      574.00
24.2400      599.00
24.2600      601.00
24.2800      642.00
24.3000      723.00
24.3200      752.00
24.3400      744.00
24.3600      807.00
24.3800      803.00
24.4000      871.00
24.4200      874.00
24.4400      781.00
24.4600      790.00
24.4800      698.00
24.5000      685.00
24.5200      555.00
24.5400      520.00
24.5600      452.00
24.5800      422.00
24.6000      328.00
24.6200      317.00
24.6400      283.00
24.6600      282.00
24.6800      293.00
24.7000      280.00
24.7200      268.00
24.7400      308.00
24.7600      323.00
24.7800      341.00
24.8000      369.00
24.8200      405.00
24.8400      397.00
24.8600      462.00
24.8800      477.00
24.9000      521.00
24.9200      536.00
24.9400      571.00
24.9600      609.00
24.9800      584.00
25.0000      606.00
25.0200      548.00
25.0400      536.00
25.0600      524.00
25.0800      430.00
25.1000      415.00
25.1200      361.00
25.1400      318.00
25.1600      284.00
25.1800      243.00
25.2000      227.00
25.2200      242.00
25.2400      188.00
25.2600      224.00
25.2800      212.00
25.3000      171.00
25.3200      249.00
25.3400      206.00
25.3600      196.00
25.3800      187.00
25.4000      152.00
25.4200      163.00
25.4400      184.00
25.4600      182.00
25.4800      163.00
25.5000      157.00
25.5200      169.00
25.5400      173.00
25.5600      189.00
25.5800      163.00
25.6000      166.00
25.6200      173.00
25.6400      176.00
25.6600      156.00
25.6800      177.00
25.7000      187.00
25.7200      189.00
25.7400      191.00
25.7600      197.00
25.7800      172.00
25.8000      194.00
25.8200      187.00
25.8400      207.00
25.8600      209.00
25.8800      238.00
25.9000      210.00
25.9200      249.00
25.9400      249.00
25.9600      249.00
25.9800      283.00
26.0000      307.00
26.0200      325.00
26.0400      379.00
26.0600      387.00
26.0800      386.00
26.1000      405.00
26.1200      403.00
26.1400      419.00
26.1600      445.00
26.1800      473.00
26.2000      481.00
26.2200      470.00
26.2400      485.00
26.2600      508.00
26.2800      482.00
26.3000      482.00
26.3200      486.00
26.3400      478.00
26.3600      411.00
26.3800      456.00
26.4000      373.00
26.4200      384.00
26.4400      404.00
26.4600      385.00
26.4800      391.00
26.5000      376.00
26.5200      321.00
26.5400      340.00
26.5600      315.00
26.5800      334.00
26.6000      285.00
26.6200      290.00
26.6400      269.00
26.6600      224.00
26.6800      246.00
26.7000      212.00
26.7200      179.00
26.7400      160.00
26.7600      159.00
26.7800      176.00
26.8000      166.00
26.8200      186.00
26.8400      176.00
26.8600      172.00
26.8800      202.00
26.9000      182.00
26.9200      196.00
26.9400      215.00
26.9600      207.00
26.9800      208.00
27.0000      196.00
27.0200      222.00
27.0400      221.00
27.0600      224.00
27.0800      203.00
27.1000      226.00
27.1200      206.00
27.1400      224.00
27.1600      223.00
27.1800      211.00
27.2000      234.00
27.2200      246.00
27.2400      247.00
27.2600      286.00
27.2800      273.00
27.3000      291.00
27.3200      296.00
27.3400      297.00
27.3600      301.00
27.3800      281.00
27.4000      274.00
27.4200      284.00
27.4400      308.00
27.4600      294.00
27.4800      362.00
27.5000      300.00
27.5200      370.00
27.5400      329.00
27.5600      400.00
27.5800      446.00
27.6000      490.00
27.6200      465.00
27.6400      534.00
27.6600      539.00
27.6800      512.00
27.7000      524.00
27.7200      521.00
27.7400      494.00
27.7600      499.00
27.7800      475.00
27.8000      419.00
27.8200      388.00
27.8400      355.00
27.8600      344.00
27.8800      336.00
27.9000      314.00
27.9200      272.00
27.9400      298.00
27.9600      238.00
27.9800      274.00
28.0000      247.00
28.0200      260.00
28.0400      263.00
28.0600      274.00
28.0800      227.00
28.1000      242.00
28.1200      235.00
28.1400      247.00
28.1600      268.00
28.1800      218.00
28.2000      230.00
28.2200      223.00
28.2400      257.00
28.2600      267.00
28.2800      285.00
28.3000      311.00
28.3200      362.00
28.3400      399.00
28.3600      483.00
28.3800      558.00
28.4000      600.00
28.4200      687.00
28.4400      713.00
28.4600      741.00
28.4800      738.00
28.5000      847.00
28.5200      885.00
28.5400      904.00
28.5600      922.00
28.5800      880.00
28.6000      835.00
28.6200      846.00
28.6400      688.00
28.6600      633.00
28.6800      592.00
28.7000      535.00
28.7200      552.00
28.7400      430.00
28.7600      421.00
28.7800      388.00
28.8000      349.00
28.8200      356.00
28.8400      351.00
28.8600      336.00
28.8800      320.00
28.9000      301.00
28.9200      307.00
28.9400      293.00
28.9600      291.00
28.9800      326.00
29.0000      325.00
29.0200      296.00
29.0400      320.00
29.0600      324.00
29.0800      369.00
29.1000      359.00
29.1200      375.00
29.1400      385.00
29.1600      419.00
29.1800      432.00
29.2000      427.00
29.2200      407.00
29.2400      448.00
29.2600      396.00
29.2800      415.00
29.3000      438.00
29.3200      407.00
29.3400      398.00
29.3600      447.00
29.3800      404.00
29.4000      421.00
29.4200      470.00
29.4400      444.00
29.4600      473.00
29.4800      465.00
29.5000      455.00
29.5200      449.00
29.5400      410.00
29.5600      424.00
29.5800      358.00
29.6000      335.00
29.6200      312.00
29.6400      270.00
29.6600      270.00
29.6800      222.00
29.7000      226.00
29.7200      181.00
29.7400      198.00
29.7600      165.00
29.7800      200.00
29.8000      171.00
29.8200      162.00
29.8400      180.00
29.8600      186.00
29.8800      190.00
29.9000      184.00
29.9200      191.00
29.9400      187.00
29.9600      203.00
29.9800      198.00
30.0000      217.00
30.0200      232.00
30.0400      256.00
30.0600      261.00
30.0800      292.00
30.1000      325.00
30.1200      333.00
30.1400      348.00
30.1600      346.00
30.1800      367.00
30.2000      306.00
30.2200      330.00
30.2400      299.00
30.2600      313.00
30.2800      252.00
30.3000      280.00
30.3200      289.00
30.3400      251.00
30.3600      260.00
30.3800      228.00
30.4000      237.00
30.4200      210.00
30.4400      205.00
30.4600      205.00
30.4800      199.00
30.5000      205.00
30.5200      181.00
30.5400      202.00
30.5600      191.00
30.5800      182.00
30.6000      195.00
30.6200      193.00
30.6400      190.00
30.6600      222.00
30.6800      183.00
30.7000      202.00
30.7200      172.00
30.7400      209.00
30.7600      211.00
30.7800      190.00
30.8000      211.00
30.8200      190.00
30.8400      210.00
30.8600      183.00
30.8800      200.00
30.9000      174.00
30.9200      166.00
30.9400      212.00
30.9600      206.00
30.9800      216.00
31.0000      216.00
31.0200      202.00
31.0400      209.00
31.0600      202.00
31.0800      181.00
31.1000      172.00
31.1200      177.00
31.1400      151.00
31.1600      140.00
31.1800      159.00
31.2000      143.00
31.2200      142.00
31.2400      141.00
31.2600      145.00
31.2800      146.00
31.3000      169.00
31.3200      139.00
31.3400      152.00
31.3600      148.00
31.3800      161.00
31.4000      182.00
31.4200      166.00
31.4400      179.00
31.4600      158.00
31.4800      169.00
31.5000      207.00
31.5200      165.00
31.5400      200.00
31.5600      184.00
31.5800      189.00
31.6000      191.00
31.6200      202.00
31.6400      219.00
31.6600      200.00
31.6800      190.00
31.7000      190.00
31.7200      161.00
31.7400      201.00
31.7600      188.00
31.7800      188.00
31.8000      170.00
31.8200      176.00
31.8400      180.00
31.8600      177.00
31.8800      197.00
31.9000      191.00
31.9200      203.00
31.9400      202.00
31.9600      197.00
31.9800      240.00
32.0000      242.00
32.0200      245.00
32.0400      269.00
32.0600      285.00
32.0800      253.00
32.1000      257.00
32.1200      286.00
32.1400      268.00
32.1600      297.00
32.1800      296.00
32.2000      282.00
32.2200      308.00
32.2400      260.00
32.2600      254.00
32.2800      255.00
32.3000      272.00
32.3200      256.00
32.3400      275.00
32.3600      290.00
32.3800      271.00
32.4000      301.00
32.4200      230.00
32.4400      289.00
32.4600      296.00
32.4800      286.00
32.5000      299.00
32.5200      280.00
32.5400      288.00
32.5600      300.00
32.5800      271.00
32.6000      312.00
32.6200      302.00
32.6400      336.00
32.6600      339.00
32.6800      302.00
32.7000      332.00
32.7200      267.00
32.7400      282.00
32.7600      269.00
32.7800      275.00
32.8000      273.00
32.8200      213.00
32.8400      227.00
32.8600      213.00
32.8800      232.00
32.9000      226.00
32.9200      209.00
32.9400      222.00
32.9600      193.00
32.9800      225.00
33.0000      235.00
33.0200      233.00
33.0400      212.00
33.0600      185.00
33.0800      242.00
33.1000      246.00
33.1200      224.00
33.1400      256.00
33.1600      228.00
33.1800      278.00
33.2000      271.00
33.2200      285.00
33.2400      307.00
33.2600      325.00
33.2800      299.00
33.3000      290.00
33.3200      293.00
33.3400      309.00
33.3600      294.00
33.3800      320.00
33.4000      297.00
33.4200      304.00
33.4400      243.00
33.4600      278.00
33.4800      260.00
33.5000      239.00
33.5200      230.00
33.5400      228.00
33.5600      225.00
33.5800      209.00
33.6000      187.00
33.6200      226.00
33.6400      183.00
33.6600      189.00
33.6800      194.00
33.7000      154.00
33.7200      171.00
33.7400      161.00
33.7600      156.00
33.7800      147.00
33.8000      171.00
33.8200      165.00
33.8400      153.00
33.8600      176.00
33.8800      161.00
33.9000      139.00
33.9200      171.00
33.9400      174.00
33.9600      177.00
33.9800      163.00
34.0000      166.00
34.0200      164.00
34.0400      203.00
34.0600      183.00
34.0800      180.00
34.1000      201.00
34.1200      230.00
34.1400      222.00
34.1600      239.00
34.1800      264.00
34.2000      268.00
34.2200      266.00
34.2400      284.00
34.2600      308.00
34.2800      285.00
34.3000      287.00
34.3200      244.00
34.3400      255.00
34.3600      232.00
34.3800      224.00
34.4000      225.00
34.4200      180.00
34.4400      181.00
34.4600      196.00
34.4800      179.00
34.5000      154.00
34.5200      143.00
34.5400      152.00
34.5600      160.00
34.5800      137.00
34.6000      151.00
34.6200      154.00
34.6400      159.00
34.6600      157.00
34.6800      134.00
34.7000      136.00
34.7200      166.00
34.7400      171.00
34.7600      162.00
34.7800      144.00
34.8000      161.00
34.8200      159.00
34.8400      152.00
34.8600      170.00
34.8800      170.00
34.9000      153.00
34.9200      180.00
34.9400      170.00
34.9600      198.00
34.9800      179.00
35.0000      203.00
