 3.0000      166.00
 3.0200      149.00
 3.0400      139.00
 3.0600      155.00
 3.0800      123.00
 3.1000      140.00
 3.1200      165.00
 3.1400      140.00
 3.1600      146.00
 3.1800      129.00
 3.2000      132.00
 3.2200      140.00
 3.2400      154.00
 3.2600      123.00
 3.2800      122.00
 3.3000      155.00
 3.3200      142.00
 3.3400      135.00
 3.3600      136.00
 3.3800      147.00
 3.4000      117.00
 3.4200      143.00
 3.4400      147.00
 3.4600      136.00
 3.4800      143.00
 3.5000      139.00
 3.5200      163.00
 3.5400      128.00
 3.5600      144.00
 3.5800      119.00
 3.6000      149.00
 3.6200      136.00
 3.6400      120.00
 3.6600      134.00
 3.6800      135.00
 3.7000      132.00
 3.7200      133.00
 3.7400      137.00
 3.7600      128.00
 3.7800      122.00
 3.8000      129.00
 3.8200      108.00
 3.8400      118.00
 3.8600      119.00
 3.8800       95.00
 3.9000      100.00
 3.9200      120.00
 3.9400      125.00
 3.9600      124.00
 3.9800      102.00
 4.0000      144.00
 4.0200      130.00
 4.0400      107.00
 4.0600      107.00
 4.0800       97.00
 4.1000      105.00
 4.1200      104.00
 4.1400      105.00
 4.1600      108.00
 4.1800      107.00
 4.2000      110.00
 4.2200      105.00
 4.2400       93.00
 4.2600      100.00
 4.2800       97.00
 4.3000      111.00
 4.3200      117.00
 4.3400       91.00
 4.3600       94.00
 4.3800      109.00
 4.4000       88.00
 4.4200      104.00
 4.4400      103.00
 4.4600       95.00
 4.4800      102.00
 4.5000      115.00
 4.5200      113.00
 4.5400      114.00
 4.5600       82.00
 4.5800      104.00
 4.6000       95.00
 4.6200       97.00
 4.6400       98.00
 4.6600       76.00
 4.6800       91.00
 4.7000      120.00
 4.7200       93.00
 4.7400      104.00
 4.7600       90.00
 4.7800       80.00
 4.8000      104.00
 4.8200       99.00
 4.8400      104.00
 4.8600       89.00
 4.8800       98.00
 4.9000       90.00
 4.9200       81.00
 4.9400       78.00
 4.9600       88.00
 4.9800       93.00
 5.0000      108.00
 5.0200      107.00
 5.0400       89.00
 5.0600       88.00
 5.0800      104.00
 5.1000      110.00
 5.1200       97.00
 5.1400      105.00
 5.1600      111.00
 5.1800      107.00
 5.2000       85.00
 5.2200       99.00
 5.2400       96.00
 5.2600       88.00
 5.2800       90.00
 5.3000       82.00
 5.3200       96.00
 5.3400       97.00
 5.3600      111.00
 5.3800       98.00
 5.4000       88.00
 5.4200       92.00
 5.4400       99.00
 5.4600      101.00
 5.4800      106.00
 5.5000      113.00
 5.5200       97.00
 5.5400       81.00
 5.5600       97.00
 5.5800       95.00
 5.6000      107.00
 5.6200       86.00
 5.6400      104.00
 5.6600       97.00
 5.6800      105.00
 5.7000       91.00
 5.7200      105.00
 5.7400      103.00
 5.7600      116.00
 5.7800      107.00
 5.8000      120.00
 5.8200      110.00
 5.8400      106.00
 5.8600       91.00
 5.8800       92.00
 5.9000       95.00
 5.9200      109.00
 5.9400      113.00
 5.9600      124.00
 5.9800      125.00
 6.0000      113.00
 6.0200      114.00
 6.0400      120.00
 6.0600      105.00
 6.0800      121.00
 6.1000      125.00
 6.1200      135.00
 6.1400      123.00
 6.1600      158.00
 6.1800      156.00
 6.2000      135.00
 6.2200      142.00
 6.2400      141.00
 6.2600      155.00
 6.2800      158.00
 6.3000      144.00
 6.3200      159.00
 6.3400      180.00
 6.3600      199.00
 6.3800      189.00
 6.4000      189.00
 6.4200      203.00
 6.4400      213.00
 6.4600      225.00
 6.4800      226.00
 6.5000      256.00
 6.5200      267.00
 6.5400      249.00
 6.5600      316.00
 6.5800      334.00
 6.6000      340.00
 6.6200      364.00
 6.6400      364.00
 6.6600      373.00
 6.6800      369.00
 6.7000      411.00
 6.7200      429.00
 6.7400      398.00
 6.7600      388.00
 6.7800      372.00
 6.8000      362.00
 6.8200      357.00
 6.8400      341.00
 6.8600      287.00
 6.8800      236.00
 6.9000      230.00
 6.9200      179.00
 6.9400      181.00
 6.9600      179.00
 6.9800      144.00
 7.0000      126.00
 7.0200      149.00
 7.0400      117.00
 7.0600      111.00
 7.0800      129.00
 7.1000      128.00
 7.1200      120.00
 7.1400      130.00
 7.1600      137.00
 7.1800      121.00
 7.2000      122.00
 7.2200      115.00
 7.2400      125.00
 7.2600      142.00
 7.2800      149.00
 7.3000      138.00
 7.3200      115.00
 7.3400      148.00
 7.3600      128.00
 7.3800      148.00
 7.4000      166.00
 7.4200      160.00
 7.4400      140.00
 7.4600      145.00
 7.4800      181.00
 7.5000      182.00
 7.5200      166.00
 7.5400      171.00
 7.5600      172.00
 7.5800      179.00
 7.6000      176.00
 7.6200      196.00
 7.6400      195.00
 7.6600      202.00
 7.6800      178.00
 7.7000      156.00
 7.7200      198.00
 7.7400      150.00
 7.7600      132.00
 7.7800      147.00
 7.8000      147.00
 7.8200      138.00
 7.8400      114.00
 7.8600      148.00
 7.8800      116.00
 7.9000      118.00
 7.9200      137.00
 7.9400      114.00
 7.9600      130.00
 7.9800      128.00
 8.0000      132.00
 8.0200      146.00
 8.0400      143.00
 8.0600      144.00
 8.0800      117.00
 8.1000      122.00
 8.1200      123.00
 8.1400      129.00
 8.1600      122.00
 8.1800      106.00
 8.2000      105.00
 8.2200      120.00
 8.2400       99.00
 8.2600      137.00
 8.2800      123.00
 8.3000      136.00
 8.3200      107.00
 8.3400      133.00
 8.3600      103.00
 8.3800      143.00
 8.4000      127.00
 8.4200      116.00
 8.4400      117.00
 8.4600      130.00
 8.4800      124.00
 8.5000      121.00
 8.5200      105.00
 8.5400      135.00
 8.5600      128.00
 8.5800      130.00
 8.6000      117.00
 8.6200      148.00
 8.6400      131.00
 8.6600      119.00
 8.6800      130.00
 8.7000      150.00
 8.7200      120.00
 8.7400      148.00
 8.7600      116.00
 8.7800      151.00
 8.8000      112.00
 8.8200      149.00
 8.8400      114.00
 8.8600      164.00
 8.8800      128.00
 8.9000      131.00
 8.9200      145.00
 8.9400      131.00
 8.9600      148.00
 8.9800      123.00
 9.0000      132.00
 9.0200      126.00
 9.0400      124.00
 9.0600      134.00
 9.0800      137.00
 9.1000      146.00
 9.1200      135.00
 9.1400      163.00
 9.1600      132.00
 9.1800      114.00
 9.2000      134.00
 9.2200      148.00
 9.2400      118.00
 9.2600      146.00
 9.2800      155.00
 9.3000      136.00
 9.3200      144.00
 9.3400      132.00
 9.3600      146.00
 9.3800      129.00
 9.4000      157.00
 9.4200      146.00
 9.4400      150.00
 9.4600      143.00
 9.4800      165.00
 9.5000      144.00
 9.5200      153.00
 9.5400      171.00
 9.5600      131.00
 9.5800      169.00
 9.6000      135.00
 9.6200      160.00
 9.6400      177.00
 9.6600      168.00
 9.6800      176.00
 9.7000      223.00
 9.7200      217.00
 9.7400      190.00
 9.7600      216.00
 9.7800      234.00
 9.8000      258.00
 9.8200      294.00
 9.8400      269.00
 9.8600      294.00
 9.8800      266.00
 9.9000      323.00
 9.9200      329.00
 9.9400      362.00
 9.9600      390.00
 9.9800      379.00
10.0000      382.00
10.0200      336.00
10.0400      418.00
10.0600      407.00
10.0800      362.00
10.1000      394.00
10.1200      352.00
10.1400      319.00
10.1600      348.00
10.1800      273.00
10.2000      253.00
10.2200      259.00
10.2400      263.00
10.2600      220.00
10.2800      223.00
10.3000      190.00
10.3200      203.00
10.3400      163.00
10.3600      166.00
10.3800      163.00
10.4000      165.00
10.4200      138.00
10.4400      160.00
10.4600      159.00
10.4800      160.00
10.5000      154.00
10.5200      155.00
10.5400      175.00
10.5600      153.00
10.5800      162.00
10.6000      184.00
10.6200      182.00
10.6400      186.00
10.6600      178.00
10.6800      206.00
10.7000      174.00
10.7200      204.00
10.7400      200.00
10.7600      211.00
10.7800      218.00
10.8000      229.00
10.8200      227.00
10.8400      244.00
10.8600      275.00
10.8800      287.00
10.9000      303.00
10.9200      300.00
10.9400      318.00
10.9600      334.00
10.9800      353.00
11.0000      351.00
11.0200      369.00
11.0400      397.00
11.0600      388.00
11.0800      400.00
11.1000      425.00
11.1200      421.00
11.1400      381.00
11.1600      364.00
11.1800      404.00
11.2000      399.00
11.2200      378.00
11.2400      328.00
11.2600      321.00
11.2800      300.00
11.3000      262.00
11.3200      262.00
11.3400      233.00
11.3600      227.00
11.3800      214.00
11.4000      200.00
11.4200      173.00
11.4400      194.00
11.4600      168.00
11.4800      178.00
11.5000      190.00
11.5200      194.00
11.5400      174.00
11.5600      190.00
11.5800      170.00
11.6000      192.00
11.6200      167.00
11.6400      211.00
11.6600      198.00
11.6800      152.00
11.7000      169.00
11.7200      159.00
11.7400      198.00
11.7600      196.00
11.7800      199.00
11.8000      197.00
11.8200      203.00
11.8400      210.00
11.8600      169.00
11.8800      179.00
11.9000      209.00
11.9200      228.00
11.9400      221.00
11.9600      231.00
11.9800      217.00
12.0000      252.00
12.0200      242.00
12.0400      255.00
12.0600      307.00
12.0800      271.00
12.1000      314.00
12.1200      302.00
12.1400      377.00
12.1600      402.00
12.1800      388.00
12.2000      440.00
12.2200      468.00
12.2400      500.00
12.2600      534.00
12.2800      520.00
12.3000      561.00
12.3200      504.00
12.3400      586.00
12.3600      621.00
12.3800      547.00
12.4000      537.00
12.4200      523.00
12.4400      492.00
12.4600      519.00
12.4800      469.00
12.5000      451.00
12.5200      348.00
12.5400      380.00
12.5600      339.00
12.5800      342.00
12.6000      322.00
12.6200      296.00
12.6400      300.00
12.6600      336.00
12.6800      296.00
12.7000      331.00
12.7200      368.00
12.7400      393.00
12.7600      378.00
12.7800      404.00
12.8000      424.00
12.8200      442.00
12.8400      456.00
12.8600      505.00
12.8800      508.00
12.9000      516.00
12.9200      520.00
12.9400      603.00
12.9600      584.00
12.9800      608.00
13.0000      591.00
13.0200      582.00
13.0400      636.00
13.0600      636.00
13.0800      670.00
13.1000      683.00
13.1200      695.00
13.1400      664.00
13.1600      659.00
13.1800      680.00
13.2000      708.00
13.2200      692.00
13.2400      707.00
13.2600      691.00
13.2800      628.00
13.3000      583.00
13.3200      596.00
13.3400      548.00
13.3600      456.00
13.3800      404.00
13.4000      367.00
13.4200      334.00
13.4400      327.00
13.4600      299.00
13.4800      244.00
13.5000      236.00
13.5200      232.00
13.5400      228.00
13.5600      202.00
13.5800      193.00
13.6000      187.00
13.6200      205.00
13.6400      202.00
13.6600      205.00
13.6800      192.00
13.7000      189.00
13.7200      196.00
13.7400      182.00
13.7600      189.00
13.7800      216.00
13.8000      207.00
13.8200      183.00
13.8400      216.00
13.8600      193.00
13.8800      190.00
13.9000      195.00
13.9200      213.00
13.9400      159.00
13.9600      233.00
13.9800      207.00
14.0000      212.00
14.0200      225.00
14.0400      241.00
14.0600      207.00
14.0800      217.00
14.1000      223.00
14.1200      262.00
14.1400      251.00
14.1600      297.00
14.1800      312.00
14.2000      319.00
14.2200      332.00
14.2400      372.00
14.2600      378.00
14.2800      424.00
14.3000      471.00
14.3200      493.00
14.3400      468.00
14.3600      482.00
14.3800      506.00
14.4000      563.00
14.4200      535.00
14.4400      531.00
14.4600      511.00
14.4800      481.00
14.5000      487.00
14.5200      479.00
14.5400      466.00
14.5600      421.00
14.5800      387.00
14.6000      367.00
14.6200      342.00
14.6400      362.00
14.6600      312.00
14.6800      319.00
14.7000      280.00
14.7200      254.00
14.7400      269.00
14.7600      271.00
14.7800      288.00
14.8000      282.00
14.8200      295.00
14.8400      337.00
14.8600      337.00
14.8800      345.00
14.9000      379.00
14.9200      418.00
14.9400      409.00
14.9600      508.00
14.9800      553.00
15.0000      616.00
15.0200      621.00
15.0400      671.00
15.0600      723.00
15.0800      682.00
15.1000      770.00
15.1200      743.00
15.1400      776.00
15.1600      715.00
15.1800      726.00
15.2000      656.00
15.2200      617.00
15.2400      657.00
15.2600      543.00
15.2800      524.00
15.3000      475.00
15.3200      403.00
15.3400      388.00
15.3600      324.00
15.3800      314.00
15.4000      264.00
15.4200      253.00
15.4400      233.00
15.4600      221.00
15.4800      201.00
15.5000      224.00
15.5200      215.00
15.5400      220.00
15.5600      222.00
15.5800      219.00
15.6000      200.00
15.6200      207.00
15.6400      196.00
15.6600      188.00
15.6800      203.00
15.7000      208.00
15.7200      223.00
15.7400      198.00
15.7600      205.00
15.7800      204.00
15.8000      179.00
15.8200      200.00
15.8400      201.00
15.8600      172.00
15.8800      194.00
15.9000      210.00
15.9200      201.00
15.9400      241.00
15.9600      211.00
15.9800      238.00
16.0000      206.00
16.0200      231.00
16.0400      249.00
16.0600      195.00
16.0800      264.00
16.1000      251.00
16.1200      272.00
16.1400      256.00
16.1600      292.00
16.1800      276.00
16.2000      298.00
16.2200      351.00
16.2400      327.00
16.2600      402.00
16.2800      399.00
16.3000      430.00
16.3200      425.00
16.3400      442.00
16.3600      478.00
16.3800      489.00
16.4000      478.00
16.4200      510.00
16.4400      524.00
16.4600      498.00
16.4800      544.00
16.5000      528.00
16.5200      533.00
16.5400      489.00
16.5600      558.00
16.5800      550.00
16.6000      475.00
16.6200      589.00
16.6400      532.00
16.6600      527.00
16.6800      565.00
16.7000      520.00
16.7200      528.00
16.7400      549.00
16.7600      540.00
16.7800      549.00
16.8000      556.00
16.8200      484.00
16.8400      542.00
16.8600      521.00
16.8800      526.00
16.9000      512.00
16.9200      519.00
16.9400      508.00
16.9600      499.00
16.9800      542.00
17.0000      553.00
17.0200      547.00
17.0400      661.00
17.0600      603.00
17.0800      755.00
17.1000      756.00
17.1200      851.00
17.1400      883.00
17.1600      929.00
17.1800      942.00
17.2000      998.00
17.2200      940.00
17.2400      980.00
17.2600      922.00
17.2800      933.00
17.3000      918.00
17.3200      833.00
17.3400      831.00
17.3600      712.00
17.3800      645.00
17.4000      594.00
17.4200      533.00
17.4400      443.00
17.4600      366.00
17.4800      391.00
17.5000      342.00
17.5200      332.00
17.5400      325.00
17.5600      286.00
17.5800      241.00
17.6000      235.00
17.6200      287.00
17.6400      279.00
17.6600      284.00
17.6800      258.00
17.7000      255.00
17.7200      285.00
17.7400      270.00
17.7600      252.00
17.7800      296.00
17.8000      255.00
17.8200      298.00
17.8400      311.00
17.8600      288.00
17.8800      291.00
17.9000      347.00
17.9200      326.00
17.9400      344.00
17.9600      358.00
17.9800      403.00
18.0000      376.00
18.0200      484.00
18.0400      513.00
18.0600      554.00
18.0800      602.00
18.1000      663.00
18.1200      715.00
18.1400      779.00
18.1600      886.00
18.1800      985.00
18.2000     1058.00
18.2200     1137.00
18.2400     1197.00
18.2600     1312.00
18.2800     1400.00
18.3000     1396.00
18.3200     1389.00
18.3400     1547.00
18.3600     1502.00
18.3800     1553.00
18.4000     1462.00
18.4200     1420.00
18.4400     1426.00
18.4600     1351.00
18.4800     1358.00
18.5000     1219.00
18.5200     1152.00
18.5400     1073.00
18.5600      942.00
18.5800      843.00
18.6000      720.00
18.6200      629.00
18.6400      542.00
18.6600      478.00
18.6800      426.00
18.7000      361.00
18.7200      368.00
18.7400      306.00
18.7600      286.00
18.7800      282.00
18.8000      258.00
18.8200      245.00
18.8400      249.00
18.8600      247.00
18.8800      237.00
18.9000      256.00
18.9200      278.00
18.9400      242.00
18.9600      247.00
18.9800      268.00
19.0000      287.00
19.0200      303.00
19.0400      272.00
19.0600      292.00
19.0800      335.00
19.1000      331.00
19.1200      352.00
19.1400      399.00
19.1600      432.00
19.1800      482.00
19.2000      517.00
19.2200      541.00
19.2400      577.00
19.2600      752.00
19.2800      800.00
19.3000      894.00
19.3200     1000.00
19.3400      994.00
19.3600     1050.00
19.3800     1154.00
19.4000     1162.00
19.4200     1079.00
19.4400     1204.00
19.4600     1130.00
19.4800     1192.00
19.5000     1139.00
19.5200     1145.00
19.5400     1208.00
19.5600     1200.00
19.5800     1143.00
19.6000     1148.00
19.6200     1186.00
19.6400     1186.00
19.6600     1129.00
19.6800     1181.00
19.7000     1155.00
19.7200     1261.00
19.7400     1259.00
19.7600     1288.00
19.7800     1299.00
19.8000     1276.00
19.8200     1315.00
19.8400     1313.00
19.8600     1358.00
19.8800     1244.00
19.9000     1251.00
19.9200     1235.00
19.9400     1198.00
19.9600     1029.00
19.9800     1059.00
20.0000      995.00
20.0200      956.00
20.0400      886.00
20.0600      770.00
20.0800      765.00
20.1000      720.00
20.1200      686.00
20.1400      696.00
20.1600      586.00
20.1800      582.00
20.2000      531.00
20.2200      468.00
20.2400      434.00
20.2600      424.00
20.2800      400.00
20.3000      380.00
20.3200      329.00
20.3400      355.00
20.3600      353.00
20.3800      296.00
20.4000      324.00
20.4200      292.00
20.4400      377.00
20.4600      314.00
20.4800      295.00
20.5000      258.00
20.5200      302.00
20.5400      288.00
20.5600      272.00
20.5800      295.00
20.6000      300.00
20.6200      266.00
20.6400      302.00
20.6600      307.00
20.6800      300.00
20.7000      310.00
20.7200      342.00
20.7400      324.00
20.7600      362.00
20.7800      368.00
20.8000      398.00
20.8200      423.00
20.8400      433.00
20.8600      456.00
20.8800      490.00
20.9000      537.00
20.9200      605.00
20.9400      675.00
20.9600      667.00
20.9800      790.00
21.0000      817.00
21.0200      894.00
21.0400      949.00
21.0600     1006.00
21.0800      958.00
21.1000     1039.00
21.1200      999.00
21.1400      997.00
21.1600      972.00
21.1800      975.00
21.2000      853.00
21.2200      865.00
21.2400      791.00
21.2600      728.00
21.2800      696.00
21.3000      602.00
21.3200      592.00
21.3400      523.00
21.3600      492.00
21.3800      417.00
21.4000      422.00
21.4200      416.00
21.4400      370.00
21.4600      363.00
21.4800      384.00
21.5000      359.00
21.5200      411.00
21.5400      392.00
21.5600      458.00
21.5800      426.00
21.6000      486.00
21.6200      500.00
21.6400      579.00
21.6600      633.00
21.6800      629.00
21.7000      745.00
21.7200      786.00
21.7400      794.00
21.7600      823.00
21.7800      943.00
21.8000      938.00
21.8200      944.00
21.8400     1033.00
21.8600     1112.00
21.8800     1167.00
21.9000     1198.00
21.9200     1298.00
21.9400     1358.00
21.9600     1506.00
21.9800     1509.00
22.0000     1695.00
22.0200     1710.00
22.0400     1812.00
22.0600     1918.00
22.0800     1871.00
22.1000     1899.00
22.1200     1922.00
22.1400     1887.00
22.1600     1928.00
22.1800     1938.00
22.2000     1882.00
22.2200     1805.00
22.2400     1785.00
22.2600     1791.00
22.2800     1705.00
22.3000     1678.00
22.3200     1595.00
22.3400     1634.00
22.3600     1611.00
22.3800     1659.00
22.4000     1556.00
22.4200     1669.00
22.4400     1609.00
22.4600     1611.00
22.4800     1582.00
22.5000     1643.00
22.5200     1608.00
22.5400     1591.00
22.5600     1666.00
22.5800     1541.00
22.6000     1525.00
22.6200     1502.00
22.6400     1481.00
22.6600     1379.00
22.6800     1311.00
22.7000     1197.00
22.7200     1056.00
22.7400     1011.00
22.7600      933.00
22.7800      866.00
22.8000      794.00
22.8200      674.00
22.8400      620.00
22.8600      559.00
22.8800      514.00
22.9000      482.00
22.9200      484.00
22.9400      412.00
22.9600      398.00
22.9800      421.00
23.0000      382.00
23.0200      398.00
23.0400      385.00
23.0600      345.00
23.0800      384.00
23.1000      414.00
23.1200      386.00
23.1400      383.00
23.1600      397.00
23.1800      367.00
23.2000      356.00
23.2200      394.00
23.2400      375.00
23.2600      371.00
23.2800      378.00
23.3000      386.00
23.3200      420.00
23.3400      439.00
23.3600      468.00
23.3800      438.00
23.4000      489.00
23.4200      526.00
23.4400      541.00
23.4600      572.00
23.4800      589.00
23.5000      658.00
23.5200      655.00
23.5400      720.00
23.5600      707.00
23.5800      696.00
23.6000      699.00
23.6200      700.00
23.6400      681.00
23.6600      676.00
23.6800      690.00
23.7000      641.00
23.7200      628.00
23.7400      598.00
23.7600      509.00
23.7800      505.00
23.8000      462.00
23.8200      437.00
23.8400      384.00
23.8600      359.00
23.8800      356.00
23.9000      313.00
23.9200      312.00
23.9400      300.00
23.9600      274.00
23.9800      288.00
24.0000      274.00
24.0200      276.00
24.0400      266.00
24.0600      251.00
24.0800      243.00
24.1000      267.00
24.1200      271.00
24.1400      271.00
24.1600      265.00
24.1800      276.00
24.2000      264.00
24.2200      257.00
24.2400      297.00
24.2600      299.00
24.2800      304.00
24.3000      318.00
24.3200      316.00
24.3400      365.00
24.3600      346.00
24.3800      372.00
24.4000      381.00
24.4200      404.00
24.4400      418.00
24.4600      451.00
24.4800      489.00
24.5000      526.00
24.5200      543.00
24.5400      595.00
24.5600      593.00
24.5800      708.00
24.6000      726.00
24.6200      786.00
24.6400      817.00
24.6600      875.00
24.6800      848.00
24.7000      837.00
24.7200      853.00
24.7400      876.00
24.7600      893.00
24.7800      865.00
24.8000      831.00
24.8200      853.00
24.8400      853.00
24.8600      799.00
24.8800      799.00
24.9000      721.00
24.9200      716.00
24.9400      668.00
24.9600      676.00
24.9800      651.00
25.0000      654.00
25.0200      641.00
25.0400      625.00
25.0600      629.00
25.0800      630.00
25.1000      623.00
25.1200      658.00
25.1400      589.00
25.1600      562.00
25.1800      573.00
25.2000      543.00
25.2200      504.00
25.2400      485.00
25.2600      459.00
25.2800      437.00
25.3000      410.00
25.3200      400.00
25.3400      394.00
25.3600      364.00
25.3800      356.00
25.4000      346.00
25.4200      340.00
25.4400      382.00
25.4600      405.00
25.4800      440.00
25.5000      434.00
25.5200      467.00
25.5400      455.00
25.5600      541.00
25.5800      530.00
25.6000      581.00
25.6200      599.00
25.6400      575.00
25.6600      597.00
25.6800      704.00
25.7000      654.00
25.7200      692.00
25.7400      623.00
25.7600      659.00
25.7800      660.00
25.8000      629.00
25.8200      691.00
25.8400      646.00
25.8600      607.00
25.8800      596.00
25.9000      577.00
25.9200      532.00
25.9400      516.00
25.9600      504.00
25.9800      487.00
26.0000      460.00
26.0200      454.00
26.0400      421.00
26.0600      403.00
26.0800      387.00
26.1000      409.00
26.1200      354.00
26.1400      379.00
26.1600      361.00
26.1800      328.00
26.2000      342.00
26.2200      351.00
26.2400      334.00
26.2600      353.00
26.2800      340.00
26.3000      410.00
26.3200      428.00
26.3400      410.00
26.3600      472.00
26.3800      502.00
26.4000      473.00
26.4200      517.00
26.4400      549.00
26.4600      552.00
26.4800      541.00
26.5000      554.00
26.5200      592.00
26.5400      574.00
26.5600      557.00
26.5800      532.00
26.6000      522.00
26.6200      484.00
26.6400      503.00
26.6600      491.00
26.6800      430.00
26.7000      411.00
26.7200      382.00
26.7400      366.00
26.7600      361.00
26.7800      352.00
26.8000      334.00
26.8200      311.00
26.8400      303.00
26.8600      287.00
26.8800      314.00
26.9000      338.00
26.9200      296.00
26.9400      333.00
26.9600      330.00
26.9800      348.00
27.0000      372.00
27.0200      404.00
27.0400      395.00
27.0600      427.00
27.0800      422.00
27.1000      452.00
27.1200      489.00
27.1400      525.00
27.1600      603.00
27.1800      645.00
27.2000      737.00
27.2200      809.00
27.2400      890.00
27.2600     1002.00
27.2800     1119.00
27.3000     1143.00
27.3200     1233.00
27.3400     1337.00
27.3600     1385.00
27.3800     1417.00
27.4000     1532.00
27.4200     1451.00
27.4400     1416.00
27.4600     1406.00
27.4800     1315.00
27.5000     1290.00
27.5200     1174.00
27.5400     1056.00
27.5600      938.00
27.5800      885.00
27.6000      720.00
27.6200      641.00
27.6400      584.00
27.6600      506.00
27.6800      458.00
27.7000      421.00
27.7200      400.00
27.7400      346.00
27.7600      338.00
27.7800      318.00
27.8000      342.00
27.8200      328.00
27.8400      369.00
27.8600      386.00
27.8800      394.00
27.9000      421.00
27.9200      465.00
27.9400      471.00
27.9600      496.00
27.9800      506.00
28.0000      470.00
28.0200      527.00
28.0400      527.00
28.0600      569.00
28.0800      572.00
28.1000      567.00
28.1200      599.00
28.1400      612.00
28.1600      612.00
28.1800      637.00
28.2000      633.00
28.2200      635.00
28.2400      600.00
28.2600      581.00
28.2800      572.00
28.3000      569.00
28.3200      596.00
28.3400      640.00
28.3600      580.00
28.3800      586.00
28.4000      546.00
28.4200      596.00
28.4400      586.00
28.4600      627.00
28.4800      549.00
28.5000      620.00
28.5200      595.00
28.5400      581.00
28.5600      603.00
28.5800      577.00
28.6000      602.00
28.6200      584.00
28.6400      672.00
28.6600      691.00
28.6800      724.00
28.7000      780.00
28.7200      748.00
28.7400      802.00
28.7600      835.00
28.7800      902.00
28.8000      933.00
28.8200      931.00
28.8400      883.00
28.8600      880.00
28.8800      936.00
28.9000      840.00
28.9200      888.00
28.9400      904.00
28.9600      846.00
28.9800      793.00
29.0000      796.00
29.0200      741.00
29.0400      666.00
29.0600      654.00
29.0800      565.00
29.1000      554.00
29.1200      515.00
29.1400      504.00
29.1600      462.00
29.1800      428.00
29.2000      426.00
29.2200      381.00
29.2400      380.00
29.2600      326.00
29.2800      343.00
29.3000      339.00
29.3200      315.00
29.3400      337.00
29.3600      333.00
29.3800      302.00
29.4000      311.00
29.4200      309.00
29.4400      270.00
29.4600      273.00
29.4800      292.00
29.5000      267.00
29.5200      271.00
29.5400      282.00
29.5600      244.00
29.5800      275.00
29.6000      263.00
29.6200      252.00
29.6400      240.00
29.6600      266.00
29.6800      247.00
29.7000      248.00
29.7200      275.00
29.7400      257.00
29.7600      290.00
29.7800      285.00
29.8000      258.00
29.8200      284.00
29.8400      239.00
29.8600      280.00
29.8800      263.00
29.9000      281.00
29.9200      275.00
29.9400      246.00
29.9600      275.00
29.9800      310.00
30.0000      283.00
30.0200      317.00
30.0400      314.00
30.0600      283.00
30.0800      307.00
30.1000      339.00
30.1200      329.00
30.1400      347.00
30.1600      349.00
30.1800      351.00
30.2000      350.00
30.2200      381.00
30.2400      367.00
30.2600      363.00
30.2800      334.00
30.3000      381.00
30.3200      357.00
30.3400      384.00
30.3600      380.00
30.3800      380.00
30.4000      379.00
30.4200      399.00
30.4400      406.00
30.4600      363.00
30.4800      417.00
30.5000      434.00
30.5200      400.00
30.5400      406.00
30.5600      444.00
30.5800      410.00
30.6000      396.00
30.6200      410.00
30.6400      419.00
30.6600      442.00
30.6800      461.00
30.7000      409.00
30.7200      416.00
30.7400      417.00
30.7600      396.00
30.7800      374.00
30.8000      419.00
30.8200      355.00
30.8400      367.00
30.8600      393.00
30.8800      351.00
30.9000      375.00
30.9200      399.00
30.9400      380.00
30.9600      384.00
30.9800      431.00
31.0000      455.00
31.0200      440.00
31.0400      462.00
31.0600      437.00
31.0800      449.00
31.1000      495.00
31.1200      494.00
31.1400      489.00
31.1600      478.00
31.1800      439.00
31.2000      453.00
31.2200      437.00
31.2400      415.00
31.2600      399.00
31.2800      391.00
31.3000      333.00
31.3200      363.00
31.3400      341.00
31.3600      313.00
31.3800      285.00
31.4000      281.00
31.4200      278.00
31.4400      290.00
31.4600      301.00
31.4800      274.00
31.5000      273.00
31.5200      307.00
31.5400      257.00
31.5600      267.00
31.5800      268.00
31.6000      248.00
31.6200      271.00
31.6400      278.00
31.6600      258.00
31.6800      282.00
31.7000      304.00
31.7200      245.00
31.7400      280.00
31.7600      259.00
31.7800      236.00
31.8000      267.00
31.8200      273.00
31.8400      265.00
31.8600      260.00
31.8800      247.00
31.9000      296.00
31.9200      255.00
31.9400      270.00
31.9600      278.00
31.9800      285.00
32.0000      294.00
32.0200      318.00
32.0400      305.00
32.0600      334.00
32.0800      344.00
32.1000      367.00
32.1200      367.00
32.1400      346.00
32.1600      372.00
32.1800      391.00
32.2000      416.00
32.2200      420.00
32.2400      430.00
32.2600      366.00
32.2800      425.00
32.3000      377.00
32.3200      373.00
32.3400      370.00
32.3600      361.00
32.3800      341.00
32.4000      400.00
32.4200      325.00
32.4400      358.00
32.4600      321.00
32.4800      360.00
32.5000      339.00
32.5200      303.00
32.5400      298.00
32.5600      298.00
32.5800      250.00
32.6000      274.00
32.6200      263.00
32.6400      263.00
32.6600      273.00
32.6800      305.00
32.7000      243.00
32.7200      264.00
32.7400      243.00
32.7600      235.00
32.7800      273.00
32.8000      258.00
32.8200      281.00
32.8400      236.00
32.8600      292.00
32.8800      264.00
32.9000      234.00
32.9200      290.00
32.9400      286.00
32.9600      286.00
32.9800      317.00
33.0000      295.00
33.0200      273.00
33.0400      289.00
33.0600      266.00
33.0800      267.00
33.1000      255.00
33.1200      276.00
33.1400      263.00
33.1600      226.00
33.1800      237.00
33.2000      236.00
33.2200      240.00
33.2400      233.00
33.2600      240.00
33.2800      260.00
33.3000      261.00
33.3200      230.00
33.3400      229.00
33.3600      235.00
33.3800      251.00
33.4000      230.00
33.4200      246.00
33.4400      201.00
33.4600      214.00
33.4800      205.00
33.5000      201.00
33.5200      204.00
33.5400      194.00
33.5600      198.00
33.5800      178.00
33.6000      179.00
33.6200      183.00
33.6400      199.00
33.6600      191.00
33.6800      214.00
33.7000      165.00
33.7200      187.00
33.7400      191.00
33.7600      191.00
33.7800      203.00
33.8000      205.00
33.8200      206.00
33.8400      219.00
33.8600      214.00
33.8800      212.00
33.9000      201.00
33.9200      235.00
33.9400      221.00
33.9600      235.00
33.9800      247.00
34.0000      248.00
34.0200      187.00
34.0400      236.00
34.0600      208.00
34.0800      247.00
34.1000      226.00
34.1200      243.00
34.1400      246.00
34.1600      251.00
34.1800      221.00
34.2000      218.00
34.2200      204.00
34.2400      212.00
34.2600      242.00
34.2800      198.00
34.3000      206.00
34.3200      229.00
34.3400      212.00
34.3600      222.00
34.3800      218.00
34.4000      248.00
34.4200      251.00
34.4400      240.00
34.4600      230.00
34.4800      233.00
34.5000      264.00
34.5200      277.00
34.5400      257.00
34.5600      235.00
34.5800      282.00
34.6000      267.00
34.6200      288.00
34.6400      277.00
34.6600      267.00
34.6800      232.00
34.7000      283.00
34.7200      271.00
34.7400      265.00
34.7600      293.00
34.7800      278.00
34.8000      312.00
34.8200      336.00
34.8400      354.00
34.8600      368.00
34.8800      368.00
34.9000      398.00
34.9200      442.00
34.9400      393.00
34.9600      469.00
34.9800      430.00
35.0000      461.00
