 2.2600      410.00
 2.2800      377.00
 2.3000      366.00
 2.3200      394.00
 2.3400      374.00
 2.3600      422.00
 2.3800      362.00
 2.4000      385.00
 2.4200      411.00
 2.4400      377.00
 2.4600      407.00
 2.4800      374.00
 2.5000      370.00
 2.5200      401.00
 2.5400      333.00
 2.5600      381.00
 2.5800      360.00
 2.6000      362.00
 2.6200      363.00
 2.6400      414.00
 2.6600      371.00
 2.6800      375.00
 2.7000      346.00
 2.7200      382.00
 2.7400      384.00
 2.7600      408.00
 2.7800      366.00
 2.8000      372.00
 2.8200      370.00
 2.8400      344.00
 2.8600      387.00
 2.8800      348.00
 2.9000      357.00
 2.9200      387.00
 2.9400      372.00
 2.9600      384.00
 2.9800      372.00
 3.0000      382.00
 3.0200      365.00
 3.0400      353.00
 3.0600      345.00
 3.0800      380.00
 3.1000      396.00
 3.1200      397.00
 3.1400      375.00
 3.1600      378.00
 3.1800      392.00
 3.2000      381.00
 3.2200      383.00
 3.2400      383.00
 3.2600      396.00
 3.2800      399.00
 3.3000      405.00
 3.3200      379.00
 3.3400      395.00
 3.3600      358.00
 3.3800      378.00
 3.4000      359.00
 3.4200      365.00
 3.4400      433.00
 3.4600      374.00
 3.4800      409.00
 3.5000      362.00
 3.5200      395.00
 3.5400      375.00
 3.5600      389.00
 3.5800      382.00
 3.6000      404.00
 3.6200      372.00
 3.6400      353.00
 3.6600      423.00
 3.6800      360.00
 3.7000      415.00
 3.7200      363.00
 3.7400      383.00
 3.7600      331.00
 3.7800      362.00
 3.8000      370.00
 3.8200      390.00
 3.8400      372.00
 3.8600      370.00
 3.8800      368.00
 3.9000      350.00
 3.9200      339.00
 3.9400      362.00
 3.9600      310.00
 3.9800      344.00
 4.0000      338.00
 4.0200      334.00
 4.0400      324.00
 4.0600      353.00
 4.0800      340.00
 4.1000      301.00
 4.1200      300.00
 4.1400      314.00
 4.1600      323.00
 4.1800      343.00
 4.2000      307.00
 4.2200      296.00
 4.2400      331.00
 4.2600      318.00
 4.2800      310.00
 4.3000      284.00
 4.3200      304.00
 4.3400      286.00
 4.3600      273.00
 4.3800      298.00
 4.4000      270.00
 4.4200      266.00
 4.4400      260.00
 4.4600      269.00
 4.4800      298.00
 4.5000      291.00
 4.5200      298.00
 4.5400      290.00
 4.5600      294.00
 4.5800      267.00
 4.6000      266.00
 4.6200      277.00
 4.6400      276.00
 4.6600      245.00
 4.6800      284.00
 4.7000      249.00
 4.7200      292.00
 4.7400      212.00
 4.7600      254.00
 4.7800      253.00
 4.8000      277.00
 4.8200      248.00
 4.8400      261.00
 4.8600      260.00
 4.8800      269.00
 4.9000      258.00
 4.9200      254.00
 4.9400      268.00
 4.9600      271.00
 4.9800      278.00
 5.0000      272.00
 5.0200      250.00
 5.0400      260.00
 5.0600      209.00
 5.0800      247.00
 5.1000      206.00
 5.1200      218.00
 5.1400      236.00
 5.1600      231.00
 5.1800      237.00
 5.2000      241.00
 5.2200      210.00
 5.2400      209.00
 5.2600      241.00
 5.2800      239.00
 5.3000      241.00
 5.3200      218.00
 5.3400      232.00
 5.3600      233.00
 5.3800      245.00
 5.4000      240.00
 5.4200      243.00
 5.4400      243.00
 5.4600      230.00
 5.4800      227.00
 5.5000      247.00
 5.5200      232.00
 5.5400      241.00
 5.5600      239.00
 5.5800      266.00
 5.6000      235.00
 5.6200      253.00
 5.6400      258.00
 5.6600      266.00
 5.6800      276.00
 5.7000      298.00
 5.7200      293.00
 5.7400      326.00
 5.7600      299.00
 5.7800      343.00
 5.8000      323.00
 5.8200      342.00
 5.8400      357.00
 5.8600      363.00
 5.8800      416.00
 5.9000      429.00
 5.9200      410.00
 5.9400      426.00
 5.9600      461.00
 5.9800      500.00
 6.0000      544.00
 6.0200      518.00
 6.0400      567.00
 6.0600      618.00
 6.0800      664.00
 6.1000      804.00
 6.1200      834.00
 6.1400      862.00
 6.1600      964.00
 6.1800     1032.00
 6.2000     1198.00
 6.2200     1400.00
 6.2400     1459.00
 6.2600     1639.00
 6.2800     1920.00
 6.3000     2207.00
 6.3200     2351.00
 6.3400     2637.00
 6.3600     2914.00
 6.3800     3222.00
 6.4000     3596.00
 6.4200     3786.00
 6.4400     3937.00
 6.4600     4153.00
 6.4800     4059.00
 6.5000     4080.00
 6.5200     4278.00
 6.5400     4106.00
 6.5600     3721.00
 6.5800     3296.00
 6.6000     2775.00
 6.6200     2236.00
 6.6400     1721.00
 6.6600     1173.00
 6.6800      874.00
 6.7000      617.00
 6.7200      500.00
 6.7400      421.00
 6.7600      380.00
 6.7800      345.00
 6.8000      331.00
 6.8200      312.00
 6.8400      324.00
 6.8600      324.00
 6.8800      265.00
 6.9000      298.00
 6.9200      263.00
 6.9400      255.00
 6.9600      286.00
 6.9800      275.00
 7.0000      262.00
 7.0200      282.00
 7.0400      285.00
 7.0600      267.00
 7.0800      283.00
 7.1000      237.00
 7.1200      241.00
 7.1400      241.00
 7.1600      268.00
 7.1800      250.00
 7.2000      242.00
 7.2200      232.00
 7.2400      231.00
 7.2600      217.00
 7.2800      221.00
 7.3000      242.00
 7.3200      234.00
 7.3400      239.00
 7.3600      219.00
 7.3800      214.00
 7.4000      204.00
 7.4200      209.00
 7.4400      215.00
 7.4600      255.00
 7.4800      239.00
 7.5000      222.00
 7.5200      201.00
 7.5400      222.00
 7.5600      217.00
 7.5800      185.00
 7.6000      186.00
 7.6200      218.00
 7.6400      196.00
 7.6600      216.00
 7.6800      180.00
 7.7000      200.00
 7.7200      204.00
 7.7400      201.00
 7.7600      179.00
 7.7800      215.00
 7.8000      181.00
 7.8200      194.00
 7.8400      188.00
 7.8600      205.00
 7.8800      175.00
 7.9000      198.00
 7.9200      192.00
 7.9400      191.00
 7.9600      182.00
 7.9800      214.00
 8.0000      222.00
 8.0200      180.00
 8.0400      173.00
 8.0600      189.00
 8.0800      167.00
 8.1000      203.00
 8.1200      186.00
 8.1400      178.00
 8.1600      185.00
 8.1800      202.00
 8.2000      199.00
 8.2200      173.00
 8.2400      180.00
 8.2600      179.00
 8.2800      183.00
 8.3000      196.00
 8.3200      163.00
 8.3400      166.00
 8.3600      153.00
 8.3800      170.00
 8.4000      158.00
 8.4200      194.00
 8.4400      165.00
 8.4600      161.00
 8.4800      181.00
 8.5000      175.00
 8.5200      188.00
 8.5400      179.00
 8.5600      171.00
 8.5800      184.00
 8.6000      165.00
 8.6200      174.00
 8.6400      157.00
 8.6600      202.00
 8.6800      175.00
 8.7000      163.00
 8.7200      161.00
 8.7400      176.00
 8.7600      183.00
 8.7800      185.00
 8.8000      175.00
 8.8200      168.00
 8.8400      202.00
 8.8600      175.00
 8.8800      182.00
 8.9000      188.00
 8.9200      183.00
 8.9400      170.00
 8.9600      203.00
 8.9800      167.00
 9.0000      207.00
 9.0200      162.00
 9.0400      173.00
 9.0600      195.00
 9.0800      214.00
 9.1000      193.00
 9.1200      215.00
 9.1400      204.00
 9.1600      204.00
 9.1800      218.00
 9.2000      210.00
 9.2200      206.00
 9.2400      226.00
 9.2600      250.00
 9.2800      240.00
 9.3000      285.00
 9.3200      307.00
 9.3400      269.00
 9.3600      269.00
 9.3800      313.00
 9.4000      325.00
 9.4200      315.00
 9.4400      348.00
 9.4600      361.00
 9.4800      329.00
 9.5000      324.00
 9.5200      318.00
 9.5400      304.00
 9.5600      336.00
 9.5800      336.00
 9.6000      350.00
 9.6200      340.00
 9.6400      336.00
 9.6600      369.00
 9.6800      394.00
 9.7000      356.00
 9.7200      406.00
 9.7400      393.00
 9.7600      342.00
 9.7800      366.00
 9.8000      388.00
 9.8200      301.00
 9.8400      281.00
 9.8600      246.00
 9.8800      207.00
 9.9000      217.00
 9.9200      222.00
 9.9400      203.00
 9.9600      152.00
 9.9800      185.00
10.0000      173.00
10.0200      186.00
10.0400      178.00
10.0600      215.00
10.0800      202.00
10.1000      210.00
10.1200      206.00
10.1400      228.00
10.1600      208.00
10.1800      209.00
10.2000      183.00
10.2200      214.00
10.2400      193.00
10.2600      229.00
10.2800      200.00
10.3000      205.00
10.3200      187.00
10.3400      176.00
10.3600      196.00
10.3800      168.00
10.4000      209.00
10.4200      193.00
10.4400      185.00
10.4600      169.00
10.4800      187.00
10.5000      178.00
10.5200      198.00
10.5400      176.00
10.5600      207.00
10.5800      200.00
10.6000      214.00
10.6200      217.00
10.6400      206.00
10.6600      182.00
10.6800      193.00
10.7000      215.00
10.7200      209.00
10.7400      223.00
10.7600      203.00
10.7800      229.00
10.8000      243.00
10.8200      222.00
10.8400      223.00
10.8600      234.00
10.8800      262.00
10.9000      249.00
10.9200      267.00
10.9400      328.00
10.9600      314.00
10.9800      339.00
11.0000      350.00
11.0200      328.00
11.0400      350.00
11.0600      358.00
11.0800      292.00
11.1000      338.00
11.1200      321.00
11.1400      210.00
11.1600      211.00
11.1800      231.00
11.2000      206.00
11.2200      202.00
11.2400      214.00
11.2600      191.00
11.2800      176.00
11.3000      186.00
11.3200      192.00
11.3400      190.00
11.3600      194.00
11.3800      192.00
11.4000      194.00
11.4200      200.00
11.4400      171.00
11.4600      210.00
11.4800      228.00
11.5000      238.00
11.5200      219.00
11.5400      212.00
11.5600      225.00
11.5800      242.00
11.6000      242.00
11.6200      249.00
11.6400      244.00
11.6600      244.00
11.6800      288.00
11.7000      290.00
11.7200      296.00
11.7400      284.00
11.7600      338.00
11.7800      345.00
11.8000      369.00
11.8200      420.00
11.8400      435.00
11.8600      409.00
11.8800      459.00
11.9000      489.00
11.9200      449.00
11.9400      448.00
11.9600      451.00
11.9800      388.00
12.0000      381.00
12.0200      350.00
12.0400      351.00
12.0600      259.00
12.0800      275.00
12.1000      282.00
12.1200      242.00
12.1400      266.00
12.1600      267.00
12.1800      283.00
12.2000      254.00
12.2200      275.00
12.2400      287.00
12.2600      284.00
12.2800      288.00
12.3000      289.00
12.3200      284.00
12.3400      294.00
12.3600      260.00
12.3800      310.00
12.4000      296.00
12.4200      299.00
12.4400      292.00
12.4600      315.00
12.4800      339.00
12.5000      386.00
12.5200      390.00
12.5400      444.00
12.5600      463.00
12.5800      533.00
12.6000      581.00
12.6200      654.00
12.6400      734.00
12.6600      915.00
12.6800      978.00
12.7000     1157.00
12.7200     1317.00
12.7400     1460.00
12.7600     1646.00
12.7800     1763.00
12.8000     1828.00
12.8200     1890.00
12.8400     1921.00
12.8600     1961.00
12.8800     1848.00
12.9000     1853.00
12.9200     1650.00
12.9400     1427.00
12.9600     1241.00
12.9800      973.00
13.0000      769.00
13.0200      589.00
13.0400      443.00
13.0600      359.00
13.0800      285.00
13.1000      304.00
13.1200      253.00
13.1400      240.00
13.1600      236.00
13.1800      226.00
13.2000      217.00
13.2200      240.00
13.2400      206.00
13.2600      225.00
13.2800      227.00
13.3000      228.00
13.3200      216.00
13.3400      207.00
13.3600      232.00
13.3800      231.00
13.4000      201.00
13.4200      218.00
13.4400      237.00
13.4600      216.00
13.4800      228.00
13.5000      236.00
13.5200      232.00
13.5400      212.00
13.5600      227.00
13.5800      241.00
13.6000      198.00
13.6200      218.00
13.6400      209.00
13.6600      214.00
13.6800      217.00
13.7000      222.00
13.7200      216.00
13.7400      216.00
13.7600      232.00
13.7800      230.00
13.8000      223.00
13.8200      246.00
13.8400      242.00
13.8600      243.00
13.8800      274.00
13.9000      235.00
13.9200      255.00
13.9400      239.00
13.9600      268.00
13.9800      238.00
14.0000      253.00
14.0200      246.00
14.0400      239.00
14.0600      259.00
14.0800      241.00
14.1000      252.00
14.1200      221.00
14.1400      250.00
14.1600      233.00
14.1800      215.00
14.2000      257.00
14.2200      228.00
14.2400      257.00
14.2600      223.00
14.2800      269.00
14.3000      292.00
14.3200      303.00
14.3400      278.00
14.3600      305.00
14.3800      354.00
14.4000      334.00
14.4200      349.00
14.4400      328.00
14.4600      342.00
14.4800      365.00
14.5000      392.00
14.5200      348.00
14.5400      323.00
14.5600      305.00
14.5800      311.00
14.6000      272.00
14.6200      259.00
14.6400      264.00
14.6600      255.00
14.6800      231.00
14.7000      223.00
14.7200      251.00
14.7400      255.00
14.7600      262.00
14.7800      233.00
14.8000      246.00
14.8200      254.00
14.8400      262.00
14.8600      309.00
14.8800      318.00
14.9000      325.00
14.9200      356.00
14.9400      349.00
14.9600      416.00
14.9800      421.00
15.0000      433.00
15.0200      452.00
15.0400      488.00
15.0600      519.00
15.0800      472.00
15.1000      433.00
15.1200      417.00
15.1400      400.00
15.1600      309.00
15.1800      332.00
15.2000      341.00
15.2200      310.00
15.2400      254.00
15.2600      258.00
15.2800      236.00
15.3000      241.00
15.3200      209.00
15.3400      222.00
15.3600      247.00
15.3800      202.00
15.4000      230.00
15.4200      189.00
15.4400      213.00
15.4600      204.00
15.4800      237.00
15.5000      225.00
15.5200      217.00
15.5400      235.00
15.5600      220.00
15.5800      219.00
15.6000      207.00
15.6200      215.00
15.6400      233.00
15.6600      242.00
15.6800      260.00
15.7000      233.00
15.7200      256.00
15.7400      210.00
15.7600      232.00
15.7800      239.00
15.8000      235.00
15.8200      247.00
15.8400      298.00
15.8600      223.00
15.8800      250.00
15.9000      210.00
15.9200      247.00
15.9400      248.00
15.9600      231.00
15.9800      247.00
16.0000      236.00
16.0200      220.00
16.0400      236.00
16.0600      246.00
16.0800      225.00
16.1000      248.00
16.1200      220.00
16.1400      217.00
16.1600      233.00
16.1800      210.00
16.2000      201.00
16.2200      213.00
16.2400      212.00
16.2600      225.00
16.2800      214.00
16.3000      223.00
16.3200      247.00
16.3400      225.00
16.3600      217.00
16.3800      245.00
16.4000      232.00
16.4200      241.00
16.4400      253.00
16.4600      256.00
16.4800      248.00
16.5000      238.00
16.5200      252.00
16.5400      263.00
16.5600      246.00
16.5800      240.00
16.6000      251.00
16.6200      196.00
16.6400      230.00
16.6600      204.00
16.6800      225.00
16.7000      227.00
16.7200      244.00
16.7400      265.00
16.7600      252.00
16.7800      227.00
16.8000      238.00
16.8200      261.00
16.8400      258.00
16.8600      262.00
16.8800      279.00
16.9000      255.00
16.9200      289.00
16.9400      277.00
16.9600      254.00
16.9800      284.00
17.0000      273.00
17.0200      285.00
17.0400      259.00
17.0600      287.00
17.0800      269.00
17.1000      310.00
17.1200      238.00
17.1400      306.00
17.1600      308.00
17.1800      295.00
17.2000      291.00
17.2200      318.00
17.2400      321.00
17.2600      292.00
17.2800      350.00
17.3000      340.00
17.3200      380.00
17.3400      369.00
17.3600      396.00
17.3800      452.00
17.4000      426.00
17.4200      466.00
17.4400      453.00
17.4600      514.00
17.4800      563.00
17.5000      546.00
17.5200      584.00
17.5400      617.00
17.5600      587.00
17.5800      597.00
17.6000      571.00
17.6200      513.00
17.6400      466.00
17.6600      468.00
17.6800      408.00
17.7000      360.00
17.7200      352.00
17.7400      331.00
17.7600      349.00
17.7800      329.00
17.8000      353.00
17.8200      354.00
17.8400      377.00
17.8600      390.00
17.8800      411.00
17.9000      450.00
17.9200      429.00
17.9400      474.00
17.9600      486.00
17.9800      497.00
18.0000      484.00
18.0200      462.00
18.0400      465.00
18.0600      433.00
18.0800      397.00
18.1000      378.00
18.1200      364.00
18.1400      342.00
18.1600      309.00
18.1800      280.00
18.2000      275.00
18.2200      305.00
18.2400      295.00
18.2600      327.00
18.2800      331.00
18.3000      318.00
18.3200      350.00
18.3400      419.00
18.3600      348.00
18.3800      367.00
18.4000      418.00
18.4200      389.00
18.4400      439.00
18.4600      435.00
18.4800      429.00
18.5000      550.00
18.5200      520.00
18.5400      575.00
18.5600      642.00
18.5800      657.00
18.6000      764.00
18.6200      829.00
18.6400      894.00
18.6600     1008.00
18.6800     1114.00
18.7000     1206.00
18.7200     1323.00
18.7400     1318.00
18.7600     1333.00
18.7800     1342.00
18.8000     1276.00
18.8200     1214.00
18.8400     1098.00
18.8600     1009.00
18.8800      799.00
18.9000      705.00
18.9200      578.00
18.9400      494.00
18.9600      441.00
18.9800      415.00
19.0000      395.00
19.0200      367.00
19.0400      352.00
19.0600      412.00
19.0800      438.00
19.1000      496.00
19.1200      488.00
19.1400      550.00
19.1600      579.00
19.1800      591.00
19.2000      628.00
19.2200      651.00
19.2400      665.00
19.2600      671.00
19.2800      697.00
19.3000      718.00
19.3200      688.00
19.3400      636.00
19.3600      619.00
19.3800      509.00
19.4000      533.00
19.4200      524.00
19.4400      476.00
19.4600      457.00
19.4800      475.00
19.5000      499.00
19.5200      506.00
19.5400      522.00
19.5600      532.00
19.5800      529.00
19.6000      550.00
19.6200      593.00
19.6400      594.00
19.6600      573.00
19.6800      557.00
19.7000      514.00
19.7200      496.00
19.7400      471.00
19.7600      422.00
19.7800      395.00
19.8000      349.00
19.8200      306.00
19.8400      313.00
19.8600      296.00
19.8800      289.00
19.9000      289.00
19.9200      285.00
19.9400      267.00
19.9600      264.00
19.9800      285.00
20.0000      272.00
20.0200      297.00
20.0400      293.00
20.0600      280.00
20.0800      288.00
20.1000      304.00
20.1200      308.00
20.1400      307.00
20.1600      305.00
20.1800      291.00
20.2000      306.00
20.2200      317.00
20.2400      288.00
20.2600      321.00
20.2800      310.00
20.3000      327.00
20.3200      276.00
20.3400      295.00
20.3600      300.00
20.3800      276.00
20.4000      312.00
20.4200      309.00
20.4400      284.00
20.4600      259.00
20.4800      263.00
20.5000      249.00
20.5200      254.00
20.5400      235.00
20.5600      259.00
20.5800      233.00
20.6000      250.00
20.6200      277.00
20.6400      251.00
20.6600      243.00
20.6800      292.00
20.7000      293.00
20.7200      262.00
20.7400      282.00
20.7600      298.00
20.7800      286.00
20.8000      291.00
20.8200      287.00
20.8400      246.00
20.8600      226.00
20.8800      242.00
20.9000      205.00
20.9200      208.00
20.9400      219.00
20.9600      216.00
20.9800      208.00
21.0000      212.00
21.0200      173.00
21.0400      203.00
21.0600      202.00
21.0800      205.00
21.1000      176.00
21.1200      191.00
21.1400      191.00
21.1600      184.00
21.1800      182.00
21.2000      220.00
21.2200      217.00
21.2400      195.00
21.2600      211.00
21.2800      246.00
21.3000      261.00
21.3200      262.00
21.3400      295.00
21.3600      323.00
21.3800      361.00
21.4000      339.00
21.4200      373.00
21.4400      350.00
21.4600      427.00
21.4800      405.00
21.5000      402.00
21.5200      411.00
21.5400      411.00
21.5600      405.00
21.5800      490.00
21.6000      478.00
21.6200      487.00
21.6400      474.00
21.6600      495.00
21.6800      493.00
21.7000      551.00
21.7200      471.00
21.7400      461.00
21.7600      463.00
21.7800      429.00
21.8000      414.00
21.8200      422.00
21.8400      353.00
21.8600      368.00
21.8800      312.00
21.9000      313.00
21.9200      270.00
21.9400      256.00
21.9600      287.00
21.9800      241.00
22.0000      259.00
22.0200      265.00
22.0400      250.00
22.0600      247.00
22.0800      247.00
22.1000      254.00
22.1200      262.00
22.1400      271.00
22.1600      312.00
22.1800      266.00
22.2000      271.00
22.2200      303.00
22.2400      302.00
22.2600      287.00
22.2800      278.00
22.3000      257.00
22.3200      267.00
22.3400      223.00
22.3600      258.00
22.3800      267.00
22.4000      255.00
22.4200      284.00
22.4400      295.00
22.4600      297.00
22.4800      322.00
22.5000      322.00
22.5200      391.00
22.5400      446.00
22.5600      493.00
22.5800      582.00
22.6000      609.00
22.6200      693.00
22.6400      775.00
22.6600      888.00
22.6800      947.00
22.7000      898.00
22.7200      944.00
22.7400      939.00
22.7600      881.00
22.7800      831.00
22.8000      778.00
22.8200      714.00
22.8400      689.00
22.8600      552.00
22.8800      503.00
22.9000      441.00
22.9200      378.00
22.9400      331.00
22.9600      339.00
22.9800      285.00
23.0000      272.00
23.0200      275.00
23.0400      270.00
23.0600      243.00
23.0800      260.00
23.1000      240.00
23.1200      248.00
23.1400      246.00
23.1600      227.00
23.1800      236.00
23.2000      192.00
23.2200      219.00
23.2400      212.00
23.2600      178.00
23.2800      228.00
23.3000      214.00
23.3200      200.00
23.3400      196.00
23.3600      198.00
23.3800      205.00
23.4000      210.00
23.4200      211.00
23.4400      188.00
23.4600      212.00
23.4800      235.00
23.5000      228.00
23.5200      213.00
23.5400      222.00
23.5600      257.00
23.5800      234.00
23.6000      279.00
23.6200      274.00
23.6400      328.00
23.6600      367.00
23.6800      354.00
23.7000      387.00
23.7200      411.00
23.7400      457.00
23.7600      466.00
23.7800      510.00
23.8000      567.00
23.8200      534.00
23.8400      575.00
23.8600      520.00
23.8800      582.00
23.9000      527.00
23.9200      486.00
23.9400      446.00
23.9600      462.00
23.9800      479.00
24.0000      447.00
24.0200      427.00
24.0400      438.00
24.0600      393.00
24.0800      488.00
24.1000      485.00
24.1200      528.00
24.1400      591.00
24.1600      622.00
24.1800      630.00
24.2000      687.00
24.2200      799.00
24.2400      860.00
24.2600      838.00
24.2800      909.00
24.3000      948.00
24.3200      946.00
24.3400      960.00
24.3600      937.00
24.3800      858.00
24.4000      798.00
24.4200      729.00
24.4400      667.00
24.4600      613.00
24.4800      557.00
24.5000      552.00
24.5200      475.00
24.5400      444.00
24.5600      416.00
24.5800      432.00
24.6000      376.00
24.6200      389.00
24.6400      350.00
24.6600      340.00
24.6800      317.00
24.7000      307.00
24.7200      277.00
24.7400      310.00
24.7600      264.00
24.7800      267.00
24.8000      275.00
24.8200      259.00
24.8400      289.00
24.8600      247.00
24.8800      272.00
24.9000      266.00
24.9200      298.00
24.9400      285.00
24.9600      257.00
24.9800      254.00
25.0000      262.00
25.0200      246.00
25.0400      242.00
25.0600      243.00
25.0800      219.00
25.1000      213.00
25.1200      211.00
25.1400      220.00
25.1600      207.00
25.1800      223.00
25.2000      231.00
25.2200      213.00
25.2400      201.00
25.2600      186.00
25.2800      189.00
25.3000      215.00
25.3200      172.00
25.3400      205.00
25.3600      250.00
25.3800      216.00
25.4000      211.00
25.4200      200.00
25.4400      223.00
25.4600      249.00
25.4800      211.00
25.5000      236.00
25.5200      270.00
25.5400      245.00
25.5600      251.00
25.5800      260.00
25.6000      280.00
25.6200      311.00
25.6400      291.00
25.6600      314.00
25.6800      382.00
25.7000      366.00
25.7200      374.00
25.7400      428.00
25.7600      448.00
25.7800      469.00
25.8000      491.00
25.8200      442.00
25.8400      485.00
25.8600      539.00
25.8800      513.00
25.9000      466.00
25.9200      466.00
25.9400      478.00
25.9600      441.00
25.9800      456.00
26.0000      434.00
26.0200      393.00
26.0400      416.00
26.0600      359.00
26.0800      394.00
26.1000      391.00
26.1200      354.00
26.1400      369.00
26.1600      368.00
26.1800      352.00
26.2000      320.00
26.2200      323.00
26.2400      286.00
26.2600      291.00
26.2800      291.00
26.3000      276.00
26.3200      245.00
26.3400      242.00
26.3600      241.00
26.3800      227.00
26.4000      227.00
26.4200      181.00
26.4400      218.00
26.4600      182.00
26.4800      184.00
26.5000      215.00
26.5200      197.00
26.5400      212.00
26.5600      172.00
26.5800      186.00
26.6000      207.00
26.6200      184.00
26.6400      209.00
26.6600      197.00
26.6800      214.00
26.7000      212.00
26.7200      220.00
26.7400      195.00
26.7600      199.00
26.7800      208.00
26.8000      199.00
26.8200      225.00
26.8400      226.00
26.8600      243.00
26.8800      275.00
26.9000      283.00
26.9200      284.00
26.9400      307.00
26.9600      307.00
26.9800      297.00
27.0000      312.00
27.0200      340.00
27.0400      325.00
27.0600      314.00
27.0800      305.00
27.1000      303.00
27.1200      264.00
27.1400      262.00
27.1600      280.00
27.1800      241.00
27.2000      256.00
27.2200      247.00
27.2400      257.00
27.2600      269.00
27.2800      279.00
27.3000      282.00
27.3200      359.00
27.3400      405.00
27.3600      413.00
27.3800      490.00
27.4000      570.00
27.4200      648.00
27.4400      741.00
27.4600      798.00
27.4800      809.00
27.5000      897.00
27.5200      945.00
27.5400      953.00
27.5600      931.00
27.5800      929.00
27.6000      851.00
27.6200      804.00
27.6400      740.00
27.6600      650.00
27.6800      582.00
27.7000      542.00
27.7200      494.00
27.7400      483.00
27.7600      476.00
27.7800      496.00
27.8000      444.00
27.8200      473.00
27.8400      492.00
27.8600      460.00
27.8800      445.00
27.9000      493.00
27.9200      469.00
27.9400      452.00
27.9600      419.00
27.9800      422.00
28.0000      399.00
28.0200      409.00
28.0400      386.00
28.0600      356.00
28.0800      371.00
28.1000      354.00
28.1200      402.00
28.1400      394.00
28.1600      389.00
28.1800      395.00
28.2000      435.00
28.2200      399.00
28.2400      378.00
28.2600      380.00
28.2800      400.00
28.3000      356.00
28.3200      339.00
28.3400      334.00
28.3600      296.00
28.3800      274.00
28.4000      272.00
28.4200      227.00
28.4400      242.00
28.4600      245.00
28.4800      195.00
28.5000      205.00
28.5200      206.00
28.5400      218.00
28.5600      205.00
28.5800      203.00
28.6000      179.00
28.6200      195.00
28.6400      195.00
28.6600      186.00
28.6800      208.00
28.7000      186.00
28.7200      186.00
28.7400      192.00
28.7600      185.00
28.7800      201.00
28.8000      186.00
28.8200      215.00
28.8400      244.00
28.8600      211.00
28.8800      228.00
28.9000      248.00
28.9200      291.00
28.9400      288.00
28.9600      323.00
28.9800      300.00
29.0000      328.00
29.0200      319.00
29.0400      297.00
29.0600      350.00
29.0800      341.00
29.1000      370.00
29.1200      336.00
29.1400      344.00
29.1600      348.00
29.1800      335.00
29.2000      409.00
29.2200      381.00
29.2400      372.00
29.2600      365.00
29.2800      374.00
29.3000      432.00
29.3200      403.00
29.3400      345.00
29.3600      356.00
29.3800      308.00
29.4000      331.00
29.4200      263.00
29.4400      256.00
29.4600      239.00
29.4800      258.00
29.5000      213.00
29.5200      211.00
29.5400      206.00
29.5600      179.00
29.5800      195.00
29.6000      194.00
29.6200      189.00
29.6400      194.00
29.6600      168.00
29.6800      189.00
29.7000      187.00
29.7200      183.00
29.7400      209.00
29.7600      177.00
29.7800      180.00
29.8000      200.00
29.8200      191.00
29.8400      186.00
29.8600      179.00
29.8800      224.00
29.9000      195.00
29.9200      184.00
29.9400      184.00
29.9600      216.00
29.9800      214.00
30.0000      215.00
30.0200      233.00
30.0400      215.00
30.0600      210.00
30.0800      227.00
30.1000      253.00
30.1200      265.00
30.1400      245.00
30.1600      285.00
30.1800      310.00
30.2000      341.00
30.2200      382.00
30.2400      400.00
30.2600      425.00
30.2800      416.00
30.3000      455.00
30.3200      508.00
30.3400      523.00
30.3600      455.00
30.3800      438.00
30.4000      464.00
30.4200      481.00
30.4400      389.00
30.4600      333.00
30.4800      350.00
30.5000      267.00
30.5200      236.00
30.5400      289.00
30.5600      215.00
30.5800      217.00
30.6000      196.00
30.6200      201.00
30.6400      210.00
30.6600      202.00
30.6800      221.00
30.7000      200.00
30.7200      199.00
30.7400      189.00
30.7600      205.00
30.7800      209.00
30.8000      196.00
30.8200      218.00
30.8400      227.00
30.8600      213.00
30.8800      214.00
30.9000      231.00
30.9200      248.00
30.9400      177.00
30.9600      196.00
30.9800      212.00
31.0000      185.00
31.0200      216.00
31.0400      210.00
31.0600      206.00
31.0800      203.00
31.1000      189.00
31.1200      188.00
31.1400      185.00
31.1600      192.00
31.1800      185.00
31.2000      188.00
31.2200      194.00
31.2400      154.00
31.2600      215.00
31.2800      172.00
31.3000      174.00
31.3200      173.00
31.3400      170.00
31.3600      186.00
31.3800      186.00
31.4000      159.00
31.4200      171.00
31.4400      180.00
31.4600      193.00
31.4800      185.00
31.5000      170.00
31.5200      148.00
31.5400      164.00
31.5600      150.00
31.5800      159.00
31.6000      147.00
31.6200      193.00
31.6400      160.00
31.6600      184.00
31.6800      164.00
31.7000      192.00
31.7200      219.00
31.7400      188.00
31.7600      197.00
31.7800      207.00
31.8000      212.00
31.8200      198.00
31.8400      225.00
31.8600      186.00
31.8800      208.00
31.9000      217.00
31.9200      164.00
31.9400      186.00
31.9600      136.00
31.9800      188.00
32.0000      172.00
32.0200      186.00
32.0400      170.00
32.0600      146.00
32.0800      151.00
32.1000      193.00
32.1200      206.00
32.1400      167.00
32.1600      153.00
32.1800      177.00
32.2000      183.00
32.2200      181.00
32.2400      173.00
32.2600      171.00
32.2800      181.00
32.3000      172.00
32.3200      175.00
32.3400      185.00
32.3600      185.00
32.3800      175.00
32.4000      176.00
32.4200      192.00
32.4400      178.00
32.4600      182.00
32.4800      197.00
32.5000      149.00
32.5200      185.00
32.5400      172.00
32.5600      180.00
32.5800      132.00
32.6000      172.00
32.6200      169.00
32.6400      140.00
32.6600      147.00
32.6800      150.00
32.7000      134.00
32.7200      156.00
32.7400      156.00
32.7600      132.00
32.7800      158.00
32.8000      155.00
32.8200      130.00
32.8400      139.00
32.8600      172.00
32.8800      136.00
32.9000      165.00
32.9200      158.00
32.9400      167.00
32.9600      135.00
32.9800      142.00
33.0000      150.00
33.0200      171.00
33.0400      202.00
33.0600      159.00
33.0800      176.00
33.1000      181.00
33.1200      203.00
33.1400      209.00
33.1600      206.00
33.1800      202.00
33.2000      208.00
33.2200      223.00
33.2400      241.00
33.2600      232.00
33.2800      206.00
33.3000      213.00
33.3200      233.00
33.3400      225.00
33.3600      214.00
33.3800      209.00
33.4000      185.00
33.4200      198.00
33.4400      192.00
33.4600      165.00
33.4800      183.00
33.5000      147.00
33.5200      150.00
33.5400      156.00
33.5600      154.00
33.5800      156.00
33.6000      138.00
33.6200      145.00
33.6400      129.00
33.6600      148.00
33.6800      150.00
33.7000      149.00
33.7200      155.00
33.7400      139.00
33.7600      122.00
33.7800      141.00
33.8000      165.00
33.8200      161.00
33.8400      166.00
33.8600      158.00
33.8800      183.00
33.9000      159.00
33.9200      159.00
33.9400      156.00
33.9600      190.00
33.9800      152.00
34.0000      172.00
34.0200      162.00
34.0400      190.00
34.0600      170.00
34.0800      190.00
34.1000      197.00
34.1200      180.00
34.1400      202.00
34.1600      232.00
34.1800      204.00
34.2000      219.00
34.2200      202.00
34.2400      226.00
34.2600      190.00
34.2800      192.00
34.3000      218.00
34.3200      163.00
34.3400      165.00
34.3600      158.00
34.3800      182.00
34.4000      172.00
34.4200      174.00
34.4400      151.00
34.4600      179.00
34.4800      180.00
34.5000      150.00
34.5200      153.00
34.5400      179.00
34.5600      171.00
34.5800      186.00
34.6000      166.00
34.6200      183.00
34.6400      170.00
34.6600      165.00
34.6800      196.00
34.7000      158.00
34.7200      173.00
34.7400      171.00
34.7600      170.00
34.7800      168.00
34.8000      184.00
34.8200      173.00
34.8400      143.00
34.8600      158.00
34.8800      150.00
34.9000      150.00
34.9200      160.00
34.9400      124.00
34.9600      125.00
34.9800      142.00
35.0000      158.00
35.0200      152.00
35.0400      168.00
35.0600      170.00
