 2.2000      299.00
 2.2200      258.00
 2.2400      248.00
 2.2600      274.00
 2.2800      284.00
 2.3000      245.00
 2.3200      268.00
 2.3400      283.00
 2.3600      264.00
 2.3800      238.00
 2.4000      244.00
 2.4200      293.00
 2.4400      284.00
 2.4600      278.00
 2.4800      280.00
 2.5000      263.00
 2.5200      257.00
 2.5400      264.00
 2.5600      240.00
 2.5800      259.00
 2.6000      282.00
 2.6200      278.00
 2.6400      223.00
 2.6600      263.00
 2.6800      259.00
 2.7000      253.00
 2.7200      271.00
 2.7400      273.00
 2.7600      247.00
 2.7800      228.00
 2.8000      274.00
 2.8200      240.00
 2.8400      237.00
 2.8600      248.00
 2.8800      258.00
 2.9000      224.00
 2.9200      256.00
 2.9400      210.00
 2.9600      215.00
 2.9800      232.00
 3.0000      215.00
 3.0200      235.00
 3.0400      241.00
 3.0600      252.00
 3.0800      224.00
 3.1000      216.00
 3.1200      252.00
 3.1400      234.00
 3.1600      223.00
 3.1800      218.00
 3.2000      214.00
 3.2200      228.00
 3.2400      195.00
 3.2600      216.00
 3.2800      238.00
 3.3000      204.00
 3.3200      202.00
 3.3400      213.00
 3.3600      210.00
 3.3800      192.00
 3.4000      228.00
 3.4200      201.00
 3.4400      204.00
 3.4600      194.00
 3.4800      219.00
 3.5000      185.00
 3.5200      194.00
 3.5400      205.00
 3.5600      215.00
 3.5800      208.00
 3.6000      194.00
 3.6200      185.00
 3.6400      200.00
 3.6600      184.00
 3.6800      198.00
 3.7000      183.00
 3.7200      162.00
 3.7400      195.00
 3.7600      190.00
 3.7800      192.00
 3.8000      148.00
 3.8200      172.00
 3.8400      175.00
 3.8600      188.00
 3.8800      168.00
 3.9000      176.00
 3.9200      160.00
 3.9400      199.00
 3.9600      172.00
 3.9800      176.00
 4.0000      188.00
 4.0200      158.00
 4.0400      159.00
 4.0600      158.00
 4.0800      170.00
 4.1000      182.00
 4.1200      173.00
 4.1400      131.00
 4.1600      160.00
 4.1800      153.00
 4.2000      173.00
 4.2200      159.00
 4.2400      151.00
 4.2600      145.00
 4.2800      156.00
 4.3000      145.00
 4.3200      149.00
 4.3400      163.00
 4.3600      145.00
 4.3800      156.00
 4.4000      160.00
 4.4200      126.00
 4.4400      135.00
 4.4600      148.00
 4.4800      153.00
 4.5000      133.00
 4.5200      146.00
 4.5400      138.00
 4.5600      121.00
 4.5800      141.00
 4.6000      143.00
 4.6200      136.00
 4.6400      146.00
 4.6600      126.00
 4.6800      148.00
 4.7000      132.00
 4.7200      130.00
 4.7400      135.00
 4.7600      141.00
 4.7800      126.00
 4.8000      119.00
 4.8200      134.00
 4.8400      122.00
 4.8600      122.00
 4.8800      114.00
 4.9000      118.00
 4.9200      117.00
 4.9400      126.00
 4.9600      131.00
 4.9800      140.00
 5.0000      130.00
 5.0200      118.00
 5.0400      116.00
 5.0600      120.00
 5.0800      131.00
 5.1000      125.00
 5.1200      120.00
 5.1400      131.00
 5.1600      139.00
 5.1800      132.00
 5.2000      127.00
 5.2200      145.00
 5.2400      123.00
 5.2600      128.00
 5.2800      119.00
 5.3000      119.00
 5.3200      137.00
 5.3400      133.00
 5.3600      141.00
 5.3800      121.00
 5.4000      131.00
 5.4200      128.00
 5.4400      139.00
 5.4600      143.00
 5.4800      136.00
 5.5000      117.00
 5.5200      130.00
 5.5400      139.00
 5.5600      123.00
 5.5800      119.00
 5.6000      130.00
 5.6200      124.00
 5.6400      125.00
 5.6600      139.00
 5.6800      141.00
 5.7000      125.00
 5.7200      145.00
 5.7400      157.00
 5.7600      130.00
 5.7800      128.00
 5.8000      132.00
 5.8200      131.00
 5.8400      125.00
 5.8600      141.00
 5.8800      139.00
 5.9000      115.00
 5.9200      125.00
 5.9400      134.00
 5.9600      135.00
 5.9800      126.00
 6.0000      120.00
 6.0200      129.00
 6.0400      142.00
 6.0600      131.00
 6.0800      137.00
 6.1000      127.00
 6.1200      111.00
 6.1400      143.00
 6.1600      106.00
 6.1800      147.00
 6.2000      136.00
 6.2200      138.00
 6.2400      141.00
 6.2600      122.00
 6.2800      117.00
 6.3000      145.00
 6.3200      128.00
 6.3400      126.00
 6.3600      131.00
 6.3800      151.00
 6.4000      131.00
 6.4200      119.00
 6.4400      142.00
 6.4600      139.00
 6.4800      128.00
 6.5000      157.00
 6.5200      161.00
 6.5400      151.00
 6.5600      141.00
 6.5800      149.00
 6.6000      141.00
 6.6200      143.00
 6.6400      124.00
 6.6600      143.00
 6.6800      150.00
 6.7000      137.00
 6.7200      148.00
 6.7400      148.00
 6.7600      154.00
 6.7800      176.00
 6.8000      165.00
 6.8200      170.00
 6.8400      153.00
 6.8600      161.00
 6.8800      168.00
 6.9000      160.00
 6.9200      134.00
 6.9400      154.00
 6.9600      166.00
 6.9800      138.00
 7.0000      161.00
 7.0200      149.00
 7.0400      160.00
 7.0600      148.00
 7.0800      172.00
 7.1000      154.00
 7.1200      144.00
 7.1400      130.00
 7.1600      128.00
 7.1800      134.00
 7.2000      143.00
 7.2200      152.00
 7.2400      135.00
 7.2600      138.00
 7.2800      131.00
 7.3000      147.00
 7.3200      133.00
 7.3400      139.00
 7.3600      134.00
 7.3800      162.00
 7.4000      132.00
 7.4200      142.00
 7.4400      145.00
 7.4600      142.00
 7.4800      134.00
 7.5000      130.00
 7.5200      123.00
 7.5400      144.00
 7.5600      130.00
 7.5800      133.00
 7.6000      143.00
 7.6200      128.00
 7.6400      137.00
 7.6600      141.00
 7.6800      149.00
 7.7000      125.00
 7.7200      126.00
 7.7400      142.00
 7.7600      137.00
 7.7800      128.00
 7.8000      142.00
 7.8200      152.00
 7.8400      153.00
 7.8600      164.00
 7.8800      152.00
 7.9000      144.00
 7.9200      125.00
 7.9400      140.00
 7.9600      141.00
 7.9800      140.00
 8.0000      134.00
 8.0200      140.00
 8.0400      117.00
 8.0600      141.00
 8.0800      142.00
 8.1000      147.00
 8.1200      145.00
 8.1400      161.00
 8.1600      133.00
 8.1800      124.00
 8.2000      153.00
 8.2200      148.00
 8.2400      123.00
 8.2600      136.00
 8.2800      145.00
 8.3000      140.00
 8.3200      142.00
 8.3400      159.00
 8.3600      148.00
 8.3800      149.00
 8.4000      151.00
 8.4200      133.00
 8.4400      151.00
 8.4600      129.00
 8.4800      150.00
 8.5000      155.00
 8.5200      155.00
 8.5400      149.00
 8.5600      151.00
 8.5800      145.00
 8.6000      150.00
 8.6200      133.00
 8.6400      182.00
 8.6600      167.00
 8.6800      164.00
 8.7000      147.00
 8.7200      155.00
 8.7400      185.00
 8.7600      165.00
 8.7800      163.00
 8.8000      200.00
 8.8200      189.00
 8.8400      195.00
 8.8600      171.00
 8.8800      194.00
 8.9000      173.00
 8.9200      180.00
 8.9400      182.00
 8.9600      163.00
 8.9800      164.00
 9.0000      184.00
 9.0200      155.00
 9.0400      147.00
 9.0600      146.00
 9.0800      167.00
 9.1000      157.00
 9.1200      145.00
 9.1400      132.00
 9.1600      136.00
 9.1800      163.00
 9.2000      169.00
 9.2200      146.00
 9.2400      170.00
 9.2600      158.00
 9.2800      168.00
 9.3000      139.00
 9.3200      156.00
 9.3400      132.00
 9.3600      146.00
 9.3800      139.00
 9.4000      133.00
 9.4200      152.00
 9.4400      130.00
 9.4600      162.00
 9.4800      145.00
 9.5000      155.00
 9.5200      141.00
 9.5400      168.00
 9.5600      166.00
 9.5800      143.00
 9.6000      150.00
 9.6200      152.00
 9.6400      147.00
 9.6600      140.00
 9.6800      159.00
 9.7000      176.00
 9.7200      148.00
 9.7400      178.00
 9.7600      180.00
 9.7800      141.00
 9.8000      155.00
 9.8200      133.00
 9.8400      178.00
 9.8600      138.00
 9.8800      182.00
 9.9000      180.00
 9.9200      169.00
 9.9400      209.00
 9.9600      182.00
 9.9800      213.00
10.0000      170.00
10.0200      179.00
10.0400      182.00
10.0600      195.00
10.0800      195.00
10.1000      174.00
10.1200      185.00
10.1400      174.00
10.1600      161.00
10.1800      177.00
10.2000      173.00
10.2200      151.00
10.2400      174.00
10.2600      167.00
10.2800      164.00
10.3000      149.00
10.3200      171.00
10.3400      170.00
10.3600      164.00
10.3800      157.00
10.4000      163.00
10.4200      159.00
10.4400      183.00
10.4600      159.00
10.4800      175.00
10.5000      163.00
10.5200      153.00
10.5400      185.00
10.5600      153.00
10.5800      167.00
10.6000      154.00
10.6200      183.00
10.6400      163.00
10.6600      191.00
10.6800      206.00
10.7000      184.00
10.7200      194.00
10.7400      176.00
10.7600      207.00
10.7800      196.00
10.8000      206.00
10.8200      217.00
10.8400      244.00
10.8600      197.00
10.8800      238.00
10.9000      299.00
10.9200      291.00
10.9400      282.00
10.9600      328.00
10.9800      360.00
11.0000      372.00
11.0200      410.00
11.0400      440.00
11.0600      481.00
11.0800      538.00
11.1000      483.00
11.1200      513.00
11.1400      552.00
11.1600      534.00
11.1800      526.00
11.2000      544.00
11.2200      528.00
11.2400      518.00
11.2600      531.00
11.2800      506.00
11.3000      539.00
11.3200      537.00
11.3400      514.00
11.3600      449.00
11.3800      444.00
11.4000      423.00
11.4200      380.00
11.4400      316.00
11.4600      329.00
11.4800      283.00
11.5000      251.00
11.5200      225.00
11.5400      242.00
11.5600      209.00
11.5800      178.00
11.6000      206.00
11.6200      168.00
11.6400      201.00
11.6600      201.00
11.6800      182.00
11.7000      210.00
11.7200      197.00
11.7400      206.00
11.7600      207.00
11.7800      188.00
11.8000      206.00
11.8200      213.00
11.8400      216.00
11.8600      211.00
11.8800      250.00
11.9000      260.00
11.9200      270.00
11.9400      259.00
11.9600      287.00
11.9800      307.00
12.0000      357.00
12.0200      355.00
12.0400      413.00
12.0600      433.00
12.0800      493.00
12.1000      483.00
12.1200      539.00
12.1400      564.00
12.1600      583.00
12.1800      520.00
12.2000      586.00
12.2200      557.00
12.2400      529.00
12.2600      517.00
12.2800      444.00
12.3000      471.00
12.3200      396.00
12.3400      379.00
12.3600      353.00
12.3800      356.00
12.4000      372.00
12.4200      403.00
12.4400      399.00
12.4600      387.00
12.4800      474.00
12.5000      550.00
12.5200      554.00
12.5400      593.00
12.5600      626.00
12.5800      677.00
12.6000      649.00
12.6200      604.00
12.6400      610.00
12.6600      567.00
12.6800      486.00
12.7000      449.00
12.7200      367.00
12.7400      345.00
12.7600      303.00
12.7800      238.00
12.8000      250.00
12.8200      232.00
12.8400      194.00
12.8600      181.00
12.8800      210.00
12.9000      202.00
12.9200      195.00
12.9400      180.00
12.9600      178.00
12.9800      159.00
13.0000      160.00
13.0200      220.00
13.0400      196.00
13.0600      172.00
13.0800      159.00
13.1000      195.00
13.1200      183.00
13.1400      187.00
13.1600      193.00
13.1800      190.00
13.2000      184.00
13.2200      176.00
13.2400      175.00
13.2600      196.00
13.2800      200.00
13.3000      198.00
13.3200      162.00
13.3400      199.00
13.3600      175.00
13.3800      186.00
13.4000      173.00
13.4200      182.00
13.4400      177.00
13.4600      185.00
13.4800      193.00
13.5000      189.00
13.5200      177.00
13.5400      200.00
13.5600      184.00
13.5800      149.00
13.6000      198.00
13.6200      198.00
13.6400      188.00
13.6600      176.00
13.6800      191.00
13.7000      198.00
13.7200      206.00
13.7400      193.00
13.7600      196.00
13.7800      203.00
13.8000      186.00
13.8200      173.00
13.8400      224.00
13.8600      208.00
13.8800      208.00
13.9000      235.00
13.9200      211.00
13.9400      217.00
13.9600      252.00
13.9800      253.00
14.0000      240.00
14.0200      302.00
14.0400      287.00
14.0600      286.00
14.0800      340.00
14.1000      405.00
14.1200      454.00
14.1400      517.00
14.1600      610.00
14.1800      648.00
14.2000      684.00
14.2200      827.00
14.2400      792.00
14.2600      845.00
14.2800      825.00
14.3000      811.00
14.3200      714.00
14.3400      711.00
14.3600      679.00
14.3800      651.00
14.4000      591.00
14.4200      591.00
14.4400      518.00
14.4600      475.00
14.4800      406.00
14.5000      409.00
14.5200      370.00
14.5400      342.00
14.5600      312.00
14.5800      284.00
14.6000      273.00
14.6200      254.00
14.6400      240.00
14.6600      215.00
14.6800      199.00
14.7000      219.00
14.7200      210.00
14.7400      194.00
14.7600      170.00
14.7800      178.00
14.8000      207.00
14.8200      156.00
14.8400      197.00
14.8600      202.00
14.8800      205.00
14.9000      178.00
14.9200      212.00
14.9400      165.00
14.9600      181.00
14.9800      194.00
15.0000      202.00
15.0200      181.00
15.0400      202.00
15.0600      191.00
15.0800      189.00
15.1000      194.00
15.1200      155.00
15.1400      178.00
15.1600      182.00
15.1800      199.00
15.2000      193.00
15.2200      208.00
15.2400      168.00
15.2600      155.00
15.2800      194.00
15.3000      180.00
15.3200      174.00
15.3400      174.00
15.3600      160.00
15.3800      181.00
15.4000      175.00
15.4200      176.00
15.4400      187.00
15.4600      166.00
15.4800      186.00
15.5000      187.00
15.5200      173.00
15.5400      218.00
15.5600      171.00
15.5800      200.00
15.6000      197.00
15.6200      172.00
15.6400      199.00
15.6600      196.00
15.6800      186.00
15.7000      182.00
15.7200      212.00
15.7400      192.00
15.7600      218.00
15.7800      235.00
15.8000      235.00
15.8200      259.00
15.8400      261.00
15.8600      298.00
15.8800      311.00
15.9000      344.00
15.9200      350.00
15.9400      380.00
15.9600      384.00
15.9800      424.00
16.0000      395.00
16.0200      342.00
16.0400      380.00
16.0600      378.00
16.0800      375.00
16.1000      395.00
16.1200      353.00
16.1400      378.00
16.1600      330.00
16.1800      404.00
16.2000      383.00
16.2200      377.00
16.2400      345.00
16.2600      360.00
16.2800      339.00
16.3000      324.00
16.3200      340.00
16.3400      306.00
16.3600      299.00
16.3800      345.00
16.4000      362.00
16.4200      370.00
16.4400      380.00
16.4600      398.00
16.4800      410.00
16.5000      476.00
16.5200      482.00
16.5400      485.00
16.5600      463.00
16.5800      407.00
16.6000      409.00
16.6200      441.00
16.6400      328.00
16.6600      337.00
16.6800      306.00
16.7000      263.00
16.7200      244.00
16.7400      280.00
16.7600      200.00
16.7800      205.00
16.8000      186.00
16.8200      230.00
16.8400      217.00
16.8600      213.00
16.8800      211.00
16.9000      241.00
16.9200      258.00
16.9400      286.00
16.9600      286.00
16.9800      354.00
17.0000      390.00
17.0200      401.00
17.0400      428.00
17.0600      463.00
17.0800      495.00
17.1000      513.00
17.1200      512.00
17.1400      506.00
17.1600      480.00
17.1800      477.00
17.2000      472.00
17.2200      443.00
17.2400      455.00
17.2600      417.00
17.2800      425.00
17.3000      428.00
17.3200      464.00
17.3400      455.00
17.3600      542.00
17.3800      513.00
17.4000      673.00
17.4200      682.00
17.4400      846.00
17.4600      962.00
17.4800      995.00
17.5000     1217.00
17.5200     1353.00
17.5400     1535.00
17.5600     1665.00
17.5800     1671.00
17.6000     1754.00
17.6200     1745.00
17.6400     1824.00
17.6600     1662.00
17.6800     1596.00
17.7000     1424.00
17.7200     1403.00
17.7400     1242.00
17.7600     1072.00
17.7800      969.00
17.8000      814.00
17.8200      758.00
17.8400      664.00
17.8600      534.00
17.8800      469.00
17.9000      435.00
17.9200      383.00
17.9400      375.00
17.9600      363.00
17.9800      348.00
18.0000      324.00
18.0200      301.00
18.0400      278.00
18.0600      314.00
18.0800      285.00
18.1000      246.00
18.1200      273.00
18.1400      260.00
18.1600      244.00
18.1800      262.00
18.2000      260.00
18.2200      255.00
18.2400      281.00
18.2600      302.00
18.2800      307.00
18.3000      352.00
18.3200      404.00
18.3400      479.00
18.3600      498.00
18.3800      546.00
18.4000      647.00
18.4200      687.00
18.4400      708.00
18.4600      694.00
18.4800      776.00
18.5000      714.00
18.5200      685.00
18.5400      674.00
18.5600      654.00
18.5800      575.00
18.6000      503.00
18.6200      480.00
18.6400      415.00
18.6600      354.00
18.6800      312.00
18.7000      306.00
18.7200      286.00
18.7400      316.00
18.7600      280.00
18.7800      308.00
18.8000      317.00
18.8200      338.00
18.8400      315.00
18.8600      318.00
18.8800      282.00
18.9000      264.00
18.9200      260.00
18.9400      268.00
18.9600      259.00
18.9800      273.00
19.0000      259.00
19.0200      276.00
19.0400      294.00
19.0600      280.00
19.0800      279.00
19.1000      275.00
19.1200      302.00
19.1400      319.00
19.1600      330.00
19.1800      329.00
19.2000      328.00
19.2200      347.00
19.2400      326.00
19.2600      326.00
19.2800      294.00
19.3000      321.00
19.3200      300.00
19.3400      318.00
19.3600      306.00
19.3800      325.00
19.4000      339.00
19.4200      313.00
19.4400      327.00
19.4600      346.00
19.4800      415.00
19.5000      430.00
19.5200      477.00
19.5400      603.00
19.5600      724.00
19.5800      813.00
19.6000      905.00
19.6200     1028.00
19.6400     1188.00
19.6600     1243.00
19.6800     1344.00
19.7000     1365.00
19.7200     1422.00
19.7400     1364.00
19.7600     1323.00
19.7800     1233.00
19.8000     1130.00
19.8200     1097.00
19.8400      889.00
19.8600      835.00
19.8800      676.00
19.9000      617.00
19.9200      520.00
19.9400      503.00
19.9600      406.00
19.9800      375.00
20.0000      335.00
20.0200      319.00
20.0400      324.00
20.0600      299.00
20.0800      301.00
20.1000      262.00
20.1200      260.00
20.1400      255.00
20.1600      254.00
20.1800      212.00
20.2000      240.00
20.2200      223.00
20.2400      223.00
20.2600      238.00
20.2800      253.00
20.3000      229.00
20.3200      233.00
20.3400      257.00
20.3600      231.00
20.3800      226.00
20.4000      285.00
20.4200      248.00
20.4400      257.00
20.4600      281.00
20.4800      274.00
20.5000      297.00
20.5200      328.00
20.5400      333.00
20.5600      403.00
20.5800      426.00
20.6000      497.00
20.6200      563.00
20.6400      602.00
20.6600      652.00
20.6800      719.00
20.7000      660.00
20.7200      674.00
20.7400      691.00
20.7600      688.00
20.7800      696.00
20.8000      762.00
20.8200      746.00
20.8400      843.00
20.8600      796.00
20.8800      920.00
20.9000      982.00
20.9200     1155.00
20.9400     1358.00
20.9600     1537.00
20.9800     1674.00
21.0000     1822.00
21.0200     2099.00
21.0400     2323.00
21.0600     2574.00
21.0800     2532.00
21.1000     2523.00
21.1200     2610.00
21.1400     2348.00
21.1600     2236.00
21.1800     2099.00
21.2000     1760.00
21.2200     1567.00
21.2400     1360.00
21.2600     1096.00
21.2800      863.00
21.3000      716.00
21.3200      559.00
21.3400      446.00
21.3600      392.00
21.3800      362.00
21.4000      315.00
21.4200      314.00
21.4400      274.00
21.4600      240.00
21.4800      240.00
21.5000      213.00
21.5200      227.00
21.5400      234.00
21.5600      245.00
21.5800      233.00
21.6000      217.00
21.6200      222.00
21.6400      206.00
21.6600      218.00
21.6800      227.00
21.7000      221.00
21.7200      214.00
21.7400      201.00
21.7600      233.00
21.7800      225.00
21.8000      220.00
21.8200      200.00
21.8400      196.00
21.8600      233.00
21.8800      204.00
21.9000      218.00
21.9200      238.00
21.9400      217.00
21.9600      253.00
21.9800      220.00
22.0000      240.00
22.0200      248.00
22.0400      242.00
22.0600      285.00
22.0800      283.00
22.1000      304.00
22.1200      272.00
22.1400      290.00
22.1600      295.00
22.1800      342.00
22.2000      339.00
22.2200      372.00
22.2400      392.00
22.2600      452.00
22.2800      416.00
22.3000      482.00
22.3200      506.00
22.3400      525.00
22.3600      457.00
22.3800      500.00
22.4000      485.00
22.4200      519.00
22.4400      489.00
22.4600      453.00
22.4800      478.00
22.5000      564.00
22.5200      544.00
22.5400      709.00
22.5600      734.00
22.5800      821.00
22.6000      865.00
22.6200      895.00
22.6400      971.00
22.6600      977.00
22.6800      944.00
22.7000      929.00
22.7200      872.00
22.7400      791.00
22.7600      761.00
22.7800      711.00
22.8000      589.00
22.8200      591.00
22.8400      495.00
22.8600      475.00
22.8800      452.00
22.9000      459.00
22.9200      476.00
22.9400      468.00
22.9600      456.00
22.9800      480.00
23.0000      515.00
23.0200      527.00
23.0400      564.00
23.0600      571.00
23.0800      633.00
23.1000      646.00
23.1200      631.00
23.1400      686.00
23.1600      730.00
23.1800      682.00
23.2000      666.00
23.2200      727.00
23.2400      646.00
23.2600      625.00
23.2800      619.00
23.3000      598.00
23.3200      561.00
23.3400      571.00
23.3600      615.00
23.3800      594.00
23.4000      657.00
23.4200      664.00
23.4400      600.00
23.4600      655.00
23.4800      638.00
23.5000      617.00
23.5200      563.00
23.5400      568.00
23.5600      492.00
23.5800      481.00
23.6000      395.00
23.6200      366.00
23.6400      367.00
23.6600      286.00
23.6800      289.00
23.7000      254.00
23.7200      270.00
23.7400      258.00
23.7600      273.00
23.7800      261.00
23.8000      254.00
23.8200      261.00
23.8400      299.00
23.8600      291.00
23.8800      289.00
23.9000      322.00
23.9200      336.00
23.9400      326.00
23.9600      382.00
23.9800      447.00
24.0000      474.00
24.0200      508.00
24.0400      546.00
24.0600      586.00
24.0800      686.00
24.1000      682.00
24.1200      717.00
24.1400      719.00
24.1600      667.00
24.1800      700.00
24.2000      716.00
24.2200      677.00
24.2400      696.00
24.2600      693.00
24.2800      674.00
24.3000      705.00
24.3200      760.00
24.3400      793.00
24.3600      872.00
24.3800      904.00
24.4000      946.00
24.4200      931.00
24.4400      944.00
24.4600      894.00
24.4800      896.00
24.5000      861.00
24.5200      743.00
24.5400      644.00
24.5600      633.00
24.5800      566.00
24.6000      436.00
24.6200      384.00
24.6400      385.00
24.6600      318.00
24.6800      290.00
24.7000      330.00
24.7200      291.00
24.7400      294.00
24.7600      311.00
24.7800      357.00
24.8000      388.00
24.8200      409.00
24.8400      432.00
24.8600      479.00
24.8800      483.00
24.9000      585.00
24.9200      634.00
24.9400      698.00
24.9600      726.00
24.9800      748.00
25.0000      768.00
25.0200      773.00
25.0400      728.00
25.0600      648.00
25.0800      605.00
25.1000      549.00
25.1200      487.00
25.1400      438.00
25.1600      372.00
25.1800      302.00
25.2000      287.00
25.2200      258.00
25.2400      263.00
25.2600      231.00
25.2800      239.00
25.3000      225.00
25.3200      239.00
25.3400      198.00
25.3600      191.00
25.3800      189.00
25.4000      191.00
25.4200      212.00
25.4400      196.00
25.4600      201.00
25.4800      163.00
25.5000      167.00
25.5200      192.00
25.5400      177.00
25.5600      196.00
25.5800      190.00
25.6000      188.00
25.6200      199.00
25.6400      183.00
25.6600      200.00
25.6800      172.00
25.7000      169.00
25.7200      207.00
25.7400      209.00
25.7600      196.00
25.7800      192.00
25.8000      211.00
25.8200      183.00
25.8400      204.00
25.8600      224.00
25.8800      216.00
25.9000      222.00
25.9200      235.00
25.9400      294.00
25.9600      297.00
25.9800      291.00
26.0000      290.00
26.0200      283.00
26.0400      318.00
26.0600      347.00
26.0800      353.00
26.1000      395.00
26.1200      414.00
26.1400      448.00
26.1600      402.00
26.1800      484.00
26.2000      518.00
26.2200      478.00
26.2400      533.00
26.2600      477.00
26.2800      505.00
26.3000      520.00
26.3200      474.00
26.3400      538.00
26.3600      522.00
26.3800      453.00
26.4000      524.00
26.4200      429.00
26.4400      473.00
26.4600      445.00
26.4800      447.00
26.5000      494.00
26.5200      450.00
26.5400      415.00
26.5600      400.00
26.5800      388.00
26.6000      362.00
26.6200      341.00
26.6400      334.00
26.6600      330.00
26.6800      289.00
26.7000      297.00
26.7200      277.00
26.7400      237.00
26.7600      238.00
26.7800      244.00
26.8000      209.00
26.8200      184.00
26.8400      180.00
26.8600      205.00
26.8800      202.00
26.9000      192.00
26.9200      209.00
26.9400      198.00
26.9600      185.00
26.9800      199.00
27.0000      214.00
27.0200      233.00
27.0400      217.00
27.0600      218.00
27.0800      224.00
27.1000      218.00
27.1200      222.00
27.1400      231.00
27.1600      233.00
27.1800      216.00
27.2000      246.00
27.2200      273.00
27.2400      294.00
27.2600      288.00
27.2800      294.00
27.3000      338.00
27.3200      311.00
27.3400      305.00
27.3600      289.00
27.3800      365.00
27.4000      370.00
27.4200      333.00
27.4400      335.00
27.4600      320.00
27.4800      320.00
27.5000      327.00
27.5200      393.00
27.5400      356.00
27.5600      379.00
27.5800      477.00
27.6000      451.00
27.6200      477.00
27.6400      585.00
27.6600      555.00
27.6800      543.00
27.7000      603.00
27.7200      557.00
27.7400      544.00
27.7600      527.00
27.7800      490.00
27.8000      477.00
27.8200      496.00
27.8400      447.00
27.8600      387.00
27.8800      386.00
27.9000      376.00
27.9200      369.00
27.9400      306.00
27.9600      296.00
27.9800      293.00
28.0000      292.00
28.0200      298.00
28.0400      267.00
28.0600      288.00
28.0800      295.00
28.1000      256.00
28.1200      257.00
28.1400      254.00
28.1600      234.00
28.1800      264.00
28.2000      244.00
28.2200      263.00
28.2400      256.00
28.2600      260.00
28.2800      288.00
28.3000      284.00
28.3200      329.00
28.3400      351.00
28.3600      402.00
28.3800      482.00
28.4000      538.00
28.4200      581.00
28.4400      721.00
28.4600      855.00
28.4800      940.00
28.5000      915.00
28.5200     1065.00
28.5400     1157.00
28.5600     1121.00
28.5800     1080.00
28.6000     1069.00
28.6200     1019.00
28.6400      935.00
28.6600      887.00
28.6800      779.00
28.7000      720.00
28.7200      664.00
28.7400      620.00
28.7600      536.00
28.7800      538.00
28.8000      497.00
28.8200      456.00
28.8400      435.00
28.8600      406.00
28.8800      353.00
28.9000      362.00
28.9200      338.00
28.9400      308.00
28.9600      331.00
28.9800      328.00
29.0000      315.00
29.0200      310.00
29.0400      343.00
29.0600      325.00
29.0800      363.00
29.1000      369.00
29.1200      389.00
29.1400      369.00
29.1600      397.00
29.1800      450.00
29.2000      410.00
29.2200      415.00
29.2400      400.00
29.2600      422.00
29.2800      442.00
29.3000      433.00
29.3200      437.00
29.3400      398.00
29.3600      402.00
29.3800      445.00
29.4000      461.00
29.4200      469.00
29.4400      488.00
29.4600      556.00
29.4800      508.00
29.5000      573.00
29.5200      527.00
29.5400      573.00
29.5600      496.00
29.5800      472.00
29.6000      455.00
29.6200      438.00
29.6400      397.00
29.6600      348.00
29.6800      341.00
29.7000      301.00
29.7200      262.00
29.7400      233.00
29.7600      238.00
29.7800      217.00
29.8000      218.00
29.8200      193.00
29.8400      184.00
29.8600      177.00
29.8800      183.00
29.9000      181.00
29.9200      196.00
29.9400      175.00
29.9600      188.00
29.9800      185.00
30.0000      232.00
30.0200      252.00
30.0400      267.00
30.0600      294.00
30.0800      310.00
30.1000      321.00
30.1200      328.00
30.1400      359.00
30.1600      377.00
30.1800      367.00
30.2000      369.00
30.2200      355.00
30.2400      392.00
30.2600      384.00
30.2800      329.00
30.3000      333.00
30.3200      320.00
30.3400      315.00
30.3600      317.00
30.3800      306.00
30.4000      301.00
30.4200      284.00
30.4400      247.00
30.4600      273.00
30.4800      215.00
30.5000      225.00
30.5200      242.00
30.5400      214.00
30.5600      212.00
30.5800      225.00
30.6000      203.00
30.6200      213.00
30.6400      227.00
30.6600      219.00
30.6800      239.00
30.7000      230.00
30.7200      207.00
30.7400      221.00
30.7600      194.00
30.7800      202.00
30.8000      186.00
30.8200      183.00
30.8400      210.00
30.8600      188.00
30.8800      185.00
30.9000      203.00
30.9200      189.00
30.9400      165.00
30.9600      189.00
30.9800      199.00
31.0000      214.00
31.0200      226.00
31.0400      216.00
31.0600      193.00
31.0800      228.00
31.1000      212.00
31.1200      215.00
31.1400      196.00
31.1600      194.00
31.1800      181.00
31.2000      155.00
31.2200      172.00
31.2400      173.00
31.2600      144.00
31.2800      160.00
31.3000      144.00
31.3200      157.00
31.3400      160.00
31.3600      165.00
31.3800      155.00
31.4000      153.00
31.4200      170.00
31.4400      148.00
31.4600      157.00
31.4800      190.00
31.5000      170.00
31.5200      184.00
31.5400      192.00
31.5600      186.00
31.5800      234.00
31.6000      222.00
31.6200      223.00
31.6400      196.00
31.6600      237.00
31.6800      232.00
31.7000      206.00
31.7200      212.00
31.7400      182.00
31.7600      174.00
31.7800      199.00
31.8000      190.00
31.8200      198.00
31.8400      169.00
31.8600      177.00
31.8800      184.00
31.9000      178.00
31.9200      185.00
31.9400      183.00
31.9600      218.00
31.9800      222.00
32.0000      221.00
32.0200      261.00
32.0400      252.00
32.0600      250.00
32.0800      276.00
32.1000      271.00
32.1200      273.00
32.1400      298.00
32.1600      281.00
32.1800      301.00
32.2000      265.00
32.2200      257.00
32.2400      314.00
32.2600      285.00
32.2800      272.00
32.3000      293.00
32.3200      299.00
32.3400      272.00
32.3600      296.00
32.3800      267.00
32.4000      261.00
32.4200      276.00
32.4400      286.00
32.4600      318.00
32.4800      295.00
32.5000      287.00
32.5200      327.00
32.5400      300.00
32.5600      319.00
32.5800      333.00
32.6000      335.00
32.6200      321.00
32.6400      368.00
32.6600      332.00
32.6800      327.00
32.7000      319.00
32.7200      284.00
32.7400      305.00
32.7600      280.00
32.7800      305.00
32.8000      308.00
32.8200      276.00
32.8400      251.00
32.8600      225.00
32.8800      225.00
32.9000      233.00
32.9200      239.00
32.9400      259.00
32.9600      234.00
32.9800      243.00
33.0000      234.00
33.0200      239.00
33.0400      270.00
33.0600      237.00
33.0800      241.00
33.1000      213.00
33.1200      239.00
33.1400      241.00
33.1600      224.00
33.1800      281.00
33.2000      289.00
33.2200      275.00
33.2400      325.00
33.2600      290.00
33.2800      332.00
33.3000      356.00
33.3200      345.00
33.3400      321.00
33.3600      342.00
33.3800      320.00
33.4000      358.00
33.4200      332.00
33.4400      320.00
33.4600      339.00
33.4800      276.00
33.5000      279.00
33.5200      254.00
33.5400      275.00
33.5600      240.00
33.5800      254.00
33.6000      243.00
33.6200      209.00
33.6400      196.00
33.6600      190.00
33.6800      185.00
33.7000      178.00
33.7200      174.00
33.7400      194.00
33.7600      175.00
33.7800      164.00
33.8000      164.00
33.8200      148.00
33.8400      151.00
33.8600      158.00
33.8800      181.00
33.9000      160.00
33.9200      163.00
33.9400      182.00
33.9600      151.00
33.9800      168.00
34.0000      171.00
34.0200      190.00
34.0400      184.00
34.0600      182.00
34.0800      199.00
34.1000      184.00
34.1200      214.00
34.1400      229.00
34.1600      223.00
34.1800      247.00
34.2000      269.00
34.2200      289.00
34.2400      285.00
34.2600      284.00
34.2800      280.00
34.3000      296.00
34.3200      254.00
34.3400      262.00
34.3600      234.00
34.3800      216.00
34.4000      221.00
34.4200      169.00
34.4400      197.00
34.4600      164.00
34.4800      171.00
34.5000      183.00
34.5200      219.00
34.5400      169.00
34.5600      187.00
34.5800      160.00
34.6000      164.00
34.6200      131.00
34.6400      163.00
34.6600      189.00
34.6800      152.00
34.7000      160.00
34.7200      146.00
34.7400      178.00
34.7600      150.00
34.7800      162.00
34.8000      178.00
34.8200      155.00
34.8400      168.00
34.8600      187.00
34.8800      165.00
34.9000      190.00
34.9200      150.00
34.9400      168.00
34.9600      172.00
34.9800      198.00
35.0000      176.00
