 3.0000      156.00
 3.0200      172.00
 3.0400      144.00
 3.0600      128.00
 3.0800      147.00
 3.1000      148.00
 3.1200      149.00
 3.1400      144.00
 3.1600      162.00
 3.1800      143.00
 3.2000      167.00
 3.2200      132.00
 3.2400      137.00
 3.2600      154.00
 3.2800      128.00
 3.3000      136.00
 3.3200      144.00
 3.3400      151.00
 3.3600      139.00
 3.3800      148.00
 3.4000      138.00
 3.4200      131.00
 3.4400      149.00
 3.4600      145.00
 3.4800      142.00
 3.5000      138.00
 3.5200      142.00
 3.5400      143.00
 3.5600      122.00
 3.5800      104.00
 3.6000      110.00
 3.6200      143.00
 3.6400      136.00
 3.6600      119.00
 3.6800      134.00
 3.7000      124.00
 3.7200      110.00
 3.7400      118.00
 3.7600      118.00
 3.7800      126.00
 3.8000      136.00
 3.8200      125.00
 3.8400      121.00
 3.8600      126.00
 3.8800      109.00
 3.9000       97.00
 3.9200      141.00
 3.9400      107.00
 3.9600      105.00
 3.9800       98.00
 4.0000      123.00
 4.0200      115.00
 4.0400       86.00
 4.0600      109.00
 4.0800      113.00
 4.1000      113.00
 4.1200      110.00
 4.1400       97.00
 4.1600       96.00
 4.1800       98.00
 4.2000      116.00
 4.2200       92.00
 4.2400       92.00
 4.2600      107.00
 4.2800      104.00
 4.3000       94.00
 4.3200       94.00
 4.3400       97.00
 4.3600      121.00
 4.3800       85.00
 4.4000      108.00
 4.4200      116.00
 4.4400      105.00
 4.4600      101.00
 4.4800       94.00
 4.5000      118.00
 4.5200      109.00
 4.5400      108.00
 4.5600      127.00
 4.5800      120.00
 4.6000      102.00
 4.6200      108.00
 4.6400      105.00
 4.6600      107.00
 4.6800      121.00
 4.7000      101.00
 4.7200      101.00
 4.7400      108.00
 4.7600      123.00
 4.7800      125.00
 4.8000      117.00
 4.8200      112.00
 4.8400      112.00
 4.8600      119.00
 4.8800      131.00
 4.9000      119.00
 4.9200      128.00
 4.9400      141.00
 4.9600      139.00
 4.9800      142.00
 5.0000      147.00
 5.0200      164.00
 5.0400      147.00
 5.0600      162.00
 5.0800      181.00
 5.1000      186.00
 5.1200      193.00
 5.1400      198.00
 5.1600      200.00
 5.1800      222.00
 5.2000      247.00
 5.2200      266.00
 5.2400      281.00
 5.2600      277.00
 5.2800      306.00
 5.3000      301.00
 5.3200      322.00
 5.3400      360.00
 5.3600      396.00
 5.3800      364.00
 5.4000      402.00
 5.4200      440.00
 5.4400      460.00
 5.4600      487.00
 5.4800      559.00
 5.5000      521.00
 5.5200      539.00
 5.5400      557.00
 5.5600      516.00
 5.5800      462.00
 5.6000      453.00
 5.6200      397.00
 5.6400      384.00
 5.6600      362.00
 5.6800      303.00
 5.7000      244.00
 5.7200      174.00
 5.7400      155.00
 5.7600      145.00
 5.7800      129.00
 5.8000      106.00
 5.8200      107.00
 5.8400       95.00
 5.8600      121.00
 5.8800      110.00
 5.9000       97.00
 5.9200      100.00
 5.9400      113.00
 5.9600       96.00
 5.9800      104.00
 6.0000      102.00
 6.0200       96.00
 6.0400      105.00
 6.0600      121.00
 6.0800       98.00
 6.1000      100.00
 6.1200       98.00
 6.1400       86.00
 6.1600      105.00
 6.1800      111.00
 6.2000      122.00
 6.2200       91.00
 6.2400       91.00
 6.2600       93.00
 6.2800      116.00
 6.3000      111.00
 6.3200      116.00
 6.3400      102.00
 6.3600      105.00
 6.3800       92.00
 6.4000      102.00
 6.4200      100.00
 6.4400      103.00
 6.4600      112.00
 6.4800       98.00
 6.5000      105.00
 6.5200       99.00
 6.5400       98.00
 6.5600       99.00
 6.5800      116.00
 6.6000      107.00
 6.6200      110.00
 6.6400      116.00
 6.6600       88.00
 6.6800      121.00
 6.7000       96.00
 6.7200      105.00
 6.7400      107.00
 6.7600      105.00
 6.7800       92.00
 6.8000      124.00
 6.8200      111.00
 6.8400      129.00
 6.8600       93.00
 6.8800       97.00
 6.9000      110.00
 6.9200      109.00
 6.9400      111.00
 6.9600       93.00
 6.9800      127.00
 7.0000      114.00
 7.0200      112.00
 7.0400       90.00
 7.0600      112.00
 7.0800       99.00
 7.1000      102.00
 7.1200      114.00
 7.1400      108.00
 7.1600      127.00
 7.1800      124.00
 7.2000      127.00
 7.2200      113.00
 7.2400      117.00
 7.2600      105.00
 7.2800      127.00
 7.3000      125.00
 7.3200      133.00
 7.3400       95.00
 7.3600      126.00
 7.3800      127.00
 7.4000      108.00
 7.4200      128.00
 7.4400      136.00
 7.4600      128.00
 7.4800      109.00
 7.5000      115.00
 7.5200      129.00
 7.5400      127.00
 7.5600       99.00
 7.5800      115.00
 7.6000      116.00
 7.6200      128.00
 7.6400      118.00
 7.6600      127.00
 7.6800      121.00
 7.7000      137.00
 7.7200      102.00
 7.7400      106.00
 7.7600      154.00
 7.7800      137.00
 7.8000      122.00
 7.8200      126.00
 7.8400      113.00
 7.8600      107.00
 7.8800      117.00
 7.9000      111.00
 7.9200      119.00
 7.9400      127.00
 7.9600      124.00
 7.9800      143.00
 8.0000      123.00
 8.0200      113.00
 8.0400      133.00
 8.0600      110.00
 8.0800      145.00
 8.1000      122.00
 8.1200      138.00
 8.1400      142.00
 8.1600      111.00
 8.1800      136.00
 8.2000      115.00
 8.2200      133.00
 8.2400      123.00
 8.2600      138.00
 8.2800      122.00
 8.3000      122.00
 8.3200      117.00
 8.3400      118.00
 8.3600      135.00
 8.3800      125.00
 8.4000      144.00
 8.4200      136.00
 8.4400      114.00
 8.4600      118.00
 8.4800      112.00
 8.5000      133.00
 8.5200      119.00
 8.5400      129.00
 8.5600      129.00
 8.5800      133.00
 8.6000      139.00
 8.6200      119.00
 8.6400      135.00
 8.6600      150.00
 8.6800      135.00
 8.7000      141.00
 8.7200      115.00
 8.7400      131.00
 8.7600      137.00
 8.7800      141.00
 8.8000      139.00
 8.8200      131.00
 8.8400      141.00
 8.8600      140.00
 8.8800      152.00
 8.9000      125.00
 8.9200      129.00
 8.9400      124.00
 8.9600      169.00
 8.9800      168.00
 9.0000      133.00
 9.0200      149.00
 9.0400      155.00
 9.0600      165.00
 9.0800      145.00
 9.1000      177.00
 9.1200      131.00
 9.1400      143.00
 9.1600      132.00
 9.1800      132.00
 9.2000      147.00
 9.2200      144.00
 9.2400      135.00
 9.2600      126.00
 9.2800      125.00
 9.3000      133.00
 9.3200      136.00
 9.3400      137.00
 9.3600      149.00
 9.3800      147.00
 9.4000      143.00
 9.4200      123.00
 9.4400      129.00
 9.4600      117.00
 9.4800      147.00
 9.5000      134.00
 9.5200      143.00
 9.5400      134.00
 9.5600      144.00
 9.5800      146.00
 9.6000      157.00
 9.6200      127.00
 9.6400      128.00
 9.6600      140.00
 9.6800      116.00
 9.7000      123.00
 9.7200      136.00
 9.7400      123.00
 9.7600      151.00
 9.7800      125.00
 9.8000      123.00
 9.8200      126.00
 9.8400      128.00
 9.8600      133.00
 9.8800      134.00
 9.9000      141.00
 9.9200      152.00
 9.9400      142.00
 9.9600      139.00
 9.9800      160.00
10.0000      140.00
10.0200      151.00
10.0400      136.00
10.0600      153.00
10.0800      174.00
10.1000      150.00
10.1200      178.00
10.1400      147.00
10.1600      156.00
10.1800      160.00
10.2000      162.00
10.2200      180.00
10.2400      139.00
10.2600      162.00
10.2800      151.00
10.3000      150.00
10.3200      181.00
10.3400      163.00
10.3600      144.00
10.3800      184.00
10.4000      210.00
10.4200      212.00
10.4400      215.00
10.4600      217.00
10.4800      223.00
10.5000      255.00
10.5200      237.00
10.5400      273.00
10.5600      246.00
10.5800      296.00
10.6000      301.00
10.6200      313.00
10.6400      339.00
10.6600      370.00
10.6800      360.00
10.7000      370.00
10.7200      349.00
10.7400      362.00
10.7600      359.00
10.7800      385.00
10.8000      381.00
10.8200      357.00
10.8400      350.00
10.8600      327.00
10.8800      292.00
10.9000      283.00
10.9200      242.00
10.9400      246.00
10.9600      193.00
10.9800      178.00
11.0000      167.00
11.0200      160.00
11.0400      178.00
11.0600      179.00
11.0800      167.00
11.1000      141.00
11.1200      167.00
11.1400      166.00
11.1600      160.00
11.1800      155.00
11.2000      139.00
11.2200      179.00
11.2400      158.00
11.2600      143.00
11.2800      147.00
11.3000      159.00
11.3200      171.00
11.3400      175.00
11.3600      150.00
11.3800      172.00
11.4000      144.00
11.4200      166.00
11.4400      173.00
11.4600      159.00
11.4800      147.00
11.5000      154.00
11.5200      164.00
11.5400      151.00
11.5600      167.00
11.5800      164.00
11.6000      164.00
11.6200      173.00
11.6400      157.00
11.6600      166.00
11.6800      136.00
11.7000      169.00
11.7200      150.00
11.7400      186.00
11.7600      164.00
11.7800      184.00
11.8000      162.00
11.8200      180.00
11.8400      161.00
11.8600      171.00
11.8800      160.00
11.9000      181.00
11.9200      170.00
11.9400      172.00
11.9600      171.00
11.9800      186.00
12.0000      176.00
12.0200      190.00
12.0400      187.00
12.0600      211.00
12.0800      216.00
12.1000      236.00
12.1200      206.00
12.1400      216.00
12.1600      202.00
12.1800      227.00
12.2000      231.00
12.2200      246.00
12.2400      241.00
12.2600      292.00
12.2800      278.00
12.3000      266.00
12.3200      279.00
12.3400      285.00
12.3600      261.00
12.3800      258.00
12.4000      238.00
12.4200      262.00
12.4400      244.00
12.4600      215.00
12.4800      218.00
12.5000      196.00
12.5200      199.00
12.5400      206.00
12.5600      157.00
12.5800      186.00
12.6000      204.00
12.6200      193.00
12.6400      169.00
12.6600      221.00
12.6800      234.00
12.7000      249.00
12.7200      233.00
12.7400      231.00
12.7600      276.00
12.7800      287.00
12.8000      323.00
12.8200      357.00
12.8400      322.00
12.8600      380.00
12.8800      439.00
12.9000      441.00
12.9200      481.00
12.9400      468.00
12.9600      524.00
12.9800      558.00
13.0000      619.00
13.0200      654.00
13.0400      646.00
13.0600      660.00
13.0800      705.00
13.1000      798.00
13.1200      784.00
13.1400      786.00
13.1600      813.00
13.1800      774.00
13.2000      767.00
13.2200      731.00
13.2400      626.00
13.2600      737.00
13.2800      698.00
13.3000      691.00
13.3200      614.00
13.3400      653.00
13.3600      661.00
13.3800      659.00
13.4000      689.00
13.4200      727.00
13.4400      758.00
13.4600      852.00
13.4800      915.00
13.5000      909.00
13.5200     1067.00
13.5400     1082.00
13.5600     1107.00
13.5800     1191.00
13.6000     1207.00
13.6200     1302.00
13.6400     1372.00
13.6600     1284.00
13.6800     1308.00
13.7000     1173.00
13.7200     1215.00
13.7400     1109.00
13.7600      980.00
13.7800      949.00
13.8000      765.00
13.8200      636.00
13.8400      550.00
13.8600      425.00
13.8800      342.00
13.9000      299.00
13.9200      248.00
13.9400      222.00
13.9600      226.00
13.9800      238.00
14.0000      226.00
14.0200      188.00
14.0400      210.00
14.0600      217.00
14.0800      210.00
14.1000      208.00
14.1200      229.00
14.1400      222.00
14.1600      232.00
14.1800      235.00
14.2000      241.00
14.2200      227.00
14.2400      230.00
14.2600      284.00
14.2800      259.00
14.3000      293.00
14.3200      291.00
14.3400      255.00
14.3600      330.00
14.3800      302.00
14.4000      341.00
14.4200      343.00
14.4400      365.00
14.4600      388.00
14.4800      353.00
14.5000      359.00
14.5200      346.00
14.5400      381.00
14.5600      427.00
14.5800      410.00
14.6000      426.00
14.6200      440.00
14.6400      474.00
14.6600      486.00
14.6800      554.00
14.7000      576.00
14.7200      544.00
14.7400      609.00
14.7600      591.00
14.7800      605.00
14.8000      646.00
14.8200      693.00
14.8400      665.00
14.8600      697.00
14.8800      673.00
14.9000      679.00
14.9200      665.00
14.9400      661.00
14.9600      662.00
14.9800      575.00
15.0000      579.00
15.0200      589.00
15.0400      477.00
15.0600      433.00
15.0800      388.00
15.1000      365.00
15.1200      327.00
15.1400      287.00
15.1600      264.00
15.1800      290.00
15.2000      289.00
15.2200      289.00
15.2400      296.00
15.2600      332.00
15.2800      342.00
15.3000      371.00
15.3200      382.00
15.3400      444.00
15.3600      500.00
15.3800      491.00
15.4000      562.00
15.4200      631.00
15.4400      616.00
15.4600      667.00
15.4800      746.00
15.5000      805.00
15.5200      816.00
15.5400      904.00
15.5600      974.00
15.5800      987.00
15.6000      998.00
15.6200      980.00
15.6400     1056.00
15.6600     1084.00
15.6800     1041.00
15.7000     1018.00
15.7200     1020.00
15.7400     1057.00
15.7600     1025.00
15.7800      943.00
15.8000      950.00
15.8200      901.00
15.8400      839.00
15.8600      808.00
15.8800      819.00
15.9000      750.00
15.9200      699.00
15.9400      644.00
15.9600      547.00
15.9800      527.00
16.0000      439.00
16.0200      419.00
16.0400      374.00
16.0600      334.00
16.0800      322.00
16.1000      303.00
16.1200      329.00
16.1400      289.00
16.1600      270.00
16.1800      249.00
16.2000      241.00
16.2200      251.00
16.2400      209.00
16.2600      237.00
16.2800      231.00
16.3000      253.00
16.3200      250.00
16.3400      282.00
16.3600      262.00
16.3800      306.00
16.4000      274.00
16.4200      276.00
16.4400      313.00
16.4600      327.00
16.4800      368.00
16.5000      349.00
16.5200      404.00
16.5400      397.00
16.5600      386.00
16.5800      425.00
16.6000      467.00
16.6200      432.00
16.6400      493.00
16.6600      473.00
16.6800      465.00
16.7000      485.00
16.7200      444.00
16.7400      473.00
16.7600      466.00
16.7800      409.00
16.8000      368.00
16.8200      381.00
16.8400      296.00
16.8600      318.00
16.8800      278.00
16.9000      254.00
16.9200      247.00
16.9400      226.00
16.9600      214.00
16.9800      231.00
17.0000      222.00
17.0200      203.00
17.0400      180.00
17.0600      195.00
17.0800      197.00
17.1000      187.00
17.1200      187.00
17.1400      199.00
17.1600      203.00
17.1800      218.00
17.2000      205.00
17.2200      202.00
17.2400      194.00
17.2600      198.00
17.2800      205.00
17.3000      201.00
17.3200      193.00
17.3400      197.00
17.3600      207.00
17.3800      205.00
17.4000      184.00
17.4200      185.00
17.4400      210.00
17.4600      215.00
17.4800      232.00
17.5000      235.00
17.5200      256.00
17.5400      245.00
17.5600      262.00
17.5800      278.00
17.6000      313.00
17.6200      315.00
17.6400      368.00
17.6600      370.00
17.6800      415.00
17.7000      458.00
17.7200      443.00
17.7400      514.00
17.7600      531.00
17.7800      545.00
17.8000      573.00
17.8200      625.00
17.8400      665.00
17.8600      674.00
17.8800      722.00
17.9000      752.00
17.9200      734.00
17.9400      733.00
17.9600      818.00
17.9800      843.00
18.0000      852.00
18.0200      811.00
18.0400      849.00
18.0600      746.00
18.0800      738.00
18.1000      739.00
18.1200      715.00
18.1400      703.00
18.1600      686.00
18.1800      651.00
18.2000      582.00
18.2200      534.00
18.2400      507.00
18.2600      411.00
18.2800      412.00
18.3000      369.00
18.3200      282.00
18.3400      301.00
18.3600      297.00
18.3800      278.00
18.4000      236.00
18.4200      264.00
18.4400      259.00
18.4600      275.00
18.4800      284.00
18.5000      285.00
18.5200      304.00
18.5400      292.00
18.5600      317.00
18.5800      349.00
18.6000      332.00
18.6200      350.00
18.6400      358.00
18.6600      387.00
18.6800      378.00
18.7000      339.00
18.7200      354.00
18.7400      333.00
18.7600      336.00
18.7800      311.00
18.8000      298.00
18.8200      270.00
18.8400      265.00
18.8600      290.00
18.8800      208.00
18.9000      215.00
18.9200      199.00
18.9400      187.00
18.9600      200.00
18.9800      175.00
19.0000      213.00
19.0200      188.00
19.0400      201.00
19.0600      223.00
19.0800      183.00
19.1000      193.00
19.1200      207.00
19.1400      209.00
19.1600      216.00
19.1800      194.00
19.2000      229.00
19.2200      234.00
19.2400      209.00
19.2600      216.00
19.2800      200.00
19.3000      224.00
19.3200      225.00
19.3400      227.00
19.3600      243.00
19.3800      243.00
19.4000      286.00
19.4200      283.00
19.4400      273.00
19.4600      301.00
19.4800      339.00
19.5000      341.00
19.5200      364.00
19.5400      406.00
19.5600      487.00
19.5800      471.00
19.6000      516.00
19.6200      540.00
19.6400      570.00
19.6600      597.00
19.6800      618.00
19.7000      629.00
19.7200      673.00
19.7400      744.00
19.7600      749.00
19.7800      771.00
19.8000      826.00
19.8200      785.00
19.8400      765.00
19.8600      770.00
19.8800      734.00
19.9000      748.00
19.9200      723.00
19.9400      679.00
19.9600      628.00
19.9800      611.00
20.0000      561.00
20.0200      542.00
20.0400      506.00
20.0600      438.00
20.0800      447.00
20.1000      414.00
20.1200      402.00
20.1400      397.00
20.1600      393.00
20.1800      359.00
20.2000      348.00
20.2200      353.00
20.2400      400.00
20.2600      421.00
20.2800      407.00
20.3000      481.00
20.3200      499.00
20.3400      531.00
20.3600      650.00
20.3800      619.00
20.4000      684.00
20.4200      754.00
20.4400      824.00
20.4600      848.00
20.4800      851.00
20.5000      905.00
20.5200      906.00
20.5400      996.00
20.5600     1049.00
20.5800     1158.00
20.6000     1116.00
20.6200     1145.00
20.6400     1205.00
20.6600     1195.00
20.6800     1227.00
20.7000     1195.00
20.7200     1211.00
20.7400     1180.00
20.7600     1083.00
20.7800     1154.00
20.8000     1044.00
20.8200     1082.00
20.8400     1014.00
20.8600      946.00
20.8800      868.00
20.9000      801.00
20.9200      767.00
20.9400      787.00
20.9600      720.00
20.9800      764.00
21.0000      811.00
21.0200      831.00
21.0400      841.00
21.0600      930.00
21.0800      982.00
21.1000      992.00
21.1200     1097.00
21.1400     1260.00
21.1600     1354.00
21.1800     1597.00
21.2000     1717.00
21.2200     1840.00
21.2400     1959.00
21.2600     2189.00
21.2800     2298.00
21.3000     2378.00
21.3200     2578.00
21.3400     2671.00
21.3600     2781.00
21.3800     2790.00
21.4000     2754.00
21.4200     2891.00
21.4400     2911.00
21.4600     2951.00
21.4800     2945.00
21.5000     2798.00
21.5200     2685.00
21.5400     2634.00
21.5600     2444.00
21.5800     2349.00
21.6000     2219.00
21.6200     2009.00
21.6400     1748.00
21.6600     1596.00
21.6800     1395.00
21.7000     1202.00
21.7200     1054.00
21.7400      889.00
21.7600      734.00
21.7800      695.00
21.8000      631.00
21.8200      546.00
21.8400      479.00
21.8600      528.00
21.8800      455.00
21.9000      467.00
21.9200      462.00
21.9400      470.00
21.9600      440.00
21.9800      485.00
22.0000      534.00
22.0200      469.00
22.0400      520.00
22.0600      528.00
22.0800      561.00
22.1000      503.00
22.1200      574.00
22.1400      554.00
22.1600      541.00
22.1800      529.00
22.2000      521.00
22.2200      506.00
22.2400      478.00
22.2600      450.00
22.2800      407.00
22.3000      391.00
22.3200      348.00
22.3400      328.00
22.3600      333.00
22.3800      311.00
22.4000      247.00
22.4200      246.00
22.4400      246.00
22.4600      233.00
22.4800      210.00
22.5000      219.00
22.5200      243.00
22.5400      239.00
22.5600      193.00
22.5800      216.00
22.6000      209.00
22.6200      220.00
22.6400      238.00
22.6600      243.00
22.6800      262.00
22.7000      217.00
22.7200      236.00
22.7400      235.00
22.7600      231.00
22.7800      238.00
22.8000      236.00
22.8200      225.00
22.8400      257.00
22.8600      249.00
22.8800      264.00
22.9000      226.00
22.9200      258.00
22.9400      260.00
22.9600      262.00
22.9800      263.00
23.0000      255.00
23.0200      297.00
23.0400      296.00
23.0600      299.00
23.0800      267.00
23.1000      268.00
23.1200      277.00
23.1400      305.00
23.1600      275.00
23.1800      287.00
23.2000      314.00
23.2200      315.00
23.2400      286.00
23.2600      329.00
23.2800      323.00
23.3000      285.00
23.3200      299.00
23.3400      306.00
23.3600      282.00
23.3800      280.00
23.4000      278.00
23.4200      258.00
23.4400      239.00
23.4600      254.00
23.4800      279.00
23.5000      279.00
23.5200      250.00
23.5400      276.00
23.5600      247.00
23.5800      267.00
23.6000      293.00
23.6200      288.00
23.6400      276.00
23.6600      289.00
23.6800      238.00
23.7000      312.00
23.7200      256.00
23.7400      269.00
23.7600      284.00
23.7800      250.00
23.8000      248.00
23.8200      241.00
23.8400      204.00
23.8600      232.00
23.8800      221.00
23.9000      197.00
23.9200      211.00
23.9400      200.00
23.9600      215.00
23.9800      222.00
24.0000      185.00
24.0200      198.00
24.0400      197.00
24.0600      196.00
24.0800      190.00
24.1000      188.00
24.1200      200.00
24.1400      206.00
24.1600      211.00
24.1800      217.00
24.2000      208.00
24.2200      268.00
24.2400      229.00
24.2600      227.00
24.2800      233.00
24.3000      233.00
24.3200      220.00
24.3400      245.00
24.3600      230.00
24.3800      277.00
24.4000      280.00
24.4200      281.00
24.4400      257.00
24.4600      289.00
24.4800      298.00
24.5000      286.00
24.5200      303.00
24.5400      289.00
24.5600      253.00
24.5800      292.00
24.6000      238.00
24.6200      255.00
24.6400      269.00
24.6600      249.00
24.6800      245.00
24.7000      246.00
24.7200      212.00
24.7400      227.00
24.7600      256.00
24.7800      193.00
24.8000      222.00
24.8200      203.00
24.8400      220.00
24.8600      209.00
24.8800      224.00
24.9000      231.00
24.9200      266.00
24.9400      221.00
24.9600      251.00
24.9800      253.00
25.0000      240.00
25.0200      278.00
25.0400      293.00
25.0600      299.00
25.0800      294.00
25.1000      377.00
25.1200      377.00
25.1400      424.00
25.1600      435.00
25.1800      516.00
25.2000      531.00
25.2200      510.00
25.2400      569.00
25.2600      643.00
25.2800      632.00
25.3000      620.00
25.3200      688.00
25.3400      709.00
25.3600      681.00
25.3800      701.00
25.4000      737.00
25.4200      698.00
25.4400      714.00
25.4600      707.00
25.4800      694.00
25.5000      691.00
25.5200      691.00
25.5400      621.00
25.5600      591.00
25.5800      578.00
25.6000      527.00
25.6200      457.00
25.6400      485.00
25.6600      407.00
25.6800      392.00
25.7000      422.00
25.7200      398.00
25.7400      387.00
25.7600      414.00
25.7800      428.00
25.8000      460.00
25.8200      417.00
25.8400      481.00
25.8600      494.00
25.8800      510.00
25.9000      508.00
25.9200      478.00
25.9400      487.00
25.9600      524.00
25.9800      529.00
26.0000      541.00
26.0200      553.00
26.0400      553.00
26.0600      562.00
26.0800      526.00
26.1000      533.00
26.1200      546.00
26.1400      522.00
26.1600      505.00
26.1800      501.00
26.2000      524.00
26.2200      527.00
26.2400      491.00
26.2600      483.00
26.2800      475.00
26.3000      497.00
26.3200      473.00
26.3400      496.00
26.3600      471.00
26.3800      491.00
26.4000      489.00
26.4200      489.00
26.4400      576.00
26.4600      569.00
26.4800      570.00
26.5000      614.00
26.5200      653.00
26.5400      599.00
26.5600      580.00
26.5800      614.00
26.6000      567.00
26.6200      571.00
26.6400      607.00
26.6600      551.00
26.6800      519.00
26.7000      520.00
26.7200      473.00
26.7400      483.00
26.7600      421.00
26.7800      390.00
26.8000      362.00
26.8200      327.00
26.8400      344.00
26.8600      316.00
26.8800      289.00
26.9000      283.00
26.9200      276.00
26.9400      240.00
26.9600      284.00
26.9800      248.00
27.0000      236.00
27.0200      259.00
27.0400      312.00
27.0600      320.00
27.0800      283.00
27.1000      331.00
27.1200      320.00
27.1400      332.00
27.1600      362.00
27.1800      361.00
27.2000      343.00
27.2200      345.00
27.2400      443.00
27.2600      422.00
27.2800      401.00
27.3000      449.00
27.3200      420.00
27.3400      455.00
27.3600      446.00
27.3800      456.00
27.4000      431.00
27.4200      428.00
27.4400      406.00
27.4600      430.00
27.4800      398.00
27.5000      412.00
27.5200      394.00
27.5400      372.00
27.5600      387.00
27.5800      393.00
27.6000      366.00
27.6200      356.00
27.6400      363.00
27.6600      414.00
27.6800      447.00
27.7000      427.00
27.7200      414.00
27.7400      466.00
27.7600      457.00
27.7800      521.00
27.8000      475.00
27.8200      503.00
27.8400      540.00
27.8600      568.00
27.8800      548.00
27.9000      540.00
27.9200      591.00
27.9400      554.00
27.9600      563.00
27.9800      542.00
28.0000      524.00
28.0200      498.00
28.0400      433.00
28.0600      404.00
28.0800      417.00
28.1000      468.00
28.1200      445.00
28.1400      391.00
28.1600      373.00
28.1800      349.00
28.2000      340.00
28.2200      364.00
28.2400      327.00
28.2600      316.00
28.2800      309.00
28.3000      308.00
28.3200      311.00
28.3400      296.00
28.3600      314.00
28.3800      339.00
28.4000      311.00
28.4200      361.00
28.4400      353.00
28.4600      356.00
28.4800      375.00
28.5000      359.00
28.5200      377.00
28.5400      345.00
28.5600      411.00
28.5800      356.00
28.6000      385.00
28.6200      379.00
28.6400      364.00
28.6600      389.00
28.6800      373.00
28.7000      311.00
28.7200      362.00
28.7400      379.00
28.7600      342.00
28.7800      313.00
28.8000      335.00
28.8200      378.00
28.8400      343.00
28.8600      331.00
28.8800      369.00
28.9000      377.00
28.9200      407.00
28.9400      441.00
28.9600      406.00
28.9800      490.00
29.0000      490.00
29.0200      531.00
29.0400      563.00
29.0600      618.00
29.0800      626.00
29.1000      633.00
29.1200      655.00
29.1400      711.00
29.1600      674.00
29.1800      700.00
29.2000      730.00
29.2200      737.00
29.2400      748.00
29.2600      720.00
29.2800      673.00
29.3000      702.00
29.3200      674.00
29.3400      649.00
29.3600      630.00
29.3800      601.00
29.4000      561.00
29.4200      543.00
29.4400      541.00
29.4600      516.00
29.4800      501.00
29.5000      488.00
29.5200      483.00
29.5400      499.00
29.5600      518.00
29.5800      488.00
29.6000      519.00
29.6200      528.00
29.6400      552.00
29.6600      530.00
29.6800      525.00
29.7000      502.00
29.7200      573.00
29.7400      526.00
29.7600      535.00
29.7800      535.00
29.8000      550.00
29.8200      482.00
29.8400      460.00
29.8600      458.00
29.8800      446.00
29.9000      418.00
29.9200      391.00
29.9400      403.00
29.9600      318.00
29.9800      344.00
30.0000      317.00
30.0200      311.00
30.0400      295.00
30.0600      290.00
30.0800      272.00
30.1000      270.00
30.1200      259.00
30.1400      241.00
30.1600      253.00
30.1800      230.00
30.2000      224.00
30.2200      220.00
30.2400      251.00
30.2600      209.00
30.2800      218.00
30.3000      220.00
30.3200      205.00
30.3400      222.00
30.3600      205.00
30.3800      218.00
30.4000      225.00
30.4200      234.00
30.4400      209.00
30.4600      237.00
30.4800      216.00
30.5000      211.00
30.5200      206.00
30.5400      187.00
30.5600      171.00
30.5800      193.00
30.6000      207.00
30.6200      175.00
30.6400      175.00
30.6600      185.00
30.6800      195.00
30.7000      167.00
30.7200      195.00
30.7400      181.00
30.7600      185.00
30.7800      182.00
30.8000      204.00
30.8200      226.00
30.8400      225.00
30.8600      233.00
30.8800      228.00
30.9000      231.00
30.9200      271.00
30.9400      260.00
30.9600      267.00
30.9800      267.00
31.0000      306.00
31.0200      321.00
31.0400      293.00
31.0600      304.00
31.0800      294.00
31.1000      317.00
31.1200      329.00
31.1400      309.00
31.1600      307.00
31.1800      306.00
31.2000      296.00
31.2200      284.00
31.2400      303.00
31.2600      287.00
31.2800      250.00
31.3000      246.00
31.3200      261.00
31.3400      238.00
31.3600      231.00
31.3800      226.00
31.4000      270.00
31.4200      250.00
31.4400      269.00
31.4600      281.00
31.4800      278.00
31.5000      282.00
31.5200      297.00
31.5400      293.00
31.5600      296.00
31.5800      357.00
31.6000      355.00
31.6200      323.00
31.6400      342.00
31.6600      332.00
31.6800      351.00
31.7000      317.00
31.7200      318.00
31.7400      347.00
31.7600      326.00
31.7800      309.00
31.8000      298.00
31.8200      272.00
31.8400      250.00
31.8600      257.00
31.8800      248.00
31.9000      204.00
31.9200      213.00
31.9400      241.00
31.9600      210.00
31.9800      215.00
32.0000      215.00
32.0200      201.00
32.0400      197.00
32.0600      204.00
32.0800      228.00
32.1000      190.00
32.1200      221.00
32.1400      197.00
32.1600      215.00
32.1800      212.00
32.2000      204.00
32.2200      201.00
32.2400      201.00
32.2600      202.00
32.2800      186.00
32.3000      184.00
32.3200      177.00
32.3400      236.00
32.3600      192.00
32.3800      171.00
32.4000      174.00
32.4200      186.00
32.4400      199.00
32.4600      194.00
32.4800      153.00
32.5000      180.00
32.5200      182.00
32.5400      201.00
32.5600      204.00
32.5800      196.00
32.6000      202.00
32.6200      219.00
32.6400      226.00
32.6600      224.00
32.6800      240.00
32.7000      238.00
32.7200      233.00
32.7400      244.00
32.7600      252.00
32.7800      252.00
32.8000      278.00
32.8200      236.00
32.8400      251.00
32.8600      277.00
32.8800      257.00
32.9000      286.00
32.9200      261.00
32.9400      260.00
32.9600      220.00
32.9800      284.00
33.0000      229.00
33.0200      228.00
33.0400      236.00
33.0600      259.00
33.0800      251.00
33.1000      232.00
33.1200      279.00
33.1400      256.00
33.1600      276.00
33.1800      271.00
33.2000      282.00
33.2200      284.00
33.2400      270.00
33.2600      257.00
33.2800      276.00
33.3000      262.00
33.3200      274.00
33.3400      267.00
33.3600      260.00
33.3800      243.00
33.4000      265.00
33.4200      221.00
33.4400      252.00
33.4600      238.00
33.4800      244.00
33.5000      251.00
33.5200      250.00
33.5400      258.00
33.5600      274.00
33.5800      250.00
33.6000      318.00
33.6200      276.00
33.6400      320.00
33.6600      289.00
33.6800      304.00
33.7000      325.00
33.7200      298.00
33.7400      316.00
33.7600      304.00
33.7800      359.00
33.8000      339.00
33.8200      354.00
33.8400      352.00
33.8600      330.00
33.8800      284.00
33.9000      284.00
33.9200      316.00
33.9400      289.00
33.9600      297.00
33.9800      264.00
34.0000      225.00
34.0200      224.00
34.0400      219.00
34.0600      191.00
34.0800      198.00
34.1000      194.00
34.1200      183.00
34.1400      178.00
34.1600      166.00
34.1800      176.00
34.2000      165.00
34.2200      166.00
34.2400      194.00
34.2600      164.00
34.2800      151.00
34.3000      170.00
34.3200      161.00
34.3400      166.00
34.3600      161.00
34.3800      162.00
34.4000      153.00
34.4200      156.00
34.4400      146.00
34.4600      160.00
34.4800      119.00
34.5000      170.00
34.5200      151.00
34.5400      162.00
34.5600      168.00
34.5800      145.00
34.6000      167.00
34.6200      164.00
34.6400      155.00
34.6600      186.00
34.6800      164.00
34.7000      178.00
34.7200      183.00
34.7400      181.00
34.7600      164.00
34.7800      192.00
34.8000      190.00
34.8200      172.00
34.8400      204.00
34.8600      186.00
34.8800      191.00
34.9000      141.00
34.9200      187.00
34.9400      180.00
34.9600      180.00
34.9800      200.00
35.0000      200.00
