 2.2000      270.00
 2.2200      249.00
 2.2400      265.00
 2.2600      273.00
 2.2800      288.00
 2.3000      243.00
 2.3200      273.00
 2.3400      271.00
 2.3600      280.00
 2.3800      278.00
 2.4000      268.00
 2.4200      277.00
 2.4400      266.00
 2.4600      254.00
 2.4800      276.00
 2.5000      260.00
 2.5200      283.00
 2.5400      243.00
 2.5600      254.00
 2.5800      246.00
 2.6000      233.00
 2.6200      272.00
 2.6400      229.00
 2.6600      264.00
 2.6800      243.00
 2.7000      218.00
 2.7200      262.00
 2.7400      268.00
 2.7600      269.00
 2.7800      218.00
 2.8000      229.00
 2.8200      239.00
 2.8400      235.00
 2.8600      276.00
 2.8800      270.00
 2.9000      252.00
 2.9200      237.00
 2.9400      208.00
 2.9600      228.00
 2.9800      238.00
 3.0000      236.00
 3.0200      225.00
 3.0400      243.00
 3.0600      232.00
 3.0800      223.00
 3.1000      252.00
 3.1200      229.00
 3.1400      248.00
 3.1600      214.00
 3.1800      227.00
 3.2000      229.00
 3.2200      249.00
 3.2400      215.00
 3.2600      235.00
 3.2800      210.00
 3.3000      221.00
 3.3200      226.00
 3.3400      220.00
 3.3600      221.00
 3.3800      218.00
 3.4000      212.00
 3.4200      205.00
 3.4400      225.00
 3.4600      197.00
 3.4800      201.00
 3.5000      185.00
 3.5200      214.00
 3.5400      206.00
 3.5600      203.00
 3.5800      201.00
 3.6000      200.00
 3.6200      190.00
 3.6400      181.00
 3.6600      184.00
 3.6800      193.00
 3.7000      177.00
 3.7200      190.00
 3.7400      184.00
 3.7600      200.00
 3.7800      176.00
 3.8000      176.00
 3.8200      196.00
 3.8400      168.00
 3.8600      168.00
 3.8800      164.00
 3.9000      161.00
 3.9200      175.00
 3.9400      201.00
 3.9600      183.00
 3.9800      195.00
 4.0000      172.00
 4.0200      172.00
 4.0400      177.00
 4.0600      161.00
 4.0800      155.00
 4.1000      176.00
 4.1200      186.00
 4.1400      155.00
 4.1600      147.00
 4.1800      166.00
 4.2000      142.00
 4.2200      143.00
 4.2400      141.00
 4.2600      152.00
 4.2800      171.00
 4.3000      163.00
 4.3200      161.00
 4.3400      155.00
 4.3600      147.00
 4.3800      117.00
 4.4000      157.00
 4.4200      162.00
 4.4400      135.00
 4.4600      164.00
 4.4800      140.00
 4.5000      176.00
 4.5200      153.00
 4.5400      132.00
 4.5600      151.00
 4.5800      140.00
 4.6000      129.00
 4.6200      143.00
 4.6400      143.00
 4.6600      117.00
 4.6800      128.00
 4.7000      140.00
 4.7200      142.00
 4.7400      130.00
 4.7600      156.00
 4.7800      135.00
 4.8000      144.00
 4.8200      136.00
 4.8400      141.00
 4.8600      122.00
 4.8800      125.00
 4.9000      133.00
 4.9200      143.00
 4.9400      139.00
 4.9600      155.00
 4.9800      121.00
 5.0000      119.00
 5.0200      142.00
 5.0400      140.00
 5.0600      123.00
 5.0800      161.00
 5.1000      126.00
 5.1200      139.00
 5.1400      138.00
 5.1600      149.00
 5.1800      145.00
 5.2000      128.00
 5.2200      154.00
 5.2400      146.00
 5.2600      135.00
 5.2800      166.00
 5.3000      163.00
 5.3200      140.00
 5.3400      143.00
 5.3600      133.00
 5.3800      152.00
 5.4000      124.00
 5.4200      143.00
 5.4400      136.00
 5.4600      153.00
 5.4800      156.00
 5.5000      151.00
 5.5200      141.00
 5.5400      146.00
 5.5600      140.00
 5.5800      151.00
 5.6000      131.00
 5.6200      129.00
 5.6400      142.00
 5.6600      153.00
 5.6800      133.00
 5.7000      153.00
 5.7200      124.00
 5.7400      157.00
 5.7600      126.00
 5.7800      139.00
 5.8000      130.00
 5.8200      137.00
 5.8400      142.00
 5.8600      144.00
 5.8800      132.00
 5.9000      129.00
 5.9200      131.00
 5.9400      132.00
 5.9600      138.00
 5.9800      154.00
 6.0000      145.00
 6.0200      152.00
 6.0400      142.00
 6.0600      165.00
 6.0800      135.00
 6.1000      132.00
 6.1200      113.00
 6.1400      125.00
 6.1600      145.00
 6.1800      135.00
 6.2000      127.00
 6.2200      133.00
 6.2400      172.00
 6.2600      173.00
 6.2800      129.00
 6.3000      145.00
 6.3200      114.00
 6.3400      137.00
 6.3600      145.00
 6.3800      133.00
 6.4000      133.00
 6.4200      148.00
 6.4400      160.00
 6.4600      147.00
 6.4800      151.00
 6.5000      138.00
 6.5200      146.00
 6.5400      173.00
 6.5600      155.00
 6.5800      138.00
 6.6000      133.00
 6.6200      154.00
 6.6400      145.00
 6.6600      131.00
 6.6800      138.00
 6.7000      151.00
 6.7200      145.00
 6.7400      128.00
 6.7600      128.00
 6.7800      131.00
 6.8000      153.00
 6.8200      168.00
 6.8400      141.00
 6.8600      146.00
 6.8800      165.00
 6.9000      144.00
 6.9200      144.00
 6.9400      159.00
 6.9600      141.00
 6.9800      155.00
 7.0000      131.00
 7.0200      144.00
 7.0400      147.00
 7.0600      154.00
 7.0800      151.00
 7.1000      134.00
 7.1200      143.00
 7.1400      127.00
 7.1600      151.00
 7.1800      143.00
 7.2000      153.00
 7.2200      153.00
 7.2400      144.00
 7.2600      152.00
 7.2800      133.00
 7.3000      137.00
 7.3200      136.00
 7.3400      130.00
 7.3600      170.00
 7.3800      162.00
 7.4000      140.00
 7.4200      150.00
 7.4400      139.00
 7.4600      147.00
 7.4800      146.00
 7.5000      140.00
 7.5200      172.00
 7.5400      143.00
 7.5600      150.00
 7.5800      143.00
 7.6000      143.00
 7.6200      140.00
 7.6400      154.00
 7.6600      169.00
 7.6800      166.00
 7.7000      157.00
 7.7200      144.00
 7.7400      179.00
 7.7600      157.00
 7.7800      158.00
 7.8000      148.00
 7.8200      157.00
 7.8400      135.00
 7.8600      135.00
 7.8800      162.00
 7.9000      149.00
 7.9200      116.00
 7.9400      149.00
 7.9600      132.00
 7.9800      148.00
 8.0000      153.00
 8.0200      171.00
 8.0400      160.00
 8.0600      165.00
 8.0800      148.00
 8.1000      154.00
 8.1200      163.00
 8.1400      174.00
 8.1600      169.00
 8.1800      178.00
 8.2000      157.00
 8.2200      143.00
 8.2400      159.00
 8.2600      147.00
 8.2800      149.00
 8.3000      151.00
 8.3200      145.00
 8.3400      151.00
 8.3600      156.00
 8.3800      165.00
 8.4000      160.00
 8.4200      160.00
 8.4400      154.00
 8.4600      181.00
 8.4800      153.00
 8.5000      184.00
 8.5200      179.00
 8.5400      158.00
 8.5600      156.00
 8.5800      159.00
 8.6000      172.00
 8.6200      151.00
 8.6400      140.00
 8.6600      182.00
 8.6800      156.00
 8.7000      182.00
 8.7200      185.00
 8.7400      176.00
 8.7600      169.00
 8.7800      171.00
 8.8000      187.00
 8.8200      182.00
 8.8400      186.00
 8.8600      209.00
 8.8800      226.00
 8.9000      198.00
 8.9200      215.00
 8.9400      181.00
 8.9600      212.00
 8.9800      210.00
 9.0000      199.00
 9.0200      159.00
 9.0400      193.00
 9.0600      184.00
 9.0800      177.00
 9.1000      142.00
 9.1200      176.00
 9.1400      145.00
 9.1600      171.00
 9.1800      173.00
 9.2000      154.00
 9.2200      177.00
 9.2400      168.00
 9.2600      155.00
 9.2800      173.00
 9.3000      164.00
 9.3200      174.00
 9.3400      160.00
 9.3600      152.00
 9.3800      166.00
 9.4000      157.00
 9.4200      183.00
 9.4400      154.00
 9.4600      149.00
 9.4800      185.00
 9.5000      178.00
 9.5200      162.00
 9.5400      167.00
 9.5600      149.00
 9.5800      177.00
 9.6000      166.00
 9.6200      162.00
 9.6400      169.00
 9.6600      166.00
 9.6800      184.00
 9.7000      176.00
 9.7200      176.00
 9.7400      175.00
 9.7600      182.00
 9.7800      173.00
 9.8000      187.00
 9.8200      187.00
 9.8400      181.00
 9.8600      191.00
 9.8800      188.00
 9.9000      173.00
 9.9200      192.00
 9.9400      197.00
 9.9600      160.00
 9.9800      179.00
10.0000      192.00
10.0200      199.00
10.0400      203.00
10.0600      192.00
10.0800      192.00
10.1000      201.00
10.1200      186.00
10.1400      188.00
10.1600      218.00
10.1800      201.00
10.2000      196.00
10.2200      196.00
10.2400      183.00
10.2600      191.00
10.2800      199.00
10.3000      198.00
10.3200      185.00
10.3400      187.00
10.3600      173.00
10.3800      175.00
10.4000      179.00
10.4200      178.00
10.4400      169.00
10.4600      185.00
10.4800      184.00
10.5000      189.00
10.5200      185.00
10.5400      187.00
10.5600      177.00
10.5800      193.00
10.6000      215.00
10.6200      182.00
10.6400      211.00
10.6600      181.00
10.6800      209.00
10.7000      193.00
10.7200      229.00
10.7400      195.00
10.7600      215.00
10.7800      200.00
10.8000      208.00
10.8200      222.00
10.8400      247.00
10.8600      278.00
10.8800      234.00
10.9000      261.00
10.9200      290.00
10.9400      296.00
10.9600      319.00
10.9800      354.00
11.0000      379.00
11.0200      411.00
11.0400      407.00
11.0600      443.00
11.0800      475.00
11.1000      487.00
11.1200      525.00
11.1400      527.00
11.1600      531.00
11.1800      517.00
11.2000      556.00
11.2200      485.00
11.2400      453.00
11.2600      462.00
11.2800      482.00
11.3000      409.00
11.3200      418.00
11.3400      425.00
11.3600      414.00
11.3800      459.00
11.4000      442.00
11.4200      424.00
11.4400      411.00
11.4600      390.00
11.4800      346.00
11.5000      323.00
11.5200      286.00
11.5400      239.00
11.5600      243.00
11.5800      214.00
11.6000      215.00
11.6200      215.00
11.6400      201.00
11.6600      206.00
11.6800      190.00
11.7000      204.00
11.7200      241.00
11.7400      209.00
11.7600      213.00
11.7800      224.00
11.8000      234.00
11.8200      186.00
11.8400      233.00
11.8600      175.00
11.8800      246.00
11.9000      224.00
11.9200      232.00
11.9400      239.00
11.9600      284.00
11.9800      267.00
12.0000      303.00
12.0200      263.00
12.0400      305.00
12.0600      313.00
12.0800      317.00
12.1000      366.00
12.1200      345.00
12.1400      405.00
12.1600      409.00
12.1800      394.00
12.2000      404.00
12.2200      418.00
12.2400      427.00
12.2600      384.00
12.2800      411.00
12.3000      388.00
12.3200      371.00
12.3400      384.00
12.3600      354.00
12.3800      355.00
12.4000      346.00
12.4200      322.00
12.4400      349.00
12.4600      369.00
12.4800      389.00
12.5000      405.00
12.5200      419.00
12.5400      435.00
12.5600      463.00
12.5800      483.00
12.6000      512.00
12.6200      564.00
12.6400      511.00
12.6600      511.00
12.6800      494.00
12.7000      451.00
12.7200      405.00
12.7400      358.00
12.7600      353.00
12.7800      290.00
12.8000      272.00
12.8200      250.00
12.8400      251.00
12.8600      228.00
12.8800      215.00
12.9000      208.00
12.9200      213.00
12.9400      260.00
12.9600      233.00
12.9800      234.00
13.0000      195.00
13.0200      215.00
13.0400      225.00
13.0600      198.00
13.0800      210.00
13.1000      204.00
13.1200      223.00
13.1400      195.00
13.1600      225.00
13.1800      223.00
13.2000      219.00
13.2200      191.00
13.2400      224.00
13.2600      234.00
13.2800      212.00
13.3000      226.00
13.3200      237.00
13.3400      205.00
13.3600      224.00
13.3800      207.00
13.4000      212.00
13.4200      232.00
13.4400      202.00
13.4600      217.00
13.4800      229.00
13.5000      193.00
13.5200      227.00
13.5400      196.00
13.5600      193.00
13.5800      219.00
13.6000      204.00
13.6200      215.00
13.6400      243.00
13.6600      174.00
13.6800      196.00
13.7000      221.00
13.7200      197.00
13.7400      237.00
13.7600      209.00
13.7800      213.00
13.8000      210.00
13.8200      197.00
13.8400      219.00
13.8600      222.00
13.8800      210.00
13.9000      240.00
13.9200      217.00
13.9400      266.00
13.9600      218.00
13.9800      245.00
14.0000      259.00
14.0200      234.00
14.0400      291.00
14.0600      332.00
14.0800      330.00
14.1000      338.00
14.1200      387.00
14.1400      441.00
14.1600      437.00
14.1800      462.00
14.2000      553.00
14.2200      567.00
14.2400      593.00
14.2600      632.00
14.2800      664.00
14.3000      669.00
14.3200      675.00
14.3400      737.00
14.3600      648.00
14.3800      606.00
14.4000      537.00
14.4200      522.00
14.4400      469.00
14.4600      450.00
14.4800      427.00
14.5000      441.00
14.5200      384.00
14.5400      371.00
14.5600      338.00
14.5800      295.00
14.6000      310.00
14.6200      294.00
14.6400      259.00
14.6600      268.00
14.6800      296.00
14.7000      231.00
14.7200      234.00
14.7400      221.00
14.7600      218.00
14.7800      201.00
14.8000      211.00
14.8200      222.00
14.8400      209.00
14.8600      212.00
14.8800      215.00
14.9000      217.00
14.9200      229.00
14.9400      194.00
14.9600      215.00
14.9800      226.00
15.0000      190.00
15.0200      222.00
15.0400      219.00
15.0600      197.00
15.0800      215.00
15.1000      224.00
15.1200      219.00
15.1400      239.00
15.1600      222.00
15.1800      232.00
15.2000      220.00
15.2200      215.00
15.2400      207.00
15.2600      208.00
15.2800      216.00
15.3000      203.00
15.3200      196.00
15.3400      221.00
15.3600      208.00
15.3800      217.00
15.4000      198.00
15.4200      220.00
15.4400      216.00
15.4600      222.00
15.4800      215.00
15.5000      206.00
15.5200      223.00
15.5400      236.00
15.5600      210.00
15.5800      227.00
15.6000      232.00
15.6200      237.00
15.6400      205.00
15.6600      250.00
15.6800      212.00
15.7000      215.00
15.7200      236.00
15.7400      218.00
15.7600      248.00
15.7800      280.00
15.8000      272.00
15.8200      250.00
15.8400      288.00
15.8600      294.00
15.8800      297.00
15.9000      277.00
15.9200      363.00
15.9400      366.00
15.9600      371.00
15.9800      390.00
16.0000      382.00
16.0200      389.00
16.0400      410.00
16.0600      385.00
16.0800      380.00
16.1000      400.00
16.1200      425.00
16.1400      415.00
16.1600      405.00
16.1800      373.00
16.2000      393.00
16.2200      388.00
16.2400      386.00
16.2600      373.00
16.2800      410.00
16.3000      388.00
16.3200      381.00
16.3400      331.00
16.3600      376.00
16.3800      365.00
16.4000      353.00
16.4200      363.00
16.4400      323.00
16.4600      384.00
16.4800      396.00
16.5000      376.00
16.5200      393.00
16.5400      412.00
16.5600      446.00
16.5800      389.00
16.6000      475.00
16.6200      462.00
16.6400      461.00
16.6600      411.00
16.6800      385.00
16.7000      382.00
16.7200      369.00
16.7400      316.00
16.7600      312.00
16.7800      315.00
16.8000      269.00
16.8200      246.00
16.8400      276.00
16.8600      275.00
16.8800      253.00
16.9000      246.00
16.9200      283.00
16.9400      255.00
16.9600      288.00
16.9800      302.00
17.0000      304.00
17.0200      371.00
17.0400      363.00
17.0600      402.00
17.0800      381.00
17.1000      436.00
17.1200      445.00
17.1400      435.00
17.1600      446.00
17.1800      483.00
17.2000      553.00
17.2200      485.00
17.2400      500.00
17.2600      492.00
17.2800      534.00
17.3000      486.00
17.3200      547.00
17.3400      490.00
17.3600      578.00
17.3800      621.00
17.4000      720.00
17.4200      853.00
17.4400      938.00
17.4600     1136.00
17.4800     1368.00
17.5000     1608.00
17.5200     1899.00
17.5400     2120.00
17.5600     2313.00
17.5800     2514.00
17.6000     2577.00
17.6200     2629.00
17.6400     2620.00
17.6600     2526.00
17.6800     2529.00
17.7000     2453.00
17.7200     2216.00
17.7400     2069.00
17.7600     1939.00
17.7800     1707.00
17.8000     1484.00
17.8200     1173.00
17.8400      979.00
17.8600      796.00
17.8800      642.00
17.9000      561.00
17.9200      474.00
17.9400      412.00
17.9600      410.00
17.9800      375.00
18.0000      353.00
18.0200      321.00
18.0400      329.00
18.0600      344.00
18.0800      311.00
18.1000      314.00
18.1200      303.00
18.1400      306.00
18.1600      274.00
18.1800      297.00
18.2000      270.00
18.2200      300.00
18.2400      280.00
18.2600      328.00
18.2800      295.00
18.3000      362.00
18.3200      336.00
18.3400      332.00
18.3600      415.00
18.3800      402.00
18.4000      451.00
18.4200      440.00
18.4400      509.00
18.4600      538.00
18.4800      504.00
18.5000      512.00
18.5200      547.00
18.5400      551.00
18.5600      476.00
18.5800      461.00
18.6000      428.00
18.6200      490.00
18.6400      392.00
18.6600      357.00
18.6800      351.00
18.7000      320.00
18.7200      340.00
18.7400      303.00
18.7600      288.00
18.7800      258.00
18.8000      343.00
18.8200      327.00
18.8400      338.00
18.8600      332.00
18.8800      329.00
18.9000      349.00
18.9200      347.00
18.9400      365.00
18.9600      349.00
18.9800      318.00
19.0000      308.00
19.0200      323.00
19.0400      326.00
19.0600      304.00
19.0800      313.00
19.1000      332.00
19.1200      331.00
19.1400      309.00
19.1600      331.00
19.1800      330.00
19.2000      345.00
19.2200      340.00
19.2400      340.00
19.2600      307.00
19.2800      346.00
19.3000      324.00
19.3200      353.00
19.3400      291.00
19.3600      321.00
19.3800      318.00
19.4000      322.00
19.4200      318.00
19.4400      362.00
19.4600      374.00
19.4800      372.00
19.5000      410.00
19.5200      414.00
19.5400      471.00
19.5600      522.00
19.5800      619.00
19.6000      708.00
19.6200      731.00
19.6400      819.00
19.6600      926.00
19.6800      977.00
19.7000     1091.00
19.7200     1026.00
19.7400     1123.00
19.7600     1065.00
19.7800     1119.00
19.8000     1097.00
19.8200     1042.00
19.8400      945.00
19.8600      914.00
19.8800      832.00
19.9000      780.00
19.9200      720.00
19.9400      617.00
19.9600      572.00
19.9800      513.00
20.0000      452.00
20.0200      382.00
20.0400      333.00
20.0600      327.00
20.0800      319.00
20.1000      315.00
20.1200      338.00
20.1400      306.00
20.1600      297.00
20.1800      332.00
20.2000      257.00
20.2200      279.00
20.2400      331.00
20.2600      296.00
20.2800      313.00
20.3000      317.00
20.3200      280.00
20.3400      279.00
20.3600      310.00
20.3800      280.00
20.4000      305.00
20.4200      303.00
20.4400      273.00
20.4600      356.00
20.4800      354.00
20.5000      323.00
20.5200      344.00
20.5400      346.00
20.5600      403.00
20.5800      417.00
20.6000      438.00
20.6200      463.00
20.6400      507.00
20.6600      549.00
20.6800      602.00
20.7000      651.00
20.7200      696.00
20.7400      744.00
20.7600      707.00
20.7800      798.00
20.8000      764.00
20.8200      888.00
20.8400      928.00
20.8600      988.00
20.8800     1024.00
20.9000     1058.00
20.9200     1216.00
20.9400     1253.00
20.9600     1458.00
20.9800     1552.00
21.0000     1610.00
21.0200     1870.00
21.0400     2008.00
21.0600     2043.00
21.0800     2141.00
21.1000     2157.00
21.1200     2177.00
21.1400     2201.00
21.1600     2102.00
21.1800     2060.00
21.2000     2008.00
21.2200     1766.00
21.2400     1556.00
21.2600     1417.00
21.2800     1154.00
21.3000      980.00
21.3200      835.00
21.3400      678.00
21.3600      573.00
21.3800      515.00
21.4000      399.00
21.4200      419.00
21.4400      382.00
21.4600      364.00
21.4800      324.00
21.5000      318.00
21.5200      342.00
21.5400      294.00
21.5600      297.00
21.5800      284.00
21.6000      289.00
21.6200      252.00
21.6400      283.00
21.6600      305.00
21.6800      271.00
21.7000      234.00
21.7200      285.00
21.7400      266.00
21.7600      250.00
21.7800      269.00
21.8000      274.00
21.8200      297.00
21.8400      256.00
21.8600      284.00
21.8800      294.00
21.9000      309.00
21.9200      278.00
21.9400      288.00
21.9600      303.00
21.9800      296.00
22.0000      327.00
22.0200      303.00
22.0400      309.00
22.0600      350.00
22.0800      339.00
22.1000      342.00
22.1200      381.00
22.1400      386.00
22.1600      379.00
22.1800      381.00
22.2000      413.00
22.2200      395.00
22.2400      414.00
22.2600      499.00
22.2800      474.00
22.3000      483.00
22.3200      575.00
22.3400      472.00
22.3600      524.00
22.3800      511.00
22.4000      519.00
22.4200      535.00
22.4400      566.00
22.4600      574.00
22.4800      559.00
22.5000      577.00
22.5200      542.00
22.5400      592.00
22.5600      642.00
22.5800      643.00
22.6000      683.00
22.6200      761.00
22.6400      748.00
22.6600      773.00
22.6800      783.00
22.7000      805.00
22.7200      779.00
22.7400      768.00
22.7600      717.00
22.7800      737.00
22.8000      653.00
22.8200      653.00
22.8400      590.00
22.8600      571.00
22.8800      506.00
22.9000      500.00
22.9200      551.00
22.9400      468.00
22.9600      492.00
22.9800      482.00
23.0000      505.00
23.0200      502.00
23.0400      507.00
23.0600      525.00
23.0800      561.00
23.1000      589.00
23.1200      555.00
23.1400      542.00
23.1600      575.00
23.1800      586.00
23.2000      561.00
23.2200      564.00
23.2400      595.00
23.2600      572.00
23.2800      547.00
23.3000      541.00
23.3200      560.00
23.3400      532.00
23.3600      525.00
23.3800      611.00
23.4000      582.00
23.4200      587.00
23.4400      569.00
23.4600      530.00
23.4800      570.00
23.5000      565.00
23.5200      563.00
23.5400      569.00
23.5600      465.00
23.5800      502.00
23.6000      486.00
23.6200      408.00
23.6400      408.00
23.6600      392.00
23.6800      349.00
23.7000      291.00
23.7200      315.00
23.7400      304.00
23.7600      298.00
23.7800      346.00
23.8000      324.00
23.8200      333.00
23.8400      301.00
23.8600      348.00
23.8800      389.00
23.9000      340.00
23.9200      369.00
23.9400      383.00
23.9600      402.00
23.9800      438.00
24.0000      468.00
24.0200      520.00
24.0400      581.00
24.0600      593.00
24.0800      606.00
24.1000      645.00
24.1200      636.00
24.1400      656.00
24.1600      673.00
24.1800      644.00
24.2000      714.00
24.2200      697.00
24.2400      666.00
24.2600      704.00
24.2800      693.00
24.3000      685.00
24.3200      671.00
24.3400      680.00
24.3600      725.00
24.3800      781.00
24.4000      857.00
24.4200      881.00
24.4400      868.00
24.4600      884.00
24.4800      907.00
24.5000      902.00
24.5200      862.00
24.5400      814.00
24.5600      807.00
24.5800      697.00
24.6000      609.00
24.6200      603.00
24.6400      523.00
24.6600      428.00
24.6800      457.00
24.7000      432.00
24.7200      362.00
24.7400      360.00
24.7600      402.00
24.7800      432.00
24.8000      423.00
24.8200      400.00
24.8400      488.00
24.8600      569.00
24.8800      588.00
24.9000      637.00
24.9200      703.00
24.9400      788.00
24.9600      778.00
24.9800      851.00
25.0000      877.00
25.0200      907.00
25.0400      904.00
25.0600      905.00
25.0800      859.00
25.1000      828.00
25.1200      713.00
25.1400      675.00
25.1600      618.00
25.1800      516.00
25.2000      526.00
25.2200      416.00
25.2400      369.00
25.2600      383.00
25.2800      313.00
25.3000      274.00
25.3200      255.00
25.3400      254.00
25.3600      247.00
25.3800      256.00
25.4000      258.00
25.4200      271.00
25.4400      238.00
25.4600      250.00
25.4800      239.00
25.5000      259.00
25.5200      246.00
25.5400      228.00
25.5600      238.00
25.5800      231.00
25.6000      224.00
25.6200      244.00
25.6400      251.00
25.6600      264.00
25.6800      227.00
25.7000      264.00
25.7200      250.00
25.7400      233.00
25.7600      241.00
25.7800      223.00
25.8000      265.00
25.8200      239.00
25.8400      261.00
25.8600      292.00
25.8800      272.00
25.9000      280.00
25.9200      295.00
25.9400      314.00
25.9600      305.00
25.9800      306.00
26.0000      330.00
26.0200      386.00
26.0400      363.00
26.0600      399.00
26.0800      437.00
26.1000      446.00
26.1200      429.00
26.1400      426.00
26.1600      445.00
26.1800      475.00
26.2000      454.00
26.2200      537.00
26.2400      478.00
26.2600      583.00
26.2800      533.00
26.3000      551.00
26.3200      564.00
26.3400      545.00
26.3600      614.00
26.3800      603.00
26.4000      647.00
26.4200      709.00
26.4400      696.00
26.4600      737.00
26.4800      776.00
26.5000      786.00
26.5200      718.00
26.5400      715.00
26.5600      681.00
26.5800      693.00
26.6000      595.00
26.6200      589.00
26.6400      549.00
26.6600      515.00
26.6800      472.00
26.7000      449.00
26.7200      402.00
26.7400      391.00
26.7600      365.00
26.7800      323.00
26.8000      289.00
26.8200      300.00
26.8400      264.00
26.8600      256.00
26.8800      274.00
26.9000      263.00
26.9200      278.00
26.9400      289.00
26.9600      298.00
26.9800      273.00
27.0000      298.00
27.0200      301.00
27.0400      292.00
27.0600      285.00
27.0800      309.00
27.1000      313.00
27.1200      321.00
27.1400      335.00
27.1600      311.00
27.1800      316.00
27.2000      373.00
27.2200      354.00
27.2400      401.00
27.2600      365.00
27.2800      398.00
27.3000      436.00
27.3200      412.00
27.3400      435.00
27.3600      422.00
27.3800      437.00
27.4000      496.00
27.4200      448.00
27.4400      419.00
27.4600      427.00
27.4800      433.00
27.5000      428.00
27.5200      454.00
27.5400      421.00
27.5600      409.00
27.5800      504.00
27.6000      470.00
27.6200      514.00
27.6400      552.00
27.6600      591.00
27.6800      595.00
27.7000      620.00
27.7200      612.00
27.7400      591.00
27.7600      655.00
27.7800      637.00
27.8000      607.00
27.8200      608.00
27.8400      565.00
27.8600      491.00
27.8800      498.00
27.9000      525.00
27.9200      475.00
27.9400      455.00
27.9600      409.00
27.9800      389.00
28.0000      412.00
28.0200      370.00
28.0400      380.00
28.0600      375.00
28.0800      385.00
28.1000      339.00
28.1200      354.00
28.1400      349.00
28.1600      315.00
28.1800      351.00
28.2000      324.00
28.2200      343.00
28.2400      327.00
28.2600      298.00
28.2800      349.00
28.3000      378.00
28.3200      400.00
28.3400      430.00
28.3600      478.00
28.3800      553.00
28.4000      631.00
28.4200      658.00
28.4400      742.00
28.4600      803.00
28.4800      864.00
28.5000      908.00
28.5200      981.00
28.5400     1056.00
28.5600     1068.00
28.5800     1137.00
28.6000     1066.00
28.6200     1049.00
28.6400     1016.00
28.6600      918.00
28.6800      902.00
28.7000      839.00
28.7200      776.00
28.7400      700.00
28.7600      686.00
28.7800      618.00
28.8000      575.00
28.8200      528.00
28.8400      440.00
28.8600      484.00
28.8800      466.00
28.9000      420.00
28.9200      381.00
28.9400      420.00
28.9600      332.00
28.9800      352.00
29.0000      358.00
29.0200      368.00
29.0400      351.00
29.0600      398.00
29.0800      384.00
29.1000      413.00
29.1200      406.00
29.1400      403.00
29.1600      387.00
29.1800      445.00
29.2000      419.00
29.2200      465.00
29.2400      426.00
29.2600      433.00
29.2800      438.00
29.3000      418.00
29.3200      418.00
29.3400      425.00
29.3600      443.00
29.3800      440.00
29.4000      469.00
29.4200      479.00
29.4400      504.00
29.4600      529.00
29.4800      543.00
29.5000      518.00
29.5200      572.00
29.5400      569.00
29.5600      546.00
29.5800      576.00
29.6000      549.00
29.6200      551.00
29.6400      512.00
29.6600      455.00
29.6800      453.00
29.7000      381.00
29.7200      364.00
29.7400      331.00
29.7600      296.00
29.7800      243.00
29.8000      254.00
29.8200      251.00
29.8400      234.00
29.8600      223.00
29.8800      244.00
29.9000      261.00
29.9200      255.00
29.9400      230.00
29.9600      231.00
29.9800      241.00
30.0000      274.00
30.0200      281.00
30.0400      266.00
30.0600      326.00
30.0800      333.00
30.1000      317.00
30.1200      313.00
30.1400      330.00
30.1600      393.00
30.1800      345.00
30.2000      376.00
30.2200      348.00
30.2400      387.00
30.2600      376.00
30.2800      360.00
30.3000      387.00
30.3200      342.00
30.3400      397.00
30.3600      399.00
30.3800      353.00
30.4000      349.00
30.4200      335.00
30.4400      341.00
30.4600      327.00
30.4800      299.00
30.5000      304.00
30.5200      272.00
30.5400      251.00
30.5600      241.00
30.5800      210.00
30.6000      242.00
30.6200      219.00
30.6400      247.00
30.6600      217.00
30.6800      261.00
30.7000      256.00
30.7200      251.00
30.7400      220.00
30.7600      246.00
30.7800      273.00
30.8000      232.00
30.8200      250.00
30.8400      264.00
30.8600      230.00
30.8800      261.00
30.9000      245.00
30.9200      239.00
30.9400      225.00
30.9600      232.00
30.9800      220.00
31.0000      246.00
31.0200      248.00
31.0400      227.00
31.0600      260.00
31.0800      233.00
31.1000      248.00
31.1200      239.00
31.1400      238.00
31.1600      240.00
31.1800      232.00
31.2000      224.00
31.2200      201.00
31.2400      218.00
31.2600      210.00
31.2800      213.00
31.3000      210.00
31.3200      187.00
31.3400      199.00
31.3600      217.00
31.3800      226.00
31.4000      205.00
31.4200      239.00
31.4400      202.00
31.4600      213.00
31.4800      238.00
31.5000      182.00
31.5200      237.00
31.5400      258.00
31.5600      215.00
31.5800      241.00
31.6000      273.00
31.6200      229.00
31.6400      234.00
31.6600      301.00
31.6800      230.00
31.7000      230.00
31.7200      259.00
31.7400      278.00
31.7600      258.00
31.7800      243.00
31.8000      243.00
31.8200      227.00
31.8400      224.00
31.8600      211.00
31.8800      235.00
31.9000      233.00
31.9200      248.00
31.9400      244.00
31.9600      244.00
31.9800      248.00
32.0000      279.00
