 2.9700      184.00
 2.9900      175.00
 3.0100      201.00
 3.0300      192.00
 3.0500      183.00
 3.0700      203.00
 3.0900      204.00
 3.1100      158.00
 3.1300      181.00
 3.1500      182.00
 3.1700      196.00
 3.1900      171.00
 3.2100      178.00
 3.2300      207.00
 3.2500      167.00
 3.2700      192.00
 3.2900      217.00
 3.3100      161.00
 3.3300      191.00
 3.3500      193.00
 3.3700      185.00
 3.3900      168.00
 3.4100      169.00
 3.4300      180.00
 3.4500      174.00
 3.4700      195.00
 3.4900      183.00
 3.5100      157.00
 3.5300      177.00
 3.5500      173.00
 3.5700      175.00
 3.5900      158.00
 3.6100      182.00
 3.6300      146.00
 3.6500      156.00
 3.6700      169.00
 3.6900      174.00
 3.7100      173.00
 3.7300      145.00
 3.7500      150.00
 3.7700      168.00
 3.7900      173.00
 3.8100      192.00
 3.8300      144.00
 3.8500      149.00
 3.8700      165.00
 3.8900      130.00
 3.9100      178.00
 3.9300      146.00
 3.9500      153.00
 3.9700      143.00
 3.9900      156.00
 4.0100      146.00
 4.0300      153.00
 4.0500      168.00
 4.0700      145.00
 4.0900      144.00
 4.1100      150.00
 4.1300      139.00
 4.1500      140.00
 4.1700      114.00
 4.1900      131.00
 4.2100      127.00
 4.2300      125.00
 4.2500      135.00
 4.2700      138.00
 4.2900      125.00
 4.3100      122.00
 4.3300      129.00
 4.3500      152.00
 4.3700      123.00
 4.3900      126.00
 4.4100      139.00
 4.4300      134.00
 4.4500      133.00
 4.4700      128.00
 4.4900      137.00
 4.5100      133.00
 4.5300      126.00
 4.5500      115.00
 4.5700      131.00
 4.5900      120.00
 4.6100      127.00
 4.6300      139.00
 4.6500      129.00
 4.6700      107.00
 4.6900      149.00
 4.7100      148.00
 4.7300      140.00
 4.7500      125.00
 4.7700      134.00
 4.7900      137.00
 4.8100      122.00
 4.8300      136.00
 4.8500      139.00
 4.8700      136.00
 4.8900      145.00
 4.9100      113.00
 4.9300      127.00
 4.9500      114.00
 4.9700      105.00
 4.9900      115.00
 5.0100      108.00
 5.0300      126.00
 5.0500      123.00
 5.0700      110.00
 5.0900      124.00
 5.1100      127.00
 5.1300      120.00
 5.1500      114.00
 5.1700      120.00
 5.1900      113.00
 5.2100      114.00
 5.2300      111.00
 5.2500      118.00
 5.2700      114.00
 5.2900      142.00
 5.3100      126.00
 5.3300      118.00
 5.3500      117.00
 5.3700      132.00
 5.3900      127.00
 5.4100      120.00
 5.4300      154.00
 5.4500      126.00
 5.4700      138.00
 5.4900      155.00
 5.5100      126.00
 5.5300      159.00
 5.5500      139.00
 5.5700      158.00
 5.5900      161.00
 5.6100      143.00
 5.6300      176.00
 5.6500      189.00
 5.6700      188.00
 5.6900      192.00
 5.7100      193.00
 5.7300      222.00
 5.7500      223.00
 5.7700      227.00
 5.7900      247.00
 5.8100      288.00
 5.8300      265.00
 5.8500      280.00
 5.8700      259.00
 5.8900      283.00
 5.9100      291.00
 5.9300      332.00
 5.9500      362.00
 5.9700      356.00
 5.9900      380.00
 6.0100      419.00
 6.0300      450.00
 6.0500      483.00
 6.0700      534.00
 6.0900      594.00
 6.1100      636.00
 6.1300      685.00
 6.1500      765.00
 6.1700      828.00
 6.1900      872.00
 6.2100     1011.00
 6.2300     1196.00
 6.2500     1357.00
 6.2700     1509.00
 6.2900     1634.00
 6.3100     1732.00
 6.3300     1906.00
 6.3500     1998.00
 6.3700     2026.00
 6.3900     2136.00
 6.4100     2055.00
 6.4300     1908.00
 6.4500     1786.00
 6.4700     1545.00
 6.4900     1299.00
 6.5100     1061.00
 6.5300      797.00
 6.5500      574.00
 6.5700      447.00
 6.5900      331.00
 6.6100      262.00
 6.6300      226.00
 6.6500      197.00
 6.6700      189.00
 6.6900      197.00
 6.7100      185.00
 6.7300      167.00
 6.7500      167.00
 6.7700      167.00
 6.7900      151.00
 6.8100      180.00
 6.8300      143.00
 6.8500      163.00
 6.8700      138.00
 6.8900      147.00
 6.9100      156.00
 6.9300      158.00
 6.9500      132.00
 6.9700      145.00
 6.9900      136.00
 7.0100      145.00
 7.0300      136.00
 7.0500      144.00
 7.0700      117.00
 7.0900      138.00
 7.1100      135.00
 7.1300      147.00
 7.1500      132.00
 7.1700      142.00
 7.1900      135.00
 7.2100      139.00
 7.2300      143.00
 7.2500      132.00
 7.2700      155.00
 7.2900      139.00
 7.3100      152.00
 7.3300      130.00
 7.3500      125.00
 7.3700      122.00
 7.3900      125.00
 7.4100      129.00
 7.4300      123.00
 7.4500      116.00
 7.4700      127.00
 7.4900      116.00
 7.5100      124.00
 7.5300      134.00
 7.5500      128.00
 7.5700      104.00
 7.5900      104.00
 7.6100      117.00
 7.6300      119.00
 7.6500      108.00
 7.6700      138.00
 7.6900      119.00
 7.7100      121.00
 7.7300      135.00
 7.7500      111.00
 7.7700      122.00
 7.7900      132.00
 7.8100      103.00
 7.8300      106.00
 7.8500      122.00
 7.8700      114.00
 7.8900      119.00
 7.9100      132.00
 7.9300      109.00
 7.9500      108.00
 7.9700      110.00
 7.9900      112.00
 8.0100      116.00
 8.0300      111.00
 8.0500      105.00
 8.0700      116.00
 8.0900      108.00
 8.1100      107.00
 8.1300      114.00
 8.1500      133.00
 8.1700      122.00
 8.1900      113.00
 8.2100      121.00
 8.2300      106.00
 8.2500      113.00
 8.2700      114.00
 8.2900      114.00
 8.3100      133.00
 8.3300       90.00
 8.3500      108.00
 8.3700      117.00
 8.3900      109.00
 8.4100      118.00
 8.4300      118.00
 8.4500      117.00
 8.4700      107.00
 8.4900      112.00
 8.5100      107.00
 8.5300      108.00
 8.5500      105.00
 8.5700      107.00
 8.5900      114.00
 8.6100      114.00
 8.6300       97.00
 8.6500       97.00
 8.6700      106.00
 8.6900      116.00
 8.7100      125.00
 8.7300      118.00
 8.7500      119.00
 8.7700      113.00
 8.7900      105.00
 8.8100      120.00
 8.8300      119.00
 8.8500      135.00
 8.8700      111.00
 8.8900      104.00
 8.9100      126.00
 8.9300      122.00
 8.9500      121.00
 8.9700      122.00
 8.9900      143.00
 9.0100      119.00
 9.0300      134.00
 9.0500      137.00
 9.0700      139.00
 9.0900      146.00
 9.1100      148.00
 9.1300      149.00
 9.1500      164.00
 9.1700      179.00
 9.1900      201.00
 9.2100      222.00
 9.2300      241.00
 9.2500      228.00
 9.2700      235.00
 9.2900      238.00
 9.3100      299.00
 9.3300      239.00
 9.3500      248.00
 9.3700      260.00
 9.3900      229.00
 9.4100      258.00
 9.4300      274.00
 9.4500      234.00
 9.4700      265.00
 9.4900      267.00
 9.5100      275.00
 9.5300      283.00
 9.5500      277.00
 9.5700      297.00
 9.5900      299.00
 9.6100      282.00
 9.6300      259.00
 9.6500      249.00
 9.6700      210.00
 9.6900      185.00
 9.7100      175.00
 9.7300      141.00
 9.7500      141.00
 9.7700      153.00
 9.7900      132.00
 9.8100      123.00
 9.8300      128.00
 9.8500      144.00
 9.8700      131.00
 9.8900      130.00
 9.9100      148.00
 9.9300      131.00
 9.9500      166.00
 9.9700      149.00
 9.9900      146.00
10.0100      182.00
10.0300      142.00
10.0500      159.00
10.0700      134.00
10.0900      132.00
10.1100      155.00
10.1300      122.00
10.1500      143.00
10.1700      127.00
10.1900      121.00
10.2100      115.00
10.2300      123.00
10.2500      115.00
10.2700      117.00
10.2900      113.00
10.3100      112.00
10.3300      126.00
10.3500      130.00
10.3700      127.00
10.3900      113.00
10.4100      129.00
10.4300      109.00
10.4500      139.00
10.4700      126.00
10.4900      127.00
10.5100      155.00
10.5300      141.00
10.5500      157.00
10.5700      156.00
10.5900      144.00
10.6100      138.00
10.6300      179.00
10.6500      171.00
10.6700      203.00
10.6900      215.00
10.7100      217.00
10.7300      248.00
10.7500      233.00
10.7700      275.00
10.7900      323.00
10.8100      313.00
10.8300      342.00
10.8500      365.00
10.8700      355.00
10.8900      348.00
10.9100      345.00
10.9300      288.00
10.9500      286.00
10.9700      264.00
10.9900      236.00
11.0100      181.00
11.0300      205.00
11.0500      172.00
11.0700      159.00
11.0900      151.00
11.1100      135.00
11.1300      143.00
11.1500      134.00
11.1700      159.00
11.1900      129.00
11.2100      142.00
11.2300      119.00
11.2500      138.00
11.2700      154.00
11.2900      137.00
11.3100      132.00
11.3300      139.00
11.3500      142.00
11.3700      136.00
11.3900      109.00
11.4100      139.00
11.4300      114.00
11.4500      145.00
11.4700      121.00
11.4900      133.00
11.5100      136.00
11.5300      147.00
11.5500      125.00
11.5700      144.00
11.5900      177.00
11.6100      148.00
11.6300      147.00
11.6500      172.00
11.6700      174.00
11.6900      193.00
11.7100      185.00
11.7300      213.00
11.7500      185.00
11.7700      245.00
11.7900      253.00
11.8100      268.00
11.8300      274.00
11.8500      268.00
11.8700      277.00
11.8900      268.00
11.9100      248.00
11.9300      232.00
11.9500      258.00
11.9700      214.00
11.9900      215.00
12.0100      227.00
12.0300      215.00
12.0500      254.00
12.0700      262.00
12.0900      250.00
12.1100      236.00
12.1300      232.00
12.1500      248.00
12.1700      201.00
12.1900      247.00
12.2100      192.00
12.2300      178.00
12.2500      180.00
12.2700      168.00
12.2900      154.00
12.3100      184.00
12.3300      135.00
12.3500      175.00
12.3700      172.00
12.3900      170.00
12.4100      194.00
12.4300      190.00
12.4500      202.00
12.4700      237.00
12.4900      249.00
12.5100      255.00
12.5300      289.00
12.5500      278.00
12.5700      331.00
12.5900      340.00
12.6100      406.00
12.6300      456.00
12.6500      500.00
12.6700      602.00
12.6900      670.00
12.7100      745.00
12.7300      767.00
12.7500      855.00
12.7700      840.00
12.7900      860.00
12.8100      895.00
12.8300      846.00
12.8500      745.00
12.8700      658.00
12.8900      571.00
12.9100      462.00
12.9300      365.00
12.9500      334.00
12.9700      234.00
12.9900      223.00
13.0100      196.00
13.0300      164.00
13.0500      170.00
13.0700      150.00
13.0900      174.00
13.1100      150.00
13.1300      126.00
13.1500      148.00
13.1700      126.00
13.1900      138.00
13.2100      125.00
13.2300      128.00
13.2500      151.00
13.2700      148.00
13.2900      149.00
13.3100      147.00
13.3300      126.00
13.3500      142.00
13.3700      133.00
13.3900      142.00
13.4100      139.00
13.4300      123.00
13.4500      142.00
13.4700      141.00
13.4900      162.00
13.5100      158.00
13.5300      145.00
13.5500      140.00
13.5700      114.00
13.5900      152.00
13.6100      159.00
13.6300      136.00
13.6500      155.00
13.6700      134.00
13.6900      153.00
13.7100      152.00
13.7300      154.00
13.7500      156.00
13.7700      142.00
13.7900      147.00
13.8100      151.00
13.8300      139.00
13.8500      133.00
13.8700      130.00
13.8900      135.00
13.9100      145.00
13.9300      155.00
13.9500      165.00
13.9700      144.00
13.9900      151.00
14.0100      143.00
14.0300      121.00
14.0500      138.00
14.0700      167.00
14.0900      174.00
14.1100      179.00
14.1300      164.00
14.1500      182.00
14.1700      191.00
14.1900      209.00
14.2100      221.00
14.2300      217.00
14.2500      244.00
14.2700      227.00
14.2900      263.00
14.3100      250.00
14.3300      254.00
14.3500      294.00
14.3700      257.00
14.3900      276.00
14.4100      261.00
14.4300      259.00
14.4500      227.00
14.4700      220.00
14.4900      211.00
14.5100      180.00
14.5300      172.00
14.5500      173.00
14.5700      155.00
14.5900      142.00
14.6100      166.00
14.6300      156.00
14.6500      164.00
14.6700      133.00
14.6900      165.00
14.7100      171.00
14.7300      165.00
14.7500      176.00
14.7700      186.00
14.7900      211.00
14.8100      249.00
14.8300      246.00
14.8500      252.00
14.8700      262.00
14.8900      294.00
14.9100      312.00
14.9300      338.00
14.9500      344.00
14.9700      342.00
14.9900      346.00
15.0100      330.00
15.0300      268.00
15.0500      259.00
15.0700      241.00
15.0900      216.00
15.1100      214.00
15.1300      177.00
15.1500      178.00
15.1700      161.00
15.1900      136.00
15.2100      173.00
15.2300      137.00
15.2500      144.00
15.2700      162.00
15.2900      164.00
15.3100      127.00
15.3300      159.00
15.3500      142.00
15.3700      150.00
15.3900      181.00
15.4100      164.00
15.4300      163.00
15.4500      161.00
15.4700      171.00
15.4900      186.00
15.5100      190.00
15.5300      195.00
15.5500      170.00
15.5700      180.00
15.5900      183.00
15.6100      179.00
15.6300      178.00
15.6500      179.00
15.6700      196.00
15.6900      203.00
15.7100      200.00
15.7300      190.00
15.7500      188.00
15.7700      201.00
15.7900      194.00
15.8100      170.00
15.8300      201.00
15.8500      171.00
15.8700      201.00
15.8900      172.00
15.9100      173.00
15.9300      188.00
15.9500      210.00
15.9700      193.00
15.9900      192.00
16.0100      168.00
16.0300      177.00
16.0500      167.00
16.0700      178.00
16.0900      174.00
16.1100      182.00
16.1300      178.00
16.1500      180.00
16.1700      217.00
16.1900      211.00
16.2100      203.00
16.2300      215.00
16.2500      209.00
16.2700      214.00
16.2900      222.00
16.3100      184.00
16.3300      210.00
16.3500      194.00
16.3700      159.00
16.3900      191.00
16.4100      201.00
16.4300      174.00
16.4500      173.00
16.4700      156.00
16.4900      181.00
16.5100      174.00
16.5300      164.00
16.5500      168.00
16.5700      203.00
16.5900      191.00
16.6100      180.00
16.6300      174.00
16.6500      174.00
16.6700      188.00
16.6900      195.00
16.7100      200.00
16.7300      177.00
16.7500      165.00
16.7700      173.00
16.7900      188.00
16.8100      209.00
16.8300      194.00
16.8500      237.00
16.8700      219.00
16.8900      212.00
16.9100      215.00
16.9300      238.00
16.9500      250.00
16.9700      234.00
16.9900      241.00
17.0100      265.00
17.0300      282.00
17.0500      277.00
17.0700      294.00
17.0900      309.00
17.1100      317.00
17.1300      320.00
17.1500      329.00
17.1700      339.00
17.1900      293.00
17.2100      354.00
17.2300      313.00
17.2500      349.00
17.2700      345.00
17.2900      349.00
17.3100      381.00
17.3300      419.00
17.3500      461.00
17.3700      481.00
17.3900      495.00
17.4100      504.00
17.4300      526.00
17.4500      525.00
17.4700      454.00
17.4900      504.00
17.5100      436.00
17.5300      357.00
17.5500      349.00
17.5700      324.00
17.5900      303.00
17.6100      256.00
17.6300      249.00
17.6500      224.00
17.6700      248.00
17.6900      209.00
17.7100      189.00
17.7300      192.00
17.7500      178.00
17.7700      201.00
17.7900      218.00
17.8100      185.00
17.8300      215.00
17.8500      177.00
17.8700      242.00
17.8900      246.00
17.9100      236.00
17.9300      260.00
17.9500      224.00
17.9700      242.00
17.9900      247.00
18.0100      232.00
18.0300      215.00
18.0500      243.00
18.0700      195.00
18.0900      231.00
18.1100      200.00
18.1300      179.00
18.1500      184.00
18.1700      198.00
18.1900      193.00
18.2100      223.00
18.2300      202.00
18.2500      212.00
18.2700      203.00
18.2900      206.00
18.3100      206.00
18.3300      219.00
18.3500      229.00
18.3700      270.00
18.3900      244.00
18.4100      253.00
18.4300      282.00
18.4500      342.00
18.4700      327.00
18.4900      315.00
18.5100      340.00
18.5300      375.00
18.5500      410.00
18.5700      454.00
18.5900      467.00
18.6100      553.00
18.6300      554.00
18.6500      561.00
18.6700      639.00
18.6900      628.00
18.7100      595.00
18.7300      553.00
18.7500      504.00
18.7700      509.00
18.7900      414.00
18.8100      373.00
18.8300      305.00
18.8500      282.00
18.8700      286.00
18.8900      213.00
18.9100      216.00
18.9300      214.00
18.9500      211.00
18.9700      217.00
18.9900      211.00
19.0100      201.00
19.0300      226.00
19.0500      273.00
19.0700      270.00
19.0900      280.00
19.1100      271.00
19.1300      337.00
19.1500      354.00
19.1700      359.00
19.1900      423.00
19.2100      419.00
19.2300      436.00
19.2500      398.00
19.2700      383.00
19.2900      349.00
19.3100      368.00
19.3300      351.00
19.3500      331.00
19.3700      325.00
19.3900      312.00
19.4100      310.00
19.4300      302.00
19.4500      333.00
19.4700      328.00
19.4900      352.00
19.5100      379.00
19.5300      420.00
19.5500      440.00
19.5700      450.00
19.5900      404.00
19.6100      420.00
19.6300      406.00
19.6500      368.00
19.6700      368.00
19.6900      350.00
19.7100      315.00
19.7300      269.00
19.7500      259.00
19.7700      197.00
19.7900      184.00
19.8100      218.00
19.8300      163.00
19.8500      142.00
19.8700      160.00
19.8900      164.00
19.9100      163.00
19.9300      151.00
19.9500      170.00
19.9700      180.00
19.9900      172.00
20.0100      178.00
20.0300      201.00
20.0500      177.00
20.0700      203.00
20.0900      203.00
20.1100      197.00
20.1300      218.00
20.1500      185.00
20.1700      195.00
20.1900      209.00
20.2100      215.00
20.2300      189.00
20.2500      192.00
20.2700      213.00
20.2900      210.00
20.3100      187.00
20.3300      203.00
20.3500      171.00
20.3700      199.00
20.3900      184.00
20.4100      168.00
20.4300      195.00
20.4500      170.00
20.4700      210.00
20.4900      211.00
20.5100      208.00
20.5300      210.00
20.5500      224.00
20.5700      230.00
20.5900      226.00
20.6100      233.00
20.6300      268.00
20.6500      247.00
20.6700      261.00
20.6900      215.00
20.7100      233.00
20.7300      222.00
20.7500      202.00
20.7700      228.00
20.7900      202.00
20.8100      189.00
20.8300      194.00
20.8500      176.00
20.8700      177.00
20.8900      188.00
20.9100      205.00
20.9300      204.00
20.9500      185.00
20.9700      218.00
20.9900      232.00
21.0100      224.00
21.0300      239.00
21.0500      245.00
21.0700      270.00
21.0900      291.00
21.1100      312.00
21.1300      275.00
21.1500      305.00
21.1700      286.00
21.1900      308.00
21.2100      318.00
21.2300      261.00
21.2500      262.00
21.2700      280.00
21.2900      266.00
21.3100      254.00
21.3300      243.00
21.3500      215.00
21.3700      184.00
21.3900      211.00
21.4100      194.00
21.4300      217.00
21.4500      239.00
21.4700      244.00
21.4900      282.00
21.5100      283.00
21.5300      278.00
21.5500      293.00
21.5700      279.00
21.5900      310.00
21.6100      320.00
21.6300      285.00
21.6500      312.00
21.6700      284.00
21.6900      266.00
21.7100      262.00
21.7300      231.00
21.7500      257.00
21.7700      197.00
21.7900      186.00
21.8100      199.00
21.8300      210.00
21.8500      187.00
21.8700      184.00
21.8900      177.00
21.9100      200.00
21.9300      187.00
21.9500      163.00
21.9700      217.00
21.9900      175.00
22.0100      218.00
22.0300      184.00
22.0500      214.00
22.0700      167.00
22.0900      190.00
22.1100      189.00
22.1300      189.00
22.1500      178.00
22.1700      151.00
22.1900      192.00
22.2100      175.00
22.2300      158.00
22.2500      180.00
22.2700      150.00
22.2900      154.00
22.3100      150.00
22.3300      176.00
22.3500      197.00
22.3700      203.00
22.3900      214.00
22.4100      183.00
22.4300      233.00
22.4500      237.00
22.4700      276.00
22.4900      306.00
22.5100      285.00
22.5300      302.00
22.5500      404.00
22.5700      356.00
22.5900      394.00
22.6100      436.00
22.6300      489.00
22.6500      500.00
22.6700      457.00
22.6900      441.00
22.7100      445.00
22.7300      424.00
22.7500      343.00
22.7700      285.00
22.7900      314.00
22.8100      252.00
22.8300      221.00
22.8500      249.00
22.8700      230.00
22.8900      202.00
22.9100      195.00
22.9300      217.00
22.9500      202.00
22.9700      195.00
22.9900      210.00
23.0100      185.00
23.0300      184.00
23.0500      165.00
23.0700      186.00
23.0900      169.00
23.1100      146.00
23.1300      171.00
23.1500      167.00
23.1700      165.00
23.1900      147.00
23.2100      129.00
23.2300      125.00
23.2500      151.00
23.2700      115.00
23.2900      128.00
23.3100      140.00
23.3300      141.00
23.3500      155.00
23.3700      126.00
23.3900      165.00
23.4100      152.00
23.4300      135.00
23.4500      141.00
23.4700      145.00
23.4900      180.00
23.5100      150.00
23.5300      175.00
23.5500      195.00
23.5700      195.00
23.5900      195.00
23.6100      248.00
23.6300      236.00
23.6500      244.00
23.6700      295.00
23.6900      300.00
23.7100      343.00
23.7300      341.00
23.7500      327.00
23.7700      361.00
23.7900      329.00
23.8100      374.00
23.8300      328.00
23.8500      304.00
23.8700      317.00
23.8900      314.00
23.9100      302.00
23.9300      270.00
23.9500      260.00
23.9700      304.00
23.9900      309.00
24.0100      273.00
24.0300      287.00
24.0500      247.00
24.0700      288.00
24.0900      303.00
24.1100      309.00
24.1300      327.00
24.1500      343.00
24.1700      381.00
24.1900      436.00
24.2100      464.00
24.2300      534.00
24.2500      515.00
24.2700      558.00
24.2900      535.00
24.3100      548.00
24.3300      524.00
24.3500      524.00
24.3700      507.00
24.3900      455.00
24.4100      368.00
24.4300      362.00
24.4500      313.00
24.4700      288.00
24.4900      260.00
24.5100      273.00
24.5300      219.00
24.5500      225.00
24.5700      219.00
24.5900      196.00
24.6100      172.00
24.6300      160.00
24.6500      163.00
24.6700      178.00
24.6900      194.00
24.7100      190.00
24.7300      194.00
24.7500      182.00
24.7700      196.00
24.7900      208.00
24.8100      157.00
24.8300      176.00
24.8500      152.00
24.8700      210.00
24.8900      186.00
24.9100      194.00
24.9300      187.00
24.9500      181.00
24.9700      158.00
24.9900      170.00
25.0100      146.00
25.0300      138.00
25.0500      137.00
25.0700      140.00
25.0900      156.00
25.1100      138.00
25.1300      124.00
25.1500      137.00
25.1700      126.00
25.1900      116.00
25.2100      138.00
25.2300      130.00
25.2500      132.00
25.2700      135.00
25.2900      131.00
25.3100      149.00
25.3300      126.00
25.3500      121.00
25.3700      144.00
25.3900      148.00
25.4100      120.00
25.4300      145.00
25.4500      166.00
25.4700      141.00
25.4900      144.00
25.5100      153.00
25.5300      170.00
25.5500      172.00
25.5700      180.00
25.5900      219.00
25.6100      238.00
25.6300      198.00
25.6500      220.00
25.6700      240.00
25.6900      243.00
25.7100      273.00
25.7300      285.00
25.7500      340.00
25.7700      317.00
25.7900      313.00
25.8100      339.00
25.8300      340.00
25.8500      353.00
25.8700      344.00
25.8900      331.00
25.9100      323.00
25.9300      315.00
25.9500      327.00
25.9700      259.00
25.9900      293.00
26.0100      271.00
26.0300      258.00
26.0500      235.00
26.0700      245.00
26.0900      249.00
26.1100      198.00
26.1300      224.00
26.1500      210.00
26.1700      176.00
26.1900      184.00
26.2100      177.00
26.2300      147.00
26.2500      139.00
26.2700      140.00
26.2900      140.00
26.3100      160.00
26.3300      147.00
26.3500      125.00
26.3700      124.00
26.3900      123.00
26.4100      138.00
26.4300      122.00
26.4500      127.00
26.4700      134.00
26.4900      105.00
26.5100      126.00
26.5300      128.00
26.5500      134.00
26.5700      128.00
26.5900      140.00
26.6100      117.00
26.6300      131.00
26.6500      133.00
26.6700      111.00
26.6900      114.00
26.7100      129.00
26.7300      113.00
26.7500      149.00
26.7700      117.00
26.7900      147.00
26.8100      140.00
26.8300      131.00
26.8500      161.00
26.8700      162.00
26.8900      174.00
26.9100      196.00
26.9300      200.00
26.9500      190.00
26.9700      166.00
26.9900      136.00
27.0100      183.00
27.0300      172.00
27.0500      183.00
27.0700      151.00
27.0900      153.00
27.1100      153.00
27.1300      150.00
27.1500      146.00
27.1700      139.00
27.1900      163.00
27.2100      167.00
27.2300      160.00
27.2500      167.00
27.2700      193.00
27.2900      203.00
27.3100      203.00
27.3300      255.00
27.3500      294.00
27.3700      299.00
27.3900      344.00
27.4100      393.00
27.4300      425.00
27.4500      503.00
27.4700      498.00
27.4900      518.00
27.5100      517.00
27.5300      524.00
27.5500      505.00
27.5700      477.00
27.5900      420.00
27.6100      374.00
27.6300      360.00
27.6500      353.00
27.6700      318.00
27.6900      297.00
27.7100      272.00
27.7300      284.00
27.7500      252.00
27.7700      273.00
27.7900      259.00
27.8100      245.00
27.8300      272.00
27.8500      271.00
27.8700      260.00
27.8900      248.00
27.9100      250.00
27.9300      222.00
27.9500      230.00
27.9700      206.00
27.9900      211.00
28.0100      179.00
28.0300      196.00
28.0500      170.00
28.0700      164.00
28.0900      180.00
28.1100      200.00
28.1300      182.00
28.1500      189.00
28.1700      199.00
28.1900      197.00
28.2100      192.00
28.2300      164.00
28.2500      169.00
28.2700      173.00
28.2900      151.00
28.3100      169.00
28.3300      169.00
28.3500      146.00
28.3700      175.00
28.3900      144.00
28.4100      148.00
28.4300      146.00
28.4500      131.00
28.4700      141.00
28.4900      148.00
28.5100      136.00
28.5300      130.00
28.5500      133.00
28.5700      129.00
28.5900      143.00
28.6100      128.00
28.6300      150.00
28.6500      150.00
28.6700      122.00
28.6900      135.00
28.7100      132.00
28.7300      134.00
28.7500      134.00
28.7700      117.00
28.7900      137.00
28.8100      142.00
28.8300      128.00
28.8500      155.00
28.8700      141.00
28.8900      144.00
28.9100      145.00
28.9300      169.00
28.9500      144.00
28.9700      173.00
28.9900      177.00
29.0100      207.00
29.0300      160.00
29.0500      188.00
29.0700      203.00
29.0900      202.00
29.1100      229.00
29.1300      233.00
29.1500      224.00
29.1700      249.00
29.1900      222.00
29.2100      239.00
29.2300      242.00
29.2500      238.00
29.2700      213.00
29.2900      198.00
29.3100      173.00
29.3300      184.00
29.3500      200.00
29.3700      138.00
29.3900      148.00
29.4100      155.00
29.4300      116.00
29.4500      117.00
29.4700      119.00
29.4900      122.00
29.5100      117.00
29.5300      104.00
29.5500      112.00
29.5700      106.00
29.5900       89.00
29.6100      103.00
29.6300      101.00
29.6500       95.00
29.6700      106.00
29.6900      109.00
29.7100       99.00
29.7300       88.00
29.7500      102.00
29.7700      101.00
29.7900       91.00
29.8100      100.00
29.8300       90.00
29.8500      102.00
29.8700       97.00
29.8900      118.00
29.9100      103.00
29.9300      129.00
29.9500       94.00
29.9700       99.00
29.9900      109.00
30.0100      103.00
30.0300      123.00
30.0500      143.00
30.0700      124.00
30.0900      129.00
30.1100      125.00
30.1300      164.00
30.1500      142.00
30.1700      142.00
30.1900      125.00
30.2100      165.00
30.2300      198.00
30.2500      169.00
30.2700      190.00
30.2900      186.00
30.3100      222.00
30.3300      200.00
30.3500      212.00
30.3700      197.00
30.3900      186.00
30.4100      180.00
30.4300      192.00
30.4500      174.00
30.4700      184.00
30.4900      153.00
30.5100      133.00
30.5300      136.00
30.5500      124.00
30.5700      100.00
30.5900      110.00
30.6100      112.00
30.6300      116.00
30.6500      114.00
30.6700      118.00
30.6900      110.00
30.7100      122.00
30.7300      103.00
30.7500      129.00
30.7700      132.00
30.7900      133.00
30.8100      119.00
30.8300      112.00
30.8500      101.00
30.8700      109.00
30.8900       99.00
30.9100      106.00
30.9300       97.00
30.9500      105.00
30.9700      108.00
30.9900      117.00
31.0100      113.00
31.0300       97.00
31.0500      101.00
31.0700      116.00
31.0900      112.00
31.1100      114.00
31.1300       95.00
31.1500       98.00
31.1700      104.00
31.1900      106.00
31.2100      101.00
31.2300       93.00
31.2500       95.00
31.2700       77.00
31.2900       96.00
31.3100       85.00
31.3300       74.00
31.3500      112.00
31.3700       87.00
31.3900      113.00
31.4100       87.00
31.4300       88.00
31.4500       87.00
31.4700       86.00
31.4900       94.00
31.5100       85.00
31.5300       82.00
31.5500       83.00
31.5700       89.00
31.5900       78.00
31.6100       86.00
31.6300       80.00
31.6500       92.00
31.6700      120.00
31.6900       81.00
31.7100       89.00
31.7300       83.00
31.7500      120.00
31.7700      102.00
31.7900      103.00
31.8100      105.00
31.8300      101.00
31.8500      107.00
31.8700      119.00
31.8900       92.00
31.9100      107.00
31.9300       88.00
31.9500      109.00
31.9700       97.00
31.9900      100.00
32.0100      104.00
32.0300       85.00
32.0500      110.00
32.0700       86.00
32.0900      108.00
32.1100      104.00
32.1300      103.00
32.1500      111.00
32.1700      103.00
32.1900      106.00
32.2100       91.00
32.2300      116.00
32.2500      113.00
32.2700       91.00
32.2900      104.00
32.3100      103.00
32.3300      109.00
32.3500      103.00
32.3700       92.00
32.3900      116.00
32.4100      110.00
32.4300      113.00
32.4500      103.00
32.4700       96.00
32.4900       85.00
32.5100      101.00
32.5300       82.00
32.5500       73.00
32.5700       86.00
32.5900      105.00
32.6100      103.00
32.6300       89.00
32.6500      104.00
32.6700      100.00
32.6900       84.00
32.7100       77.00
32.7300       92.00
32.7500       85.00
32.7700       76.00
32.7900       79.00
32.8100       93.00
32.8300       89.00
32.8500       77.00
32.8700       85.00
32.8900       78.00
32.9100       74.00
32.9300       76.00
32.9500      103.00
32.9700       90.00
32.9900       83.00
33.0100       82.00
33.0300      108.00
33.0500      105.00
33.0700      109.00
33.0900      102.00
33.1100      104.00
33.1300      115.00
33.1500      118.00
33.1700       99.00
33.1900      106.00
33.2100       98.00
33.2300       91.00
33.2500      106.00
33.2700       90.00
33.2900       89.00
33.3100       95.00
33.3300      119.00
33.3500      109.00
33.3700      127.00
33.3900      116.00
33.4100      105.00
33.4300      110.00
33.4500      101.00
33.4700       92.00
33.4900      111.00
33.5100       89.00
33.5300       98.00
33.5500      112.00
33.5700       92.00
33.5900       78.00
33.6100       87.00
33.6300       80.00
33.6500       83.00
33.6700       77.00
33.6900       83.00
33.7100       89.00
33.7300       90.00
33.7500       95.00
33.7700       85.00
33.7900       87.00
33.8100       93.00
33.8300       83.00
33.8500       80.00
33.8700       96.00
33.8900       87.00
33.9100       91.00
33.9300       93.00
33.9500       95.00
33.9700      118.00
33.9900       97.00
34.0100      100.00
34.0300       91.00
34.0500      102.00
34.0700      107.00
34.0900      104.00
34.1100      113.00
34.1300      102.00
34.1500      120.00
34.1700      123.00
34.1900      128.00
34.2100      110.00
34.2300      128.00
34.2500      128.00
34.2700      109.00
34.2900      122.00
34.3100      128.00
34.3300      121.00
34.3500      107.00
34.3700       91.00
34.3900      108.00
34.4100       92.00
34.4300       99.00
34.4500      102.00
34.4700       97.00
34.4900       95.00
34.5100       99.00
34.5300       96.00
34.5500       97.00
34.5700       96.00
34.5900       93.00
34.6100      107.00
34.6300      107.00
34.6500       95.00
34.6700       82.00
34.6900      102.00
34.7100      111.00
34.7300      108.00
34.7500       95.00
34.7700       62.00
34.7900       78.00
34.8100      103.00
34.8300       93.00
34.8500       85.00
34.8700      107.00
34.8900       93.00
34.9100      103.00
34.9300       86.00
34.9500       86.00
34.9700       79.00
