 2.2000      306.00
 2.2200      279.00
 2.2400      315.00
 2.2600      305.00
 2.2800      270.00
 2.3000      258.00
 2.3200      265.00
 2.3400      276.00
 2.3600      233.00
 2.3800      260.00
 2.4000      238.00
 2.4200      269.00
 2.4400      260.00
 2.4600      258.00
 2.4800      248.00
 2.5000      265.00
 2.5200      289.00
 2.5400      229.00
 2.5600      260.00
 2.5800      259.00
 2.6000      272.00
 2.6200      260.00
 2.6400      269.00
 2.6600      247.00
 2.6800      264.00
 2.7000      254.00
 2.7200      246.00
 2.7400      239.00
 2.7600      248.00
 2.7800      251.00
 2.8000      224.00
 2.8200      246.00
 2.8400      232.00
 2.8600      242.00
 2.8800      247.00
 2.9000      240.00
 2.9200      233.00
 2.9400      220.00
 2.9600      215.00
 2.9800      215.00
 3.0000      232.00
 3.0200      234.00
 3.0400      254.00
 3.0600      221.00
 3.0800      215.00
 3.1000      195.00
 3.1200      218.00
 3.1400      233.00
 3.1600      214.00
 3.1800      242.00
 3.2000      200.00
 3.2200      210.00
 3.2400      237.00
 3.2600      203.00
 3.2800      205.00
 3.3000      189.00
 3.3200      230.00
 3.3400      206.00
 3.3600      194.00
 3.3800      212.00
 3.4000      206.00
 3.4200      209.00
 3.4400      200.00
 3.4600      218.00
 3.4800      198.00
 3.5000      204.00
 3.5200      199.00
 3.5400      174.00
 3.5600      238.00
 3.5800      172.00
 3.6000      197.00
 3.6200      179.00
 3.6400      178.00
 3.6600      196.00
 3.6800      203.00
 3.7000      175.00
 3.7200      198.00
 3.7400      182.00
 3.7600      167.00
 3.7800      184.00
 3.8000      177.00
 3.8200      179.00
 3.8400      165.00
 3.8600      171.00
 3.8800      150.00
 3.9000      153.00
 3.9200      186.00
 3.9400      202.00
 3.9600      169.00
 3.9800      156.00
 4.0000      176.00
 4.0200      183.00
 4.0400      159.00
 4.0600      186.00
 4.0800      159.00
 4.1000      166.00
 4.1200      142.00
 4.1400      163.00
 4.1600      165.00
 4.1800      161.00
 4.2000      180.00
 4.2200      155.00
 4.2400      152.00
 4.2600      173.00
 4.2800      152.00
 4.3000      159.00
 4.3200      145.00
 4.3400      169.00
 4.3600      129.00
 4.3800      158.00
 4.4000      136.00
 4.4200      140.00
 4.4400      143.00
 4.4600      139.00
 4.4800      121.00
 4.5000      115.00
 4.5200      133.00
 4.5400      130.00
 4.5600      137.00
 4.5800      140.00
 4.6000      137.00
 4.6200      125.00
 4.6400      131.00
 4.6600      136.00
 4.6800      131.00
 4.7000      130.00
 4.7200      140.00
 4.7400      120.00
 4.7600      147.00
 4.7800      145.00
 4.8000      139.00
 4.8200      121.00
 4.8400      118.00
 4.8600      113.00
 4.8800      133.00
 4.9000      132.00
 4.9200      117.00
 4.9400      127.00
 4.9600      140.00
 4.9800      130.00
 5.0000      146.00
 5.0200      132.00
 5.0400      125.00
 5.0600      128.00
 5.0800      130.00
 5.1000      137.00
 5.1200      112.00
 5.1400      133.00
 5.1600      117.00
 5.1800      143.00
 5.2000      128.00
 5.2200      141.00
 5.2400      147.00
 5.2600      125.00
 5.2800      127.00
 5.3000      133.00
 5.3200      144.00
 5.3400      145.00
 5.3600      135.00
 5.3800      122.00
 5.4000      143.00
 5.4200      142.00
 5.4400      120.00
 5.4600      149.00
 5.4800      133.00
 5.5000      116.00
 5.5200      133.00
 5.5400      131.00
 5.5600      106.00
 5.5800      136.00
 5.6000      129.00
 5.6200      138.00
 5.6400      136.00
 5.6600      132.00
 5.6800       98.00
 5.7000      137.00
 5.7200      115.00
 5.7400      125.00
 5.7600      140.00
 5.7800      145.00
 5.8000      144.00
 5.8200      122.00
 5.8400      126.00
 5.8600      133.00
 5.8800      112.00
 5.9000      136.00
 5.9200      132.00
 5.9400      125.00
 5.9600      122.00
 5.9800      126.00
 6.0000      124.00
 6.0200      153.00
 6.0400      139.00
 6.0600      131.00
 6.0800      136.00
 6.1000      126.00
 6.1200      139.00
 6.1400      134.00
 6.1600      144.00
 6.1800      144.00
 6.2000      143.00
 6.2200      129.00
 6.2400      134.00
 6.2600      132.00
 6.2800      137.00
 6.3000      149.00
 6.3200      123.00
 6.3400      131.00
 6.3600      124.00
 6.3800      146.00
 6.4000      147.00
 6.4200      143.00
 6.4400      128.00
 6.4600      133.00
 6.4800      156.00
 6.5000      141.00
 6.5200      124.00
 6.5400      143.00
 6.5600      132.00
 6.5800      151.00
 6.6000      129.00
 6.6200      138.00
 6.6400      150.00
 6.6600      130.00
 6.6800      140.00
 6.7000      126.00
 6.7200      155.00
 6.7400      133.00
 6.7600      135.00
 6.7800      145.00
 6.8000      150.00
 6.8200      131.00
 6.8400      136.00
 6.8600      154.00
 6.8800      185.00
 6.9000      169.00
 6.9200      173.00
 6.9400      157.00
 6.9600      176.00
 6.9800      169.00
 7.0000      160.00
 7.0200      170.00
 7.0400      149.00
 7.0600      160.00
 7.0800      156.00
 7.1000      152.00
 7.1200      159.00
 7.1400      169.00
 7.1600      167.00
 7.1800      135.00
 7.2000      151.00
 7.2200      169.00
 7.2400      141.00
 7.2600      152.00
 7.2800      116.00
 7.3000      153.00
 7.3200      132.00
 7.3400      152.00
 7.3600      122.00
 7.3800      130.00
 7.4000      150.00
 7.4200      136.00
 7.4400      141.00
 7.4600      140.00
 7.4800      137.00
 7.5000      150.00
 7.5200      123.00
 7.5400      158.00
 7.5600      150.00
 7.5800      124.00
 7.6000      151.00
 7.6200      138.00
 7.6400      170.00
 7.6600      145.00
 7.6800      125.00
 7.7000      147.00
 7.7200      123.00
 7.7400      137.00
 7.7600      141.00
 7.7800      144.00
 7.8000      130.00
 7.8200      143.00
 7.8400      123.00
 7.8600      127.00
 7.8800      163.00
 7.9000      144.00
 7.9200      130.00
 7.9400      134.00
 7.9600      140.00
 7.9800      130.00
 8.0000      144.00
 8.0200      132.00
 8.0400      156.00
 8.0600      141.00
 8.0800      143.00
 8.1000      143.00
 8.1200      156.00
 8.1400      161.00
 8.1600      127.00
 8.1800      157.00
 8.2000      144.00
 8.2200      138.00
 8.2400      132.00
 8.2600      155.00
 8.2800      157.00
 8.3000      151.00
 8.3200      161.00
 8.3400      124.00
 8.3600      149.00
 8.3800      151.00
 8.4000      152.00
 8.4200      138.00
 8.4400      161.00
 8.4600      171.00
 8.4800      148.00
 8.5000      144.00
 8.5200      151.00
 8.5400      144.00
 8.5600      158.00
 8.5800      156.00
 8.6000      166.00
 8.6200      142.00
 8.6400      174.00
 8.6600      165.00
 8.6800      155.00
 8.7000      170.00
 8.7200      166.00
 8.7400      179.00
 8.7600      167.00
 8.7800      149.00
 8.8000      166.00
 8.8200      183.00
 8.8400      157.00
 8.8600      177.00
 8.8800      160.00
 8.9000      182.00
 8.9200      194.00
 8.9400      182.00
 8.9600      180.00
 8.9800      171.00
 9.0000      173.00
 9.0200      194.00
 9.0400      183.00
 9.0600      168.00
 9.0800      143.00
 9.1000      183.00
 9.1200      195.00
 9.1400      166.00
 9.1600      158.00
 9.1800      163.00
 9.2000      159.00
 9.2200      167.00
 9.2400      184.00
 9.2600      171.00
 9.2800      171.00
 9.3000      151.00
 9.3200      159.00
 9.3400      154.00
 9.3600      166.00
 9.3800      169.00
 9.4000      148.00
 9.4200      197.00
 9.4400      170.00
 9.4600      155.00
 9.4800      162.00
 9.5000      146.00
 9.5200      134.00
 9.5400      140.00
 9.5600      177.00
 9.5800      160.00
 9.6000      169.00
 9.6200      166.00
 9.6400      163.00
 9.6600      152.00
 9.6800      184.00
 9.7000      165.00
 9.7200      184.00
 9.7400      139.00
 9.7600      161.00
 9.7800      159.00
 9.8000      151.00
 9.8200      170.00
 9.8400      162.00
 9.8600      161.00
 9.8800      179.00
 9.9000      179.00
 9.9200      165.00
 9.9400      168.00
 9.9600      171.00
 9.9800      189.00
10.0000      179.00
10.0200      168.00
10.0400      168.00
10.0600      184.00
10.0800      169.00
10.1000      178.00
10.1200      203.00
10.1400      195.00
10.1600      195.00
10.1800      179.00
10.2000      194.00
10.2200      204.00
10.2400      202.00
10.2600      164.00
10.2800      162.00
10.3000      194.00
10.3200      186.00
10.3400      191.00
10.3600      149.00
10.3800      159.00
10.4000      167.00
10.4200      191.00
10.4400      183.00
10.4600      164.00
10.4800      162.00
10.5000      177.00
10.5200      183.00
10.5400      174.00
10.5600      177.00
10.5800      189.00
10.6000      174.00
10.6200      189.00
10.6400      194.00
10.6600      186.00
10.6800      175.00
10.7000      155.00
10.7200      206.00
10.7400      196.00
10.7600      191.00
10.7800      209.00
10.8000      232.00
10.8200      232.00
10.8400      204.00
10.8600      248.00
10.8800      217.00
10.9000      243.00
10.9200      265.00
10.9400      246.00
10.9600      333.00
10.9800      307.00
11.0000      318.00
11.0200      341.00
11.0400      362.00
11.0600      414.00
11.0800      404.00
11.1000      444.00
11.1200      426.00
11.1400      441.00
11.1600      449.00
11.1800      494.00
11.2000      481.00
11.2200      513.00
11.2400      544.00
11.2600      556.00
11.2800      548.00
11.3000      584.00
11.3200      562.00
11.3400      552.00
11.3600      520.00
11.3800      488.00
11.4000      477.00
11.4200      459.00
11.4400      395.00
11.4600      433.00
11.4800      391.00
11.5000      411.00
11.5200      408.00
11.5400      410.00
11.5600      346.00
11.5800      288.00
11.6000      289.00
11.6200      248.00
11.6400      227.00
11.6600      209.00
11.6800      221.00
11.7000      197.00
11.7200      222.00
11.7400      193.00
11.7600      204.00
11.7800      221.00
11.8000      222.00
11.8200      222.00
11.8400      226.00
11.8600      204.00
11.8800      247.00
11.9000      242.00
11.9200      228.00
11.9400      267.00
11.9600      256.00
11.9800      292.00
12.0000      241.00
12.0200      299.00
12.0400      329.00
12.0600      359.00
12.0800      348.00
12.1000      392.00
12.1200      399.00
12.1400      419.00
12.1600      435.00
12.1800      462.00
12.2000      451.00
12.2200      478.00
12.2400      468.00
12.2600      444.00
12.2800      525.00
12.3000      459.00
12.3200      489.00
12.3400      451.00
12.3600      479.00
12.3800      429.00
12.4000      467.00
12.4200      462.00
12.4400      423.00
12.4600      388.00
12.4800      419.00
12.5000      443.00
12.5200      391.00
12.5400      449.00
12.5600      464.00
12.5800      475.00
12.6000      452.00
12.6200      450.00
12.6400      476.00
12.6600      477.00
12.6800      498.00
12.7000      495.00
12.7200      489.00
12.7400      469.00
12.7600      485.00
12.7800      426.00
12.8000      437.00
12.8200      370.00
12.8400      347.00
12.8600      306.00
12.8800      286.00
12.9000      246.00
12.9200      259.00
12.9400      206.00
12.9600      201.00
12.9800      206.00
13.0000      207.00
13.0200      179.00
13.0400      189.00
13.0600      186.00
13.0800      214.00
13.1000      167.00
13.1200      188.00
13.1400      220.00
13.1600      222.00
13.1800      210.00
13.2000      183.00
13.2200      194.00
13.2400      189.00
13.2600      217.00
13.2800      212.00
13.3000      212.00
13.3200      210.00
13.3400      204.00
13.3600      169.00
13.3800      182.00
13.4000      196.00
13.4200      196.00
13.4400      155.00
13.4600      196.00
13.4800      213.00
13.5000      192.00
13.5200      207.00
13.5400      187.00
13.5600      188.00
13.5800      205.00
13.6000      197.00
13.6200      163.00
13.6400      218.00
13.6600      190.00
13.6800      216.00
13.7000      198.00
13.7200      199.00
13.7400      193.00
13.7600      203.00
13.7800      188.00
13.8000      206.00
13.8200      221.00
13.8400      213.00
13.8600      217.00
13.8800      187.00
13.9000      210.00
13.9200      226.00
13.9400      238.00
13.9600      241.00
13.9800      232.00
14.0000      254.00
14.0200      231.00
14.0400      274.00
14.0600      272.00
14.0800      319.00
14.1000      313.00
14.1200      363.00
14.1400      384.00
14.1600      412.00
14.1800      488.00
14.2000      498.00
14.2200      509.00
14.2400      557.00
14.2600      594.00
14.2800      613.00
14.3000      615.00
14.3200      643.00
14.3400      599.00
14.3600      693.00
14.3800      677.00
14.4000      755.00
14.4200      740.00
14.4400      671.00
14.4600      594.00
14.4800      622.00
14.5000      567.00
14.5200      567.00
14.5400      490.00
14.5600      432.00
14.5800      374.00
14.6000      371.00
14.6200      372.00
14.6400      349.00
14.6600      289.00
14.6800      314.00
14.7000      292.00
14.7200      253.00
14.7400      249.00
14.7600      229.00
14.7800      211.00
14.8000      193.00
14.8200      212.00
14.8400      215.00
14.8600      189.00
14.8800      196.00
14.9000      228.00
14.9200      215.00
14.9400      208.00
14.9600      186.00
14.9800      208.00
15.0000      187.00
15.0200      220.00
15.0400      188.00
15.0600      197.00
15.0800      189.00
15.1000      207.00
15.1200      185.00
15.1400      201.00
15.1600      218.00
15.1800      229.00
15.2000      205.00
15.2200      175.00
15.2400      211.00
15.2600      229.00
15.2800      205.00
15.3000      203.00
15.3200      188.00
15.3400      166.00
15.3600      182.00
15.3800      190.00
15.4000      187.00
15.4200      199.00
15.4400      170.00
15.4600      185.00
15.4800      183.00
15.5000      187.00
15.5200      165.00
15.5400      188.00
15.5600      192.00
15.5800      199.00
15.6000      216.00
15.6200      198.00
15.6400      206.00
15.6600      205.00
15.6800      205.00
15.7000      209.00
15.7200      225.00
15.7400      240.00
15.7600      201.00
15.7800      219.00
15.8000      224.00
15.8200      238.00
15.8400      257.00
15.8600      289.00
15.8800      279.00
15.9000      245.00
15.9200      316.00
15.9400      296.00
15.9600      291.00
15.9800      309.00
16.0000      317.00
16.0200      323.00
16.0400      358.00
16.0600      340.00
16.0800      363.00
16.1000      375.00
16.1200      436.00
16.1400      453.00
16.1600      461.00
16.1800      442.00
16.2000      449.00
16.2200      410.00
16.2400      429.00
16.2600      440.00
16.2800      454.00
16.3000      393.00
16.3200      445.00
16.3400      401.00
16.3600      455.00
16.3800      485.00
16.4000      495.00
16.4200      462.00
16.4400      496.00
16.4600      524.00
16.4800      515.00
16.5000      537.00
16.5200      469.00
16.5400      482.00
16.5600      523.00
16.5800      449.00
16.6000      476.00
16.6200      506.00
16.6400      519.00
16.6600      501.00
16.6800      553.00
16.7000      468.00
16.7200      512.00
16.7400      504.00
16.7600      439.00
16.7800      393.00
16.8000      362.00
16.8200      308.00
16.8400      276.00
16.8600      285.00
16.8800      269.00
16.9000      264.00
16.9200      276.00
16.9400      280.00
16.9600      291.00
16.9800      321.00
17.0000      315.00
17.0200      350.00
17.0400      383.00
17.0600      406.00
17.0800      414.00
17.1000      449.00
17.1200      442.00
17.1400      496.00
17.1600      522.00
17.1800      495.00
17.2000      515.00
17.2200      520.00
17.2400      559.00
17.2600      587.00
17.2800      585.00
17.3000      558.00
17.3200      646.00
17.3400      560.00
17.3600      544.00
17.3800      542.00
17.4000      592.00
17.4200      634.00
17.4400      652.00
17.4600      672.00
17.4800      821.00
17.5000      890.00
17.5200      983.00
17.5400     1092.00
17.5600     1135.00
17.5800     1279.00
17.6000     1484.00
17.6200     1375.00
17.6400     1436.00
17.6600     1501.00
17.6800     1511.00
17.7000     1555.00
17.7200     1567.00
17.7400     1549.00
17.7600     1417.00
17.7800     1415.00
17.8000     1378.00
17.8200     1350.00
17.8400     1204.00
17.8600     1082.00
17.8800      982.00
17.9000      932.00
17.9200      729.00
17.9400      581.00
17.9600      526.00
17.9800      438.00
18.0000      368.00
18.0200      309.00
18.0400      317.00
18.0600      312.00
18.0800      319.00
18.1000      292.00
18.1200      309.00
18.1400      315.00
18.1600      266.00
18.1800      308.00
18.2000      259.00
18.2200      301.00
18.2400      270.00
18.2600      271.00
18.2800      300.00
18.3000      308.00
18.3200      313.00
18.3400      355.00
18.3600      363.00
18.3800      413.00
18.4000      418.00
18.4200      423.00
18.4400      496.00
18.4600      484.00
18.4800      500.00
18.5000      458.00
18.5200      477.00
18.5400      492.00
18.5600      497.00
18.5800      520.00
18.6000      533.00
18.6200      527.00
18.6400      518.00
18.6600      508.00
18.6800      517.00
18.7000      463.00
18.7200      474.00
18.7400      431.00
18.7600      345.00
18.7800      364.00
18.8000      307.00
18.8200      299.00
18.8400      304.00
18.8600      293.00
18.8800      311.00
18.9000      323.00
18.9200      285.00
18.9400      334.00
18.9600      323.00
18.9800      316.00
19.0000      314.00
19.0200      333.00
19.0400      318.00
19.0600      311.00
19.0800      330.00
19.1000      299.00
19.1200      279.00
19.1400      293.00
19.1600      287.00
19.1800      297.00
19.2000      294.00
19.2200      280.00
19.2400      252.00
19.2600      306.00
19.2800      312.00
19.3000      348.00
19.3200      277.00
19.3400      315.00
19.3600      333.00
19.3800      316.00
19.4000      302.00
19.4200      315.00
19.4400      306.00
19.4600      335.00
19.4800      350.00
19.5000      350.00
19.5200      386.00
19.5400      405.00
19.5600      455.00
19.5800      497.00
19.6000      579.00
19.6200      635.00
19.6400      686.00
19.6600      745.00
19.6800      823.00
19.7000      872.00
19.7200      915.00
19.7400      944.00
19.7600      986.00
19.7800     1034.00
19.8000     1019.00
19.8200     1018.00
19.8400     1078.00
19.8600     1014.00
19.8800     1018.00
19.9000      980.00
19.9200      955.00
19.9400      816.00
19.9600      769.00
19.9800      708.00
20.0000      606.00
20.0200      492.00
20.0400      519.00
20.0600      406.00
20.0800      391.00
20.1000      364.00
20.1200      326.00
20.1400      311.00
20.1600      290.00
20.1800      306.00
20.2000      291.00
20.2200      272.00
20.2400      257.00
20.2600      282.00
20.2800      284.00
20.3000      240.00
20.3200      266.00
20.3400      281.00
20.3600      243.00
20.3800      258.00
20.4000      284.00
20.4200      286.00
20.4400      289.00
20.4600      286.00
20.4800      311.00
20.5000      343.00
20.5200      361.00
20.5400      378.00
20.5600      463.00
20.5800      457.00
20.6000      533.00
20.6200      661.00
20.6400      693.00
20.6600      749.00
20.6800      815.00
20.7000      855.00
20.7200      954.00
20.7400      997.00
20.7600     1018.00
20.7800     1022.00
20.8000     1004.00
20.8200     1094.00
20.8400     1187.00
20.8600     1277.00
20.8800     1339.00
20.9000     1387.00
20.9200     1402.00
20.9400     1524.00
20.9600     1480.00
20.9800     1586.00
21.0000     1514.00
21.0200     1579.00
21.0400     1683.00
21.0600     1756.00
21.0800     1799.00
21.1000     1865.00
21.1200     1850.00
21.1400     1908.00
21.1600     1911.00
21.1800     1916.00
21.2000     1860.00
21.2200     1828.00
21.2400     1753.00
21.2600     1591.00
21.2800     1648.00
21.3000     1442.00
21.3200     1305.00
21.3400     1186.00
21.3600     1014.00
21.3800      854.00
21.4000      710.00
21.4200      538.00
21.4400      418.00
21.4600      380.00
21.4800      316.00
21.5000      293.00
21.5200      289.00
21.5400      284.00
21.5600      269.00
21.5800      235.00
21.6000      265.00
21.6200      258.00
21.6400      245.00
21.6600      238.00
21.6800      247.00
21.7000      270.00
21.7200      245.00
21.7400      235.00
21.7600      217.00
21.7800      240.00
21.8000      237.00
21.8200      245.00
21.8400      283.00
21.8600      248.00
21.8800      249.00
21.9000      224.00
21.9200      229.00
21.9400      261.00
21.9600      252.00
21.9800      247.00
22.0000      268.00
22.0200      262.00
22.0400      270.00
22.0600      279.00
22.0800      278.00
22.1000      294.00
22.1200      322.00
22.1400      283.00
22.1600      326.00
22.1800      312.00
22.2000      359.00
22.2200      364.00
22.2400      402.00
22.2600      410.00
22.2800      450.00
22.3000      478.00
22.3200      518.00
22.3400      481.00
22.3600      522.00
22.3800      573.00
22.4000      587.00
22.4200      641.00
22.4400      682.00
22.4600      668.00
22.4800      694.00
22.5000      717.00
22.5200      736.00
22.5400      816.00
22.5600      843.00
22.5800      858.00
22.6000      958.00
22.6200      978.00
22.6400      993.00
22.6600      957.00
22.6800      937.00
22.7000      906.00
22.7200      938.00
22.7400     1013.00
22.7600     1017.00
22.7800      964.00
22.8000      970.00
22.8200      962.00
22.8400      989.00
22.8600      898.00
22.8800      874.00
22.9000      827.00
22.9200      789.00
22.9400      708.00
22.9600      657.00
22.9800      654.00
23.0000      596.00
23.0200      620.00
23.0400      655.00
23.0600      593.00
23.0800      702.00
23.1000      716.00
23.1200      750.00
23.1400      691.00
23.1600      768.00
23.1800      726.00
23.2000      668.00
23.2200      668.00
23.2400      679.00
23.2600      647.00
23.2800      636.00
23.3000      686.00
23.3200      651.00
23.3400      627.00
23.3600      618.00
23.3800      674.00
23.4000      627.00
23.4200      635.00
23.4400      635.00
23.4600      559.00
23.4800      591.00
23.5000      587.00
23.5200      562.00
23.5400      572.00
23.5600      585.00
23.5800      570.00
23.6000      513.00
23.6200      466.00
23.6400      478.00
23.6600      522.00
23.6800      504.00
23.7000      430.00
23.7200      375.00
23.7400      366.00
23.7600      329.00
23.7800      344.00
23.8000      294.00
23.8200      302.00
23.8400      327.00
23.8600      297.00
23.8800      302.00
23.9000      337.00
23.9200      338.00
23.9400      363.00
23.9600      422.00
23.9800      395.00
24.0000      475.00
24.0200      489.00
24.0400      570.00
24.0600      625.00
24.0800      660.00
24.1000      694.00
24.1200      751.00
24.1400      774.00
24.1600      790.00
24.1800      776.00
24.2000      855.00
24.2200      882.00
24.2400      813.00
24.2600      962.00
24.2800     1011.00
24.3000      984.00
24.3200     1021.00
24.3400     1040.00
24.3600      978.00
24.3800     1034.00
24.4000      987.00
24.4200      972.00
24.4400      933.00
24.4600      939.00
24.4800      916.00
24.5000      923.00
24.5200      909.00
24.5400      917.00
24.5600      935.00
24.5800      898.00
24.6000      789.00
24.6200      784.00
24.6400      755.00
24.6600      702.00
24.6800      649.00
24.7000      570.00
24.7200      505.00
24.7400      454.00
24.7600      400.00
24.7800      369.00
24.8000      370.00
24.8200      362.00
24.8400      368.00
24.8600      433.00
24.8800      425.00
24.9000      496.00
24.9200      530.00
24.9400      583.00
24.9600      579.00
24.9800      649.00
25.0000      621.00
25.0200      659.00
25.0400      651.00
25.0600      560.00
25.0800      652.00
25.1000      594.00
25.1200      645.00
25.1400      633.00
25.1600      627.00
25.1800      592.00
25.2000      563.00
25.2200      516.00
25.2400      432.00
25.2600      410.00
25.2800      393.00
25.3000      344.00
25.3200      282.00
25.3400      278.00
25.3600      257.00
25.3800      240.00
25.4000      249.00
25.4200      239.00
25.4400      220.00
25.4600      239.00
25.4800      220.00
25.5000      217.00
25.5200      218.00
25.5400      212.00
25.5600      223.00
25.5800      227.00
25.6000      208.00
25.6200      215.00
25.6400      240.00
25.6600      179.00
25.6800      196.00
25.7000      204.00
25.7200      235.00
25.7400      199.00
25.7600      196.00
25.7800      205.00
25.8000      225.00
25.8200      212.00
25.8400      253.00
25.8600      251.00
25.8800      252.00
25.9000      229.00
25.9200      218.00
25.9400      250.00
25.9600      283.00
25.9800      292.00
26.0000      326.00
26.0200      312.00
26.0400      306.00
26.0600      349.00
26.0800      334.00
26.1000      374.00
26.1200      372.00
26.1400      408.00
26.1600      437.00
26.1800      414.00
26.2000      447.00
26.2200      478.00
26.2400      467.00
26.2600      511.00
26.2800      468.00
26.3000      469.00
26.3200      499.00
26.3400      484.00
26.3600      540.00
26.3800      447.00
26.4000      471.00
26.4200      507.00
26.4400      502.00
26.4600      513.00
26.4800      506.00
26.5000      524.00
26.5200      497.00
26.5400      460.00
26.5600      494.00
26.5800      489.00
26.6000      435.00
26.6200      425.00
26.6400      436.00
26.6600      392.00
26.6800      449.00
26.7000      399.00
26.7200      332.00
26.7400      348.00
26.7600      339.00
26.7800      316.00
26.8000      322.00
26.8200      290.00
26.8400      301.00
26.8600      254.00
26.8800      276.00
26.9000      254.00
26.9200      247.00
26.9400      251.00
26.9600      215.00
26.9800      250.00
27.0000      251.00
27.0200      243.00
27.0400      228.00
27.0600      246.00
27.0800      265.00
27.1000      230.00
27.1200      311.00
27.1400      291.00
27.1600      267.00
27.1800      296.00
27.2000      268.00
27.2200      263.00
27.2400      276.00
27.2600      292.00
27.2800      305.00
27.3000      316.00
27.3200      322.00
27.3400      337.00
27.3600      354.00
27.3800      344.00
27.4000      371.00
27.4200      355.00
27.4400      374.00
27.4600      399.00
27.4800      381.00
27.5000      444.00
27.5200      431.00
27.5400      474.00
27.5600      520.00
27.5800      532.00
27.6000      578.00
27.6200      649.00
27.6400      669.00
27.6600      718.00
27.6800      765.00
27.7000      822.00
27.7200      778.00
27.7400      795.00
27.7600      913.00
27.7800      884.00
27.8000      860.00
27.8200      915.00
27.8400      904.00
27.8600      928.00
27.8800      898.00
27.9000      874.00
27.9200      793.00
27.9400      749.00
27.9600      742.00
27.9800      641.00
28.0000      587.00
28.0200      474.00
28.0400      430.00
28.0600      359.00
28.0800      354.00
28.1000      333.00
28.1200      359.00
28.1400      310.00
28.1600      316.00
28.1800      294.00
28.2000      304.00
28.2200      308.00
28.2400      339.00
28.2600      289.00
28.2800      280.00
28.3000      287.00
28.3200      346.00
28.3400      312.00
28.3600      344.00
28.3800      400.00
28.4000      409.00
28.4200      495.00
28.4400      523.00
28.4600      565.00
28.4800      637.00
28.5000      656.00
28.5200      747.00
28.5400      744.00
28.5600      815.00
28.5800      823.00
28.6000      896.00
28.6200      898.00
28.6400      929.00
28.6600      891.00
28.6800      953.00
28.7000      968.00
28.7200      966.00
28.7400      866.00
28.7600      821.00
28.7800      794.00
28.8000      682.00
28.8200      703.00
28.8400      624.00
28.8600      585.00
28.8800      533.00
28.9000      535.00
28.9200      485.00
28.9400      477.00
28.9600      507.00
28.9800      450.00
29.0000      453.00
29.0200      421.00
29.0400      389.00
29.0600      361.00
29.0800      380.00
29.1000      385.00
29.1200      356.00
29.1400      391.00
29.1600      403.00
29.1800      436.00
29.2000      402.00
29.2200      417.00
29.2400      413.00
29.2600      418.00
29.2800      399.00
29.3000      453.00
29.3200      440.00
29.3400      465.00
29.3600      443.00
29.3800      443.00
29.4000      481.00
29.4200      461.00
29.4400      475.00
29.4600      473.00
29.4800      532.00
29.5000      467.00
29.5200      481.00
29.5400      435.00
29.5600      482.00
29.5800      473.00
29.6000      475.00
29.6200      492.00
29.6400      455.00
29.6600      446.00
29.6800      423.00
29.7000      386.00
29.7200      401.00
29.7400      383.00
29.7600      342.00
29.7800      320.00
29.8000      298.00
29.8200      293.00
29.8400      262.00
29.8600      242.00
29.8800      240.00
29.9000      191.00
29.9200      214.00
29.9400      204.00
29.9600      210.00
29.9800      215.00
30.0000      245.00
30.0200      200.00
30.0400      229.00
30.0600      230.00
30.0800      223.00
30.1000      249.00
30.1200      268.00
30.1400      233.00
30.1600      313.00
30.1800      309.00
30.2000      325.00
30.2200      303.00
30.2400      345.00
30.2600      372.00
30.2800      342.00
30.3000      352.00
30.3200      367.00
30.3400      364.00
30.3600      365.00
30.3800      366.00
30.4000      340.00
30.4200      353.00
30.4400      317.00
30.4600      318.00
30.4800      306.00
30.5000      313.00
30.5200      302.00
30.5400      291.00
30.5600      278.00
30.5800      267.00
30.6000      260.00
30.6200      256.00
30.6400      249.00
30.6600      257.00
30.6800      262.00
30.7000      273.00
30.7200      262.00
30.7400      235.00
30.7600      256.00
30.7800      251.00
30.8000      264.00
30.8200      266.00
30.8400      255.00
30.8600      271.00
30.8800      269.00
30.9000      255.00
30.9200      234.00
30.9400      248.00
30.9600      241.00
30.9800      231.00
31.0000      231.00
31.0200      218.00
31.0400      211.00
31.0600      211.00
31.0800      218.00
31.1000      218.00
31.1200      221.00
31.1400      213.00
31.1600      204.00
31.1800      212.00
31.2000      184.00
31.2200      197.00
31.2400      202.00
31.2600      197.00
31.2800      173.00
31.3000      164.00
31.3200      214.00
31.3400      183.00
31.3600      173.00
31.3800      176.00
31.4000      162.00
31.4200      190.00
31.4400      186.00
31.4600      169.00
31.4800      199.00
31.5000      184.00
31.5200      206.00
31.5400      184.00
31.5600      229.00
31.5800      192.00
31.6000      207.00
31.6200      174.00
31.6400      215.00
31.6600      200.00
31.6800      206.00
31.7000      215.00
31.7200      208.00
31.7400      243.00
31.7600      239.00
31.7800      226.00
31.8000      209.00
31.8200      263.00
31.8400      236.00
31.8600      220.00
31.8800      195.00
31.9000      219.00
31.9200      218.00
31.9400      215.00
31.9600      219.00
31.9800      198.00
32.0000      219.00
