 2.2800      268.00
 2.3000      321.00
 2.3200      271.00
 2.3400      290.00
 2.3600      270.00
 2.3800      278.00
 2.4000      253.00
 2.4200      257.00
 2.4400      272.00
 2.4600      287.00
 2.4800      278.00
 2.5000      260.00
 2.5200      275.00
 2.5400      258.00
 2.5600      276.00
 2.5800      252.00
 2.6000      283.00
 2.6200      284.00
 2.6400      271.00
 2.6600      275.00
 2.6800      251.00
 2.7000      250.00
 2.7200      281.00
 2.7400      278.00
 2.7600      264.00
 2.7800      254.00
 2.8000      241.00
 2.8200      263.00
 2.8400      266.00
 2.8600      242.00
 2.8800      282.00
 2.9000      296.00
 2.9200      221.00
 2.9400      253.00
 2.9600      278.00
 2.9800      243.00
 3.0000      260.00
 3.0200      246.00
 3.0400      252.00
 3.0600      269.00
 3.0800      230.00
 3.1000      255.00
 3.1200      252.00
 3.1400      219.00
 3.1600      243.00
 3.1800      239.00
 3.2000      245.00
 3.2200      204.00
 3.2400      228.00
 3.2600      208.00
 3.2800      251.00
 3.3000      213.00
 3.3200      234.00
 3.3400      223.00
 3.3600      220.00
 3.3800      215.00
 3.4000      228.00
 3.4200      211.00
 3.4400      188.00
 3.4600      226.00
 3.4800      238.00
 3.5000      181.00
 3.5200      221.00
 3.5400      234.00
 3.5600      214.00
 3.5800      209.00
 3.6000      235.00
 3.6200      180.00
 3.6400      205.00
 3.6600      206.00
 3.6800      187.00
 3.7000      201.00
 3.7200      187.00
 3.7400      193.00
 3.7600      172.00
 3.7800      198.00
 3.8000      189.00
 3.8200      196.00
 3.8400      189.00
 3.8600      196.00
 3.8800      188.00
 3.9000      189.00
 3.9200      157.00
 3.9400      184.00
 3.9600      192.00
 3.9800      169.00
 4.0000      173.00
 4.0200      207.00
 4.0400      181.00
 4.0600      169.00
 4.0800      173.00
 4.1000      168.00
 4.1200      169.00
 4.1400      189.00
 4.1600      181.00
 4.1800      169.00
 4.2000      176.00
 4.2200      162.00
 4.2400      173.00
 4.2600      180.00
 4.2800      173.00
 4.3000      149.00
 4.3200      145.00
 4.3400      145.00
 4.3600      153.00
 4.3800      166.00
 4.4000      153.00
 4.4200      144.00
 4.4400      161.00
 4.4600      159.00
 4.4800      162.00
 4.5000      158.00
 4.5200      142.00
 4.5400      147.00
 4.5600      130.00
 4.5800      126.00
 4.6000      148.00
 4.6200      144.00
 4.6400      136.00
 4.6600      123.00
 4.6800      141.00
 4.7000      119.00
 4.7200      160.00
 4.7400      139.00
 4.7600      140.00
 4.7800      138.00
 4.8000      152.00
 4.8200      141.00
 4.8400      172.00
 4.8600      135.00
 4.8800      139.00
 4.9000      143.00
 4.9200      118.00
 4.9400      132.00
 4.9600      123.00
 4.9800      125.00
 5.0000      146.00
 5.0200      131.00
 5.0400      152.00
 5.0600      128.00
 5.0800      135.00
 5.1000      131.00
 5.1200      132.00
 5.1400      128.00
 5.1600      142.00
 5.1800      150.00
 5.2000      144.00
 5.2200      148.00
 5.2400      135.00
 5.2600      149.00
 5.2800      150.00
 5.3000      148.00
 5.3200      139.00
 5.3400      110.00
 5.3600      147.00
 5.3800      117.00
 5.4000      139.00
 5.4200      125.00
 5.4400      151.00
 5.4600      142.00
 5.4800      150.00
 5.5000      149.00
 5.5200      142.00
 5.5400      138.00
 5.5600      142.00
 5.5800      133.00
 5.6000      146.00
 5.6200      139.00
 5.6400      157.00
 5.6600      154.00
 5.6800      152.00
 5.7000      155.00
 5.7200      146.00
 5.7400      147.00
 5.7600      134.00
 5.7800      125.00
 5.8000      121.00
 5.8200      140.00
 5.8400      141.00
 5.8600      140.00
 5.8800      153.00
 5.9000      121.00
 5.9200      142.00
 5.9400      138.00
 5.9600      180.00
 5.9800      147.00
 6.0000      143.00
 6.0200      143.00
 6.0400      144.00
 6.0600      162.00
 6.0800      142.00
 6.1000      145.00
 6.1200      156.00
 6.1400      152.00
 6.1600      145.00
 6.1800      145.00
 6.2000      137.00
 6.2200      118.00
 6.2400      153.00
 6.2600      154.00
 6.2800      147.00
 6.3000      163.00
 6.3200      149.00
 6.3400      169.00
 6.3600      158.00
 6.3800      149.00
 6.4000      163.00
 6.4200      141.00
 6.4400      169.00
 6.4600      177.00
 6.4800      120.00
 6.5000      140.00
 6.5200      163.00
 6.5400      173.00
 6.5600      150.00
 6.5800      150.00
 6.6000      162.00
 6.6200      165.00
 6.6400      172.00
 6.6600      168.00
 6.6800      152.00
 6.7000      161.00
 6.7200      154.00
 6.7400      177.00
 6.7600      181.00
 6.7800      166.00
 6.8000      172.00
 6.8200      191.00
 6.8400      183.00
 6.8600      183.00
 6.8800      169.00
 6.9000      183.00
 6.9200      205.00
 6.9400      204.00
 6.9600      177.00
 6.9800      188.00
 7.0000      189.00
 7.0200      183.00
 7.0400      196.00
 7.0600      187.00
 7.0800      216.00
 7.1000      202.00
 7.1200      179.00
 7.1400      182.00
 7.1600      155.00
 7.1800      155.00
 7.2000      154.00
 7.2200      142.00
 7.2400      154.00
 7.2600      158.00
 7.2800      148.00
 7.3000      146.00
 7.3200      154.00
 7.3400      121.00
 7.3600      141.00
 7.3800      143.00
 7.4000      161.00
 7.4200      170.00
 7.4400      174.00
 7.4600      150.00
 7.4800      150.00
 7.5000      152.00
 7.5200      158.00
 7.5400      141.00
 7.5600      156.00
 7.5800      145.00
 7.6000      139.00
 7.6200      142.00
 7.6400      145.00
 7.6600      144.00
 7.6800      138.00
 7.7000      138.00
 7.7200      180.00
 7.7400      154.00
 7.7600      135.00
 7.7800      162.00
 7.8000      137.00
 7.8200      134.00
 7.8400      167.00
 7.8600      146.00
 7.8800      161.00
 7.9000      156.00
 7.9200      167.00
 7.9400      166.00
 7.9600      161.00
 7.9800      159.00
 8.0000      165.00
 8.0200      171.00
 8.0400      146.00
 8.0600      160.00
 8.0800      158.00
 8.1000      147.00
 8.1200      152.00
 8.1400      138.00
 8.1600      155.00
 8.1800      151.00
 8.2000      165.00
 8.2200      161.00
 8.2400      145.00
 8.2600      179.00
 8.2800      160.00
 8.3000      148.00
 8.3200      155.00
 8.3400      144.00
 8.3600      167.00
 8.3800      141.00
 8.4000      169.00
 8.4200      163.00
 8.4400      168.00
 8.4600      158.00
 8.4800      183.00
 8.5000      166.00
 8.5200      184.00
 8.5400      197.00
 8.5600      183.00
 8.5800      179.00
 8.6000      169.00
 8.6200      194.00
 8.6400      172.00
 8.6600      149.00
 8.6800      202.00
 8.7000      184.00
 8.7200      162.00
 8.7400      166.00
 8.7600      189.00
 8.7800      202.00
 8.8000      151.00
 8.8200      178.00
 8.8400      214.00
 8.8600      213.00
 8.8800      209.00
 8.9000      209.00
 8.9200      200.00
 8.9400      200.00
 8.9600      188.00
 8.9800      192.00
 9.0000      204.00
 9.0200      197.00
 9.0400      188.00
 9.0600      174.00
 9.0800      178.00
 9.1000      164.00
 9.1200      192.00
 9.1400      145.00
 9.1600      142.00
 9.1800      158.00
 9.2000      160.00
 9.2200      188.00
 9.2400      174.00
 9.2600      192.00
 9.2800      164.00
 9.3000      174.00
 9.3200      181.00
 9.3400      169.00
 9.3600      169.00
 9.3800      170.00
 9.4000      162.00
 9.4200      177.00
 9.4400      181.00
 9.4600      211.00
 9.4800      177.00
 9.5000      170.00
 9.5200      174.00
 9.5400      191.00
 9.5600      180.00
 9.5800      174.00
 9.6000      175.00
 9.6200      175.00
 9.6400      168.00
 9.6600      191.00
 9.6800      208.00
 9.7000      197.00
 9.7200      183.00
 9.7400      196.00
 9.7600      186.00
 9.7800      196.00
 9.8000      184.00
 9.8200      188.00
 9.8400      191.00
 9.8600      168.00
 9.8800      202.00
 9.9000      189.00
 9.9200      199.00
 9.9400      229.00
 9.9600      181.00
 9.9800      197.00
10.0000      206.00
10.0200      204.00
10.0400      189.00
10.0600      220.00
10.0800      204.00
10.1000      207.00
10.1200      209.00
10.1400      218.00
10.1600      232.00
10.1800      200.00
10.2000      219.00
10.2200      198.00
10.2400      187.00
10.2600      223.00
10.2800      195.00
10.3000      196.00
10.3200      195.00
10.3400      194.00
10.3600      212.00
10.3800      187.00
10.4000      193.00
10.4200      201.00
10.4400      222.00
10.4600      199.00
10.4800      172.00
10.5000      202.00
10.5200      207.00
10.5400      197.00
10.5600      227.00
10.5800      212.00
10.6000      193.00
10.6200      196.00
10.6400      221.00
10.6600      207.00
10.6800      191.00
10.7000      206.00
10.7200      213.00
10.7400      241.00
10.7600      222.00
10.7800      223.00
10.8000      246.00
10.8200      250.00
10.8400      250.00
10.8600      247.00
10.8800      272.00
10.9000      293.00
10.9200      308.00
10.9400      328.00
10.9600      345.00
10.9800      362.00
11.0000      406.00
11.0200      396.00
11.0400      416.00
11.0600      416.00
11.0800      433.00
11.1000      449.00
11.1200      489.00
11.1400      516.00
11.1600      465.00
11.1800      556.00
11.2000      551.00
11.2200      536.00
11.2400      550.00
11.2600      526.00
11.2800      548.00
11.3000      542.00
11.3200      554.00
11.3400      508.00
11.3600      449.00
11.3800      501.00
11.4000      511.00
11.4200      507.00
11.4400      443.00
11.4600      467.00
11.4800      446.00
11.5000      432.00
11.5200      412.00
11.5400      342.00
11.5600      287.00
11.5800      270.00
11.6000      262.00
11.6200      260.00
11.6400      212.00
11.6600      264.00
11.6800      237.00
11.7000      226.00
11.7200      224.00
11.7400      228.00
11.7600      238.00
11.7800      246.00
11.8000      269.00
11.8200      261.00
11.8400      269.00
11.8600      271.00
11.8800      290.00
11.9000      270.00
11.9200      307.00
11.9400      284.00
11.9600      359.00
11.9800      318.00
12.0000      358.00
12.0200      370.00
12.0400      401.00
12.0600      414.00
12.0800      435.00
12.1000      436.00
12.1200      499.00
12.1400      565.00
12.1600      544.00
12.1800      595.00
12.2000      607.00
12.2200      580.00
12.2400      631.00
12.2600      600.00
12.2800      606.00
12.3000      629.00
12.3200      537.00
12.3400      552.00
12.3600      546.00
12.3800      544.00
12.4000      456.00
12.4200      431.00
12.4400      440.00
12.4600      393.00
12.4800      434.00
12.5000      404.00
12.5200      452.00
12.5400      437.00
12.5600      474.00
12.5800      445.00
12.6000      481.00
12.6200      509.00
12.6400      490.00
12.6600      502.00
12.6800      535.00
12.7000      509.00
12.7200      537.00
12.7400      456.00
12.7600      409.00
12.7800      409.00
12.8000      300.00
12.8200      330.00
12.8400      286.00
12.8600      242.00
12.8800      258.00
12.9000      262.00
12.9200      235.00
12.9400      262.00
12.9600      222.00
12.9800      244.00
13.0000      230.00
13.0200      265.00
13.0400      225.00
13.0600      202.00
13.0800      228.00
13.1000      192.00
13.1200      255.00
13.1400      204.00
13.1600      225.00
13.1800      234.00
13.2000      223.00
13.2200      259.00
13.2400      260.00
13.2600      229.00
13.2800      232.00
13.3000      223.00
13.3200      211.00
13.3400      219.00
13.3600      208.00
13.3800      194.00
13.4000      231.00
13.4200      223.00
13.4400      210.00
13.4600      228.00
13.4800      216.00
13.5000      183.00
13.5200      249.00
13.5400      217.00
13.5600      235.00
13.5800      210.00
13.6000      232.00
13.6200      226.00
13.6400      220.00
13.6600      233.00
13.6800      215.00
13.7000      237.00
13.7200      247.00
13.7400      211.00
13.7600      276.00
13.7800      260.00
13.8000      233.00
13.8200      254.00
13.8400      260.00
13.8600      283.00
13.8800      255.00
13.9000      245.00
13.9200      272.00
13.9400      256.00
13.9600      258.00
13.9800      293.00
14.0000      292.00
14.0200      316.00
14.0400      323.00
14.0600      316.00
14.0800      325.00
14.1000      384.00
14.1200      412.00
14.1400      467.00
14.1600      479.00
14.1800      523.00
14.2000      534.00
14.2200      597.00
14.2400      647.00
14.2600      642.00
14.2800      708.00
14.3000      707.00
14.3200      778.00
14.3400      799.00
14.3600      843.00
14.3800      749.00
14.4000      742.00
14.4200      747.00
14.4400      661.00
14.4600      617.00
14.4800      612.00
14.5000      523.00
14.5200      499.00
14.5400      464.00
14.5600      403.00
14.5800      400.00
14.6000      374.00
14.6200      371.00
14.6400      342.00
14.6600      350.00
14.6800      305.00
14.7000      270.00
14.7200      233.00
14.7400      280.00
14.7600      252.00
14.7800      226.00
14.8000      245.00
14.8200      241.00
14.8400      238.00
14.8600      266.00
14.8800      249.00
14.9000      221.00
14.9200      243.00
14.9400      240.00
14.9600      226.00
14.9800      222.00
15.0000      238.00
15.0200      249.00
15.0400      215.00
15.0600      236.00
15.0800      228.00
15.1000      228.00
15.1200      208.00
15.1400      240.00
15.1600      225.00
15.1800      246.00
15.2000      239.00
15.2200      205.00
15.2400      223.00
15.2600      204.00
15.2800      219.00
15.3000      218.00
15.3200      210.00
15.3400      214.00
15.3600      223.00
15.3800      242.00
15.4000      180.00
15.4200      235.00
15.4400      217.00
15.4600      231.00
15.4800      217.00
15.5000      214.00
15.5200      229.00
15.5400      247.00
15.5600      224.00
15.5800      214.00
15.6000      225.00
15.6200      213.00
15.6400      235.00
15.6600      207.00
15.6800      232.00
15.7000      222.00
15.7200      202.00
15.7400      237.00
15.7600      238.00
15.7800      229.00
15.8000      270.00
15.8200      265.00
15.8400      265.00
15.8600      269.00
15.8800      289.00
15.9000      301.00
15.9200      323.00
15.9400      298.00
15.9600      346.00
15.9800      354.00
16.0000      374.00
16.0200      374.00
16.0400      382.00
16.0600      393.00
16.0800      419.00
16.1000      455.00
16.1200      465.00
16.1400      477.00
16.1600      474.00
16.1800      476.00
16.2000      460.00
16.2200      497.00
16.2400      504.00
16.2600      503.00
16.2800      495.00
16.3000      500.00
16.3200      550.00
16.3400      545.00
16.3600      605.00
16.3800      558.00
16.4000      569.00
16.4200      528.00
16.4400      612.00
16.4600      598.00
16.4800      585.00
16.5000      630.00
16.5200      609.00
16.5400      654.00
16.5600      673.00
16.5800      672.00
16.6000      686.00
16.6200      697.00
16.6400      746.00
16.6600      668.00
16.6800      570.00
16.7000      628.00
16.7200      545.00
16.7400      471.00
16.7600      464.00
16.7800      371.00
16.8000      371.00
16.8200      347.00
16.8400      329.00
16.8600      321.00
16.8800      311.00
16.9000      349.00
16.9200      363.00
16.9400      388.00
16.9600      386.00
16.9800      456.00
17.0000      502.00
17.0200      522.00
17.0400      557.00
17.0600      630.00
17.0800      572.00
17.1000      664.00
17.1200      688.00
17.1400      667.00
17.1600      709.00
17.1800      739.00
17.2000      763.00
17.2200      764.00
17.2400      764.00
17.2600      742.00
17.2800      670.00
17.3000      676.00
17.3200      592.00
17.3400      570.00
17.3600      575.00
17.3800      545.00
17.4000      591.00
17.4200      611.00
17.4400      730.00
17.4600      741.00
17.4800      876.00
17.5000      898.00
17.5200      983.00
17.5400     1043.00
17.5600     1148.00
17.5800     1114.00
17.6000     1207.00
17.6200     1363.00
17.6400     1320.00
17.6600     1402.00
17.6800     1431.00
17.7000     1305.00
17.7200     1261.00
17.7400     1235.00
17.7600     1169.00
17.7800     1056.00
17.8000      992.00
17.8200      957.00
17.8400      782.00
17.8600      769.00
17.8800      659.00
17.9000      486.00
17.9200      438.00
17.9400      388.00
17.9600      351.00
17.9800      334.00
18.0000      317.00
18.0200      300.00
18.0400      339.00
18.0600      346.00
18.0800      303.00
18.1000      336.00
18.1200      325.00
18.1400      317.00
18.1600      300.00
18.1800      287.00
18.2000      316.00
18.2200      315.00
18.2400      297.00
18.2600      312.00
18.2800      318.00
18.3000      374.00
18.3200      375.00
18.3400      409.00
18.3600      452.00
18.3800      491.00
18.4000      524.00
18.4200      516.00
18.4400      557.00
18.4600      528.00
18.4800      606.00
18.5000      606.00
18.5200      654.00
18.5400      623.00
18.5600      632.00
18.5800      699.00
18.6000      700.00
18.6200      626.00
18.6400      635.00
18.6600      606.00
18.6800      527.00
18.7000      451.00
18.7200      429.00
18.7400      399.00
18.7600      402.00
18.7800      335.00
18.8000      351.00
18.8200      316.00
18.8400      381.00
18.8600      401.00
18.8800      376.00
18.9000      317.00
18.9200      393.00
18.9400      354.00
18.9600      398.00
18.9800      357.00
19.0000      352.00
19.0200      317.00
19.0400      332.00
19.0600      324.00
19.0800      320.00
19.1000      320.00
19.1200      305.00
19.1400      348.00
19.1600      317.00
19.1800      315.00
19.2000      361.00
19.2200      350.00
19.2400      378.00
19.2600      343.00
19.2800      330.00
19.3000      303.00
19.3200      374.00
19.3400      358.00
19.3600      329.00
19.3800      386.00
19.4000      336.00
19.4200      360.00
19.4400      374.00
19.4600      342.00
19.4800      406.00
19.5000      447.00
19.5200      461.00
19.5400      517.00
19.5600      606.00
19.5800      703.00
19.6000      795.00
19.6200      913.00
19.6400      972.00
19.6600     1021.00
19.6800     1035.00
19.7000     1139.00
19.7200     1251.00
19.7400     1316.00
19.7600     1293.00
19.7800     1233.00
19.8000     1326.00
19.8200     1308.00
19.8400     1161.00
19.8600     1191.00
19.8800     1050.00
19.9000      964.00
19.9200      834.00
19.9400      775.00
19.9600      648.00
19.9800      519.00
20.0000      494.00
20.0200      473.00
20.0400      394.00
20.0600      375.00
20.0800      359.00
20.1000      311.00
20.1200      334.00
20.1400      325.00
20.1600      286.00
20.1800      306.00
20.2000      290.00
20.2200      291.00
20.2400      314.00
20.2600      288.00
20.2800      340.00
20.3000      320.00
20.3200      296.00
20.3400      328.00
20.3600      295.00
20.3800      328.00
20.4000      350.00
20.4200      359.00
20.4400      369.00
20.4600      381.00
20.4800      448.00
20.5000      536.00
20.5200      633.00
20.5400      763.00
20.5600      996.00
20.5800     1183.00
20.6000     1354.00
20.6200     1437.00
20.6400     1510.00
20.6600     1508.00
20.6800     1546.00
20.7000     1502.00
20.7200     1443.00
20.7400     1500.00
20.7600     1575.00
20.7800     1652.00
20.8000     1627.00
20.8200     1718.00
20.8400     1691.00
20.8600     1717.00
20.8800     1753.00
20.9000     1701.00
20.9200     1642.00
20.9400     1587.00
20.9600     1560.00
20.9800     1671.00
21.0000     1670.00
21.0200     1726.00
21.0400     1798.00
21.0600     1937.00
21.0800     1947.00
21.1000     2083.00
21.1200     2015.00
21.1400     2153.00
21.1600     2092.00
21.1800     2064.00
21.2000     1982.00
21.2200     1928.00
21.2400     1791.00
21.2600     1763.00
21.2800     1440.00
21.3000     1242.00
21.3200     1076.00
21.3400      903.00
21.3600      781.00
21.3800      584.00
21.4000      451.00
21.4200      400.00
21.4400      396.00
21.4600      325.00
21.4800      336.00
21.5000      297.00
21.5200      261.00
21.5400      278.00
21.5600      310.00
21.5800      302.00
21.6000      231.00
21.6200      286.00
21.6400      259.00
21.6600      281.00
21.6800      249.00
21.7000      276.00
21.7200      261.00
21.7400      266.00
21.7600      284.00
21.7800      284.00
21.8000      262.00
21.8200      278.00
21.8400      300.00
21.8600      274.00
21.8800      320.00
21.9000      275.00
21.9200      265.00
21.9400      282.00
21.9600      291.00
21.9800      279.00
22.0000      286.00
22.0200      295.00
22.0400      284.00
22.0600      310.00
22.0800      341.00
22.1000      351.00
22.1200      350.00
22.1400      364.00
22.1600      352.00
22.1800      399.00
22.2000      453.00
22.2200      494.00
22.2400      526.00
22.2600      561.00
22.2800      588.00
22.3000      634.00
22.3200      630.00
22.3400      690.00
22.3600      711.00
22.3800      736.00
22.4000      788.00
22.4200      881.00
22.4400      971.00
22.4600      954.00
22.4800     1020.00
22.5000     1106.00
22.5200     1115.00
22.5400     1188.00
22.5600     1222.00
22.5800     1267.00
22.6000     1326.00
22.6200     1329.00
22.6400     1421.00
22.6600     1432.00
22.6800     1454.00
22.7000     1500.00
22.7200     1440.00
22.7400     1502.00
22.7600     1462.00
22.7800     1434.00
22.8000     1359.00
22.8200     1332.00
22.8400     1196.00
22.8600     1102.00
22.8800      973.00
22.9000      908.00
22.9200      922.00
22.9400      898.00
22.9600      816.00
22.9800      931.00
23.0000      894.00
23.0200      901.00
23.0400      960.00
23.0600      973.00
23.0800      958.00
23.1000     1022.00
23.1200     1000.00
23.1400      978.00
23.1600      984.00
23.1800      928.00
23.2000      874.00
23.2200      946.00
23.2400      843.00
23.2600      849.00
23.2800      863.00
23.3000      840.00
23.3200      821.00
23.3400      809.00
23.3600      723.00
23.3800      727.00
23.4000      652.00
23.4200      615.00
23.4400      670.00
23.4600      657.00
23.4800      648.00
23.5000      647.00
23.5200      645.00
23.5400      610.00
23.5600      717.00
23.5800      666.00
23.6000      548.00
23.6200      585.00
23.6400      520.00
23.6600      490.00
23.6800      482.00
23.7000      432.00
23.7200      372.00
23.7400      352.00
23.7600      332.00
23.7800      342.00
23.8000      372.00
23.8200      353.00
23.8400      340.00
23.8600      336.00
23.8800      407.00
23.9000      421.00
23.9200      437.00
23.9400      478.00
23.9600      570.00
23.9800      614.00
24.0000      667.00
24.0200      684.00
24.0400      842.00
24.0600      918.00
24.0800      998.00
24.1000     1043.00
24.1200     1135.00
24.1400     1200.00
24.1600     1221.00
24.1800     1282.00
24.2000     1321.00
24.2200     1257.00
24.2400     1371.00
24.2600     1333.00
24.2800     1270.00
24.3000     1214.00
24.3200     1292.00
24.3400     1249.00
24.3600     1207.00
24.3800     1234.00
24.4000     1236.00
24.4200     1221.00
24.4400     1235.00
24.4600     1185.00
24.4800     1214.00
24.5000     1234.00
24.5200     1210.00
24.5400     1211.00
24.5600     1057.00
24.5800     1070.00
24.6000      956.00
24.6200      929.00
24.6400      795.00
24.6600      666.00
24.6800      560.00
24.7000      515.00
24.7200      417.00
24.7400      389.00
24.7600      372.00
24.7800      356.00
24.8000      380.00
24.8200      426.00
24.8400      483.00
24.8600      494.00
24.8800      489.00
24.9000      550.00
24.9200      603.00
24.9400      574.00
24.9600      650.00
24.9800      657.00
25.0000      655.00
25.0200      663.00
25.0400      679.00
25.0600      712.00
25.0800      680.00
25.1000      679.00
25.1200      646.00
25.1400      636.00
25.1600      552.00
25.1800      554.00
25.2000      529.00
25.2200      418.00
25.2400      358.00
25.2600      352.00
25.2800      294.00
25.3000      287.00
25.3200      311.00
25.3400      257.00
25.3600      266.00
25.3800      281.00
25.4000      254.00
25.4200      258.00
25.4400      259.00
25.4600      256.00
25.4800      235.00
25.5000      247.00
25.5200      239.00
25.5400      239.00
25.5600      255.00
25.5800      261.00
25.6000      247.00
25.6200      259.00
25.6400      248.00
25.6600      250.00
25.6800      234.00
25.7000      212.00
25.7200      267.00
25.7400      264.00
25.7600      245.00
25.7800      246.00
25.8000      285.00
25.8200      259.00
25.8400      268.00
25.8600      267.00
25.8800      297.00
25.9000      283.00
25.9200      335.00
25.9400      327.00
25.9600      333.00
25.9800      352.00
26.0000      340.00
26.0200      364.00
26.0400      413.00
26.0600      409.00
26.0800      464.00
26.1000      442.00
26.1200      484.00
26.1400      498.00
26.1600      529.00
26.1800      533.00
26.2000      505.00
26.2200      539.00
26.2400      550.00
26.2600      557.00
26.2800      583.00
26.3000      555.00
26.3200      546.00
26.3400      566.00
26.3600      559.00
26.3800      602.00
26.4000      611.00
26.4200      553.00
26.4400      575.00
26.4600      530.00
26.4800      508.00
26.5000      503.00
26.5200      481.00
26.5400      451.00
26.5600      480.00
26.5800      477.00
26.6000      416.00
26.6200      445.00
26.6400      461.00
26.6600      417.00
26.6800      392.00
26.7000      365.00
26.7200      372.00
26.7400      358.00
26.7600      326.00
26.7800      323.00
26.8000      325.00
26.8200      275.00
26.8400      291.00
26.8600      265.00
26.8800      290.00
26.9000      255.00
26.9200      275.00
26.9400      298.00
26.9600      270.00
26.9800      256.00
27.0000      294.00
27.0200      317.00
27.0400      305.00
27.0600      299.00
27.0800      330.00
27.1000      288.00
27.1200      330.00
27.1400      335.00
27.1600      335.00
27.1800      345.00
27.2000      329.00
27.2200      336.00
27.2400      361.00
27.2600      323.00
27.2800      314.00
27.3000      366.00
27.3200      365.00
27.3400      375.00
27.3600      386.00
27.3800      398.00
27.4000      407.00
27.4200      418.00
27.4400      455.00
27.4600      491.00
27.4800      523.00
27.5000      606.00
27.5200      734.00
27.5400      938.00
27.5600     1184.00
27.5800     1362.00
27.6000     1525.00
27.6200     1640.00
27.6400     1662.00
27.6600     1678.00
27.6800     1662.00
27.7000     1537.00
27.7200     1424.00
27.7400     1439.00
27.7600     1335.00
27.7800     1434.00
27.8000     1329.00
27.8200     1285.00
27.8400     1288.00
27.8600     1167.00
27.8800     1108.00
27.9000     1014.00
27.9200      942.00
27.9400      775.00
27.9600      688.00
27.9800      634.00
28.0000      562.00
28.0200      474.00
28.0400      418.00
28.0600      415.00
28.0800      400.00
28.1000      357.00
28.1200      351.00
28.1400      361.00
28.1600      331.00
28.1800      337.00
28.2000      344.00
28.2200      338.00
28.2400      342.00
28.2600      367.00
28.2800      346.00
28.3000      401.00
28.3200      420.00
28.3400      440.00
28.3600      502.00
28.3800      516.00
28.4000      536.00
28.4200      662.00
28.4400      657.00
28.4600      784.00
28.4800      882.00
28.5000      850.00
28.5200      846.00
28.5400      942.00
28.5600      956.00
28.5800      997.00
28.6000     1024.00
28.6200     1036.00
28.6400     1025.00
28.6600     1119.00
28.6800     1055.00
28.7000     1092.00
28.7200     1022.00
28.7400      925.00
28.7600      893.00
28.7800      811.00
28.8000      828.00
28.8200      731.00
28.8400      694.00
28.8600      642.00
28.8800      628.00
28.9000      645.00
28.9200      623.00
28.9400      582.00
28.9600      579.00
28.9800      525.00
29.0000      553.00
29.0200      527.00
29.0400      438.00
29.0600      494.00
29.0800      479.00
29.1000      477.00
29.1200      469.00
29.1400      509.00
29.1600      449.00
29.1800      510.00
29.2000      552.00
29.2200      569.00
29.2400      523.00
29.2600      539.00
29.2800      519.00
29.3000      533.00
29.3200      571.00
29.3400      527.00
29.3600      537.00
29.3800      566.00
29.4000      564.00
29.4200      601.00
29.4400      546.00
29.4600      564.00
29.4800      582.00
29.5000      568.00
29.5200      517.00
29.5400      577.00
29.5600      538.00
29.5800      535.00
29.6000      522.00
29.6200      474.00
29.6400      517.00
29.6600      450.00
29.6800      424.00
29.7000      387.00
29.7200      371.00
29.7400      397.00
29.7600      344.00
29.7800      314.00
29.8000      288.00
29.8200      287.00
29.8400      241.00
29.8600      248.00
29.8800      235.00
29.9000      262.00
29.9200      240.00
29.9400      250.00
29.9600      261.00
29.9800      271.00
30.0000      282.00
30.0200      289.00
30.0400      267.00
30.0600      328.00
30.0800      326.00
30.1000      312.00
30.1200      348.00
30.1400      356.00
30.1600      376.00
30.1800      371.00
30.2000      412.00
30.2200      412.00
30.2400      393.00
30.2600      429.00
30.2800      401.00
30.3000      426.00
30.3200      413.00
30.3400      418.00
30.3600      439.00
30.3800      391.00
30.4000      453.00
30.4200      431.00
30.4400      380.00
30.4600      356.00
30.4800      359.00
30.5000      351.00
30.5200      336.00
30.5400      330.00
30.5600      350.00
30.5800      318.00
30.6000      328.00
30.6200      311.00
30.6400      323.00
30.6600      344.00
30.6800      355.00
30.7000      324.00
30.7200      318.00
30.7400      371.00
30.7600      357.00
30.7800      306.00
30.8000      353.00
30.8200      364.00
30.8400      335.00
30.8600      343.00
30.8800      321.00
30.9000      320.00
30.9200      295.00
30.9400      279.00
30.9600      302.00
30.9800      279.00
31.0000      269.00
31.0200      295.00
31.0400      285.00
31.0600      222.00
31.0800      265.00
31.1000      262.00
31.1200      261.00
31.1400      264.00
31.1600      265.00
31.1800      246.00
31.2000      250.00
31.2200      241.00
31.2400      253.00
31.2600      232.00
31.2800      237.00
31.3000      218.00
31.3200      202.00
31.3400      233.00
31.3600      230.00
31.3800      218.00
31.4000      225.00
31.4200      212.00
31.4400      213.00
31.4600      223.00
31.4800      217.00
31.5000      267.00
31.5200      260.00
31.5400      249.00
31.5600      264.00
31.5800      260.00
31.6000      244.00
31.6200      253.00
31.6400      301.00
31.6600      258.00
31.6800      286.00
31.7000      272.00
31.7200      256.00
31.7400      286.00
31.7600      263.00
31.7800      277.00
31.8000      260.00
31.8200      270.00
31.8400      284.00
31.8600      263.00
31.8800      255.00
31.9000      248.00
31.9200      230.00
31.9400      261.00
31.9600      296.00
31.9800      260.00
32.0000      281.00
32.0200      292.00
32.0400      263.00
32.0600      310.00
32.0800      310.00
32.1000      350.00
32.1200      314.00
32.1400      310.00
32.1600      321.00
32.1800      323.00
32.2000      333.00
32.2200      346.00
32.2400      352.00
32.2600      335.00
32.2800      352.00
32.3000      323.00
32.3200      338.00
32.3400      340.00
32.3600      365.00
32.3800      364.00
32.4000      364.00
32.4200      370.00
32.4400      391.00
32.4600      363.00
32.4800      365.00
32.5000      391.00
32.5200      403.00
32.5400      438.00
32.5600      450.00
32.5800      411.00
32.6000      467.00
32.6200      496.00
32.6400      472.00
32.6600      505.00
32.6800      512.00
32.7000      498.00
32.7200      492.00
32.7400      492.00
32.7600      493.00
32.7800      506.00
32.8000      444.00
32.8200      488.00
32.8400      418.00
32.8600      429.00
32.8800      390.00
32.9000      380.00
32.9200      363.00
32.9400      323.00
32.9600      322.00
32.9800      318.00
33.0000      286.00
33.0200      301.00
33.0400      283.00
33.0600      291.00
33.0800      286.00
33.1000      280.00
33.1200      290.00
33.1400      349.00
33.1600      326.00
33.1800      346.00
33.2000      319.00
33.2200      333.00
33.2400      382.00
33.2600      351.00
33.2800      350.00
33.3000      400.00
33.3200      383.00
33.3400      407.00
33.3600      399.00
33.3800      429.00
33.4000      420.00
33.4200      444.00
33.4400      451.00
33.4600      451.00
33.4800      466.00
33.5000      419.00
33.5200      435.00
33.5400      439.00
33.5600      411.00
33.5800      377.00
33.6000      431.00
33.6200      385.00
33.6400      350.00
33.6600      356.00
33.6800      338.00
33.7000      351.00
33.7200      339.00
33.7400      318.00
33.7600      275.00
33.7800      241.00
33.8000      266.00
33.8200      265.00
33.8400      281.00
33.8600      227.00
33.8800      252.00
33.9000      249.00
33.9200      252.00
33.9400      235.00
33.9600      232.00
33.9800      257.00
34.0000      211.00
34.0200      272.00
34.0400      289.00
34.0600      297.00
34.0800      320.00
34.1000      352.00
34.1200      345.00
34.1400      424.00
34.1600      419.00
34.1800      449.00
34.2000      457.00
34.2200      430.00
34.2400      506.00
34.2600      483.00
34.2800      495.00
34.3000      506.00
34.3200      521.00
34.3400      476.00
34.3600      474.00
34.3800      496.00
34.4000      412.00
34.4200      413.00
34.4400      366.00
34.4600      322.00
34.4800      303.00
34.5000      308.00
34.5200      291.00
34.5400      270.00
34.5600      222.00
34.5800      240.00
34.6000      253.00
34.6200      263.00
34.6400      267.00
34.6600      271.00
34.6800      311.00
34.7000      333.00
34.7200      310.00
34.7400      301.00
34.7600      319.00
34.7800      292.00
34.8000      292.00
34.8200      284.00
34.8400      304.00
34.8600      273.00
34.8800      289.00
34.9000      256.00
34.9200      286.00
34.9400      301.00
34.9600      281.00
34.9800      270.00
35.0000      276.00
35.0200      275.00
35.0400      265.00
35.0600      275.00
35.0800      264.00
