 2.2000      457.00
 2.2200      456.00
 2.2400      435.00
 2.2600      422.00
 2.2800      444.00
 2.3000      443.00
 2.3200      442.00
 2.3400      425.00
 2.3600      383.00
 2.3800      399.00
 2.4000      416.00
 2.4200      398.00
 2.4400      368.00
 2.4600      378.00
 2.4800      419.00
 2.5000      379.00
 2.5200      394.00
 2.5400      373.00
 2.5600      412.00
 2.5800      364.00
 2.6000      362.00
 2.6200      344.00
 2.6400      353.00
 2.6600      400.00
 2.6800      393.00
 2.7000      398.00
 2.7200      398.00
 2.7400      408.00
 2.7600      379.00
 2.7800      384.00
 2.8000      405.00
 2.8200      363.00
 2.8400      403.00
 2.8600      380.00
 2.8800      368.00
 2.9000      362.00
 2.9200      357.00
 2.9400      323.00
 2.9600      352.00
 2.9800      342.00
 3.0000      367.00
 3.0200      365.00
 3.0400      343.00
 3.0600      320.00
 3.0800      337.00
 3.1000      357.00
 3.1200      343.00
 3.1400      338.00
 3.1600      334.00
 3.1800      350.00
 3.2000      349.00
 3.2200      361.00
 3.2400      343.00
 3.2600      353.00
 3.2800      337.00
 3.3000      351.00
 3.3200      332.00
 3.3400      318.00
 3.3600      326.00
 3.3800      311.00
 3.4000      324.00
 3.4200      309.00
 3.4400      373.00
 3.4600      325.00
 3.4800      323.00
 3.5000      316.00
 3.5200      344.00
 3.5400      315.00
 3.5600      330.00
 3.5800      284.00
 3.6000      304.00
 3.6200      284.00
 3.6400      294.00
 3.6600      341.00
 3.6800      293.00
 3.7000      311.00
 3.7200      298.00
 3.7400      310.00
 3.7600      292.00
 3.7800      293.00
 3.8000      272.00
 3.8200      298.00
 3.8400      282.00
 3.8600      316.00
 3.8800      286.00
 3.9000      307.00
 3.9200      295.00
 3.9400      284.00
 3.9600      284.00
 3.9800      266.00
 4.0000      271.00
 4.0200      260.00
 4.0400      254.00
 4.0600      246.00
 4.0800      260.00
 4.1000      274.00
 4.1200      279.00
 4.1400      259.00
 4.1600      247.00
 4.1800      249.00
 4.2000      266.00
 4.2200      236.00
 4.2400      286.00
 4.2600      268.00
 4.2800      251.00
 4.3000      258.00
 4.3200      228.00
 4.3400      253.00
 4.3600      208.00
 4.3800      249.00
 4.4000      251.00
 4.4200      224.00
 4.4400      221.00
 4.4600      241.00
 4.4800      211.00
 4.5000      266.00
 4.5200      226.00
 4.5400      221.00
 4.5600      223.00
 4.5800      242.00
 4.6000      244.00
 4.6200      221.00
 4.6400      232.00
 4.6600      239.00
 4.6800      245.00
 4.7000      189.00
 4.7200      219.00
 4.7400      208.00
 4.7600      247.00
 4.7800      246.00
 4.8000      242.00
 4.8200      251.00
 4.8400      209.00
 4.8600      259.00
 4.8800      200.00
 4.9000      230.00
 4.9200      219.00
 4.9400      210.00
 4.9600      195.00
 4.9800      210.00
 5.0000      238.00
 5.0200      204.00
 5.0400      197.00
 5.0600      213.00
 5.0800      215.00
 5.1000      225.00
 5.1200      204.00
 5.1400      226.00
 5.1600      231.00
 5.1800      197.00
 5.2000      233.00
 5.2200      191.00
 5.2400      238.00
 5.2600      207.00
 5.2800      216.00
 5.3000      229.00
 5.3200      243.00
 5.3400      247.00
 5.3600      198.00
 5.3800      231.00
 5.4000      270.00
 5.4200      244.00
 5.4400      221.00
 5.4600      250.00
 5.4800      230.00
 5.5000      280.00
 5.5200      265.00
 5.5400      275.00
 5.5600      266.00
 5.5800      283.00
 5.6000      291.00
 5.6200      345.00
 5.6400      311.00
 5.6600      336.00
 5.6800      331.00
 5.7000      318.00
 5.7200      373.00
 5.7400      362.00
 5.7600      424.00
 5.7800      454.00
 5.8000      476.00
 5.8200      477.00
 5.8400      502.00
 5.8600      459.00
 5.8800      530.00
 5.9000      516.00
 5.9200      634.00
 5.9400      646.00
 5.9600      659.00
 5.9800      740.00
 6.0000      805.00
 6.0200      868.00
 6.0400      998.00
 6.0600     1011.00
 6.0800     1108.00
 6.1000     1252.00
 6.1200     1333.00
 6.1400     1507.00
 6.1600     1651.00
 6.1800     1851.00
 6.2000     2020.00
 6.2200     2257.00
 6.2400     2460.00
 6.2600     2596.00
 6.2800     2847.00
 6.3000     2900.00
 6.3200     2948.00
 6.3400     2821.00
 6.3600     2853.00
 6.3800     2558.00
 6.4000     2304.00
 6.4200     1963.00
 6.4400     1603.00
 6.4600     1246.00
 6.4800     1010.00
 6.5000      724.00
 6.5200      603.00
 6.5400      507.00
 6.5600      435.00
 6.5800      355.00
 6.6000      335.00
 6.6200      302.00
 6.6400      280.00
 6.6600      310.00
 6.6800      289.00
 6.7000      260.00
 6.7200      268.00
 6.7400      255.00
 6.7600      255.00
 6.7800      240.00
 6.8000      259.00
 6.8200      250.00
 6.8400      267.00
 6.8600      228.00
 6.8800      242.00
 6.9000      217.00
 6.9200      193.00
 6.9400      228.00
 6.9600      217.00
 6.9800      227.00
 7.0000      211.00
 7.0200      211.00
 7.0400      230.00
 7.0600      204.00
 7.0800      223.00
 7.1000      212.00
 7.1200      205.00
 7.1400      204.00
 7.1600      193.00
 7.1800      200.00
 7.2000      193.00
 7.2200      187.00
 7.2400      206.00
 7.2600      203.00
 7.2800      200.00
 7.3000      176.00
 7.3200      194.00
 7.3400      191.00
 7.3600      191.00
 7.3800      180.00
 7.4000      235.00
 7.4200      197.00
 7.4400      187.00
 7.4600      187.00
 7.4800      200.00
 7.5000      178.00
 7.5200      189.00
 7.5400      182.00
 7.5600      218.00
 7.5800      183.00
 7.6000      210.00
 7.6200      165.00
 7.6400      190.00
 7.6600      181.00
 7.6800      158.00
 7.7000      191.00
 7.7200      155.00
 7.7400      173.00
 7.7600      185.00
 7.7800      159.00
 7.8000      177.00
 7.8200      169.00
 7.8400      183.00
 7.8600      183.00
 7.8800      172.00
 7.9000      169.00
 7.9200      177.00
 7.9400      150.00
 7.9600      169.00
 7.9800      177.00
 8.0000      164.00
 8.0200      173.00
 8.0400      157.00
 8.0600      162.00
 8.0800      151.00
 8.1000      175.00
 8.1200      188.00
 8.1400      161.00
 8.1600      157.00
 8.1800      158.00
 8.2000      179.00
 8.2200      163.00
 8.2400      192.00
 8.2600      147.00
 8.2800      161.00
 8.3000      182.00
 8.3200      168.00
 8.3400      153.00
 8.3600      199.00
 8.3800      167.00
 8.4000      159.00
 8.4200      167.00
 8.4400      160.00
 8.4600      184.00
 8.4800      160.00
 8.5000      154.00
 8.5200      149.00
 8.5400      167.00
 8.5600      147.00
 8.5800      153.00
 8.6000      158.00
 8.6200      182.00
 8.6400      179.00
 8.6600      159.00
 8.6800      139.00
 8.7000      172.00
 8.7200      163.00
 8.7400      169.00
 8.7600      163.00
 8.7800      169.00
 8.8000      166.00
 8.8200      152.00
 8.8400      159.00
 8.8600      175.00
 8.8800      172.00
 8.9000      162.00
 8.9200      151.00
 8.9400      157.00
 8.9600      167.00
 8.9800      170.00
 9.0000      184.00
 9.0200      164.00
 9.0400      168.00
 9.0600      202.00
 9.0800      181.00
 9.1000      157.00
 9.1200      184.00
 9.1400      197.00
 9.1600      162.00
 9.1800      187.00
 9.2000      218.00
 9.2200      184.00
 9.2400      219.00
 9.2600      197.00
 9.2800      197.00
 9.3000      205.00
 9.3200      184.00
 9.3400      206.00
 9.3600      209.00
 9.3800      204.00
 9.4000      217.00
 9.4200      188.00
 9.4400      217.00
 9.4600      183.00
 9.4800      226.00
 9.5000      211.00
 9.5200      238.00
 9.5400      253.00
 9.5600      273.00
 9.5800      249.00
 9.6000      229.00
 9.6200      240.00
 9.6400      240.00
 9.6600      225.00
 9.6800      220.00
 9.7000      211.00
 9.7200      187.00
 9.7400      189.00
 9.7600      164.00
 9.7800      186.00
 9.8000      169.00
 9.8200      188.00
 9.8400      184.00
 9.8600      175.00
 9.8800      175.00
 9.9000      203.00
 9.9200      181.00
 9.9400      171.00
 9.9600      202.00
 9.9800      206.00
10.0000      180.00
10.0200      213.00
10.0400      203.00
10.0600      220.00
10.0800      216.00
10.1000      213.00
10.1200      218.00
10.1400      166.00
10.1600      189.00
10.1800      196.00
10.2000      168.00
10.2200      169.00
10.2400      179.00
10.2600      164.00
10.2800      177.00
10.3000      167.00
10.3200      180.00
10.3400      153.00
10.3600      161.00
10.3800      166.00
10.4000      171.00
10.4200      181.00
10.4400      179.00
10.4600      189.00
10.4800      191.00
10.5000      187.00
10.5200      183.00
10.5400      162.00
10.5600      196.00
10.5800      210.00
10.6000      208.00
10.6200      252.00
10.6400      213.00
10.6600      232.00
10.6800      261.00
10.7000      262.00
10.7200      291.00
10.7400      326.00
10.7600      306.00
10.7800      366.00
10.8000      344.00
10.8200      408.00
10.8400      432.00
10.8600      439.00
10.8800      431.00
10.9000      385.00
10.9200      404.00
10.9400      388.00
10.9600      370.00
10.9800      304.00
11.0000      265.00
11.0200      274.00
11.0400      233.00
11.0600      206.00
11.0800      216.00
11.1000      190.00
11.1200      191.00
11.1400      205.00
11.1600      180.00
11.1800      186.00
11.2000      187.00
11.2200      185.00
11.2400      181.00
11.2600      194.00
11.2800      223.00
11.3000      191.00
11.3200      188.00
11.3400      194.00
11.3600      198.00
11.3800      198.00
11.4000      174.00
11.4200      213.00
11.4400      233.00
11.4600      229.00
11.4800      242.00
11.5000      215.00
11.5200      225.00
11.5400      248.00
11.5600      284.00
11.5800      303.00
11.6000      339.00
11.6200      327.00
11.6400      351.00
11.6600      359.00
11.6800      335.00
11.7000      387.00
11.7200      336.00
11.7400      338.00
11.7600      311.00
11.7800      297.00
11.8000      263.00
11.8200      255.00
11.8400      209.00
11.8600      222.00
11.8800      183.00
11.9000      214.00
11.9200      185.00
11.9400      183.00
11.9600      208.00
11.9800      204.00
12.0000      230.00
12.0200      203.00
12.0400      244.00
12.0600      239.00
12.0800      274.00
12.1000      254.00
12.1200      290.00
12.1400      277.00
12.1600      271.00
12.1800      280.00
12.2000      229.00
12.2200      297.00
12.2400      291.00
12.2600      265.00
12.2800      307.00
12.3000      292.00
12.3200      321.00
12.3400      322.00
12.3600      346.00
12.3800      352.00
12.4000      394.00
12.4200      452.00
12.4400      474.00
12.4600      468.00
12.4800      586.00
12.5000      674.00
12.5200      709.00
12.5400      835.00
12.5600      893.00
12.5800      922.00
12.6000     1076.00
12.6200     1123.00
12.6400     1059.00
12.6600      990.00
12.6800      975.00
12.7000      920.00
12.7200      786.00
12.7400      735.00
12.7600      595.00
12.7800      491.00
12.8000      404.00
12.8200      347.00
12.8400      282.00
12.8600      252.00
12.8800      233.00
12.9000      232.00
12.9200      223.00
12.9400      212.00
12.9600      188.00
12.9800      198.00
13.0000      172.00
13.0200      172.00
13.0400      194.00
13.0600      196.00
13.0800      191.00
13.1000      194.00
13.1200      180.00
13.1400      155.00
13.1600      161.00
13.1800      168.00
13.2000      209.00
13.2200      200.00
13.2400      193.00
13.2600      186.00
13.2800      197.00
13.3000      217.00
13.3200      201.00
13.3400      194.00
13.3600      215.00
13.3800      215.00
13.4000      204.00
13.4200      197.00
13.4400      187.00
13.4600      191.00
13.4800      193.00
13.5000      179.00
13.5200      175.00
13.5400      177.00
13.5600      180.00
13.5800      189.00
13.6000      189.00
13.6200      190.00
13.6400      183.00
13.6600      227.00
13.6800      210.00
13.7000      182.00
13.7200      218.00
13.7400      216.00
13.7600      206.00
13.7800      206.00
13.8000      142.00
13.8200      199.00
13.8400      222.00
13.8600      188.00
13.8800      184.00
13.9000      185.00
13.9200      178.00
13.9400      208.00
13.9600      172.00
13.9800      196.00
14.0000      205.00
14.0200      188.00
14.0400      243.00
14.0600      220.00
14.0800      232.00
14.1000      268.00
14.1200      277.00
14.1400      274.00
14.1600      283.00
14.1800      277.00
14.2000      319.00
14.2200      341.00
14.2400      351.00
14.2600      355.00
14.2800      354.00
14.3000      355.00
14.3200      308.00
14.3400      321.00
14.3600      294.00
14.3800      257.00
14.4000      243.00
14.4200      264.00
14.4400      202.00
14.4600      211.00
14.4800      242.00
14.5000      191.00
14.5200      175.00
14.5400      214.00
14.5600      229.00
14.5800      226.00
14.6000      192.00
14.6200      207.00
14.6400      224.00
14.6600      232.00
14.6800      255.00
14.7000      236.00
14.7200      289.00
14.7400      306.00
14.7600      323.00
14.7800      351.00
14.8000      367.00
14.8200      418.00
14.8400      435.00
14.8600      424.00
14.8800      429.00
14.9000      405.00
14.9200      391.00
14.9400      382.00
14.9600      303.00
14.9800      298.00
15.0000      312.00
15.0200      247.00
15.0400      241.00
15.0600      227.00
15.0800      188.00
15.1000      185.00
15.1200      188.00
15.1400      168.00
15.1600      181.00
15.1800      179.00
15.2000      188.00
15.2200      172.00
15.2400      159.00
15.2600      181.00
15.2800      184.00
15.3000      182.00
15.3200      179.00
15.3400      170.00
15.3600      163.00
15.3800      167.00
15.4000      177.00
15.4200      175.00
15.4400      195.00
15.4600      186.00
15.4800      191.00
15.5000      202.00
15.5200      247.00
15.5400      226.00
15.5600      232.00
15.5800      227.00
15.6000      238.00
15.6200      238.00
15.6400      244.00
15.6600      262.00
15.6800      269.00
15.7000      244.00
15.7200      221.00
15.7400      250.00
15.7600      250.00
15.7800      225.00
15.8000      242.00
15.8200      228.00
15.8400      235.00
15.8600      204.00
15.8800      196.00
15.9000      181.00
15.9200      195.00
15.9400      197.00
15.9600      180.00
15.9800      185.00
16.0000      193.00
16.0200      190.00
16.0400      180.00
16.0600      181.00
16.0800      177.00
16.1000      170.00
16.1200      178.00
16.1400      199.00
16.1600      184.00
16.1800      188.00
16.2000      184.00
16.2200      215.00
16.2400      230.00
16.2600      208.00
16.2800      223.00
16.3000      257.00
16.3200      258.00
16.3400      247.00
16.3600      275.00
16.3800      281.00
16.4000      232.00
16.4200      276.00
16.4400      226.00
16.4600      225.00
16.4800      229.00
16.5000      201.00
16.5200      210.00
16.5400      214.00
16.5600      187.00
16.5800      198.00
16.6000      222.00
16.6200      207.00
16.6400      235.00
16.6600      205.00
16.6800      225.00
16.7000      204.00
16.7200      228.00
16.7400      201.00
16.7600      222.00
16.7800      233.00
16.8000      232.00
16.8200      238.00
16.8400      221.00
16.8600      214.00
16.8800      229.00
16.9000      198.00
16.9200      234.00
16.9400      214.00
16.9600      254.00
16.9800      248.00
17.0000      244.00
17.0200      238.00
17.0400      251.00
17.0600      234.00
17.0800      267.00
17.1000      273.00
17.1200      281.00
17.1400      275.00
17.1600      303.00
17.1800      305.00
17.2000      316.00
17.2200      344.00
17.2400      362.00
17.2600      424.00
17.2800      429.00
17.3000      448.00
17.3200      456.00
17.3400      455.00
17.3600      471.00
17.3800      479.00
17.4000      507.00
17.4200      498.00
17.4400      423.00
17.4600      456.00
17.4800      415.00
17.5000      391.00
17.5200      308.00
17.5400      301.00
17.5600      345.00
17.5800      313.00
17.6000      323.00
17.6200      330.00
17.6400      340.00
17.6600      327.00
17.6800      323.00
17.7000      383.00
17.7200      330.00
17.7400      360.00
17.7600      331.00
17.7800      358.00
17.8000      275.00
17.8200      301.00
17.8400      276.00
17.8600      275.00
17.8800      259.00
17.9000      207.00
17.9200      194.00
17.9400      214.00
17.9600      197.00
17.9800      204.00
18.0000      177.00
18.0200      209.00
18.0400      199.00
18.0600      197.00
18.0800      208.00
18.1000      267.00
18.1200      243.00
18.1400      278.00
18.1600      297.00
18.1800      287.00
18.2000      293.00
18.2200      277.00
18.2400      295.00
18.2600      296.00
18.2800      328.00
18.3000      321.00
18.3200      316.00
18.3400      355.00
18.3600      365.00
18.3800      355.00
18.4000      410.00
18.4200      417.00
18.4400      511.00
18.4600      537.00
18.4800      616.00
18.5000      611.00
18.5200      637.00
18.5400      733.00
18.5600      744.00
18.5800      725.00
18.6000      655.00
18.6200      595.00
18.6400      552.00
18.6600      513.00
18.6800      454.00
18.7000      389.00
18.7200      367.00
18.7400      330.00
18.7600      282.00
18.7800      308.00
18.8000      289.00
18.8200      297.00
18.8400      295.00
18.8600      303.00
18.8800      338.00
18.9000      321.00
18.9200      352.00
18.9400      372.00
18.9600      387.00
18.9800      352.00
19.0000      350.00
19.0200      361.00
19.0400      329.00
19.0600      348.00
19.0800      351.00
19.1000      290.00
19.1200      332.00
19.1400      336.00
19.1600      311.00
19.1800      286.00
19.2000      316.00
19.2200      316.00
19.2400      342.00
19.2600      353.00
19.2800      462.00
19.3000      415.00
19.3200      468.00
19.3400      496.00
19.3600      479.00
19.3800      482.00
19.4000      525.00
19.4200      491.00
19.4400      486.00
19.4600      470.00
19.4800      424.00
19.5000      457.00
19.5200      402.00
19.5400      367.00
19.5600      376.00
19.5800      332.00
19.6000      319.00
19.6200      309.00
19.6400      290.00
19.6600      278.00
19.6800      296.00
19.7000      281.00
19.7200      279.00
19.7400      282.00
19.7600      259.00
19.7800      280.00
19.8000      277.00
19.8200      266.00
19.8400      225.00
19.8600      232.00
19.8800      282.00
19.9000      253.00
19.9200      247.00
19.9400      244.00
19.9600      202.00
19.9800      205.00
20.0000      218.00
20.0200      181.00
20.0400      234.00
20.0600      239.00
20.0800      212.00
20.1000      219.00
20.1200      248.00
20.1400      213.00
20.1600      245.00
20.1800      232.00
20.2000      236.00
20.2200      204.00
20.2400      222.00
20.2600      210.00
20.2800      153.00
20.3000      202.00
20.3200      198.00
20.3400      209.00
20.3600      192.00
20.3800      194.00
20.4000      211.00
20.4200      191.00
20.4400      208.00
20.4600      226.00
20.4800      231.00
20.5000      262.00
20.5200      254.00
20.5400      273.00
20.5600      271.00
20.5800      226.00
20.6000      244.00
20.6200      293.00
20.6400      245.00
20.6600      262.00
20.6800      262.00
20.7000      229.00
20.7200      223.00
20.7400      194.00
20.7600      199.00
20.7800      197.00
20.8000      193.00
20.8200      186.00
20.8400      208.00
20.8600      181.00
20.8800      184.00
20.9000      176.00
20.9200      166.00
20.9400      191.00
20.9600      165.00
20.9800      162.00
21.0000      214.00
21.0200      177.00
21.0400      193.00
21.0600      187.00
21.0800      212.00
21.1000      215.00
21.1200      242.00
21.1400      234.00
21.1600      240.00
21.1800      301.00
21.2000      287.00
21.2200      338.00
21.2400      356.00
21.2600      372.00
21.2800      392.00
21.3000      387.00
21.3200      395.00
21.3400      404.00
21.3600      382.00
21.3800      392.00
21.4000      366.00
21.4200      320.00
21.4400      332.00
21.4600      351.00
21.4800      332.00
21.5000      327.00
21.5200      365.00
21.5400      368.00
21.5600      375.00
21.5800      342.00
21.6000      350.00
21.6200      335.00
21.6400      338.00
21.6600      314.00
21.6800      315.00
21.7000      287.00
21.7200      283.00
21.7400      266.00
21.7600      255.00
21.7800      256.00
21.8000      235.00
21.8200      251.00
21.8400      212.00
21.8600      245.00
21.8800      225.00
21.9000      237.00
21.9200      247.00
21.9400      253.00
21.9600      229.00
21.9800      236.00
22.0000      258.00
22.0200      263.00
22.0400      270.00
22.0600      286.00
22.0800      236.00
22.1000      248.00
22.1200      267.00
22.1400      246.00
22.1600      263.00
22.1800      240.00
22.2000      253.00
22.2200      241.00
22.2400      205.00
22.2600      224.00
22.2800      249.00
22.3000      246.00
22.3200      260.00
22.3400      274.00
22.3600      246.00
22.3800      318.00
22.4000      325.00
22.4200      344.00
22.4400      379.00
22.4600      413.00
22.4800      432.00
22.5000      440.00
22.5200      432.00
22.5400      504.00
22.5600      462.00
22.5800      405.00
22.6000      445.00
22.6200      412.00
22.6400      373.00
22.6600      314.00
22.6800      307.00
22.7000      298.00
22.7200      259.00
22.7400      244.00
22.7600      236.00
22.7800      221.00
22.8000      204.00
22.8200      205.00
22.8400      196.00
22.8600      194.00
22.8800      164.00
22.9000      206.00
22.9200      150.00
22.9400      178.00
22.9600      178.00
22.9800      184.00
23.0000      189.00
23.0200      193.00
23.0400      160.00
23.0600      213.00
23.0800      180.00
23.1000      184.00
23.1200      182.00
23.1400      165.00
23.1600      194.00
23.1800      177.00
23.2000      199.00
23.2200      185.00
23.2400      171.00
23.2600      178.00
23.2800      196.00
23.3000      183.00
23.3200      220.00
23.3400      213.00
23.3600      198.00
23.3800      214.00
23.4000      246.00
23.4200      275.00
23.4400      280.00
23.4600      268.00
23.4800      307.00
23.5000      290.00
23.5200      312.00
23.5400      291.00
23.5600      322.00
23.5800      301.00
23.6000      296.00
23.6200      293.00
23.6400      313.00
23.6600      311.00
23.6800      299.00
23.7000      330.00
23.7200      367.00
23.7400      359.00
23.7600      351.00
23.7800      363.00
23.8000      385.00
23.8200      355.00
23.8400      368.00
23.8600      396.00
23.8800      434.00
23.9000      396.00
23.9200      403.00
23.9400      441.00
23.9600      477.00
23.9800      459.00
24.0000      472.00
24.0200      528.00
24.0400      522.00
24.0600      534.00
24.0800      547.00
24.1000      505.00
24.1200      539.00
24.1400      533.00
24.1600      509.00
24.1800      470.00
24.2000      451.00
24.2200      438.00
24.2400      406.00
24.2600      377.00
24.2800      398.00
24.3000      405.00
24.3200      389.00
24.3400      389.00
24.3600      349.00
24.3800      377.00
24.4000      370.00
24.4200      349.00
24.4400      334.00
24.4600      339.00
24.4800      312.00
24.5000      262.00
24.5200      261.00
24.5400      273.00
24.5600      266.00
24.5800      249.00
24.6000      233.00
24.6200      246.00
24.6400      239.00
24.6600      230.00
24.6800      217.00
24.7000      237.00
24.7200      261.00
24.7400      249.00
24.7600      242.00
24.7800      255.00
24.8000      249.00
24.8200      224.00
24.8400      221.00
24.8600      201.00
24.8800      229.00
24.9000      178.00
24.9200      185.00
24.9400      171.00
24.9600      188.00
24.9800      184.00
25.0000      173.00
25.0200      176.00
25.0400      144.00
25.0600      170.00
25.0800      147.00
25.1000      169.00
25.1200      175.00
25.1400      185.00
25.1600      171.00
25.1800      182.00
25.2000      185.00
25.2200      167.00
25.2400      175.00
25.2600      213.00
25.2800      192.00
25.3000      225.00
25.3200      194.00
25.3400      191.00
25.3600      208.00
25.3800      219.00
25.4000      235.00
25.4200      225.00
25.4400      264.00
25.4600      273.00
25.4800      245.00
25.5000      261.00
25.5200      254.00
25.5400      293.00
25.5600      303.00
25.5800      287.00
25.6000      333.00
25.6200      293.00
25.6400      304.00
25.6600      331.00
25.6800      321.00
25.7000      307.00
25.7200      299.00
25.7400      266.00
25.7600      265.00
25.7800      247.00
25.8000      282.00
25.8200      275.00
25.8400      275.00
25.8600      271.00
25.8800      251.00
25.9000      248.00
25.9200      275.00
25.9400      238.00
25.9600      248.00
25.9800      246.00
26.0000      235.00
26.0200      235.00
26.0400      201.00
26.0600      203.00
26.0800      223.00
26.1000      211.00
26.1200      184.00
26.1400      197.00
26.1600      233.00
26.1800      173.00
26.2000      189.00
26.2200      180.00
26.2400      172.00
26.2600      176.00
26.2800      181.00
26.3000      171.00
26.3200      164.00
26.3400      158.00
26.3600      175.00
26.3800      165.00
26.4000      175.00
26.4200      138.00
26.4400      179.00
26.4600      146.00
26.4800      179.00
26.5000      201.00
26.5200      154.00
26.5400      184.00
26.5600      181.00
26.5800      163.00
26.6000      162.00
26.6200      181.00
26.6400      175.00
26.6600      164.00
26.6800      173.00
26.7000      159.00
26.7200      183.00
26.7400      187.00
26.7600      214.00
26.7800      196.00
26.8000      185.00
26.8200      209.00
26.8400      209.00
26.8600      217.00
26.8800      208.00
26.9000      195.00
26.9200      181.00
26.9400      223.00
26.9600      191.00
26.9800      165.00
27.0000      198.00
27.0200      187.00
27.0400      208.00
27.0600      225.00
27.0800      209.00
27.1000      220.00
27.1200      288.00
27.1400      297.00
27.1600      330.00
27.1800      362.00
27.2000      391.00
27.2200      407.00
27.2400      452.00
27.2600      520.00
27.2800      495.00
27.3000      521.00
27.3200      500.00
27.3400      511.00
27.3600      518.00
27.3800      493.00
27.4000      495.00
27.4200      429.00
27.4400      429.00
27.4600      420.00
27.4800      390.00
27.5000      368.00
27.5200      396.00
27.5400      395.00
27.5600      364.00
27.5800      389.00
27.6000      355.00
27.6200      370.00
27.6400      360.00
27.6600      358.00
27.6800      317.00
27.7000      304.00
27.7200      270.00
27.7400      309.00
27.7600      258.00
27.7800      258.00
27.8000      271.00
27.8200      251.00
27.8400      251.00
27.8600      254.00
27.8800      243.00
27.9000      236.00
27.9200      243.00
27.9400      249.00
27.9600      261.00
27.9800      281.00
28.0000      270.00
28.0200      249.00
28.0400      229.00
28.0600      249.00
28.0800      239.00
28.1000      231.00
28.1200      203.00
28.1400      193.00
28.1600      214.00
28.1800      197.00
28.2000      178.00
28.2200      189.00
28.2400      202.00
28.2600      186.00
28.2800      176.00
28.3000      207.00
28.3200      183.00
28.3400      175.00
28.3600      186.00
28.3800      160.00
28.4000      177.00
28.4200      179.00
28.4400      199.00
28.4600      192.00
28.4800      166.00
28.5000      169.00
28.5200      194.00
28.5400      149.00
28.5600      153.00
28.5800      166.00
28.6000      210.00
28.6200      160.00
28.6400      194.00
28.6600      196.00
28.6800      228.00
28.7000      207.00
28.7200      211.00
28.7400      227.00
28.7600      212.00
28.7800      267.00
28.8000      208.00
28.8200      221.00
28.8400      234.00
28.8600      214.00
28.8800      241.00
28.9000      215.00
28.9200      246.00
28.9400      236.00
28.9600      281.00
28.9800      263.00
29.0000      285.00
29.0200      310.00
29.0400      331.00
29.0600      326.00
29.0800      302.00
29.1000      309.00
29.1200      317.00
29.1400      316.00
29.1600      297.00
29.1800      265.00
29.2000      272.00
29.2200      221.00
29.2400      217.00
29.2600      203.00
29.2800      197.00
29.3000      191.00
29.3200      177.00
29.3400      168.00
29.3600      185.00
29.3800      160.00
29.4000      162.00
29.4200      161.00
29.4400      165.00
29.4600      153.00
29.4800      166.00
29.5000      172.00
29.5200      151.00
29.5400      154.00
29.5600      143.00
29.5800      178.00
29.6000      165.00
29.6200      144.00
29.6400      157.00
29.6600      164.00
29.6800      143.00
29.7000      162.00
29.7200      184.00
29.7400      143.00
29.7600      161.00
29.7800      164.00
29.8000      178.00
29.8200      173.00
29.8400      185.00
29.8600      189.00
29.8800      217.00
29.9000      206.00
29.9200      236.00
29.9400      251.00
29.9600      251.00
29.9800      323.00
30.0000      297.00
30.0200      299.00
30.0400      319.00
30.0600      306.00
30.0800      308.00
30.1000      302.00
30.1200      273.00
30.1400      275.00
30.1600      271.00
30.1800      237.00
30.2000      241.00
30.2200      201.00
30.2400      195.00
30.2600      207.00
30.2800      147.00
30.3000      183.00
30.3200      180.00
30.3400      179.00
30.3600      174.00
30.3800      158.00
30.4000      152.00
30.4200      173.00
30.4400      171.00
30.4600      178.00
30.4800      174.00
30.5000      167.00
30.5200      194.00
30.5400      179.00
30.5600      178.00
30.5800      169.00
30.6000      176.00
30.6200      160.00
30.6400      166.00
30.6600      164.00
30.6800      162.00
30.7000      158.00
30.7200      151.00
30.7400      135.00
30.7600      148.00
30.7800      160.00
30.8000      158.00
30.8200      163.00
30.8400      126.00
30.8600      139.00
30.8800      133.00
30.9000      135.00
30.9200      118.00
30.9400      141.00
30.9600      144.00
30.9800      113.00
31.0000      123.00
31.0200      140.00
31.0400      131.00
31.0600      142.00
31.0800      123.00
31.1000      136.00
31.1200      147.00
31.1400      124.00
31.1600      117.00
31.1800      119.00
31.2000      134.00
31.2200      129.00
31.2400      123.00
31.2600      145.00
31.2800      133.00
31.3000      147.00
31.3200      135.00
31.3400      133.00
31.3600      135.00
31.3800      134.00
31.4000      138.00
31.4200      131.00
31.4400      155.00
31.4600      124.00
31.4800      149.00
31.5000      146.00
31.5200      142.00
31.5400      134.00
31.5600      129.00
31.5800      149.00
31.6000      130.00
31.6200      127.00
31.6400      116.00
31.6600      146.00
31.6800      147.00
31.7000      138.00
31.7200      128.00
31.7400      117.00
31.7600      137.00
31.7800      132.00
31.8000      145.00
31.8200      115.00
31.8400      132.00
31.8600      128.00
31.8800      127.00
31.9000      133.00
31.9200      118.00
31.9400      130.00
31.9600      137.00
31.9800      138.00
32.0000      129.00
32.0200      131.00
32.0400      139.00
32.0600      124.00
32.0800      156.00
32.1000      139.00
32.1200      131.00
32.1400      114.00
32.1600      105.00
32.1800      143.00
32.2000      135.00
32.2200      126.00
32.2400      138.00
32.2600      114.00
32.2800      121.00
32.3000      122.00
32.3200      131.00
32.3400      120.00
32.3600      132.00
32.3800      126.00
32.4000      126.00
32.4200      123.00
32.4400      128.00
32.4600      117.00
32.4800      121.00
32.5000      122.00
32.5200      124.00
32.5400      123.00
32.5600      118.00
32.5800      127.00
32.6000      100.00
32.6200      106.00
32.6400      123.00
32.6600      110.00
32.6800      109.00
32.7000      135.00
32.7200      116.00
32.7400      115.00
32.7600      123.00
32.7800      111.00
32.8000      106.00
32.8200      128.00
32.8400      104.00
32.8600      131.00
32.8800      147.00
32.9000      143.00
32.9200      153.00
32.9400      140.00
32.9600      138.00
32.9800      139.00
33.0000      146.00
33.0200      179.00
33.0400      164.00
33.0600      152.00
33.0800      182.00
33.1000      162.00
33.1200      160.00
33.1400      140.00
33.1600      138.00
33.1800      156.00
33.2000      158.00
33.2200      133.00
33.2400      130.00
33.2600      139.00
33.2800      114.00
33.3000      115.00
33.3200      120.00
33.3400       98.00
33.3600       96.00
33.3800      116.00
33.4000      113.00
33.4200      101.00
33.4400      127.00
33.4600      125.00
33.4800      114.00
33.5000      108.00
33.5200      144.00
33.5400      131.00
33.5600      117.00
33.5800      136.00
33.6000      141.00
33.6200      144.00
33.6400      117.00
33.6600      118.00
33.6800      141.00
33.7000      114.00
33.7200      141.00
33.7400      131.00
33.7600      134.00
33.7800      132.00
33.8000      137.00
33.8200      146.00
33.8400      150.00
33.8600      136.00
33.8800      140.00
33.9000      167.00
33.9200      161.00
33.9400      147.00
33.9600      152.00
33.9800      166.00
34.0000      143.00
34.0200      141.00
34.0400      167.00
34.0600      136.00
34.0800      132.00
34.1000      145.00
34.1200      130.00
34.1400      126.00
34.1600      149.00
34.1800      138.00
34.2000      138.00
34.2200      147.00
34.2400      137.00
34.2600      138.00
34.2800      132.00
34.3000      151.00
34.3200      129.00
34.3400      137.00
34.3600      121.00
34.3800      131.00
34.4000      149.00
34.4200      138.00
34.4400      147.00
34.4600      152.00
34.4800      137.00
34.5000      126.00
34.5200      125.00
34.5400      135.00
34.5600      132.00
34.5800       98.00
34.6000      121.00
34.6200      117.00
34.6400      142.00
34.6600      140.00
34.6800      115.00
34.7000      148.00
34.7200      130.00
34.7400      120.00
34.7600      130.00
34.7800      129.00
34.8000      145.00
34.8200      132.00
34.8400      147.00
34.8600      128.00
34.8800      150.00
34.9000      192.00
34.9200      163.00
34.9400      132.00
34.9600      165.00
34.9800      165.00
35.0000      159.00
