 2.0000     1351.00
 2.0251     1251.00
 2.0502     1151.00
 2.0753     1122.50
 2.1004     1094.00
 2.1255     1025.50
 2.1506      957.00
 2.1757      907.00
 2.2008      857.00
 2.2259      815.50
 2.2510      774.00
 2.2760      746.00
 2.3011      718.00
 2.3262      659.50
 2.3513      601.00
 2.3764      585.50
 2.4015      570.00
 2.4266      542.00
 2.4517      514.00
 2.4768      511.00
 2.5019      508.00
 2.5270      488.00
 2.5521      468.00
 2.5772      449.00
 2.6023      430.00
 2.6274      394.50
 2.6525      359.00
 2.6776      386.00
 2.7027      413.00
 2.7278      395.00
 2.7529      377.00
 2.7779      349.00
 2.8030      321.00
 2.8281      317.50
 2.8532      314.00
 2.8783      317.50
 2.9034      321.00
 2.9285      305.00
 2.9536      289.00
 2.9787      281.00
 3.0038      273.00
 3.0289      268.00
 3.0540      263.00
 3.0791      250.00
 3.1042      237.00
 3.1293      244.00
 3.1544      251.00
 3.1795      247.50
 3.2046      244.00
 3.2297      244.00
 3.2548      244.00
 3.2798      244.00
 3.3049      244.00
 3.3300      243.50
 3.3551      243.00
 3.3802      233.00
 3.4053      223.00
 3.4304      230.00
 3.4555      237.00
 3.4806      224.00
 3.5057      211.00
 3.5308      202.50
 3.5559      194.00
 3.5810      202.50
 3.6061      211.00
 3.6312      210.50
 3.6563      210.00
 3.6814      189.50
 3.7065      169.00
 3.7316      181.50
 3.7567      194.00
 3.7817      187.50
 3.8068      181.00
 3.8319      180.00
 3.8570      179.00
 3.8821      181.00
 3.9072      183.00
 3.9323      182.50
 3.9574      182.00
 3.9825      167.00
 4.0076      152.00
 4.0327      161.50
 4.0578      171.00
 4.0829      184.50
 4.1080      198.00
 4.1331      183.00
 4.1582      168.00
 4.1833      173.00
 4.2084      178.00
 4.2335      175.50
 4.2585      173.00
 4.2836      173.00
 4.3087      173.00
 4.3338      164.50
 4.3589      156.00
 4.3840      167.00
 4.4091      178.00
 4.4342      170.50
 4.4593      163.00
 4.4844      163.50
 4.5095      164.00
 4.5346      155.50
 4.5597      147.00
 4.5848      155.00
 4.6099      163.00
 4.6350      157.00
 4.6601      151.00
 4.6852      157.50
 4.7103      164.00
 4.7354      149.50
 4.7605      135.00
 4.7855      145.50
 4.8106      156.00
 4.8357      152.00
 4.8608      148.00
 4.8859      150.50
 4.9110      153.00
 4.9361      152.00
 4.9612      151.00
 4.9863      142.00
 5.0114      133.00
 5.0365      146.50
 5.0616      160.00
 5.0867      151.00
 5.1118      142.00
 5.1369      139.00
 5.1620      136.00
 5.1871      134.50
 5.2122      133.00
 5.2373      146.00
 5.2623      159.00
 5.2874      161.00
 5.3125      163.00
 5.3376      148.50
 5.3627      134.00
 5.3878      135.00
 5.4129      136.00
 5.4380      136.50
 5.4631      137.00
 5.4882      143.50
 5.5133      150.00
 5.5384      138.50
 5.5635      127.00
 5.5886      130.50
 5.6137      134.00
 5.6388      125.50
 5.6639      117.00
 5.6890      126.00
 5.7141      135.00
 5.7392      141.50
 5.7643      148.00
 5.7893      138.50
 5.8144      129.00
 5.8395      117.50
 5.8646      106.00
 5.8897      134.50
 5.9148      163.00
 5.9399      146.50
 5.9650      130.00
 5.9901      126.00
 6.0152      122.00
 6.0403      126.50
 6.0654      131.00
 6.0905      135.00
 6.1156      139.00
 6.1407      132.00
 6.1658      125.00
 6.1909      119.00
 6.2160      113.00
 6.2411      115.00
 6.2661      117.00
 6.2912      129.50
 6.3163      142.00
 6.3414      137.00
 6.3665      132.00
 6.3916      138.50
 6.4167      145.00
 6.4418      154.00
 6.4669      163.00
 6.4920      149.00
 6.5171      135.00
 6.5422      125.50
 6.5673      116.00
 6.5924      116.50
 6.6175      117.00
 6.6426      135.50
 6.6677      154.00
 6.6928      161.50
 6.7179      169.00
 6.7430      176.00
 6.7680      183.00
 6.7931      197.00
 6.8182      211.00
 6.8433      181.00
 6.8684      151.00
 6.8935      143.50
 6.9186      136.00
 6.9437      127.00
 6.9688      118.00
 6.9939      118.00
 7.0190      118.00
 7.0441      114.50
 7.0692      111.00
 7.0943      111.00
 7.1194      111.00
 7.1445      117.50
 7.1696      124.00
 7.1947      131.00
 7.2198      138.00
 7.2449      130.50
 7.2699      123.00
 7.2950      124.50
 7.3201      126.00
 7.3452      122.00
 7.3703      118.00
 7.3954      120.00
 7.4205      122.00
 7.4456      125.00
 7.4707      128.00
 7.4958      126.00
 7.5209      124.00
 7.5460      124.00
 7.5711      124.00
 7.5962      127.00
 7.6213      130.00
 7.6464      131.00
 7.6715      132.00
 7.6966      127.50
 7.7217      123.00
 7.7468      122.50
 7.7718      122.00
 7.7969      109.00
 7.8220       96.00
 7.8471      108.50
 7.8722      121.00
 7.8973      120.00
 7.9224      119.00
 7.9475      129.00
 7.9726      139.00
 7.9977      131.50
 8.0228      124.00
 8.0479      120.00
 8.0730      116.00
 8.0981      124.50
 8.1232      133.00
 8.1483      129.50
 8.1734      126.00
 8.1985      128.00
 8.2236      130.00
 8.2487      123.00
 8.2737      116.00
 8.2988      115.50
 8.3239      115.00
 8.3490      124.50
 8.3741      134.00
 8.3992      119.00
 8.4243      104.00
 8.4494      115.50
 8.4745      127.00
 8.4996      127.00
 8.5247      127.00
 8.5498      137.00
 8.5749      147.00
 8.6000      147.00
 8.6251      147.00
 8.6502      173.00
 8.6753      199.00
 8.7004      212.00
 8.7255      225.00
 8.7506      200.50
 8.7756      176.00
 8.8007      139.50
 8.8258      103.00
 8.8509      110.50
 8.8760      118.00
 8.9011      116.00
 8.9262      114.00
 8.9513      124.50
 8.9764      135.00
 9.0015      125.50
 9.0266      116.00
 9.0517      121.50
 9.0768      127.00
 9.1019      121.50
 9.1270      116.00
 9.1521      120.00
 9.1772      124.00
 9.2023      127.00
 9.2274      130.00
 9.2525      122.00
 9.2775      114.00
 9.3026      119.50
 9.3277      125.00
 9.3528      124.50
 9.3779      124.00
 9.4030      122.00
 9.4281      120.00
 9.4532      128.00
 9.4783      136.00
 9.5034      131.00
 9.5285      126.00
 9.5536      115.00
 9.5787      104.00
 9.6038      121.00
 9.6289      138.00
 9.6540      129.00
 9.6791      120.00
 9.7042      121.00
 9.7293      122.00
 9.7544      120.50
 9.7795      119.00
 9.8045      162.00
 9.8296      205.00
 9.8547      197.50
 9.8798      190.00
 9.9049      169.00
 9.9300      148.00
 9.9551      136.50
 9.9802      125.00
10.0053      133.00
10.0304      141.00
10.0555      141.50
10.0806      142.00
10.1057      126.50
10.1308      111.00
10.1559      108.50
10.1810      106.00
10.2061      107.50
10.2312      109.00
10.2563      123.00
10.2813      137.00
10.3064      135.50
10.3315      134.00
10.3566      126.00
10.3817      118.00
10.4068      123.00
10.4319      128.00
10.4570      128.50
10.4821      129.00
10.5072      128.00
10.5323      127.00
10.5574      127.00
10.5825      127.00
10.6076      129.00
10.6327      131.00
10.6578      135.50
10.6829      140.00
10.7080      132.00
10.7331      124.00
10.7582      151.00
10.7832      178.00
10.8083      224.00
10.8334      270.00
10.8585      347.00
10.8836      424.00
10.9087      563.50
10.9338      703.00
10.9589      717.00
10.9840      731.00
11.0091      561.00
11.0342      391.00
11.0593      346.50
11.0844      302.00
11.1095      434.00
11.1346      566.00
11.1597      696.50
11.1848      827.00
11.2099      690.00
11.2350      553.00
11.2601      385.50
11.2851      218.00
11.3102      185.50
11.3353      153.00
11.3604      149.50
11.3855      146.00
11.4106      149.00
11.4357      152.00
11.4608      148.00
11.4859      144.00
11.5110      141.00
11.5361      138.00
11.5612      130.50
11.5863      123.00
11.6114      135.50
11.6365      148.00
11.6616      145.50
11.6867      143.00
11.7118      154.00
11.7369      165.00
11.7620      172.50
11.7870      180.00
11.8121      191.50
11.8372      203.00
11.8623      260.00
11.8874      317.00
11.9125      400.50
11.9376      484.00
11.9627      566.00
11.9878      648.00
12.0129      706.50
12.0380      765.00
12.0631      737.00
12.0882      709.00
12.1133      514.50
12.1384      320.00
12.1635      251.50
12.1886      183.00
12.2137      173.00
12.2388      163.00
12.2639      194.50
12.2889      226.00
12.3140      333.00
12.3391      440.00
12.3642      664.50
12.3893      889.00
12.4144     1024.50
12.4395     1160.00
12.4646      969.00
12.4897      778.00
12.5148      543.00
12.5399      308.00
12.5650      238.00
12.5901      168.00
12.6152      146.50
12.6403      125.00
12.6654      131.00
12.6905      137.00
12.7156      132.50
12.7407      128.00
12.7658      124.50
12.7908      121.00
12.8159      128.00
12.8410      135.00
12.8661      134.50
12.8912      134.00
12.9163      145.00
12.9414      156.00
12.9665      131.00
12.9916      106.00
13.0167      106.50
13.0418      107.00
13.0669      117.50
13.0920      128.00
13.1171      132.00
13.1422      136.00
13.1673      133.00
13.1924      130.00
13.2175      124.00
13.2426      118.00
13.2677      116.00
13.2927      114.00
13.3178      127.00
13.3429      140.00
13.3680      132.00
13.3931      124.00
13.4182      122.00
13.4433      120.00
13.4684      113.50
13.4935      107.00
13.5186      117.00
13.5437      127.00
13.5688      139.00
13.5939      151.00
13.6190      135.50
13.6441      120.00
13.6692      123.50
13.6943      127.00
13.7194      125.50
13.7445      124.00
13.7696      123.00
13.7946      122.00
13.8197      119.00
13.8448      116.00
13.8699      127.50
13.8950      139.00
13.9201      172.50
13.9452      206.00
13.9703      279.50
13.9954      353.00
14.0205      552.00
14.0456      751.00
14.0707      963.00
14.0958     1175.00
14.1209     1174.00
14.1460     1173.00
14.1711      917.50
14.1962      662.00
14.2213      593.50
14.2464      525.00
14.2715      532.50
14.2965      540.00
14.3216      439.00
14.3467      338.00
14.3718      257.50
14.3969      177.00
14.4220      165.50
14.4471      154.00
14.4722      132.00
14.4973      110.00
14.5224      117.00
14.5475      124.00
14.5726      117.00
14.5977      110.00
14.6228      121.50
14.6479      133.00
14.6730      121.00
14.6981      109.00
14.7232      121.50
14.7483      134.00
14.7734      125.00
14.7984      116.00
14.8235      126.00
14.8486      136.00
14.8737      145.00
14.8988      154.00
14.9239      150.50
14.9490      147.00
14.9741      135.50
14.9992      124.00
15.0243      114.00
15.0494      104.00
15.0745      105.00
15.0996      106.00
15.1247      109.50
15.1498      113.00
15.1749      107.50
15.2000      102.00
15.2251       97.50
15.2502       93.00
15.2753      101.50
15.3003      110.00
15.3254      110.50
15.3505      111.00
15.3756      114.00
15.4007      117.00
15.4258      110.00
15.4509      103.00
15.4760      109.50
15.5011      116.00
15.5262      108.00
15.5513      100.00
15.5764      111.00
15.6015      122.00
15.6266      123.00
15.6517      124.00
15.6768      138.00
15.7019      152.00
15.7270      208.50
15.7521      265.00
15.7772      313.00
15.8022      361.00
15.8273      397.50
15.8524      434.00
15.8775      356.00
15.9026      278.00
15.9277      242.00
15.9528      206.00
15.9779      230.00
16.0030      254.00
16.0281      342.00
16.0532      430.00
16.0783      449.00
16.1034      468.00
16.1285      383.50
16.1536      299.00
16.1787      225.00
16.2038      151.00
16.2289      161.50
16.2540      172.00
16.2791      248.00
16.3041      324.00
16.3292      452.00
16.3543      580.00
16.3794      626.50
16.4045      673.00
16.4296      548.00
16.4547      423.00
16.4798      307.00
16.5049      191.00
16.5300      169.00
16.5551      147.00
16.5802      139.50
16.6053      132.00
16.6304      123.00
16.6555      114.00
16.6806      117.00
16.7057      120.00
16.7308      130.00
16.7559      140.00
16.7810      158.00
16.8060      176.00
16.8311      214.50
16.8562      253.00
16.8813      331.00
16.9064      409.00
16.9315      526.00
16.9566      643.00
16.9817      620.00
17.0068      597.00
17.0319      472.50
17.0570      348.00
17.0821      291.50
17.1072      235.00
17.1323      215.00
17.1574      195.00
17.1825      230.50
17.2076      266.00
17.2327      341.50
17.2578      417.00
17.2829      608.50
17.3079      800.00
17.3330     1092.00
17.3581     1384.00
17.3832     1623.50
17.4083     1863.00
17.4334     2121.00
17.4585     2379.00
17.4836     2488.50
17.5087     2598.00
17.5338     2182.50
17.5589     1767.00
17.5840     1229.50
17.6091      692.00
17.6342      503.00
17.6593      314.00
17.6844      303.50
17.7095      293.00
17.7346      304.00
17.7597      315.00
17.7848      307.50
17.8098      300.00
17.8349      264.50
17.8600      229.00
17.8851      203.50
17.9102      178.00
17.9353      164.00
17.9604      150.00
17.9855      153.50
18.0106      157.00
18.0357      166.50
18.0608      176.00
18.0859      173.50
18.1110      171.00
18.1361      207.50
18.1612      244.00
18.1863      343.00
18.2114      442.00
18.2365      624.00
18.2616      806.00
18.2867      928.00
18.3117     1050.00
18.3368      907.00
18.3619      764.00
18.3870      578.50
18.4121      393.00
18.4372      306.50
18.4623      220.00
18.4874      183.00
18.5125      146.00
18.5376      169.00
18.5627      192.00
18.5878      218.00
18.6129      244.00
18.6380      259.00
18.6631      274.00
18.6882      265.00
18.7133      256.00
18.7384      215.50
18.7635      175.00
18.7886      164.50
18.8136      154.00
18.8387      156.00
18.8638      158.00
18.8889      155.00
18.9140      152.00
18.9391      187.00
18.9642      222.00
18.9893      243.00
19.0144      264.00
19.0395      278.00
19.0646      292.00
19.0897      282.00
19.1148      272.00
19.1399      233.50
19.1650      195.00
19.1901      181.50
19.2152      168.00
19.2403      159.50
19.2654      151.00
19.2905      178.00
19.3155      205.00
19.3406      244.50
19.3657      284.00
19.3908      408.00
19.4159      532.00
19.4410      833.50
19.4661     1135.00
19.4912     1510.50
19.5163     1886.00
19.5414     1846.50
19.5665     1807.00
19.5916     1598.50
19.6167     1390.00
19.6418     1139.50
19.6669      889.00
19.6920      745.00
19.7171      601.00
19.7422      465.50
19.7673      330.00
19.7924      293.50
19.8175      257.00
19.8425      247.50
19.8676      238.00
19.8927      199.00
19.9178      160.00
19.9429      151.00
19.9680      142.00
19.9931      131.50
20.0182      121.00
20.0433      130.50
20.0684      140.00
20.0935      131.50
20.1186      123.00
20.1437      136.00
20.1688      149.00
20.1939      149.50
20.2190      150.00
20.2441      160.00
20.2692      170.00
20.2943      165.00
20.3194      160.00
20.3444      178.00
20.3695      196.00
20.3946      195.00
20.4197      194.00
20.4448      264.00
20.4699      334.00
20.4950      433.00
20.5201      532.00
20.5452      681.50
20.5703      831.00
20.5954      800.50
20.6205      770.00
20.6456      682.00
20.6707      594.00
20.6958      608.00
20.7209      622.00
20.7460      788.00
20.7711      954.00
20.7962     1208.50
20.8212     1463.00
20.8463     1857.50
20.8714     2252.00
20.8965     2697.00
20.9216     3142.00
20.9467     3195.00
20.9718     3248.00
20.9969     2617.00
21.0220     1986.00
21.0471     1403.00
21.0722      820.00
21.0973      613.50
21.1224      407.00
21.1475      341.50
21.1726      276.00
21.1977      227.50
21.2228      179.00
21.2479      174.50
21.2730      170.00
21.2981      173.50
21.3231      177.00
21.3482      156.00
21.3733      135.00
21.3984      129.00
21.4235      123.00
21.4486      129.50
21.4737      136.00
21.4988      138.00
21.5239      140.00
21.5490      142.00
21.5741      144.00
21.5992      143.50
21.6243      143.00
21.6494      140.50
21.6745      138.00
21.6996      144.00
21.7247      150.00
21.7498      153.50
21.7749      157.00
21.8000      158.50
21.8251      160.00
21.8501      165.50
21.8752      171.00
21.9003      175.00
21.9254      179.00
21.9505      182.00
21.9756      185.00
22.0007      210.50
22.0258      236.00
22.0509      276.50
22.0760      317.00
22.1011      362.50
22.1262      408.00
22.1513      435.00
22.1764      462.00
22.2015      472.00
22.2266      482.00
22.2517      435.50
22.2768      389.00
22.3019      360.00
22.3270      331.00
22.3520      379.50
22.3771      428.00
22.4022      608.50
22.4273      789.00
22.4524      964.00
22.4775     1139.00
22.5026     1121.50
22.5277     1104.00
22.5528      974.50
22.5779      845.00
22.6030      633.50
22.6281      422.00
22.6532      354.00
22.6783      286.00
22.7034      284.00
22.7285      282.00
22.7536      330.00
22.7787      378.00
22.8038      410.50
22.8288      443.00
22.8539      440.00
22.8790      437.00
22.9041      488.00
22.9292      539.00
22.9543      637.00
22.9794      735.00
23.0045      743.00
23.0296      751.00
23.0547      643.50
23.0798      536.00
23.1049      459.00
23.1300      382.00
23.1551      382.50
23.1802      383.00
23.2053      490.50
23.2304      598.00
23.2555      670.00
23.2806      742.00
23.3057      716.00
23.3307      690.00
23.3558      553.50
23.3809      417.00
23.4060      343.00
23.4311      269.00
23.4562      212.50
23.4813      156.00
23.5064      155.00
23.5315      154.00
23.5566      146.00
23.5817      138.00
23.6068      148.00
23.6319      158.00
23.6570      184.00
23.6821      210.00
23.7072      221.00
23.7323      232.00
23.7574      225.50
23.7825      219.00
23.8076      261.00
23.8327      303.00
23.8577      352.50
23.8828      402.00
23.9079      491.50
23.9330      581.00
23.9581      659.50
23.9832      738.00
24.0083      698.50
24.0334      659.00
24.0585      572.50
24.0836      486.00
24.1087      448.50
24.1338      411.00
24.1589      540.50
24.1840      670.00
24.2091      856.00
24.2342     1042.00
24.2593     1105.00
24.2844     1168.00
24.3095     1007.50
24.3346      847.00
24.3596      684.50
24.3847      522.00
24.4098      390.00
24.4349      258.00
24.4600      217.50
24.4851      177.00
24.5102      178.50
24.5353      180.00
24.5604      188.00
24.5855      196.00
24.6106      205.50
24.6357      215.00
24.6608      231.00
24.6859      247.00
24.7110      315.50
24.7361      384.00
24.7612      522.50
24.7863      661.00
24.8114      778.00
24.8364      895.00
24.8615      800.50
24.8866      706.00
24.9117      558.50
24.9368      411.00
24.9619      312.00
24.9870      213.00
25.0121      194.00
25.0372      175.00
25.0623      167.00
25.0874      159.00
25.1125      153.50
25.1376      148.00
25.1627      139.00
25.1878      130.00
25.2129      121.50
25.2380      113.00
25.2631      124.50
25.2882      136.00
25.3133      142.00
25.3383      148.00
25.3634      137.50
25.3885      127.00
25.4136      115.50
25.4387      104.00
25.4638      105.00
25.4889      106.00
25.5140      114.00
25.5391      122.00
25.5642      111.00
25.5893      100.00
25.6144      103.00
25.6395      106.00
25.6646      121.50
25.6897      137.00
25.7148      142.50
25.7399      148.00
25.7650      168.50
25.7901      189.00
25.8152      205.50
25.8403      222.00
25.8653      259.00
25.8904      296.00
25.9155      303.00
25.9406      310.00
25.9657      312.50
25.9908      315.00
26.0159      357.50
26.0410      400.00
26.0661      436.50
26.0912      473.00
26.1163      485.00
26.1414      497.00
26.1665      434.50
26.1916      372.00
26.2167      341.00
26.2418      310.00
26.2669      303.50
26.2920      297.00
26.3171      338.00
26.3422      379.00
26.3672      373.50
26.3923      368.00
26.4174      348.00
26.4425      328.00
26.4676      306.50
26.4927      285.00
26.5178      234.50
26.5429      184.00
26.5680      155.00
26.5931      126.00
26.6182      130.50
26.6433      135.00
26.6684      128.50
26.6935      122.00
26.7186      134.50
26.7437      147.00
26.7688      138.00
26.7939      129.00
26.8190      142.00
26.8440      155.00
26.8691      159.00
26.8942      163.00
26.9193      172.00
26.9444      181.00
26.9695      153.50
26.9946      126.00
27.0197      129.00
27.0448      132.00
27.0699      159.00
27.0950      186.00
27.1201      215.00
27.1452      244.00
27.1703      254.50
27.1954      265.00
27.2205      246.00
27.2456      227.00
27.2707      221.00
27.2958      215.00
27.3209      225.00
27.3459      235.00
27.3710      241.00
27.3961      247.00
27.4212      284.00
27.4463      321.00
27.4714      314.00
27.4965      307.00
27.5216      371.00
27.5467      435.00
27.5718      508.00
27.5969      581.00
27.6220      522.50
27.6471      464.00
27.6722      393.00
27.6973      322.00
27.7224      291.50
27.7475      261.00
27.7726      231.50
27.7977      202.00
27.8228      206.50
27.8478      211.00
27.8729      211.00
27.8980      211.00
27.9231      206.50
27.9482      202.00
27.9733      186.50
27.9984      171.00
28.0235      175.00
28.0486      179.00
28.0737      166.50
28.0988      154.00
28.1239      162.00
28.1490      170.00
28.1741      193.00
28.1992      216.00
28.2243      299.00
28.2494      382.00
28.2745      474.00
28.2996      566.00
28.3247      728.00
28.3498      890.00
28.3748      960.00
28.3999     1030.00
28.4250     1008.50
28.4501      987.00
28.4752      804.00
28.5003      621.00
28.5254      536.50
28.5505      452.00
28.5756      433.00
28.6007      414.00
28.6258      380.00
28.6509      346.00
28.6760      315.50
28.7011      285.00
28.7262      254.00
28.7513      223.00
28.7764      230.50
28.8015      238.00
28.8266      251.00
28.8516      264.00
28.8767      258.50
28.9018      253.00
28.9269      264.00
28.9520      275.00
28.9771      281.00
29.0022      287.00
29.0273      309.50
29.0524      332.00
29.0775      350.50
29.1026      369.00
29.1277      339.50
29.1528      310.00
29.1779      284.50
29.2030      259.00
29.2281      269.50
29.2532      280.00
29.2783      329.50
29.3034      379.00
29.3285      419.50
29.3535      460.00
29.3786      437.00
29.4037      414.00
29.4288      377.00
29.4539      340.00
29.4790      270.00
29.5041      200.00
29.5292      175.50
29.5543      151.00
29.5794      155.50
29.6045      160.00
29.6296      136.50
29.6547      113.00
29.6798      113.00
29.7049      113.00
29.7300      120.50
29.7551      128.00
29.7802      121.00
29.8053      114.00
29.8304      128.50
29.8554      143.00
29.8805      164.50
29.9056      186.00
29.9307      203.00
29.9558      220.00
29.9809      239.50
30.0060      259.00
30.0311      260.50
30.0562      262.00
30.0813      257.50
30.1064      253.00
30.1315      236.50
30.1566      220.00
30.1817      215.00
30.2068      210.00
30.2319      197.50
30.2570      185.00
30.2821      175.50
30.3072      166.00
30.3323      165.00
30.3574      164.00
30.3824      137.00
30.4075      110.00
30.4326      118.50
30.4577      127.00
30.4828      135.50
30.5079      144.00
30.5330      150.50
30.5581      157.00
30.5832      146.50
30.6083      136.00
30.6334      126.00
30.6585      116.00
30.6836      122.00
30.7087      128.00
30.7338      123.00
30.7589      118.00
30.7840      121.50
30.8091      125.00
30.8342      133.00
30.8592      141.00
30.8843      139.50
30.9094      138.00
30.9345      125.00
30.9596      112.00
30.9847      103.00
31.0098       94.00
31.0349      102.50
31.0600      111.00
31.0851      101.50
31.1102       92.00
31.1353       89.00
31.1604       86.00
31.1855       89.00
31.2106       92.00
31.2357       85.50
31.2608       79.00
31.2859       83.00
31.3110       87.00
31.3361      103.50
31.3611      120.00
31.3862      131.50
31.4113      143.00
31.4364      153.00
31.4615      163.00
31.4866      146.00
31.5117      129.00
31.5368      140.50
31.5619      152.00
31.5870      129.50
31.6121      107.00
31.6372       98.50
31.6623       90.00
31.6874      108.50
31.7125      127.00
31.7376      124.00
31.7627      121.00
31.7878      138.00
31.8129      155.00
31.8380      157.00
31.8630      159.00
31.8881      164.50
31.9132      170.00
31.9383      185.00
31.9634      200.00
31.9885      194.50
32.0136      189.00
32.0387      183.00
32.0638      177.00
32.0889      187.50
32.1140      198.00
32.1391      181.00
32.1642      164.00
32.1893      171.50
32.2144      179.00
32.2395      190.00
32.2646      201.00
32.2897      194.50
32.3148      188.00
32.3399      189.50
32.3650      191.00
32.3900      223.50
32.4151      256.00
32.4402      259.50
32.4653      263.00
32.4904      263.00
32.5155      263.00
32.5406      246.50
32.5657      230.00
32.5908      208.50
32.6159      187.00
32.6410      180.50
32.6661      174.00
32.6912      162.00
32.7163      150.00
32.7414      159.00
32.7665      168.00
32.7916      162.50
32.8167      157.00
32.8418      176.00
32.8668      195.00
32.8919      178.50
32.9170      162.00
32.9421      160.00
32.9672      158.00
32.9923      157.50
33.0174      157.00
33.0425      193.00
33.0676      229.00
33.0927      229.00
33.1178      229.00
33.1429      259.50
33.1680      290.00
33.1931      281.00
33.2182      272.00
33.2433      262.00
33.2684      252.00
33.2935      223.00
33.3186      194.00
33.3437      185.50
33.3687      177.00
33.3938      166.50
33.4189      156.00
33.4440      159.50
33.4691      163.00
33.4942      148.00
33.5193      133.00
33.5444      118.00
33.5695      103.00
33.5946      106.50
33.6197      110.00
33.6448       92.00
33.6699       74.00
33.6950       92.50
33.7201      111.00
33.7452       98.00
33.7703       85.00
33.7954       88.00
33.8205       91.00
33.8456      102.50
33.8706      114.00
33.8957      111.00
33.9208      108.00
33.9459      119.50
33.9710      131.00
33.9961      157.50
34.0212      184.00
34.0463      225.50
34.0714      267.00
34.0965      247.00
34.1216      227.00
34.1467      204.00
34.1718      181.00
34.1969      168.00
34.2220      155.00
34.2471      130.50
34.2722      106.00
34.2973      104.50
34.3224      103.00
34.3475      112.00
34.3725      121.00
34.3976      110.50
34.4227      100.00
34.4478       99.50
34.4729       99.00
34.4980       97.00
34.5231       95.00
34.5482       95.50
34.5733       96.00
34.5984      101.00
34.6235      106.00
34.6486      102.00
34.6737       98.00
34.6988      105.50
34.7239      113.00
34.7490      114.00
34.7741      115.00
34.7992      121.00
34.8243      127.00
34.8494      126.50
34.8744      126.00
34.8995      121.00
34.9246      116.00
34.9497      124.50
34.9748      133.00
34.9999      127.00
35.0250      121.00
