 2.2000      296.00
 2.2200      282.00
 2.2400      322.00
 2.2600      320.00
 2.2800      283.00
 2.3000      302.00
 2.3200      287.00
 2.3400      269.00
 2.3600      285.00
 2.3800      267.00
 2.4000      274.00
 2.4200      273.00
 2.4400      293.00
 2.4600      271.00
 2.4800      260.00
 2.5000      268.00
 2.5200      260.00
 2.5400      265.00
 2.5600      260.00
 2.5800      246.00
 2.6000      295.00
 2.6200      252.00
 2.6400      312.00
 2.6600      267.00
 2.6800      269.00
 2.7000      269.00
 2.7200      280.00
 2.7400      247.00
 2.7600      293.00
 2.7800      252.00
 2.8000      285.00
 2.8200      273.00
 2.8400      235.00
 2.8600      274.00
 2.8800      242.00
 2.9000      257.00
 2.9200      246.00
 2.9400      258.00
 2.9600      246.00
 2.9800      235.00
 3.0000      244.00
 3.0200      273.00
 3.0400      216.00
 3.0600      237.00
 3.0800      232.00
 3.1000      233.00
 3.1200      246.00
 3.1400      223.00
 3.1600      224.00
 3.1800      223.00
 3.2000      210.00
 3.2200      208.00
 3.2400      233.00
 3.2600      226.00
 3.2800      212.00
 3.3000      233.00
 3.3200      229.00
 3.3400      228.00
 3.3600      218.00
 3.3800      219.00
 3.4000      214.00
 3.4200      227.00
 3.4400      218.00
 3.4600      188.00
 3.4800      185.00
 3.5000      202.00
 3.5200      228.00
 3.5400      213.00
 3.5600      205.00
 3.5800      183.00
 3.6000      178.00
 3.6200      215.00
 3.6400      207.00
 3.6600      171.00
 3.6800      185.00
 3.7000      191.00
 3.7200      193.00
 3.7400      175.00
 3.7600      160.00
 3.7800      197.00
 3.8000      180.00
 3.8200      157.00
 3.8400      170.00
 3.8600      198.00
 3.8800      206.00
 3.9000      145.00
 3.9200      186.00
 3.9400      148.00
 3.9600      163.00
 3.9800      178.00
 4.0000      184.00
 4.0200      174.00
 4.0400      174.00
 4.0600      150.00
 4.0800      149.00
 4.1000      150.00
 4.1200      177.00
 4.1400      129.00
 4.1600      158.00
 4.1800      154.00
 4.2000      182.00
 4.2200      154.00
 4.2400      142.00
 4.2600      163.00
 4.2800      188.00
 4.3000      136.00
 4.3200      143.00
 4.3400      153.00
 4.3600      154.00
 4.3800      129.00
 4.4000      152.00
 4.4200      151.00
 4.4400      147.00
 4.4600      160.00
 4.4800      150.00
 4.5000      135.00
 4.5200      118.00
 4.5400      152.00
 4.5600      138.00
 4.5800      138.00
 4.6000      127.00
 4.6200      136.00
 4.6400      131.00
 4.6600      131.00
 4.6800      138.00
 4.7000      139.00
 4.7200      128.00
 4.7400      118.00
 4.7600      123.00
 4.7800      142.00
 4.8000      138.00
 4.8200      116.00
 4.8400      137.00
 4.8600      128.00
 4.8800      131.00
 4.9000      133.00
 4.9200      134.00
 4.9400      120.00
 4.9600      127.00
 4.9800      142.00
 5.0000      123.00
 5.0200      120.00
 5.0400      144.00
 5.0600      135.00
 5.0800      133.00
 5.1000      121.00
 5.1200      134.00
 5.1400      108.00
 5.1600      126.00
 5.1800      141.00
 5.2000      135.00
 5.2200      130.00
 5.2400      136.00
 5.2600      137.00
 5.2800      130.00
 5.3000      135.00
 5.3200      129.00
 5.3400      125.00
 5.3600      126.00
 5.3800      135.00
 5.4000      141.00
 5.4200      131.00
 5.4400      127.00
 5.4600      139.00
 5.4800      151.00
 5.5000      134.00
 5.5200      129.00
 5.5400      139.00
 5.5600      136.00
 5.5800      149.00
 5.6000      149.00
 5.6200      113.00
 5.6400      138.00
 5.6600      130.00
 5.6800      124.00
 5.7000      127.00
 5.7200      126.00
 5.7400      125.00
 5.7600      135.00
 5.7800      120.00
 5.8000      111.00
 5.8200      108.00
 5.8400      128.00
 5.8600      132.00
 5.8800      133.00
 5.9000      123.00
 5.9200      149.00
 5.9400      131.00
 5.9600      128.00
 5.9800      126.00
 6.0000      148.00
 6.0200      129.00
 6.0400      124.00
 6.0600      127.00
 6.0800      121.00
 6.1000      150.00
 6.1200      117.00
 6.1400      136.00
 6.1600      124.00
 6.1800      128.00
 6.2000      120.00
 6.2200      134.00
 6.2400      145.00
 6.2600      133.00
 6.2800      128.00
 6.3000      132.00
 6.3200      143.00
 6.3400      116.00
 6.3600      110.00
 6.3800      145.00
 6.4000      108.00
 6.4200      128.00
 6.4400      150.00
 6.4600      126.00
 6.4800      133.00
 6.5000      129.00
 6.5200      141.00
 6.5400      136.00
 6.5600      136.00
 6.5800      134.00
 6.6000      128.00
 6.6200      149.00
 6.6400      137.00
 6.6600      138.00
 6.6800      130.00
 6.7000      145.00
 6.7200      146.00
 6.7400      171.00
 6.7600      170.00
 6.7800      135.00
 6.8000      136.00
 6.8200      164.00
 6.8400      126.00
 6.8600      137.00
 6.8800      156.00
 6.9000      155.00
 6.9200      147.00
 6.9400      146.00
 6.9600      141.00
 6.9800      150.00
 7.0000      149.00
 7.0200      156.00
 7.0400      159.00
 7.0600      163.00
 7.0800      129.00
 7.1000      156.00
 7.1200      139.00
 7.1400      140.00
 7.1600      131.00
 7.1800      125.00
 7.2000      141.00
 7.2200      141.00
 7.2400      136.00
 7.2600      130.00
 7.2800      124.00
 7.3000      128.00
 7.3200      131.00
 7.3400      125.00
 7.3600      126.00
 7.3800      138.00
 7.4000      120.00
 7.4200      135.00
 7.4400      141.00
 7.4600      134.00
 7.4800      115.00
 7.5000      126.00
 7.5200      139.00
 7.5400      140.00
 7.5600      156.00
 7.5800      127.00
 7.6000      137.00
 7.6200      145.00
 7.6400      132.00
 7.6600      121.00
 7.6800      119.00
 7.7000      135.00
 7.7200      144.00
 7.7400      148.00
 7.7600      108.00
 7.7800      131.00
 7.8000      147.00
 7.8200      126.00
 7.8400      136.00
 7.8600      153.00
 7.8800      143.00
 7.9000      120.00
 7.9200      128.00
 7.9400      145.00
 7.9600      130.00
 7.9800      131.00
 8.0000      123.00
 8.0200      144.00
 8.0400      150.00
 8.0600      122.00
 8.0800      131.00
 8.1000      152.00
 8.1200      134.00
 8.1400      133.00
 8.1600      128.00
 8.1800      134.00
 8.2000      136.00
 8.2200      117.00
 8.2400      138.00
 8.2600      109.00
 8.2800      144.00
 8.3000      148.00
 8.3200      133.00
 8.3400      142.00
 8.3600      140.00
 8.3800      135.00
 8.4000      140.00
 8.4200      147.00
 8.4400      130.00
 8.4600      122.00
 8.4800      146.00
 8.5000      140.00
 8.5200      163.00
 8.5400      151.00
 8.5600      146.00
 8.5800      146.00
 8.6000      137.00
 8.6200      162.00
 8.6400      158.00
 8.6600      160.00
 8.6800      142.00
 8.7000      137.00
 8.7200      139.00
 8.7400      164.00
 8.7600      152.00
 8.7800      158.00
 8.8000      147.00
 8.8200      150.00
 8.8400      170.00
 8.8600      142.00
 8.8800      170.00
 8.9000      173.00
 8.9200      170.00
 8.9400      158.00
 8.9600      172.00
 8.9800      183.00
 9.0000      166.00
 9.0200      158.00
 9.0400      177.00
 9.0600      165.00
 9.0800      165.00
 9.1000      144.00
 9.1200      157.00
 9.1400      160.00
 9.1600      163.00
 9.1800      140.00
 9.2000      143.00
 9.2200      133.00
 9.2400      123.00
 9.2600      131.00
 9.2800      153.00
 9.3000      126.00
 9.3200      151.00
 9.3400      137.00
 9.3600      141.00
 9.3800      144.00
 9.4000      149.00
 9.4200      135.00
 9.4400      152.00
 9.4600      173.00
 9.4800      150.00
 9.5000      158.00
 9.5200      155.00
 9.5400      166.00
 9.5600      139.00
 9.5800      155.00
 9.6000      131.00
 9.6200      154.00
 9.6400      139.00
 9.6600      140.00
 9.6800      144.00
 9.7000      132.00
 9.7200      145.00
 9.7400      154.00
 9.7600      137.00
 9.7800      156.00
 9.8000      132.00
 9.8200      170.00
 9.8400      170.00
 9.8600      144.00
 9.8800      182.00
 9.9000      151.00
 9.9200      171.00
 9.9400      163.00
 9.9600      155.00
 9.9800      165.00
10.0000      140.00
10.0200      156.00
10.0400      161.00
10.0600      163.00
10.0800      183.00
10.1000      171.00
10.1200      185.00
10.1400      151.00
10.1600      159.00
10.1800      170.00
10.2000      191.00
10.2200      154.00
10.2400      165.00
10.2600      139.00
10.2800      162.00
10.3000      163.00
10.3200      153.00
10.3400      153.00
10.3600      164.00
10.3800      152.00
10.4000      154.00
10.4200      154.00
10.4400      153.00
10.4600      166.00
10.4800      152.00
10.5000      153.00
10.5200      150.00
10.5400      153.00
10.5600      160.00
10.5800      142.00
10.6000      133.00
10.6200      147.00
10.6400      142.00
10.6600      149.00
10.6800      167.00
10.7000      150.00
10.7200      163.00
10.7400      168.00
10.7600      164.00
10.7800      143.00
10.8000      181.00
10.8200      189.00
10.8400      183.00
10.8600      177.00
10.8800      182.00
10.9000      211.00
10.9200      218.00
10.9400      236.00
10.9600      259.00
10.9800      232.00
11.0000      284.00
11.0200      295.00
11.0400      263.00
11.0600      269.00
11.0800      328.00
11.1000      339.00
11.1200      336.00
11.1400      357.00
11.1600      361.00
11.1800      371.00
11.2000      399.00
11.2200      399.00
11.2400      384.00
11.2600      399.00
11.2800      400.00
11.3000      365.00
11.3200      399.00
11.3400      375.00
11.3600      357.00
11.3800      347.00
11.4000      336.00
11.4200      343.00
11.4400      374.00
11.4600      307.00
11.4800      290.00
11.5000      323.00
11.5200      303.00
11.5400      278.00
11.5600      245.00
11.5800      235.00
11.6000      213.00
11.6200      219.00
11.6400      184.00
11.6600      187.00
11.6800      164.00
11.7000      191.00
11.7200      167.00
11.7400      174.00
11.7600      171.00
11.7800      193.00
11.8000      204.00
11.8200      185.00
11.8400      167.00
11.8600      209.00
11.8800      207.00
11.9000      217.00
11.9200      218.00
11.9400      216.00
11.9600      243.00
11.9800      216.00
12.0000      242.00
12.0200      267.00
12.0400      257.00
12.0600      284.00
12.0800      283.00
12.1000      319.00
12.1200      333.00
12.1400      341.00
12.1600      371.00
12.1800      398.00
12.2000      397.00
12.2200      410.00
12.2400      417.00
12.2600      367.00
12.2800      389.00
12.3000      385.00
12.3200      413.00
12.3400      388.00
12.3600      340.00
12.3800      381.00
12.4000      351.00
12.4200      334.00
12.4400      357.00
12.4600      372.00
12.4800      361.00
12.5000      388.00
12.5200      392.00
12.5400      344.00
12.5600      414.00
12.5800      446.00
12.6000      429.00
12.6200      438.00
12.6400      392.00
12.6600      417.00
12.6800      422.00
12.7000      422.00
12.7200      354.00
12.7400      409.00
12.7600      339.00
12.7800      335.00
12.8000      328.00
12.8200      319.00
12.8400      283.00
12.8600      270.00
12.8800      245.00
12.9000      216.00
12.9200      199.00
12.9400      212.00
12.9600      154.00
12.9800      171.00
13.0000      155.00
13.0200      158.00
13.0400      182.00
13.0600      162.00
13.0800      159.00
13.1000      184.00
13.1200      190.00
13.1400      170.00
13.1600      177.00
13.1800      157.00
13.2000      177.00
13.2200      171.00
13.2400      209.00
13.2600      153.00
13.2800      163.00
13.3000      161.00
13.3200      186.00
13.3400      168.00
13.3600      166.00
13.3800      180.00
13.4000      175.00
13.4200      144.00
13.4400      167.00
13.4600      165.00
13.4800      133.00
13.5000      160.00
13.5200      184.00
13.5400      193.00
13.5600      163.00
13.5800      172.00
13.6000      171.00
13.6200      156.00
13.6400      156.00
13.6600      180.00
13.6800      159.00
13.7000      171.00
13.7200      195.00
13.7400      153.00
13.7600      166.00
13.7800      149.00
13.8000      184.00
13.8200      190.00
13.8400      177.00
13.8600      181.00
13.8800      213.00
13.9000      220.00
13.9200      208.00
13.9400      210.00
13.9600      211.00
13.9800      237.00
14.0000      194.00
14.0200      193.00
14.0400      247.00
14.0600      228.00
14.0800      212.00
14.1000      290.00
14.1200      259.00
14.1400      284.00
14.1600      337.00
14.1800      365.00
14.2000      383.00
14.2200      397.00
14.2400      461.00
14.2600      480.00
14.2800      468.00
14.3000      496.00
14.3200      553.00
14.3400      498.00
14.3600      565.00
14.3800      527.00
14.4000      516.00
14.4200      502.00
14.4400      484.00
14.4600      413.00
14.4800      390.00
14.5000      437.00
14.5200      418.00
14.5400      346.00
14.5600      318.00
14.5800      333.00
14.6000      292.00
14.6200      307.00
14.6400      292.00
14.6600      240.00
14.6800      222.00
14.7000      227.00
14.7200      239.00
14.7400      206.00
14.7600      182.00
14.7800      203.00
14.8000      171.00
14.8200      166.00
14.8400      205.00
14.8600      197.00
14.8800      176.00
14.9000      177.00
14.9200      196.00
14.9400      173.00
14.9600      182.00
14.9800      191.00
15.0000      188.00
15.0200      187.00
15.0400      183.00
15.0600      150.00
15.0800      178.00
15.1000      191.00
15.1200      179.00
15.1400      171.00
15.1600      156.00
15.1800      172.00
15.2000      160.00
15.2200      170.00
15.2400      170.00
15.2600      181.00
15.2800      174.00
15.3000      163.00
15.3200      153.00
15.3400      165.00
15.3600      199.00
15.3800      169.00
15.4000      161.00
15.4200      178.00
15.4400      184.00
15.4600      168.00
15.4800      169.00
15.5000      179.00
15.5200      165.00
15.5400      181.00
15.5600      176.00
15.5800      197.00
15.6000      173.00
15.6200      176.00
15.6400      191.00
15.6600      201.00
15.6800      169.00
15.7000      185.00
15.7200      175.00
15.7400      177.00
15.7600      191.00
15.7800      215.00
15.8000      207.00
15.8200      210.00
15.8400      246.00
15.8600      218.00
15.8800      240.00
15.9000      216.00
15.9200      248.00
15.9400      271.00
15.9600      253.00
15.9800      293.00
16.0000      283.00
16.0200      279.00
16.0400      287.00
16.0600      290.00
16.0800      287.00
16.1000      304.00
16.1200      297.00
16.1400      283.00
16.1600      314.00
16.1800      319.00
16.2000      315.00
16.2200      316.00
16.2400      263.00
16.2600      292.00
16.2800      292.00
16.3000      304.00
16.3200      289.00
16.3400      300.00
16.3600      297.00
16.3800      284.00
16.4000      310.00
16.4200      283.00
16.4400      317.00
16.4600      325.00
16.4800      318.00
16.5000      314.00
16.5200      327.00
16.5400      304.00
16.5600      339.00
16.5800      349.00
16.6000      356.00
16.6200      371.00
16.6400      361.00
16.6600      354.00
16.6800      363.00
16.7000      340.00
16.7200      295.00
16.7400      267.00
16.7600      277.00
16.7800      270.00
16.8000      263.00
16.8200      250.00
16.8400      246.00
16.8600      273.00
16.8800      238.00
16.9000      232.00
16.9200      240.00
16.9400      253.00
16.9600      240.00
16.9800      248.00
17.0000      271.00
17.0200      280.00
17.0400      302.00
17.0600      283.00
17.0800      292.00
17.1000      320.00
17.1200      351.00
17.1400      370.00
17.1600      376.00
17.1800      386.00
17.2000      392.00
17.2200      382.00
17.2400      401.00
17.2600      385.00
17.2800      383.00
17.3000      433.00
17.3200      422.00
17.3400      356.00
17.3600      398.00
17.3800      437.00
17.4000      477.00
17.4200      457.00
17.4400      551.00
17.4600      575.00
17.4800      564.00
17.5000      646.00
17.5200      736.00
17.5400      784.00
17.5600      839.00
17.5800      890.00
17.6000     1030.00
17.6200     1075.00
17.6400     1127.00
17.6600     1138.00
17.6800     1183.00
17.7000     1203.00
17.7200     1142.00
17.7400     1109.00
17.7600     1090.00
17.7800     1062.00
17.8000      982.00
17.8200      927.00
17.8400      831.00
17.8600      753.00
17.8800      685.00
17.9000      613.00
17.9200      577.00
17.9400      533.00
17.9600      466.00
17.9800      425.00
18.0000      383.00
18.0200      368.00
18.0400      307.00
18.0600      286.00
18.0800      280.00
18.1000      272.00
18.1200      277.00
18.1400      256.00
18.1600      250.00
18.1800      264.00
18.2000      267.00
18.2200      251.00
18.2400      286.00
18.2600      266.00
18.2800      294.00
18.3000      279.00
18.3200      331.00
18.3400      321.00
18.3600      323.00
18.3800      380.00
18.4000      387.00
18.4200      475.00
18.4400      491.00
18.4600      451.00
18.4800      451.00
18.5000      479.00
18.5200      482.00
18.5400      524.00
18.5600      514.00
18.5800      529.00
18.6000      461.00
18.6200      477.00
18.6400      413.00
18.6600      374.00
18.6800      350.00
18.7000      372.00
18.7200      334.00
18.7400      285.00
18.7600      282.00
18.7800      273.00
18.8000      302.00
18.8200      263.00
18.8400      274.00
18.8600      285.00
18.8800      262.00
18.9000      270.00
18.9200      296.00
18.9400      292.00
18.9600      296.00
18.9800      255.00
19.0000      275.00
19.0200      275.00
19.0400      237.00
19.0600      259.00
19.0800      244.00
19.1000      261.00
19.1200      273.00
19.1400      253.00
19.1600      270.00
19.1800      253.00
19.2000      273.00
19.2200      294.00
19.2400      260.00
19.2600      305.00
19.2800      312.00
19.3000      264.00
19.3200      304.00
19.3400      293.00
19.3600      282.00
19.3800      285.00
19.4000      308.00
19.4200      274.00
19.4400      286.00
19.4600      297.00
19.4800      298.00
19.5000      343.00
19.5200      391.00
19.5400      399.00
19.5600      444.00
19.5800      555.00
19.6000      561.00
19.6200      601.00
19.6400      704.00
19.6600      755.00
19.6800      808.00
19.7000      824.00
19.7200      855.00
19.7400      867.00
19.7600      887.00
19.7800      919.00
19.8000      930.00
19.8200      908.00
19.8400      856.00
19.8600      822.00
19.8800      689.00
19.9000      757.00
19.9200      700.00
19.9400      658.00
19.9600      571.00
19.9800      485.00
20.0000      523.00
20.0200      423.00
20.0400      381.00
20.0600      332.00
20.0800      342.00
20.1000      267.00
20.1200      251.00
20.1400      249.00
20.1600      265.00
20.1800      279.00
20.2000      241.00
20.2200      239.00
20.2400      234.00
20.2600      228.00
20.2800      238.00
20.3000      228.00
20.3200      217.00
20.3400      194.00
20.3600      203.00
20.3800      220.00
20.4000      242.00
20.4200      224.00
20.4400      250.00
20.4600      235.00
20.4800      223.00
20.5000      263.00
20.5200      242.00
20.5400      270.00
20.5600      223.00
20.5800      263.00
20.6000      310.00
20.6200      324.00
20.6400      380.00
20.6600      362.00
20.6800      382.00
20.7000      415.00
20.7200      452.00
20.7400      451.00
20.7600      505.00
20.7800      487.00
20.8000      527.00
20.8200      585.00
20.8400      627.00
20.8600      666.00
20.8800      731.00
20.9000      762.00
20.9200      774.00
20.9400      822.00
20.9600      909.00
20.9800      960.00
21.0000     1080.00
21.0200     1146.00
21.0400     1239.00
21.0600     1335.00
21.0800     1442.00
21.1000     1568.00
21.1200     1577.00
21.1400     1493.00
21.1600     1549.00
21.1800     1596.00
21.2000     1485.00
21.2200     1467.00
21.2400     1448.00
21.2600     1216.00
21.2800     1217.00
21.3000     1061.00
21.3200      893.00
21.3400      838.00
21.3600      663.00
21.3800      613.00
21.4000      563.00
21.4200      456.00
21.4400      393.00
21.4600      363.00
21.4800      295.00
21.5000      283.00
21.5200      281.00
21.5400      220.00
21.5600      241.00
21.5800      215.00
21.6000      192.00
21.6200      187.00
21.6400      197.00
21.6600      201.00
21.6800      191.00
21.7000      191.00
21.7200      187.00
21.7400      189.00
21.7600      203.00
21.7800      173.00
21.8000      199.00
21.8200      190.00
21.8400      187.00
21.8600      184.00
21.8800      195.00
21.9000      198.00
21.9200      206.00
21.9400      213.00
21.9600      198.00
21.9800      210.00
22.0000      207.00
22.0200      214.00
22.0400      202.00
22.0600      214.00
22.0800      193.00
22.1000      227.00
22.1200      231.00
22.1400      234.00
22.1600      226.00
22.1800      226.00
22.2000      238.00
22.2200      272.00
22.2400      272.00
22.2600      309.00
22.2800      327.00
22.3000      302.00
22.3200      370.00
22.3400      348.00
22.3600      349.00
22.3800      366.00
22.4000      359.00
22.4200      397.00
22.4400      395.00
22.4600      414.00
22.4800      408.00
22.5000      414.00
22.5200      463.00
22.5400      466.00
22.5600      505.00
22.5800      529.00
22.6000      599.00
22.6200      594.00
22.6400      592.00
22.6600      609.00
22.6800      621.00
22.7000      662.00
22.7200      655.00
22.7400      685.00
22.7600      673.00
22.7800      680.00
22.8000      669.00
22.8200      625.00
22.8400      557.00
22.8600      519.00
22.8800      515.00
22.9000      474.00
22.9200      424.00
22.9400      411.00
22.9600      427.00
22.9800      396.00
23.0000      451.00
23.0200      437.00
23.0400      430.00
23.0600      479.00
23.0800      465.00
23.1000      477.00
23.1200      490.00
23.1400      485.00
23.1600      540.00
23.1800      514.00
23.2000      524.00
23.2200      515.00
23.2400      534.00
23.2600      505.00
23.2800      504.00
23.3000      509.00
23.3200      508.00
23.3400      492.00
23.3600      460.00
23.3800      462.00
23.4000      487.00
23.4200      538.00
23.4400      496.00
23.4600      502.00
23.4800      488.00
23.5000      455.00
23.5200      474.00
23.5400      439.00
23.5600      476.00
23.5800      454.00
23.6000      444.00
23.6200      385.00
23.6400      383.00
23.6600      340.00
23.6800      344.00
23.7000      326.00
23.7200      279.00
23.7400      273.00
23.7600      253.00
23.7800      276.00
23.8000      240.00
23.8200      245.00
23.8400      246.00
23.8600      251.00
23.8800      271.00
23.9000      243.00
23.9200      248.00
23.9400      268.00
23.9600      251.00
23.9800      279.00
24.0000      358.00
24.0200      325.00
24.0400      379.00
24.0600      388.00
24.0800      417.00
24.1000      423.00
24.1200      444.00
24.1400      447.00
24.1600      437.00
24.1800      467.00
24.2000      483.00
24.2200      498.00
24.2400      524.00
24.2600      532.00
24.2800      559.00
24.3000      565.00
24.3200      634.00
24.3400      572.00
24.3600      601.00
24.3800      654.00
24.4000      642.00
24.4200      681.00
24.4400      674.00
24.4600      660.00
24.4800      658.00
24.5000      646.00
24.5200      664.00
24.5400      604.00
24.5600      598.00
24.5800      592.00
24.6000      537.00
24.6200      478.00
24.6400      485.00
24.6600      448.00
24.6800      396.00
24.7000      351.00
24.7200      322.00
24.7400      346.00
24.7600      314.00
24.7800      283.00
24.8000      297.00
24.8200      322.00
24.8400      297.00
24.8600      303.00
24.8800      327.00
24.9000      307.00
24.9200      378.00
24.9400      383.00
24.9600      393.00
24.9800      436.00
25.0000      469.00
25.0200      502.00
25.0400      506.00
25.0600      457.00
25.0800      495.00
25.1000      484.00
25.1200      472.00
25.1400      428.00
25.1600      415.00
25.1800      362.00
25.2000      394.00
25.2200      377.00
25.2400      331.00
25.2600      290.00
25.2800      276.00
25.3000      236.00
25.3200      237.00
25.3400      229.00
25.3600      243.00
25.3800      200.00
25.4000      211.00
25.4200      187.00
25.4400      193.00
25.4600      190.00
25.4800      156.00
25.5000      161.00
25.5200      180.00
25.5400      172.00
25.5600      171.00
25.5800      165.00
25.6000      175.00
25.6200      190.00
25.6400      167.00
25.6600      175.00
25.6800      177.00
25.7000      173.00
25.7200      163.00
25.7400      147.00
25.7600      170.00
25.7800      196.00
25.8000      153.00
25.8200      166.00
25.8400      159.00
25.8600      162.00
25.8800      165.00
25.9000      172.00
25.9200      212.00
25.9400      221.00
25.9600      217.00
25.9800      238.00
26.0000      228.00
26.0200      211.00
26.0400      254.00
26.0600      267.00
26.0800      291.00
26.1000      286.00
26.1200      310.00
26.1400      280.00
26.1600      314.00
26.1800      295.00
26.2000      340.00
26.2200      329.00
26.2400      366.00
26.2600      386.00
26.2800      391.00
26.3000      375.00
26.3200      389.00
26.3400      403.00
26.3600      388.00
26.3800      413.00
26.4000      417.00
26.4200      349.00
26.4400      361.00
26.4600      359.00
26.4800      381.00
26.5000      331.00
26.5200      358.00
26.5400      376.00
26.5600      372.00
26.5800      339.00
26.6000      309.00
26.6200      333.00
26.6400      302.00
26.6600      292.00
26.6800      298.00
26.7000      281.00
26.7200      260.00
26.7400      286.00
26.7600      257.00
26.7800      199.00
26.8000      241.00
26.8200      235.00
26.8400      189.00
26.8600      194.00
26.8800      166.00
26.9000      184.00
26.9200      182.00
26.9400      178.00
26.9600      185.00
26.9800      189.00
27.0000      165.00
27.0200      173.00
27.0400      178.00
27.0600      172.00
27.0800      163.00
27.1000      191.00
27.1200      190.00
27.1400      201.00
27.1600      189.00
27.1800      175.00
27.2000      194.00
27.2200      218.00
27.2400      216.00
27.2600      198.00
27.2800      222.00
27.3000      203.00
27.3200      231.00
27.3400      232.00
27.3600      254.00
27.3800      217.00
27.4000      265.00
27.4200      265.00
27.4400      260.00
27.4600      264.00
27.4800      239.00
27.5000      263.00
27.5200      273.00
27.5400      265.00
27.5600      292.00
27.5800      306.00
27.6000      318.00
27.6200      324.00
27.6400      382.00
27.6600      314.00
27.6800      359.00
27.7000      351.00
27.7200      359.00
27.7400      449.00
27.7600      371.00
27.7800      425.00
27.8000      402.00
27.8200      436.00
27.8400      443.00
27.8600      419.00
27.8800      393.00
27.9000      386.00
27.9200      405.00
27.9400      359.00
27.9600      324.00
27.9800      324.00
28.0000      300.00
28.0200      304.00
28.0400      286.00
28.0600      269.00
28.0800      277.00
28.1000      275.00
28.1200      253.00
28.1400      222.00
28.1600      205.00
28.1800      245.00
28.2000      214.00
28.2200      209.00
28.2400      240.00
28.2600      261.00
28.2800      227.00
28.3000      274.00
28.3200      259.00
28.3400      266.00
28.3600      282.00
28.3800      352.00
28.4000      375.00
28.4200      386.00
28.4400      431.00
28.4600      465.00
28.4800      479.00
28.5000      550.00
28.5200      639.00
28.5400      663.00
28.5600      705.00
28.5800      704.00
28.6000      698.00
28.6200      723.00
28.6400      762.00
28.6600      682.00
28.6800      698.00
28.7000      642.00
28.7200      585.00
28.7400      573.00
28.7600      543.00
28.7800      502.00
28.8000      498.00
28.8200      478.00
28.8400      427.00
28.8600      415.00
28.8800      406.00
28.9000      361.00
28.9200      330.00
28.9400      310.00
28.9600      302.00
28.9800      296.00
29.0000      296.00
29.0200      292.00
29.0400      284.00
29.0600      303.00
29.0800      281.00
29.1000      288.00
29.1200      322.00
29.1400      316.00
29.1600      344.00
29.1800      323.00
29.2000      332.00
29.2200      337.00
29.2400      342.00
29.2600      319.00
29.2800      368.00
29.3000      315.00
29.3200      329.00
29.3400      330.00
29.3600      345.00
29.3800      368.00
29.4000      352.00
29.4200      318.00
29.4400      325.00
29.4600      366.00
29.4800      339.00
29.5000      388.00
29.5200      395.00
29.5400      365.00
29.5600      356.00
29.5800      400.00
29.6000      406.00
29.6200      379.00
29.6400      383.00
29.6600      328.00
29.6800      300.00
29.7000      321.00
29.7200      270.00
29.7400      290.00
29.7600      236.00
29.7800      212.00
29.8000      251.00
29.8200      217.00
29.8400      202.00
29.8600      196.00
29.8800      193.00
29.9000      194.00
29.9200      189.00
29.9400      186.00
29.9600      168.00
29.9800      188.00
30.0000      167.00
30.0200      201.00
30.0400      210.00
30.0600      200.00
30.0800      218.00
30.1000      214.00
30.1200      219.00
30.1400      230.00
30.1600      240.00
30.1800      258.00
30.2000      273.00
30.2200      256.00
30.2400      255.00
30.2600      284.00
30.2800      273.00
30.3000      246.00
30.3200      270.00
30.3400      299.00
30.3600      274.00
30.3800      253.00
30.4000      286.00
30.4200      210.00
30.4400      241.00
30.4600      230.00
30.4800      244.00
30.5000      203.00
30.5200      210.00
30.5400      218.00
30.5600      219.00
30.5800      190.00
30.6000      192.00
30.6200      161.00
30.6400      158.00
30.6600      199.00
30.6800      187.00
30.7000      202.00
30.7200      174.00
30.7400      188.00
30.7600      171.00
30.7800      168.00
30.8000      159.00
30.8200      201.00
30.8400      194.00
30.8600      172.00
30.8800      177.00
30.9000      189.00
30.9200      176.00
30.9400      169.00
30.9600      186.00
30.9800      177.00
31.0000      167.00
31.0200      183.00
31.0400      158.00
31.0600      157.00
31.0800      185.00
31.1000      168.00
31.1200      151.00
31.1400      179.00
31.1600      163.00
31.1800      166.00
31.2000      156.00
31.2200      152.00
31.2400      159.00
31.2600      140.00
31.2800      139.00
31.3000      131.00
31.3200      145.00
31.3400      146.00
31.3600      138.00
31.3800      128.00
31.4000      155.00
31.4200      147.00
31.4400      155.00
31.4600      157.00
31.4800      160.00
31.5000      167.00
31.5200      149.00
31.5400      150.00
31.5600      169.00
31.5800      151.00
31.6000      159.00
31.6200      170.00
31.6400      181.00
31.6600      196.00
31.6800      191.00
31.7000      190.00
31.7200      190.00
31.7400      152.00
31.7600      181.00
31.7800      179.00
31.8000      161.00
31.8200      168.00
31.8400      162.00
31.8600      178.00
31.8800      203.00
31.9000      151.00
31.9200      183.00
31.9400      150.00
31.9600      168.00
31.9800      168.00
32.0000      181.00
