 2.2000      301.00
 2.2200      294.00
 2.2400      301.00
 2.2600      306.00
 2.2800      287.00
 2.3000      286.00
 2.3200      290.00
 2.3400      283.00
 2.3600      283.00
 2.3800      279.00
 2.4000      307.00
 2.4200      293.00
 2.4400      294.00
 2.4600      321.00
 2.4800      267.00
 2.5000      258.00
 2.5200      289.00
 2.5400      288.00
 2.5600      285.00
 2.5800      289.00
 2.6000      265.00
 2.6200      283.00
 2.6400      272.00
 2.6600      300.00
 2.6800      250.00
 2.7000      255.00
 2.7200      266.00
 2.7400      295.00
 2.7600      284.00
 2.7800      241.00
 2.8000      233.00
 2.8200      265.00
 2.8400      284.00
 2.8600      299.00
 2.8800      266.00
 2.9000      266.00
 2.9200      270.00
 2.9400      267.00
 2.9600      252.00
 2.9800      257.00
 3.0000      259.00
 3.0200      260.00
 3.0400      256.00
 3.0600      254.00
 3.0800      239.00
 3.1000      282.00
 3.1200      275.00
 3.1400      253.00
 3.1600      246.00
 3.1800      226.00
 3.2000      247.00
 3.2200      252.00
 3.2400      233.00
 3.2600      219.00
 3.2800      239.00
 3.3000      241.00
 3.3200      219.00
 3.3400      241.00
 3.3600      243.00
 3.3800      234.00
 3.4000      232.00
 3.4200      214.00
 3.4400      216.00
 3.4600      226.00
 3.4800      215.00
 3.5000      244.00
 3.5200      251.00
 3.5400      221.00
 3.5600      226.00
 3.5800      212.00
 3.6000      247.00
 3.6200      193.00
 3.6400      214.00
 3.6600      211.00
 3.6800      226.00
 3.7000      219.00
 3.7200      190.00
 3.7400      184.00
 3.7600      210.00
 3.7800      205.00
 3.8000      208.00
 3.8200      205.00
 3.8400      207.00
 3.8600      228.00
 3.8800      218.00
 3.9000      190.00
 3.9200      185.00
 3.9400      198.00
 3.9600      214.00
 3.9800      208.00
 4.0000      189.00
 4.0200      197.00
 4.0400      176.00
 4.0600      181.00
 4.0800      182.00
 4.1000      190.00
 4.1200      155.00
 4.1400      193.00
 4.1600      193.00
 4.1800      185.00
 4.2000      140.00
 4.2200      170.00
 4.2400      180.00
 4.2600      177.00
 4.2800      182.00
 4.3000      167.00
 4.3200      178.00
 4.3400      177.00
 4.3600      149.00
 4.3800      174.00
 4.4000      191.00
 4.4200      170.00
 4.4400      167.00
 4.4600      161.00
 4.4800      156.00
 4.5000      150.00
 4.5200      158.00
 4.5400      161.00
 4.5600      166.00
 4.5800      142.00
 4.6000      147.00
 4.6200      152.00
 4.6400      155.00
 4.6600      156.00
 4.6800      155.00
 4.7000      170.00
 4.7200      157.00
 4.7400      138.00
 4.7600      151.00
 4.7800      143.00
 4.8000      161.00
 4.8200      142.00
 4.8400      118.00
 4.8600      145.00
 4.8800      138.00
 4.9000      145.00
 4.9200      138.00
 4.9400      131.00
 4.9600      138.00
 4.9800      137.00
 5.0000      134.00
 5.0200      136.00
 5.0400      136.00
 5.0600      156.00
 5.0800      142.00
 5.1000      156.00
 5.1200      153.00
 5.1400      152.00
 5.1600      113.00
 5.1800      156.00
 5.2000      160.00
 5.2200      147.00
 5.2400      152.00
 5.2600      126.00
 5.2800      152.00
 5.3000      145.00
 5.3200      144.00
 5.3400      137.00
 5.3600      163.00
 5.3800      159.00
 5.4000      153.00
 5.4200      161.00
 5.4400      128.00
 5.4600      147.00
 5.4800      146.00
 5.5000      141.00
 5.5200      142.00
 5.5400      149.00
 5.5600      140.00
 5.5800      136.00
 5.6000      161.00
 5.6200      142.00
 5.6400      124.00
 5.6600      123.00
 5.6800      150.00
 5.7000      139.00
 5.7200      138.00
 5.7400      135.00
 5.7600      157.00
 5.7800      157.00
 5.8000      175.00
 5.8200      139.00
 5.8400      146.00
 5.8600      134.00
 5.8800      157.00
 5.9000      167.00
 5.9200      170.00
 5.9400      180.00
 5.9600      173.00
 5.9800      147.00
 6.0000      170.00
 6.0200      145.00
 6.0400      175.00
 6.0600      156.00
 6.0800      182.00
 6.1000      153.00
 6.1200      185.00
 6.1400      146.00
 6.1600      158.00
 6.1800      197.00
 6.2000      173.00
 6.2200      172.00
 6.2400      193.00
 6.2600      193.00
 6.2800      200.00
 6.3000      233.00
 6.3200      212.00
 6.3400      232.00
 6.3600      227.00
 6.3800      260.00
 6.4000      236.00
 6.4200      276.00
 6.4400      261.00
 6.4600      293.00
 6.4800      330.00
 6.5000      392.00
 6.5200      351.00
 6.5400      347.00
 6.5600      380.00
 6.5800      353.00
 6.6000      363.00
 6.6200      359.00
 6.6400      334.00
 6.6600      293.00
 6.6800      291.00
 6.7000      274.00
 6.7200      221.00
 6.7400      221.00
 6.7600      184.00
 6.7800      169.00
 6.8000      172.00
 6.8200      181.00
 6.8400      148.00
 6.8600      156.00
 6.8800      149.00
 6.9000      177.00
 6.9200      170.00
 6.9400      175.00
 6.9600      161.00
 6.9800      149.00
 7.0000      175.00
 7.0200      204.00
 7.0400      142.00
 7.0600      137.00
 7.0800      145.00
 7.1000      142.00
 7.1200      169.00
 7.1400      158.00
 7.1600      170.00
 7.1800      176.00
 7.2000      155.00
 7.2200      189.00
 7.2400      158.00
 7.2600      181.00
 7.2800      173.00
 7.3000      189.00
 7.3200      161.00
 7.3400      182.00
 7.3600      165.00
 7.3800      172.00
 7.4000      174.00
 7.4200      158.00
 7.4400      176.00
 7.4600      152.00
 7.4800      173.00
 7.5000      173.00
 7.5200      157.00
 7.5400      168.00
 7.5600      135.00
 7.5800      132.00
 7.6000      140.00
 7.6200      155.00
 7.6400      156.00
 7.6600      132.00
 7.6800      174.00
 7.7000      149.00
 7.7200      154.00
 7.7400      141.00
 7.7600      140.00
 7.7800      154.00
 7.8000      157.00
 7.8200      173.00
 7.8400      149.00
 7.8600      148.00
 7.8800      148.00
 7.9000      141.00
 7.9200      162.00
 7.9400      139.00
 7.9600      149.00
 7.9800      148.00
 8.0000      142.00
 8.0200      144.00
 8.0400      154.00
 8.0600      147.00
 8.0800      145.00
 8.1000      149.00
 8.1200      170.00
 8.1400      160.00
 8.1600      149.00
 8.1800      149.00
 8.2000      149.00
 8.2200      144.00
 8.2400      151.00
 8.2600      161.00
 8.2800      173.00
 8.3000      156.00
 8.3200      141.00
 8.3400      166.00
 8.3600      154.00
 8.3800      169.00
 8.4000      163.00
 8.4200      145.00
 8.4400      178.00
 8.4600      138.00
 8.4800      159.00
 8.5000      159.00
 8.5200      177.00
 8.5400      162.00
 8.5600      183.00
 8.5800      154.00
 8.6000      152.00
 8.6200      162.00
 8.6400      164.00
 8.6600      145.00
 8.6800      158.00
 8.7000      149.00
 8.7200      180.00
 8.7400      164.00
 8.7600      155.00
 8.7800      161.00
 8.8000      152.00
 8.8200      166.00
 8.8400      190.00
 8.8600      176.00
 8.8800      166.00
 8.9000      154.00
 8.9200      168.00
 8.9400      169.00
 8.9600      154.00
 8.9800      156.00
 9.0000      187.00
 9.0200      158.00
 9.0400      161.00
 9.0600      160.00
 9.0800      167.00
 9.1000      168.00
 9.1200      170.00
 9.1400      157.00
 9.1600      167.00
 9.1800      169.00
 9.2000      157.00
 9.2200      165.00
 9.2400      154.00
 9.2600      171.00
 9.2800      168.00
 9.3000      178.00
 9.3200      181.00
 9.3400      157.00
 9.3600      188.00
 9.3800      171.00
 9.4000      171.00
 9.4200      159.00
 9.4400      167.00
 9.4600      173.00
 9.4800      181.00
 9.5000      186.00
 9.5200      176.00
 9.5400      199.00
 9.5600      209.00
 9.5800      200.00
 9.6000      243.00
 9.6200      212.00
 9.6400      232.00
 9.6600      208.00
 9.6800      210.00
 9.7000      233.00
 9.7200      230.00
 9.7400      237.00
 9.7600      241.00
 9.7800      227.00
 9.8000      216.00
 9.8200      235.00
 9.8400      232.00
 9.8600      231.00
 9.8800      246.00
 9.9000      217.00
 9.9200      241.00
 9.9400      257.00
 9.9600      257.00
 9.9800      228.00
10.0000      223.00
10.0200      227.00
10.0400      234.00
10.0600      214.00
10.0800      223.00
10.1000      215.00
10.1200      190.00
10.1400      183.00
10.1600      167.00
10.1800      160.00
10.2000      178.00
10.2200      163.00
10.2400      194.00
10.2600      205.00
10.2800      192.00
10.3000      182.00
10.3200      179.00
10.3400      191.00
10.3600      198.00
10.3800      192.00
10.4000      168.00
10.4200      179.00
10.4400      159.00
10.4600      179.00
10.4800      158.00
10.5000      196.00
10.5200      173.00
10.5400      174.00
10.5600      193.00
10.5800      195.00
10.6000      180.00
10.6200      236.00
10.6400      221.00
10.6600      228.00
10.6800      222.00
10.7000      242.00
10.7200      271.00
10.7400      286.00
10.7600      286.00
10.7800      303.00
10.8000      314.00
10.8200      354.00
10.8400      345.00
10.8600      330.00
10.8800      356.00
10.9000      361.00
10.9200      378.00
10.9400      418.00
10.9600      377.00
10.9800      326.00
11.0000      323.00
11.0200      301.00
11.0400      296.00
11.0600      244.00
11.0800      274.00
11.1000      254.00
11.1200      235.00
11.1400      236.00
11.1600      211.00
11.1800      230.00
11.2000      216.00
11.2200      224.00
11.2400      216.00
11.2600      195.00
11.2800      201.00
11.3000      225.00
11.3200      185.00
11.3400      204.00
11.3600      202.00
11.3800      210.00
11.4000      200.00
11.4200      205.00
11.4400      216.00
11.4600      204.00
11.4800      218.00
11.5000      182.00
11.5200      170.00
11.5400      206.00
11.5600      199.00
11.5800      182.00
11.6000      222.00
11.6200      191.00
11.6400      217.00
11.6600      175.00
11.6800      185.00
11.7000      225.00
11.7200      208.00
11.7400      201.00
11.7600      211.00
11.7800      214.00
11.8000      246.00
11.8200      204.00
11.8400      249.00
11.8600      252.00
11.8800      256.00
11.9000      254.00
11.9200      254.00
11.9400      275.00
11.9600      287.00
11.9800      328.00
12.0000      313.00
12.0200      328.00
12.0400      349.00
12.0600      379.00
12.0800      381.00
12.1000      446.00
12.1200      444.00
12.1400      480.00
12.1600      480.00
12.1800      515.00
12.2000      465.00
12.2200      450.00
12.2400      466.00
12.2600      411.00
12.2800      367.00
12.3000      298.00
12.3200      283.00
12.3400      258.00
12.3600      268.00
12.3800      242.00
12.4000      257.00
12.4200      253.00
12.4400      208.00
12.4600      241.00
12.4800      250.00
12.5000      245.00
12.5200      270.00
12.5400      281.00
12.5600      268.00
12.5800      300.00
12.6000      285.00
12.6200      303.00
12.6400      308.00
12.6600      336.00
12.6800      332.00
12.7000      342.00
12.7200      370.00
12.7400      348.00
12.7600      351.00
12.7800      355.00
12.8000      382.00
12.8200      370.00
12.8400      389.00
12.8600      342.00
12.8800      372.00
12.9000      411.00
12.9200      401.00
12.9400      485.00
12.9600      532.00
12.9800      530.00
13.0000      584.00
13.0200      580.00
13.0400      604.00
13.0600      693.00
13.0800      622.00
13.1000      627.00
13.1200      631.00
13.1400      589.00
13.1600      543.00
13.1800      474.00
13.2000      432.00
13.2200      355.00
13.2400      317.00
13.2600      241.00
13.2800      253.00
13.3000      225.00
13.3200      208.00
13.3400      238.00
13.3600      214.00
13.3800      216.00
13.4000      219.00
13.4200      215.00
13.4400      225.00
13.4600      200.00
13.4800      194.00
13.5000      201.00
13.5200      206.00
13.5400      207.00
13.5600      187.00
13.5800      197.00
13.6000      193.00
13.6200      187.00
13.6400      195.00
13.6600      200.00
13.6800      215.00
13.7000      204.00
13.7200      208.00
13.7400      208.00
13.7600      212.00
13.7800      209.00
13.8000      217.00
13.8200      187.00
13.8400      238.00
13.8600      201.00
13.8800      223.00
13.9000      243.00
13.9200      258.00
13.9400      239.00
13.9600      266.00
13.9800      289.00
14.0000      304.00
14.0200      353.00
14.0400      362.00
14.0600      332.00
14.0800      358.00
14.1000      358.00
14.1200      383.00
14.1400      383.00
14.1600      373.00
14.1800      415.00
14.2000      373.00
14.2200      364.00
14.2400      347.00
14.2600      347.00
14.2800      383.00
14.3000      365.00
14.3200      338.00
14.3400      330.00
14.3600      333.00
14.3800      315.00
14.4000      291.00
14.4200      269.00
14.4400      283.00
14.4600      311.00
14.4800      295.00
14.5000      268.00
14.5200      306.00
14.5400      307.00
14.5600      289.00
14.5800      320.00
14.6000      351.00
14.6200      423.00
14.6400      457.00
14.6600      478.00
14.6800      525.00
14.7000      559.00
14.7200      626.00
14.7400      662.00
14.7600      704.00
14.7800      762.00
14.8000      694.00
14.8200      737.00
14.8400      713.00
14.8600      653.00
14.8800      617.00
14.9000      525.00
14.9200      493.00
14.9400      454.00
14.9600      369.00
14.9800      309.00
15.0000      297.00
15.0200      265.00
15.0400      256.00
15.0600      239.00
15.0800      240.00
15.1000      231.00
15.1200      233.00
15.1400      232.00
15.1600      221.00
15.1800      213.00
15.2000      203.00
15.2200      207.00
15.2400      222.00
15.2600      215.00
15.2800      237.00
15.3000      240.00
15.3200      201.00
15.3400      227.00
15.3600      207.00
15.3800      226.00
15.4000      183.00
15.4200      202.00
15.4400      211.00
15.4600      207.00
15.4800      211.00
15.5000      220.00
15.5200      219.00
15.5400      229.00
15.5600      218.00
15.5800      233.00
15.6000      237.00
15.6200      215.00
15.6400      246.00
15.6600      226.00
15.6800      267.00
15.7000      266.00
15.7200      271.00
15.7400      271.00
15.7600      282.00
15.7800      319.00
15.8000      307.00
15.8200      305.00
15.8400      285.00
15.8600      304.00
15.8800      297.00
15.9000      316.00
15.9200      273.00
15.9400      303.00
15.9600      344.00
15.9800      298.00
16.0000      336.00
16.0200      311.00
16.0400      346.00
16.0600      382.00
16.0800      373.00
16.1000      404.00
16.1200      358.00
16.1400      396.00
16.1600      402.00
16.1800      356.00
16.2000      376.00
16.2200      389.00
16.2400      365.00
16.2600      334.00
16.2800      308.00
16.3000      311.00
16.3200      336.00
16.3400      316.00
16.3600      294.00
16.3800      306.00
16.4000      331.00
16.4200      337.00
16.4400      331.00
16.4600      344.00
16.4800      361.00
16.5000      448.00
16.5200      403.00
16.5400      386.00
16.5600      361.00
16.5800      398.00
16.6000      349.00
16.6200      363.00
16.6400      318.00
16.6600      330.00
16.6800      315.00
16.7000      310.00
16.7200      316.00
16.7400      299.00
16.7600      282.00
16.7800      274.00
16.8000      309.00
16.8200      283.00
16.8400      307.00
16.8600      337.00
16.8800      363.00
16.9000      415.00
16.9200      435.00
16.9400      488.00
16.9600      561.00
16.9800      621.00
17.0000      670.00
17.0200      719.00
17.0400      805.00
17.0600      849.00
17.0800      906.00
17.1000      880.00
17.1200      950.00
17.1400      878.00
17.1600      831.00
17.1800      763.00
17.2000      680.00
17.2200      628.00
17.2400      528.00
17.2600      414.00
17.2800      382.00
17.3000      307.00
17.3200      319.00
17.3400      329.00
17.3600      276.00
17.3800      293.00
17.4000      330.00
17.4200      310.00
17.4400      324.00
17.4600      331.00
17.4800      296.00
17.5000      339.00
17.5200      343.00
17.5400      357.00
17.5600      415.00
17.5800      399.00
17.6000      435.00
17.6200      459.00
17.6400      466.00
17.6600      493.00
17.6800      531.00
17.7000      521.00
17.7200      584.00
17.7400      642.00
17.7600      672.00
17.7800      648.00
17.8000      776.00
17.8200      741.00
17.8400      685.00
17.8600      733.00
17.8800      706.00
17.9000      706.00
17.9200      690.00
17.9400      679.00
17.9600      581.00
17.9800      502.00
18.0000      486.00
18.0200      511.00
18.0400      455.00
18.0600      457.00
18.0800      465.00
18.1000      539.00
18.1200      524.00
18.1400      622.00
18.1600      636.00
18.1800      728.00
18.2000      813.00
18.2200      908.00
18.2400      936.00
18.2600      944.00
18.2800     1054.00
18.3000     1055.00
18.3200     1009.00
18.3400     1019.00
18.3600      975.00
18.3800      854.00
18.4000      812.00
18.4200      691.00
18.4400      583.00
18.4600      512.00
18.4800      439.00
18.5000      406.00
18.5200      328.00
18.5400      347.00
18.5600      304.00
18.5800      252.00
18.6000      263.00
18.6200      285.00
18.6400      245.00
18.6600      283.00
18.6800      233.00
18.7000      238.00
18.7200      256.00
18.7400      270.00
18.7600      258.00
18.7800      239.00
18.8000      254.00
18.8200      229.00
18.8400      255.00
18.8600      294.00
18.8800      268.00
18.9000      298.00
18.9200      318.00
18.9400      334.00
18.9600      366.00
18.9800      367.00
19.0000      441.00
19.0200      489.00
19.0400      533.00
19.0600      599.00
19.0800      630.00
19.1000      641.00
19.1200      661.00
19.1400      715.00
19.1600      703.00
19.1800      654.00
19.2000      609.00
19.2200      631.00
19.2400      561.00
19.2600      527.00
19.2800      469.00
19.3000      433.00
19.3200      449.00
19.3400      432.00
19.3600      409.00
19.3800      386.00
19.4000      443.00
19.4200      490.00
19.4400      549.00
19.4600      554.00
19.4800      639.00
19.5000      687.00
19.5200      723.00
19.5400      827.00
19.5600      893.00
19.5800      972.00
19.6000     1036.00
19.6200     1044.00
19.6400     1089.00
19.6600     1055.00
19.6800     1034.00
19.7000     1070.00
19.7200      955.00
19.7400      917.00
19.7600      865.00
19.7800      767.00
19.8000      716.00
19.8200      688.00
19.8400      657.00
19.8600      583.00
19.8800      609.00
19.9000      582.00
19.9200      512.00
19.9400      529.00
19.9600      494.00
19.9800      426.00
20.0000      391.00
20.0200      362.00
20.0400      373.00
20.0600      326.00
20.0800      327.00
20.1000      316.00
20.1200      317.00
20.1400      312.00
20.1600      281.00
20.1800      271.00
20.2000      283.00
20.2200      269.00
20.2400      266.00
20.2600      272.00
20.2800      261.00
20.3000      229.00
20.3200      239.00
20.3400      236.00
20.3600      225.00
20.3800      234.00
20.4000      249.00
20.4200      246.00
20.4400      239.00
20.4600      252.00
20.4800      241.00
20.5000      231.00
20.5200      251.00
20.5400      288.00
20.5600      272.00
20.5800      276.00
20.6000      318.00
20.6200      335.00
20.6400      332.00
20.6600      389.00
20.6800      426.00
20.7000      406.00
20.7200      438.00
20.7400      506.00
20.7600      516.00
20.7800      595.00
20.8000      575.00
20.8200      603.00
20.8400      672.00
20.8600      630.00
20.8800      671.00
20.9000      670.00
20.9200      627.00
20.9400      628.00
20.9600      639.00
20.9800      619.00
21.0000      576.00
21.0200      570.00
21.0400      529.00
21.0600      491.00
21.0800      459.00
21.1000      455.00
21.1200      411.00
21.1400      451.00
21.1600      418.00
21.1800      355.00
21.2000      343.00
21.2200      331.00
21.2400      283.00
21.2600      301.00
21.2800      311.00
21.3000      297.00
21.3200      319.00
21.3400      306.00
21.3600      295.00
21.3800      337.00
21.4000      349.00
21.4200      406.00
21.4400      409.00
21.4600      425.00
21.4800      458.00
21.5000      490.00
21.5200      545.00
21.5400      538.00
21.5600      608.00
21.5800      630.00
21.6000      683.00
21.6200      792.00
21.6400      758.00
21.6600      788.00
21.6800      876.00
21.7000      961.00
21.7200     1038.00
21.7400     1140.00
21.7600     1252.00
21.7800     1326.00
21.8000     1323.00
21.8200     1384.00
21.8400     1403.00
21.8600     1411.00
21.8800     1412.00
21.9000     1414.00
21.9200     1311.00
21.9400     1254.00
21.9600     1217.00
21.9800     1167.00
22.0000     1180.00
22.0200     1114.00
22.0400     1018.00
22.0600     1017.00
22.0800     1027.00
22.1000     1095.00
22.1200     1102.00
22.1400     1119.00
22.1600     1153.00
22.1800     1151.00
22.2000     1109.00
22.2200     1099.00
22.2400     1067.00
22.2600     1107.00
22.2800     1089.00
22.3000     1026.00
22.3200     1071.00
22.3400     1085.00
22.3600     1039.00
22.3800     1078.00
22.4000     1014.00
22.4200      955.00
22.4400      989.00
22.4600      957.00
22.4800      922.00
22.5000      865.00
22.5200      787.00
22.5400      792.00
22.5600      746.00
22.5800      714.00
22.6000      691.00
22.6200      619.00
22.6400      598.00
22.6600      574.00
22.6800      551.00
22.7000      547.00
22.7200      514.00
22.7400      445.00
22.7600      469.00
22.7800      387.00
22.8000      418.00
22.8200      412.00
22.8400      399.00
22.8600      367.00
22.8800      353.00
22.9000      352.00
22.9200      345.00
22.9400      351.00
22.9600      384.00
22.9800      371.00
23.0000      389.00
23.0200      370.00
23.0400      396.00
23.0600      373.00
23.0800      417.00
23.1000      433.00
23.1200      418.00
23.1400      441.00
23.1600      436.00
23.1800      497.00
23.2000      514.00
23.2200      575.00
23.2400      593.00
23.2600      602.00
23.2800      643.00
23.3000      638.00
23.3200      656.00
23.3400      644.00
23.3600      656.00
23.3800      601.00
23.4000      549.00
23.4200      566.00
23.4400      520.00
23.4600      441.00
23.4800      431.00
23.5000      367.00
23.5200      344.00
23.5400      324.00
23.5600      281.00
23.5800      287.00
23.6000      283.00
23.6200      288.00
23.6400      307.00
23.6600      268.00
23.6800      287.00
23.7000      257.00
23.7200      245.00
23.7400      255.00
23.7600      278.00
23.7800      268.00
23.8000      264.00
23.8200      284.00
23.8400      255.00
23.8600      269.00
23.8800      280.00
23.9000      282.00
23.9200      295.00
23.9400      317.00
23.9600      287.00
23.9800      332.00
24.0000      360.00
24.0200      369.00
24.0400      461.00
24.0600      519.00
24.0800      541.00
24.1000      610.00
24.1200      711.00
24.1400      654.00
24.1600      746.00
24.1800      729.00
24.2000      686.00
24.2200      693.00
24.2400      637.00
24.2600      658.00
24.2800      599.00
24.3000      564.00
24.3200      550.00
24.3400      530.00
24.3600      485.00
24.3800      438.00
24.4000      425.00
24.4200      424.00
24.4400      429.00
24.4600      432.00
24.4800      409.00
24.5000      394.00
24.5200      370.00
24.5400      391.00
24.5600      375.00
24.5800      330.00
24.6000      312.00
24.6200      366.00
24.6400      310.00
24.6600      323.00
24.6800      366.00
24.7000      394.00
24.7200      402.00
24.7400      412.00
24.7600      426.00
24.7800      441.00
24.8000      472.00
24.8200      489.00
24.8400      490.00
24.8600      509.00
24.8800      614.00
24.9000      582.00
24.9200      600.00
24.9400      590.00
24.9600      649.00
24.9800      656.00
25.0000      639.00
25.0200      602.00
25.0400      596.00
25.0600      527.00
25.0800      459.00
25.1000      428.00
25.1200      390.00
25.1400      352.00
25.1600      361.00
25.1800      354.00
25.2000      314.00
25.2200      308.00
25.2400      311.00
25.2600      277.00
25.2800      290.00
25.3000      275.00
25.3200      275.00
25.3400      267.00
25.3600      251.00
25.3800      277.00
25.4000      265.00
25.4200      273.00
25.4400      280.00
25.4600      271.00
25.4800      309.00
25.5000      325.00
25.5200      379.00
25.5400      352.00
25.5600      376.00
25.5800      365.00
25.6000      376.00
25.6200      358.00
25.6400      366.00
25.6600      364.00
25.6800      353.00
25.7000      341.00
25.7200      305.00
25.7400      295.00
25.7600      301.00
25.7800      246.00
25.8000      261.00
25.8200      272.00
25.8400      224.00
25.8600      221.00
25.8800      232.00
25.9000      225.00
25.9200      222.00
25.9400      231.00
25.9600      237.00
25.9800      251.00
26.0000      248.00
26.0200      255.00
26.0400      267.00
26.0600      304.00
26.0800      327.00
26.1000      360.00
26.1200      429.00
26.1400      418.00
26.1600      463.00
26.1800      452.00
26.2000      393.00
26.2200      424.00
26.2400      438.00
26.2600      435.00
26.2800      446.00
26.3000      413.00
26.3200      392.00
26.3400      407.00
26.3600      330.00
26.3800      322.00
26.4000      306.00
26.4200      268.00
26.4400      274.00
26.4600      262.00
26.4800      245.00
26.5000      250.00
26.5200      236.00
26.5400      249.00
26.5600      260.00
26.5800      233.00
26.6000      237.00
26.6200      271.00
26.6400      220.00
26.6600      223.00
26.6800      244.00
26.7000      243.00
26.7200      261.00
26.7400      252.00
26.7600      256.00
26.7800      263.00
26.8000      281.00
26.8200      313.00
26.8400      355.00
26.8600      407.00
26.8800      463.00
26.9000      564.00
26.9200      644.00
26.9400      717.00
26.9600      845.00
26.9800      932.00
27.0000      995.00
27.0200     1133.00
27.0400     1143.00
27.0600     1245.00
27.0800     1178.00
27.1000     1160.00
27.1200     1180.00
27.1400     1115.00
27.1600     1027.00
27.1800      902.00
27.2000      841.00
27.2200      754.00
27.2400      667.00
27.2600      584.00
27.2800      543.00
27.3000      518.00
27.3200      464.00
27.3400      487.00
27.3600      499.00
27.3800      444.00
27.4000      410.00
27.4200      411.00
27.4400      404.00
27.4600      404.00
27.4800      384.00
27.5000      399.00
27.5200      382.00
27.5400      414.00
27.5600      458.00
27.5800      433.00
27.6000      487.00
27.6200      454.00
27.6400      488.00
27.6600      476.00
27.6800      445.00
27.7000      418.00
27.7200      412.00
27.7400      393.00
27.7600      364.00
27.7800      375.00
27.8000      301.00
27.8200      325.00
27.8400      302.00
27.8600      262.00
27.8800      250.00
27.9000      255.00
27.9200      249.00
27.9400      233.00
27.9600      247.00
27.9800      257.00
28.0000      247.00
28.0200      274.00
28.0400      270.00
28.0600      252.00
28.0800      301.00
28.1000      341.00
28.1200      341.00
28.1400      360.00
28.1600      378.00
28.1800      408.00
28.2000      452.00
28.2200      426.00
28.2400      489.00
28.2600      510.00
28.2800      541.00
28.3000      558.00
28.3200      570.00
28.3400      601.00
28.3600      652.00
28.3800      669.00
28.4000      655.00
28.4200      719.00
28.4400      740.00
28.4600      782.00
28.4800      729.00
28.5000      736.00
28.5200      709.00
28.5400      754.00
28.5600      682.00
28.5800      689.00
28.6000      653.00
28.6200      621.00
28.6400      563.00
28.6600      534.00
28.6800      483.00
28.7000      478.00
28.7200      491.00
28.7400      422.00
28.7600      423.00
28.7800      422.00
28.8000      411.00
28.8200      319.00
28.8400      359.00
28.8600      304.00
28.8800      342.00
28.9000      294.00
28.9200      273.00
28.9400      278.00
28.9600      255.00
28.9800      291.00
29.0000      261.00
29.0200      235.00
29.0400      236.00
29.0600      272.00
29.0800      250.00
29.1000      240.00
29.1200      228.00
29.1400      235.00
29.1600      260.00
29.1800      241.00
29.2000      262.00
29.2200      245.00
29.2400      247.00
29.2600      220.00
29.2800      235.00
29.3000      210.00
29.3200      233.00
29.3400      216.00
29.3600      190.00
29.3800      245.00
29.4000      205.00
29.4200      230.00
29.4400      230.00
29.4600      210.00
29.4800      225.00
29.5000      264.00
29.5200      216.00
29.5400      219.00
29.5600      214.00
29.5800      212.00
29.6000      214.00
29.6200      245.00
29.6400      188.00
29.6600      227.00
29.6800      246.00
29.7000      235.00
29.7200      267.00
29.7400      294.00
29.7600      307.00
29.7800      312.00
29.8000      307.00
29.8200      343.00
29.8400      328.00
29.8600      324.00
29.8800      325.00
29.9000      379.00
29.9200      347.00
29.9400      325.00
29.9600      300.00
29.9800      344.00
30.0000      362.00
30.0200      334.00
30.0400      300.00
30.0600      312.00
30.0800      282.00
30.1000      298.00
30.1200      283.00
30.1400      274.00
30.1600      288.00
30.1800      274.00
30.2000      264.00
30.2200      260.00
30.2400      257.00
30.2600      236.00
30.2800      218.00
30.3000      228.00
30.3200      219.00
30.3400      203.00
30.3600      212.00
30.3800      200.00
30.4000      215.00
30.4200      239.00
30.4400      232.00
30.4600      203.00
30.4800      192.00
30.5000      213.00
30.5200      203.00
30.5400      223.00
30.5600      204.00
30.5800      183.00
30.6000      240.00
30.6200      230.00
30.6400      234.00
30.6600      247.00
30.6800      250.00
30.7000      278.00
30.7200      289.00
30.7400      329.00
30.7600      361.00
30.7800      339.00
30.8000      370.00
30.8200      388.00
30.8400      387.00
30.8600      399.00
30.8800      359.00
30.9000      365.00
30.9200      362.00
30.9400      320.00
30.9600      318.00
30.9800      284.00
31.0000      269.00
31.0200      262.00
31.0400      262.00
31.0600      242.00
31.0800      225.00
31.1000      225.00
31.1200      257.00
31.1400      190.00
31.1600      204.00
31.1800      203.00
31.2000      198.00
31.2200      199.00
31.2400      184.00
31.2600      206.00
31.2800      190.00
31.3000      171.00
31.3200      196.00
31.3400      166.00
31.3600      198.00
31.3800      180.00
31.4000      202.00
31.4200      169.00
31.4400      193.00
31.4600      198.00
31.4800      204.00
31.5000      204.00
31.5200      231.00
31.5400      217.00
31.5600      236.00
31.5800      232.00
31.6000      232.00
31.6200      256.00
31.6400      282.00
31.6600      312.00
31.6800      273.00
31.7000      285.00
31.7200      327.00
31.7400      311.00
31.7600      271.00
31.7800      300.00
31.8000      292.00
31.8200      296.00
31.8400      308.00
31.8600      284.00
31.8800      300.00
31.9000      285.00
31.9200      290.00
31.9400      264.00
31.9600      258.00
31.9800      240.00
32.0000      248.00
32.0200      256.00
32.0400      247.00
32.0600      237.00
32.0800      263.00
32.1000      231.00
32.1200      202.00
32.1400      237.00
32.1600      264.00
32.1800      246.00
32.2000      256.00
32.2200      241.00
32.2400      233.00
32.2600      229.00
32.2800      261.00
32.3000      242.00
32.3200      280.00
32.3400      226.00
32.3600      243.00
32.3800      235.00
32.4000      242.00
32.4200      215.00
32.4400      239.00
32.4600      278.00
32.4800      226.00
32.5000      290.00
32.5200      277.00
32.5400      257.00
32.5600      300.00
32.5800      274.00
32.6000      282.00
32.6200      239.00
32.6400      251.00
32.6600      253.00
32.6800      217.00
32.7000      215.00
32.7200      238.00
32.7400      222.00
32.7600      210.00
32.7800      212.00
32.8000      189.00
32.8200      198.00
32.8400      221.00
32.8600      199.00
32.8800      183.00
32.9000      206.00
32.9200      223.00
32.9400      216.00
32.9600      229.00
32.9800      249.00
33.0000      207.00
33.0200      217.00
33.0400      219.00
33.0600      204.00
33.0800      197.00
33.1000      194.00
33.1200      198.00
33.1400      173.00
33.1600      176.00
33.1800      183.00
33.2000      150.00
33.2200      193.00
33.2400      184.00
33.2600      190.00
33.2800      175.00
33.3000      193.00
33.3200      185.00
33.3400      178.00
33.3600      165.00
33.3800      192.00
33.4000      191.00
33.4200      201.00
33.4400      185.00
33.4600      194.00
33.4800      203.00
33.5000      231.00
33.5200      210.00
33.5400      202.00
33.5600      210.00
33.5800      224.00
33.6000      224.00
33.6200      233.00
33.6400      243.00
33.6600      264.00
33.6800      226.00
33.7000      227.00
33.7200      258.00
33.7400      213.00
33.7600      228.00
33.7800      205.00
33.8000      241.00
33.8200      204.00
33.8400      214.00
33.8600      211.00
33.8800      197.00
33.9000      199.00
33.9200      211.00
33.9400      185.00
33.9600      204.00
33.9800      171.00
34.0000      194.00
34.0200      217.00
34.0400      194.00
34.0600      177.00
34.0800      202.00
34.1000      191.00
34.1200      185.00
34.1400      218.00
34.1600      203.00
34.1800      217.00
34.2000      207.00
34.2200      195.00
34.2400      215.00
34.2600      235.00
34.2800      198.00
34.3000      199.00
34.3200      214.00
34.3400      214.00
34.3600      200.00
34.3800      201.00
34.4000      215.00
34.4200      195.00
34.4400      196.00
34.4600      204.00
34.4800      212.00
34.5000      242.00
34.5200      236.00
34.5400      204.00
34.5600      230.00
34.5800      213.00
34.6000      212.00
34.6200      250.00
34.6400      281.00
34.6600      248.00
34.6800      299.00
34.7000      296.00
34.7200      309.00
34.7400      317.00
34.7600      321.00
34.7800      327.00
34.8000      367.00
34.8200      364.00
34.8400      394.00
34.8600      369.00
34.8800      367.00
34.9000      400.00
34.9200      391.00
34.9400      356.00
34.9600      308.00
34.9800      350.00
35.0000      333.00
