 2.0000     1454.00
 2.0251     1425.00
 2.0502     1396.00
 2.0753     1414.50
 2.1004     1433.00
 2.1255     1351.50
 2.1506     1270.00
 2.1757     1117.00
 2.2008      964.00
 2.2259      949.50
 2.2510      935.00
 2.2760      928.50
 2.3011      922.00
 2.3262      857.00
 2.3513      792.00
 2.3764      736.00
 2.4015      680.00
 2.4266      679.50
 2.4517      679.00
 2.4768      659.00
 2.5019      639.00
 2.5270      600.50
 2.5521      562.00
 2.5772      524.00
 2.6023      486.00
 2.6274      477.00
 2.6525      468.00
 2.6776      468.50
 2.7027      469.00
 2.7278      432.00
 2.7529      395.00
 2.7779      400.00
 2.8030      405.00
 2.8281      375.00
 2.8532      345.00
 2.8783      359.00
 2.9034      373.00
 2.9285      347.50
 2.9536      322.00
 2.9787      308.00
 3.0038      294.00
 3.0289      277.00
 3.0540      260.00
 3.0791      272.50
 3.1042      285.00
 3.1293      306.00
 3.1544      327.00
 3.1795      287.50
 3.2046      248.00
 3.2297      259.00
 3.2548      270.00
 3.2798      241.00
 3.3049      212.00
 3.3300      216.00
 3.3551      220.00
 3.3802      225.50
 3.4053      231.00
 3.4304      220.50
 3.4555      210.00
 3.4806      212.00
 3.5057      214.00
 3.5308      206.50
 3.5559      199.00
 3.5810      200.50
 3.6061      202.00
 3.6312      216.00
 3.6563      230.00
 3.6814      218.50
 3.7065      207.00
 3.7316      193.50
 3.7567      180.00
 3.7817      183.50
 3.8068      187.00
 3.8319      198.00
 3.8570      209.00
 3.8821      204.50
 3.9072      200.00
 3.9323      192.50
 3.9574      185.00
 3.9825      196.50
 4.0076      208.00
 4.0327      199.50
 4.0578      191.00
 4.0829      167.50
 4.1080      144.00
 4.1331      161.50
 4.1582      179.00
 4.1833      181.00
 4.2084      183.00
 4.2335      187.00
 4.2585      191.00
 4.2836      178.00
 4.3087      165.00
 4.3338      167.00
 4.3589      169.00
 4.3840      167.00
 4.4091      165.00
 4.4342      155.50
 4.4593      146.00
 4.4844      158.50
 4.5095      171.00
 4.5346      162.50
 4.5597      154.00
 4.5848      155.50
 4.6099      157.00
 4.6350      163.50
 4.6601      170.00
 4.6852      161.50
 4.7103      153.00
 4.7354      164.50
 4.7605      176.00
 4.7855      170.50
 4.8106      165.00
 4.8357      162.50
 4.8608      160.00
 4.8859      162.50
 4.9110      165.00
 4.9361      153.50
 4.9612      142.00
 4.9863      147.00
 5.0114      152.00
 5.0365      141.00
 5.0616      130.00
 5.0867      137.50
 5.1118      145.00
 5.1369      142.00
 5.1620      139.00
 5.1871      132.50
 5.2122      126.00
 5.2373      141.00
 5.2623      156.00
 5.2874      146.00
 5.3125      136.00
 5.3376      136.00
 5.3627      136.00
 5.3878      138.50
 5.4129      141.00
 5.4380      147.50
 5.4631      154.00
 5.4882      144.00
 5.5133      134.00
 5.5384      128.00
 5.5635      122.00
 5.5886      145.00
 5.6137      168.00
 5.6388      155.50
 5.6639      143.00
 5.6890      143.00
 5.7141      143.00
 5.7392      149.50
 5.7643      156.00
 5.7893      148.50
 5.8144      141.00
 5.8395      128.50
 5.8646      116.00
 5.8897      120.50
 5.9148      125.00
 5.9399      138.00
 5.9650      151.00
 5.9901      129.00
 6.0152      107.00
 6.0403      122.00
 6.0654      137.00
 6.0905      142.00
 6.1156      147.00
 6.1407      144.50
 6.1658      142.00
 6.1909      145.50
 6.2160      149.00
 6.2411      133.50
 6.2661      118.00
 6.2912      131.00
 6.3163      144.00
 6.3414      134.00
 6.3665      124.00
 6.3916      121.50
 6.4167      119.00
 6.4418      121.50
 6.4669      124.00
 6.4920      137.00
 6.5171      150.00
 6.5422      140.50
 6.5673      131.00
 6.5924      149.50
 6.6175      168.00
 6.6426      161.00
 6.6677      154.00
 6.6928      165.50
 6.7179      177.00
 6.7430      183.50
 6.7680      190.00
 6.7931      204.00
 6.8182      218.00
 6.8433      190.50
 6.8684      163.00
 6.8935      152.00
 6.9186      141.00
 6.9437      131.00
 6.9688      121.00
 6.9939      128.00
 7.0190      135.00
 7.0441      131.00
 7.0692      127.00
 7.0943      121.50
 7.1194      116.00
 7.1445      125.50
 7.1696      135.00
 7.1947      133.00
 7.2198      131.00
 7.2449      131.00
 7.2699      131.00
 7.2950      133.00
 7.3201      135.00
 7.3452      128.50
 7.3703      122.00
 7.3954      132.50
 7.4205      143.00
 7.4456      136.00
 7.4707      129.00
 7.4958      132.00
 7.5209      135.00
 7.5460      141.00
 7.5711      147.00
 7.5962      137.00
 7.6213      127.00
 7.6464      121.50
 7.6715      116.00
 7.6966      135.50
 7.7217      155.00
 7.7468      150.00
 7.7718      145.00
 7.7969      136.50
 7.8220      128.00
 7.8471      121.50
 7.8722      115.00
 7.8973      130.00
 7.9224      145.00
 7.9475      142.50
 7.9726      140.00
 7.9977      138.50
 8.0228      137.00
 8.0479      138.50
 8.0730      140.00
 8.0981      127.50
 8.1232      115.00
 8.1483      128.50
 8.1734      142.00
 8.1985      140.00
 8.2236      138.00
 8.2487      131.00
 8.2737      124.00
 8.2988      134.00
 8.3239      144.00
 8.3490      130.50
 8.3741      117.00
 8.3992      135.50
 8.4243      154.00
 8.4494      142.50
 8.4745      131.00
 8.4996      134.00
 8.5247      137.00
 8.5498      150.00
 8.5749      163.00
 8.6000      174.00
 8.6251      185.00
 8.6502      217.00
 8.6753      249.00
 8.7004      295.50
 8.7255      342.00
 8.7506      284.50
 8.7756      227.00
 8.8007      185.50
 8.8258      144.00
 8.8509      138.50
 8.8760      133.00
 8.9011      132.50
 8.9262      132.00
 8.9513      130.00
 8.9764      128.00
 9.0015      131.00
 9.0266      134.00
 9.0517      131.00
 9.0768      128.00
 9.1019      130.00
 9.1270      132.00
 9.1521      134.00
 9.1772      136.00
 9.2023      134.50
 9.2274      133.00
 9.2525      134.50
 9.2775      136.00
 9.3026      139.50
 9.3277      143.00
 9.3528      136.00
 9.3779      129.00
 9.4030      135.50
 9.4281      142.00
 9.4532      140.50
 9.4783      139.00
 9.5034      135.00
 9.5285      131.00
 9.5536      141.00
 9.5787      151.00
 9.6038      142.00
 9.6289      133.00
 9.6540      131.00
 9.6791      129.00
 9.7042      143.50
 9.7293      158.00
 9.7544      168.00
 9.7795      178.00
 9.8045      183.00
 9.8296      188.00
 9.8547      227.50
 9.8798      267.00
 9.9049      232.50
 9.9300      198.00
 9.9551      177.50
 9.9802      157.00
10.0053      147.00
10.0304      137.00
10.0555      135.50
10.0806      134.00
10.1057      140.50
10.1308      147.00
10.1559      131.50
10.1810      116.00
10.2061      129.00
10.2312      142.00
10.2563      143.00
10.2813      144.00
10.3064      129.50
10.3315      115.00
10.3566      119.00
10.3817      123.00
10.4068      134.50
10.4319      146.00
10.4570      132.50
10.4821      119.00
10.5072      132.50
10.5323      146.00
10.5574      137.50
10.5825      129.00
10.6076      129.00
10.6327      129.00
10.6578      144.00
10.6829      159.00
10.7080      148.50
10.7331      138.00
10.7582      160.50
10.7832      183.00
10.8083      225.00
10.8334      267.00
10.8585      370.50
10.8836      474.00
10.9087      718.50
10.9338      963.00
10.9589     1129.50
10.9840     1296.00
11.0091     1003.00
11.0342      710.00
11.0593      584.00
11.0844      458.00
11.1095      606.50
11.1346      755.00
11.1597      969.50
11.1848     1184.00
11.2099     1068.50
11.2350      953.00
11.2601      639.50
11.2851      326.00
11.3102      245.00
11.3353      164.00
11.3604      164.00
11.3855      164.00
11.4106      156.00
11.4357      148.00
11.4608      150.00
11.4859      152.00
11.5110      140.00
11.5361      128.00
11.5612      140.50
11.5863      153.00
11.6114      149.50
11.6365      146.00
11.6616      150.50
11.6867      155.00
11.7118      144.00
11.7369      133.00
11.7620      146.50
11.7870      160.00
11.8121      183.00
11.8372      206.00
11.8623      271.00
11.8874      336.00
11.9125      465.00
11.9376      594.00
11.9627      739.50
11.9878      885.00
12.0129     1000.50
12.0380     1116.00
12.0631     1122.00
12.0882     1128.00
12.1133      872.00
12.1384      616.00
12.1635      441.00
12.1886      266.00
12.2137      226.50
12.2388      187.00
12.2639      217.00
12.2889      247.00
12.3140      330.00
12.3391      413.00
12.3642      717.50
12.3893     1022.00
12.4144     1375.00
12.4395     1728.00
12.4646     1660.50
12.4897     1593.00
12.5148     1119.00
12.5399      645.00
12.5650      429.00
12.5901      213.00
12.6152      204.50
12.6403      196.00
12.6654      184.50
12.6905      173.00
12.7156      162.00
12.7407      151.00
12.7658      160.50
12.7908      170.00
12.8159      157.50
12.8410      145.00
12.8661      148.50
12.8912      152.00
12.9163      149.00
12.9414      146.00
12.9665      137.50
12.9916      129.00
13.0167      145.50
13.0418      162.00
13.0669      170.00
13.0920      178.00
13.1171      181.00
13.1422      184.00
13.1673      157.50
13.1924      131.00
13.2175      136.00
13.2426      141.00
13.2677      126.00
13.2927      111.00
13.3178      121.00
13.3429      131.00
13.3680      126.50
13.3931      122.00
13.4182      129.00
13.4433      136.00
13.4684      140.50
13.4935      145.00
13.5186      132.00
13.5437      119.00
13.5688      121.50
13.5939      124.00
13.6190      136.00
13.6441      148.00
13.6692      152.00
13.6943      156.00
13.7194      150.50
13.7445      145.00
13.7696      146.50
13.7946      148.00
13.8197      148.00
13.8448      148.00
13.8699      165.00
13.8950      182.00
13.9201      209.50
13.9452      237.00
13.9703      284.50
13.9954      332.00
14.0205      558.50
14.0456      785.00
14.0707     1150.50
14.0958     1516.00
14.1209     1771.50
14.1460     2027.00
14.1711     1646.50
14.1962     1266.00
14.2213     1004.00
14.2464      742.00
14.2715      782.00
14.2965      822.00
14.3216      743.00
14.3467      664.00
14.3718      498.00
14.3969      332.00
14.4220      249.50
14.4471      167.00
14.4722      156.00
14.4973      145.00
14.5224      143.00
14.5475      141.00
14.5726      130.00
14.5977      119.00
14.6228      130.50
14.6479      142.00
14.6730      136.50
14.6981      131.00
14.7232      138.50
14.7483      146.00
14.7734      141.50
14.7984      137.00
14.8235      139.00
14.8486      141.00
14.8737      156.50
14.8988      172.00
14.9239      163.50
14.9490      155.00
14.9741      141.50
14.9992      128.00
15.0243      120.00
15.0494      112.00
15.0745      126.00
15.0996      140.00
15.1247      127.50
15.1498      115.00
15.1749      123.50
15.2000      132.00
15.2251      126.00
15.2502      120.00
15.2753      114.00
15.3003      108.00
15.3254      119.00
15.3505      130.00
15.3756      130.50
15.4007      131.00
15.4258      141.50
15.4509      152.00
15.4760      130.50
15.5011      109.00
15.5262      112.50
15.5513      116.00
15.5764      110.50
15.6015      105.00
15.6266      123.00
15.6517      141.00
15.6768      156.00
15.7019      171.00
15.7270      215.00
15.7521      259.00
15.7772      367.50
15.8022      476.00
15.8273      573.50
15.8524      671.00
15.8775      615.00
15.9026      559.00
15.9277      425.50
15.9528      292.00
15.9779      285.50
16.0030      279.00
16.0281      365.50
16.0532      452.00
16.0783      499.50
16.1034      547.00
16.1285      493.50
16.1536      440.00
16.1787      336.50
16.2038      233.00
16.2289      231.50
16.2540      230.00
16.2791      296.50
16.3041      363.00
16.3292      519.00
16.3543      675.00
16.3794      786.50
16.4045      898.00
16.4296      746.50
16.4547      595.00
16.4798      441.00
16.5049      287.00
16.5300      220.50
16.5551      154.00
16.5802      154.50
16.6053      155.00
16.6304      151.00
16.6555      147.00
16.6806      148.50
16.7057      150.00
16.7308      151.50
16.7559      153.00
16.7810      171.00
16.8060      189.00
16.8311      229.00
16.8562      269.00
16.8813      372.50
16.9064      476.00
16.9315      606.00
16.9566      736.00
16.9817      753.00
17.0068      770.00
17.0319      632.00
17.0570      494.00
17.0821      422.50
17.1072      351.00
17.1323      326.50
17.1574      302.00
17.1825      312.50
17.2076      323.00
17.2327      396.50
17.2578      470.00
17.2829      678.00
17.3079      886.00
17.3330     1279.50
17.3581     1673.00
17.3832     2102.00
17.4083     2531.00
17.4334     2989.00
17.4585     3447.00
17.4836     3857.00
17.5087     4267.00
17.5338     3998.00
17.5589     3729.00
17.5840     2669.50
17.6091     1610.00
17.6342     1081.00
17.6593      552.00
17.6844      445.50
17.7095      339.00
17.7346      372.50
17.7597      406.00
17.7848      423.00
17.8098      440.00
17.8349      396.00
17.8600      352.00
17.8851      305.50
17.9102      259.00
17.9353      240.00
17.9604      221.00
17.9855      206.00
18.0106      191.00
18.0357      191.00
18.0608      191.00
18.0859      184.00
18.1110      177.00
18.1361      204.50
18.1612      232.00
18.1863      309.50
18.2114      387.00
18.2365      561.50
18.2616      736.00
18.2867      944.50
18.3117     1153.00
18.3368     1293.50
18.3619     1434.00
18.3870     1233.50
18.4121     1033.00
18.4372      759.50
18.4623      486.00
18.4874      373.00
18.5125      260.00
18.5376      242.00
18.5627      224.00
18.5878      240.00
18.6129      256.00
18.6380      309.50
18.6631      363.00
18.6882      358.50
18.7133      354.00
18.7384      311.00
18.7635      268.00
18.7886      230.50
18.8136      193.00
18.8387      186.50
18.8638      180.00
18.8889      187.50
18.9140      195.00
18.9391      209.50
18.9642      224.00
18.9893      252.00
19.0144      280.00
19.0395      326.50
19.0646      373.00
19.0897      377.50
19.1148      382.00
19.1399      349.00
19.1650      316.00
19.1901      270.00
19.2152      224.00
19.2403      211.50
19.2654      199.00
19.2905      194.50
19.3155      190.00
19.3406      225.50
19.3657      261.00
19.3908      358.00
19.4159      455.00
19.4410      693.00
19.4661      931.00
19.4912     1407.00
19.5163     1883.00
19.5414     2265.00
19.5665     2647.00
19.5916     2647.50
19.6167     2648.00
19.6418     2222.50
19.6669     1797.00
19.6920     1496.50
19.7171     1196.00
19.7422      912.00
19.7673      628.00
19.7924      481.00
19.8175      334.00
19.8425      329.50
19.8676      325.00
19.8927      305.50
19.9178      286.00
19.9429      250.00
19.9680      214.00
19.9931      198.00
20.0182      182.00
20.0433      179.00
20.0684      176.00
20.0935      166.00
20.1186      156.00
20.1437      166.00
20.1688      176.00
20.1939      192.00
20.2190      208.00
20.2441      195.50
20.2692      183.00
20.2943      192.00
20.3194      201.00
20.3444      196.50
20.3695      192.00
20.3946      212.00
20.4197      232.00
20.4448      272.00
20.4699      312.00
20.4950      450.50
20.5201      589.00
20.5452      746.00
20.5703      903.00
20.5954      923.00
20.6205      943.00
20.6456      845.50
20.6707      748.00
20.6958      699.50
20.7209      651.00
20.7460      823.50
20.7711      996.00
20.7962     1307.50
20.8212     1619.00
20.8463     2016.00
20.8714     2413.00
20.8965     3043.00
20.9216     3673.00
20.9467     4238.50
20.9718     4804.00
20.9969     4411.00
21.0220     4018.00
21.0471     2972.50
21.0722     1927.00
21.0973     1333.00
21.1224      739.00
21.1475      569.50
21.1726      400.00
21.1977      330.00
21.2228      260.00
21.2479      238.00
21.2730      216.00
21.2981      201.50
21.3231      187.00
21.3482      184.00
21.3733      181.00
21.3984      196.00
21.4235      211.00
21.4486      191.50
21.4737      172.00
21.4988      178.00
21.5239      184.00
21.5490      173.50
21.5741      163.00
21.5992      164.50
21.6243      166.00
21.6494      155.50
21.6745      145.00
21.6996      163.00
21.7247      181.00
21.7498      179.00
21.7749      177.00
21.8000      167.00
21.8251      157.00
21.8501      175.50
21.8752      194.00
21.9003      195.50
21.9254      197.00
21.9505      204.50
21.9756      212.00
22.0007      222.50
22.0258      233.00
22.0509      278.00
22.0760      323.00
22.1011      367.50
22.1262      412.00
22.1513      464.50
22.1764      517.00
22.2015      575.00
22.2266      633.00
22.2517      597.50
22.2768      562.00
22.3019      499.50
22.3270      437.00
22.3520      433.00
22.3771      429.00
22.4022      567.50
22.4273      706.00
22.4524      958.50
22.4775     1211.00
22.5026     1360.00
22.5277     1509.00
22.5528     1426.50
22.5779     1344.00
22.6030     1079.50
22.6281      815.00
22.6532      606.50
22.6783      398.00
22.7034      359.50
22.7285      321.00
22.7536      367.00
22.7787      413.00
22.8038      479.50
22.8288      546.00
22.8539      544.50
22.8790      543.00
22.9041      533.50
22.9292      524.00
22.9543      697.00
22.9794      870.00
23.0045      929.00
23.0296      988.00
23.0547      921.50
23.0798      855.00
23.1049      714.50
23.1300      574.00
23.1551      513.50
23.1802      453.00
23.2053      510.50
23.2304      568.00
23.2555      712.50
23.2806      857.00
23.3057      951.50
23.3307     1046.00
23.3558      950.50
23.3809      855.00
23.4060      682.50
23.4311      510.00
23.4562      392.00
23.4813      274.00
23.5064      234.00
23.5315      194.00
23.5566      205.50
23.5817      217.00
23.6068      206.00
23.6319      195.00
23.6570      216.00
23.6821      237.00
23.7072      249.00
23.7323      261.00
23.7574      271.50
23.7825      282.00
23.8076      320.50
23.8327      359.00
23.8577      391.00
23.8828      423.00
23.9079      528.50
23.9330      634.00
23.9581      760.00
23.9832      886.00
24.0083      869.50
24.0334      853.00
24.0585      765.50
24.0836      678.00
24.1087      606.00
24.1338      534.00
24.1589      603.50
24.1840      673.00
24.2091      897.00
24.2342     1121.00
24.2593     1279.50
24.2844     1438.00
24.3095     1372.00
24.3346     1306.00
24.3596     1097.50
24.3847      889.00
24.4098      665.00
24.4349      441.00
24.4600      347.50
24.4851      254.00
24.5102      230.00
24.5353      206.00
24.5604      233.00
24.5855      260.00
24.6106      267.50
24.6357      275.00
24.6608      293.50
24.6859      312.00
24.7110      359.00
24.7361      406.00
24.7612      567.00
24.7863      728.00
24.8114      947.00
24.8364     1166.00
24.8615     1165.50
24.8866     1165.00
24.9117      977.50
24.9368      790.00
24.9619      587.50
24.9870      385.00
25.0121      311.00
25.0372      237.00
25.0623      216.50
25.0874      196.00
25.1125      182.50
25.1376      169.00
25.1627      169.50
25.1878      170.00
25.2129      156.50
25.2380      143.00
25.2631      149.00
25.2882      155.00
25.3133      152.00
25.3383      149.00
25.3634      136.00
25.3885      123.00
25.4136      138.00
25.4387      153.00
25.4638      138.00
25.4889      123.00
25.5140      130.00
25.5391      137.00
25.5642      149.50
25.5893      162.00
25.6144      153.50
25.6395      145.00
25.6646      145.00
25.6897      145.00
25.7148      151.50
25.7399      158.00
25.7650      168.50
25.7901      179.00
25.8152      224.00
25.8403      269.00
25.8653      291.00
25.8904      313.00
25.9155      362.50
25.9406      412.00
25.9657      424.00
25.9908      436.00
26.0159      456.00
26.0410      476.00
26.0661      526.00
26.0912      576.00
26.1163      607.50
26.1414      639.00
26.1665      620.50
26.1916      602.00
26.2167      556.50
26.2418      511.00
26.2669      452.50
26.2920      394.00
26.3171      423.00
26.3422      452.00
26.3672      477.50
26.3923      503.00
26.4174      515.00
26.4425      527.00
26.4676      461.00
26.4927      395.00
26.5178      329.50
26.5429      264.00
26.5680      226.50
26.5931      189.00
26.6182      168.00
26.6433      147.00
26.6684      135.00
26.6935      123.00
26.7186      132.50
26.7437      142.00
26.7688      144.50
26.7939      147.00
26.8190      154.50
26.8440      162.00
26.8691      175.50
26.8942      189.00
26.9193      197.50
26.9444      206.00
26.9695      196.00
26.9946      186.00
27.0197      173.50
27.0448      161.00
27.0699      179.50
27.0950      198.00
27.1201      228.50
27.1452      259.00
27.1703      297.00
27.1954      335.00
27.2205      355.50
27.2456      376.00
27.2707      335.50
27.2958      295.00
27.3209      291.00
27.3459      287.00
27.3710      294.50
27.3961      302.00
27.4212      340.00
27.4463      378.00
27.4714      389.00
27.4965      400.00
27.5216      476.50
27.5467      553.00
27.5718      584.00
27.5969      615.00
27.6220      583.00
27.6471      551.00
27.6722      484.00
27.6973      417.00
27.7224      366.50
27.7475      316.00
27.7726      296.50
27.7977      277.00
27.8228      259.00
27.8478      241.00
27.8729      249.50
27.8980      258.00
27.9231      253.00
27.9482      248.00
27.9733      247.00
27.9984      246.00
28.0235      225.00
28.0486      204.00
28.0737      199.50
28.0988      195.00
28.1239      206.50
28.1490      218.00
28.1741      237.00
28.1992      256.00
28.2243      303.00
28.2494      350.00
28.2745      489.00
28.2996      628.00
28.3247      791.50
28.3498      955.00
28.3748     1085.00
28.3999     1215.00
28.4250     1288.00
28.4501     1361.00
28.4752     1236.00
28.5003     1111.00
28.5254      931.50
28.5505      752.00
28.5756      654.50
28.6007      557.00
28.6258      521.50
28.6509      486.00
28.6760      437.00
28.7011      388.00
28.7262      350.00
28.7513      312.00
28.7764      286.00
28.8015      260.00
28.8266      272.00
28.8516      284.00
28.8767      309.00
28.9018      334.00
28.9269      321.50
28.9520      309.00
28.9771      314.00
29.0022      319.00
29.0273      330.50
29.0524      342.00
29.0775      385.00
29.1026      428.00
29.1277      457.00
29.1528      486.00
29.1779      453.50
29.2030      421.00
29.2281      411.00
29.2532      401.00
29.2783      421.50
29.3034      442.00
29.3285      524.00
29.3535      606.00
29.3786      620.50
29.4037      635.00
29.4288      566.50
29.4539      498.00
29.4790      429.00
29.5041      360.00
29.5292      281.00
29.5543      202.00
29.5794      186.50
29.6045      171.00
29.6296      158.50
29.6547      146.00
29.6798      135.00
29.7049      124.00
29.7300      119.00
29.7551      114.00
29.7802      128.00
29.8053      142.00
29.8304      154.50
29.8554      167.00
29.8805      186.50
29.9056      206.00
29.9307      223.50
29.9558      241.00
29.9809      293.50
30.0060      346.00
30.0311      359.50
30.0562      373.00
30.0813      380.00
30.1064      387.00
30.1315      349.00
30.1566      311.00
30.1817      290.00
30.2068      269.00
30.2319      258.50
30.2570      248.00
30.2821      228.50
30.3072      209.00
30.3323      191.50
30.3574      174.00
30.3824      163.50
30.4075      153.00
30.4326      157.50
30.4577      162.00
30.4828      153.50
30.5079      145.00
30.5330      163.50
30.5581      182.00
30.5832      180.50
30.6083      179.00
30.6334      182.00
30.6585      185.00
30.6836      164.00
30.7087      143.00
30.7338      128.00
30.7589      113.00
30.7840      118.50
30.8091      124.00
30.8342      135.00
30.8592      146.00
30.8843      159.00
30.9094      172.00
30.9345      159.00
30.9596      146.00
30.9847      152.00
31.0098      158.00
31.0349      135.50
31.0600      113.00
31.0851      120.50
31.1102      128.00
31.1353      118.00
31.1604      108.00
31.1855      114.00
31.2106      120.00
31.2357      109.00
31.2608       98.00
31.2859      105.50
31.3110      113.00
31.3361      119.00
31.3611      125.00
31.3862      131.50
31.4113      138.00
31.4364      157.00
31.4615      176.00
31.4866      184.50
31.5117      193.00
31.5368      193.00
31.5619      193.00
31.5870      167.00
31.6121      141.00
31.6372      141.00
31.6623      141.00
31.6874      124.00
31.7125      107.00
31.7376      126.50
31.7627      146.00
31.7878      154.00
31.8129      162.00
31.8380      175.50
31.8630      189.00
31.8881      214.00
31.9132      239.00
31.9383      244.50
31.9634      250.00
31.9885      243.00
32.0136      236.00
32.0387      248.50
32.0638      261.00
32.0889      261.00
32.1140      261.00
32.1391      253.00
32.1642      245.00
32.1893      251.50
32.2144      258.00
32.2395      264.00
32.2646      270.00
32.2897      256.00
32.3148      242.00
32.3399      246.50
32.3650      251.00
32.3900      259.50
32.4151      268.00
32.4402      287.50
32.4653      307.00
32.4904      320.50
32.5155      334.00
32.5406      332.00
32.5657      330.00
32.5908      303.00
32.6159      276.00
32.6410      265.50
32.6661      255.00
32.6912      246.50
32.7163      238.00
32.7414      227.00
32.7665      216.00
32.7916      205.50
32.8167      195.00
32.8418      209.00
32.8668      223.00
32.8919      200.00
32.9170      177.00
32.9421      195.00
32.9672      213.00
32.9923      207.50
33.0174      202.00
33.0425      223.00
33.0676      244.00
33.0927      254.50
33.1178      265.00
33.1429      294.00
33.1680      323.00
33.1931      329.50
33.2182      336.00
33.2433      334.50
33.2684      333.00
33.2935      303.50
33.3186      274.00
33.3437      245.50
33.3687      217.00
33.3938      208.00
33.4189      199.00
33.4440      187.50
33.4691      176.00
33.4942      166.00
33.5193      156.00
33.5444      152.00
33.5695      148.00
33.5946      126.50
33.6197      105.00
33.6448       98.00
33.6699       91.00
33.6950       96.00
33.7201      101.00
33.7452      110.00
33.7703      119.00
33.7954      126.00
33.8205      133.00
33.8456      123.00
33.8706      113.00
33.8957      130.00
33.9208      147.00
33.9459      144.00
33.9710      141.00
33.9961      157.50
34.0212      174.00
34.0463      216.00
34.0714      258.00
34.0965      269.00
34.1216      280.00
34.1467      267.00
34.1718      254.00
34.1969      227.00
34.2220      200.00
34.2471      182.00
34.2722      164.00
34.2973      155.50
34.3224      147.00
34.3475      131.00
34.3725      115.00
34.3976      118.50
34.4227      122.00
34.4478      123.00
34.4729      124.00
34.4980      113.00
34.5231      102.00
34.5482      105.50
34.5733      109.00
34.5984      109.50
34.6235      110.00
34.6486      117.50
34.6737      125.00
34.6988      120.50
34.7239      116.00
34.7490      137.00
34.7741      158.00
34.7992      152.50
34.8243      147.00
34.8494      153.00
34.8744      159.00
34.8995      156.00
34.9246      153.00
34.9497      151.00
34.9748      149.00
34.9999      159.00
35.0250      169.00
